subject	session	block	trial	exposure	valence	action	robot	correct	choice	rt	accuracy	sham	outcome	Y_hat	Y_pred	waic
0ubclurpshlgyru3cwo3stun	1	2	122	1	0	Go	GAL	1	1	0.476	1	0.0	1	0.6259	0.6204212147151592	-0.48705742312831707
0ubclurpshlgyru3cwo3stun	1	2	128	2	0	Go	GAL	1	0		0	0.0	0	0.8041	0.19466234157549417	-1.7516597590705136
0ubclurpshlgyru3cwo3stun	1	2	131	3	0	Go	GAL	1	1	1.252	1	1.0	0	0.8554	0.8538128640977543	-0.16397418361902896
0ubclurpshlgyru3cwo3stun	1	2	133	4	0	Go	GAL	1	1	0.591	1	0.0	1	0.6683	0.6707727268807165	-0.40875745729446683
0ubclurpshlgyru3cwo3stun	1	2	137	5	0	Go	GAL	1	1	1.232	1	0.0	1	0.8417	0.839259092973117	-0.18103764820698415
0ubclurpshlgyru3cwo3stun	1	2	143	6	0	Go	GAL	1	1	0.437	1	0.0	1	0.9188	0.9158537897956516	-0.09065044951766621
0ubclurpshlgyru3cwo3stun	1	2	146	7	0	Go	GAL	1	1	0.832	1	0.0	1	0.9547	0.9523475234845904	-0.05003594240657219
0ubclurpshlgyru3cwo3stun	1	2	149	8	0	Go	GAL	1	1	0.682	1	1.0	0	0.9731	0.9710501347273919	-0.02991868560229456
0ubclurpshlgyru3cwo3stun	1	2	155	9	0	Go	GAL	1	1	0.424	1	0.0	1	0.9088	0.9051512251424789	-0.10123260563614764
0ubclurpshlgyru3cwo3stun	1	2	160	10	0	Go	GAL	1	1	0.512	1	0.0	1	0.9524	0.9502460876159275	-0.05175873323175774
0ubclurpshlgyru3cwo3stun	1	2	163	11	0	Go	GAL	1	1	0.462	1	0.0	1	0.9686	0.9708518521477847	-0.02993613715946072
0ubclurpshlgyru3cwo3stun	1	2	166	12	0	Go	GAL	1	1	0.37	1	0.0	1	0.9793	0.9814834404614022	-0.018867339984805206
0ubclurpshlgyru3cwo3stun	1	2	170	13	0	Go	GAL	1	1	0.491	1	0.0	1	0.9878	0.9874483934317353	-0.012723546803741695
0ubclurpshlgyru3cwo3stun	1	2	175	14	0	Go	GAL	1	1	0.451	1	1.0	0	0.9896	0.9910124546976565	-0.00907925652797848
0ubclurpshlgyru3cwo3stun	1	2	178	15	0	Go	GAL	1	1	0.366	1	0.0	1	0.959	0.9599401637788646	-0.04150167284729516
0ubclurpshlgyru3cwo3stun	1	2	183	16	0	Go	GAL	1	1	0.337	1	0.0	1	0.9779	0.9777690526621605	-0.02264991503194926
0ubclurpshlgyru3cwo3stun	1	2	186	17	0	Go	GAL	1	1	0.462	1	0.0	1	0.9848	0.9859387026687677	-0.014241128955886292
0ubclurpshlgyru3cwo3stun	1	2	191	18	0	Go	GAL	1	1	0.511	1	0.0	1	0.9897	0.990318391730647	-0.009773363666703842
0ubclurpshlgyru3cwo3stun	1	2	193	19	0	Go	GAL	1	1	0.431	1	1.0	0	0.9916	0.9928996537796465	-0.0071528183257825425
0ubclurpshlgyru3cwo3stun	1	2	198	20	0	Go	GAL	1	1	0.45	1	0.0	1	0.9666	0.9640316430672358	-0.03741096778455673
0ubclurpshlgyru3cwo3stun	1	2	201	21	0	Go	GAL	1	1	0.497	1	0.0	1	0.9798	0.9805346644624123	-0.0198217212247936
0ubclurpshlgyru3cwo3stun	1	2	208	22	0	Go	GAL	1	1	0.594	1	0.0	1	0.9879	0.987739712745123	-0.012404647123382552
0ubclurpshlgyru3cwo3stun	1	2	211	23	0	Go	GAL	1	1	0.394	1	0.0	1	0.9913	0.9915079076439439	-0.008565190356180944
0ubclurpshlgyru3cwo3stun	1	2	215	24	0	Go	GAL	1	1	0.414	1	0.0	1	0.9926	0.9937044039353413	-0.006338084205773276
0ubclurpshlgyru3cwo3stun	1	2	219	25	0	Go	GAL	1	1	0.458	1	1.0	0	0.9953	0.9950814985744755	-0.0049458209172970865
0ubclurpshlgyru3cwo3stun	1	2	221	26	0	Go	GAL	1	1	0.497	1	1.0	0	0.9689	0.971874642561748	-0.02918044107760984
0ubclurpshlgyru3cwo3stun	1	2	225	27	0	Go	GAL	1	1	0.476	1	0.0	1	0.8927	0.8902180217890405	-0.13157200557539797
0ubclurpshlgyru3cwo3stun	1	2	232	28	0	Go	GAL	1	1	0.438	1	0.0	1	0.9542	0.953714580766293	-0.048533473318582966
0ubclurpshlgyru3cwo3stun	1	2	236	29	0	Go	GAL	1	1	0.455	1	0.0	1	0.9757	0.9759265748936221	-0.024627325169977746
0ubclurpshlgyru3cwo3stun	1	2	240	30	0	Go	GAL	1	1	0.456	1	0.0	1	0.9857	0.9854503687343393	-0.014755909843282228
0ubclurpshlgyru3cwo3stun	1	2	124	1	1	Go	GW	1	1	0.698	1	0.0	1	0.7794	0.7744763653376827	-0.2668265038590194
0ubclurpshlgyru3cwo3stun	1	2	127	2	1	Go	GW	1	1	0.823	1	0.0	1	0.9567	0.9582044609314562	-0.044047085754808944
0ubclurpshlgyru3cwo3stun	1	2	132	3	1	Go	GW	1	1	0.394	1	0.0	1	0.9851	0.9857003758507488	-0.01468711692119817
0ubclurpshlgyru3cwo3stun	1	2	135	4	1	Go	GW	1	1	0.536	1	1.0	0	0.9931	0.9932962995949989	-0.006804297403420422
0ubclurpshlgyru3cwo3stun	1	2	140	5	1	Go	GW	1	1	0.496	1	0.0	1	0.9731	0.9704335994220513	-0.03074547303515979
0ubclurpshlgyru3cwo3stun	1	2	144	6	1	Go	GW	1	1	0.466	1	0.0	1	0.992	0.9898730720122528	-0.010309958625134952
0ubclurpshlgyru3cwo3stun	1	2	148	7	1	Go	GW	1	1	0.426	1	0.0	1	0.9943	0.9948827510230916	-0.005171383284861956
0ubclurpshlgyru3cwo3stun	1	2	150	8	1	Go	GW	1	1	0.576	1	0.0	1	0.9963	0.9968199692560991	-0.0032010510629807876
0ubclurpshlgyru3cwo3stun	1	2	153	9	1	Go	GW	1	1	0.383	1	0.0	1	0.9973	0.9977184198429015	-0.0022918879130182433
0ubclurpshlgyru3cwo3stun	1	2	159	10	1	Go	GW	1	1	0.366	1	1.0	0	0.9975	0.998184972992845	-0.0018213154968527412
0ubclurpshlgyru3cwo3stun	1	2	164	11	1	Go	GW	1	1	0.335	1	0.0	1	0.9869	0.9870739535073415	-0.013320760517781841
0ubclurpshlgyru3cwo3stun	1	2	167	12	1	Go	GW	1	1	0.426	1	0.0	1	0.9952	0.9953209422714558	-0.0047158616410951665
0ubclurpshlgyru3cwo3stun	1	2	172	13	1	Go	GW	1	1	0.326	1	0.0	1	0.9974	0.9972181672606041	-0.0027952763054359653
0ubclurpshlgyru3cwo3stun	1	2	173	14	1	Go	GW	1	1	0.504	1	0.0	1	0.998	0.9979772930313545	-0.00203003324145519
0ubclurpshlgyru3cwo3stun	1	2	180	15	1	Go	GW	1	1	0.327	1	1.0	0	0.9984	0.9983498928488587	-0.0016551689110368799
0ubclurpshlgyru3cwo3stun	1	2	184	16	1	Go	GW	1	1	0.311	1	0.0	1	0.9891	0.9873532854510024	-0.013058041319658122
0ubclurpshlgyru3cwo3stun	1	2	185	17	1	Go	GW	1	1	0.394	1	1.0	0	0.9947	0.995581118690909	-0.004453175003068724
0ubclurpshlgyru3cwo3stun	1	2	192	18	1	Go	GW	1	1	0.369	1	0.0	1	0.9707	0.9726388068847384	-0.029110134650450117
0ubclurpshlgyru3cwo3stun	1	2	195	19	1	Go	GW	1	1	0.319	1	0.0	1	0.991	0.992566629191836	-0.007531012345246782
0ubclurpshlgyru3cwo3stun	1	2	197	20	1	Go	GW	1	1	0.415	1	0.0	1	0.9969	0.996274155581437	-0.0037506915224163424
0ubclurpshlgyru3cwo3stun	1	2	204	21	1	Go	GW	1	1	0.325	1	0.0	1	0.9982	0.9975607623937663	-0.0024499666555512895
0ubclurpshlgyru3cwo3stun	1	2	206	22	1	Go	GW	1	1	0.429	1	0.0	1	0.9984	0.9981375298415897	-0.001868837961010967
0ubclurpshlgyru3cwo3stun	1	2	210	23	1	Go	GW	1	1	0.301	1	0.0	1	0.998	0.9984356527889913	-0.0015690059703630471
0ubclurpshlgyru3cwo3stun	1	2	213	24	1	Go	GW	1	1	0.329	1	1.0	0	0.9988	0.9986045679692558	-0.001399315236814777
0ubclurpshlgyru3cwo3stun	1	2	218	25	1	Go	GW	1	1	0.508	1	0.0	1	0.9886	0.9886382509522318	-0.011727014492825604
0ubclurpshlgyru3cwo3stun	1	2	223	26	1	Go	GW	1	1	0.38	1	1.0	0	0.996	0.9960031525885105	-0.0040260793856223605
0ubclurpshlgyru3cwo3stun	1	2	228	27	1	Go	GW	1	1	0.285	1	0.0	1	0.9726	0.9742856620831244	-0.02734565100546692
0ubclurpshlgyru3cwo3stun	1	2	231	28	1	Go	GW	1	1	0.3	1	0.0	1	0.9934	0.9930676198068124	-0.007019081733575882
0ubclurpshlgyru3cwo3stun	1	2	234	29	1	Go	GW	1	1	0.31	1	0.0	1	0.9958	0.9964945507060131	-0.0035276119021976663
0ubclurpshlgyru3cwo3stun	1	2	238	30	1	Go	GW	1	1	0.264	1	0.0	1	0.9974	0.9976759554578999	-0.002333856400001464
0ubclurpshlgyru3cwo3stun	1	2	121	1	0	No-Go	NGAL	0	1	0.496	0	0.0	0	0.6227	0.6204212147151592	-0.48705742312831707
0ubclurpshlgyru3cwo3stun	1	2	125	2	0	No-Go	NGAL	0	0		1	1.0	0	0.3877	0.6125234469425482	-0.5075439501579362
0ubclurpshlgyru3cwo3stun	1	2	130	3	0	No-Go	NGAL	0	1	0.731	0	0.0	0	0.4833	0.48360973888626907	-0.7477460936045728
0ubclurpshlgyru3cwo3stun	1	2	136	4	0	No-Go	NGAL	0	0		1	0.0	1	0.2955	0.6979320394001819	-0.37026948013129085
0ubclurpshlgyru3cwo3stun	1	2	139	5	0	No-Go	NGAL	0	0		1	0.0	1	0.1438	0.8564244180035401	-0.16157452592269267
0ubclurpshlgyru3cwo3stun	1	2	142	6	0	No-Go	NGAL	0	0		1	0.0	1	0.0759	0.9257486513818598	-0.08012130930250547
0ubclurpshlgyru3cwo3stun	1	2	147	7	0	No-Go	NGAL	0	0		1	1.0	0	0.0454	0.958333206837397	-0.043837841128321876
0ubclurpshlgyru3cwo3stun	1	2	151	8	0	No-Go	NGAL	0	0		1	0.0	1	0.0636	0.9367911465729838	-0.06720142406181856
0ubclurpshlgyru3cwo3stun	1	2	154	9	0	No-Go	NGAL	0	0		1	0.0	1	0.0358	0.9650536359162566	-0.03635053096297234
0ubclurpshlgyru3cwo3stun	1	2	157	10	0	No-Go	NGAL	0	0		1	0.0	1	0.0194	0.9789336287547523	-0.02163673511858591
0ubclurpshlgyru3cwo3stun	1	2	162	11	0	No-Go	NGAL	0	0		1	0.0	1	0.0149	0.9863989552226072	-0.013858090420757791
0ubclurpshlgyru3cwo3stun	1	2	168	12	0	No-Go	NGAL	0	0		1	0.0	1	0.0094	0.9906965277624711	-0.009429751331674879
0ubclurpshlgyru3cwo3stun	1	2	169	13	0	No-Go	NGAL	0	0		1	1.0	0	0.0071	0.9933081570438409	-0.006758851288951912
0ubclurpshlgyru3cwo3stun	1	2	174	14	0	No-Go	NGAL	0	0		1	0.0	1	0.0097	0.988133464621372	-0.012026515442520886
0ubclurpshlgyru3cwo3stun	1	2	177	15	0	No-Go	NGAL	0	0		1	0.0	1	0.0068	0.9921280618602608	-0.007944351923471973
0ubclurpshlgyru3cwo3stun	1	2	182	16	0	No-Go	NGAL	0	0		1	0.0	1	0.0065	0.9943567272234417	-0.00568205800176101
0ubclurpshlgyru3cwo3stun	1	2	187	17	0	No-Go	NGAL	0	0		1	0.0	1	0.0037	0.9957205055947203	-0.004302584256947421
0ubclurpshlgyru3cwo3stun	1	2	189	18	0	No-Go	NGAL	0	0		1	1.0	0	0.0039	0.9966057231719063	-0.0034092428234305324
0ubclurpshlgyru3cwo3stun	1	2	194	19	0	No-Go	NGAL	0	0		1	0.0	1	0.0068	0.992996907995546	-0.0070689593996372075
0ubclurpshlgyru3cwo3stun	1	2	199	20	0	No-Go	NGAL	0	0		1	0.0	1	0.0047	0.9951977039316542	-0.004830010669339471
0ubclurpshlgyru3cwo3stun	1	2	203	21	0	No-Go	NGAL	0	0		1	0.0	1	0.0026	0.9963843030085223	-0.0036315126939493727
0ubclurpshlgyru3cwo3stun	1	2	207	22	0	No-Go	NGAL	0	0		1	0.0	1	0.003	0.997110544665477	-0.002899919920944277
0ubclurpshlgyru3cwo3stun	1	2	212	23	0	No-Go	NGAL	0	0		1	0.0	1	0.0037	0.9975885236494669	-0.0024191051240442293
0ubclurpshlgyru3cwo3stun	1	2	214	24	0	No-Go	NGAL	0	0		1	0.0	1	0.0017	0.9979188511159391	-0.0020871185466468335
0ubclurpshlgyru3cwo3stun	1	2	217	25	0	No-Go	NGAL	0	0		1	1.0	0	0.0018	0.9981554572727322	-0.001849473430671144
0ubclurpshlgyru3cwo3stun	1	2	222	26	0	No-Go	NGAL	0	0		1	1.0	0	0.0042	0.995774652811479	-0.004256372300902411
0ubclurpshlgyru3cwo3stun	1	2	226	27	0	No-Go	NGAL	0	0		1	0.0	1	0.0115	0.9887580549324748	-0.0117197247340471
0ubclurpshlgyru3cwo3stun	1	2	229	28	0	No-Go	NGAL	0	0		1	0.0	1	0.0053	0.9940335390866077	-0.006033030399377061
0ubclurpshlgyru3cwo3stun	1	2	233	29	0	No-Go	NGAL	0	0		1	0.0	1	0.0042	0.9960246531416402	-0.0039994767724379696
0ubclurpshlgyru3cwo3stun	1	2	239	30	0	No-Go	NGAL	0	0		1	0.0	1	0.0028	0.9970207311499812	-0.0029920273205858187
0ubclurpshlgyru3cwo3stun	1	2	123	1	1	No-Go	NGW	0	1	0.587	0	0.0	0	0.7717	0.7744763653376827	-0.2668265038590194
0ubclurpshlgyru3cwo3stun	1	2	126	2	1	No-Go	NGW	0	0		1	0.0	1	0.5762	0.4237141461190905	-0.9086760965980955
0ubclurpshlgyru3cwo3stun	1	2	129	3	1	No-Go	NGW	0	0		1	0.0	1	0.3527	0.64941396624692	-0.4597422272584058
0ubclurpshlgyru3cwo3stun	1	2	134	4	1	No-Go	NGW	0	0		1	0.0	1	0.2094	0.7938509191236022	-0.24451850641267156
0ubclurpshlgyru3cwo3stun	1	2	138	5	1	No-Go	NGW	0	0		1	1.0	0	0.1221	0.8758652163583392	-0.13862419893205608
0ubclurpshlgyru3cwo3stun	1	2	141	6	1	No-Go	NGW	0	0		1	0.0	1	0.3319	0.6645390707064813	-0.42463972125654476
0ubclurpshlgyru3cwo3stun	1	2	145	7	1	No-Go	NGW	0	0		1	0.0	1	0.1869	0.8115063836470735	-0.21571452686038176
0ubclurpshlgyru3cwo3stun	1	2	152	8	1	No-Go	NGW	0	0		1	0.0	1	0.1055	0.8890061251413288	-0.12096072871485317
0ubclurpshlgyru3cwo3stun	1	2	156	9	1	No-Go	NGW	0	0		1	1.0	0	0.0705	0.9305673987322495	-0.0735424193519821
0ubclurpshlgyru3cwo3stun	1	2	158	10	1	No-Go	NGW	0	0		1	0.0	1	0.2262	0.7673829897983804	-0.2763105375251673
0ubclurpshlgyru3cwo3stun	1	2	161	11	1	No-Go	NGW	0	0		1	0.0	1	0.124	0.8717617392776299	-0.14020414634438302
0ubclurpshlgyru3cwo3stun	1	2	165	12	1	No-Go	NGW	0	0		1	1.0	0	0.078	0.9234272598722755	-0.08100487572592228
0ubclurpshlgyru3cwo3stun	1	2	171	13	1	No-Go	NGW	0	0		1	0.0	1	0.2542	0.7449302893361132	-0.31518520670619043
0ubclurpshlgyru3cwo3stun	1	2	176	14	1	No-Go	NGW	0	0		1	0.0	1	0.138	0.8624440728208749	-0.15164426347425358
0ubclurpshlgyru3cwo3stun	1	2	179	15	1	No-Go	NGW	0	0		1	0.0	1	0.0842	0.9197335018760354	-0.08506651826546495
0ubclurpshlgyru3cwo3stun	1	2	181	16	1	No-Go	NGW	0	0		1	0.0	1	0.0524	0.9491102821750558	-0.052905430561220115
0ubclurpshlgyru3cwo3stun	1	2	188	17	1	No-Go	NGW	0	0		1	0.0	1	0.0336	0.9653842971176697	-0.035592757279406896
0ubclurpshlgyru3cwo3stun	1	2	190	18	1	No-Go	NGW	0	0		1	1.0	0	0.0252	0.9750129070466386	-0.02551821203892113
0ubclurpshlgyru3cwo3stun	1	2	196	19	1	No-Go	NGW	0	0		1	0.0	1	0.1234	0.8816654281604198	-0.13347218844742847
0ubclurpshlgyru3cwo3stun	1	2	200	20	1	No-Go	NGW	0	0		1	0.0	1	0.0665	0.9335507269972121	-0.07023970257613626
0ubclurpshlgyru3cwo3stun	1	2	202	21	1	No-Go	NGW	0	0		1	0.0	1	0.0395	0.9581755727126751	-0.04329447217187875
0ubclurpshlgyru3cwo3stun	1	2	205	22	1	No-Go	NGW	0	0		1	0.0	1	0.0288	0.97128031866696	-0.02943300743695188
0ubclurpshlgyru3cwo3stun	1	2	209	23	1	No-Go	NGW	0	0		1	0.0	1	0.0231	0.9789153069829386	-0.021485574363309855
0ubclurpshlgyru3cwo3stun	1	2	216	24	1	No-Go	NGW	0	0		1	0.0	1	0.0168	0.9836697855607829	-0.01658201852273773
0ubclurpshlgyru3cwo3stun	1	2	220	25	1	No-Go	NGW	0	0		1	1.0	0	0.013	0.9867842297744915	-0.013388896667610001
0ubclurpshlgyru3cwo3stun	1	2	224	26	1	No-Go	NGW	0	0		1	0.0	1	0.0759	0.9212311252447638	-0.08830062630121381
0ubclurpshlgyru3cwo3stun	1	2	227	27	1	No-Go	NGW	0	0		1	0.0	1	0.0432	0.9550029616038246	-0.047241094032409336
0ubclurpshlgyru3cwo3stun	1	2	230	28	1	No-Go	NGW	0	0		1	0.0	1	0.0299	0.97066983055207	-0.030216783324720137
0ubclurpshlgyru3cwo3stun	1	2	235	29	1	No-Go	NGW	0	0		1	1.0	0	0.0189	0.979028708747834	-0.021424501240589432
0ubclurpshlgyru3cwo3stun	1	2	237	30	1	No-Go	NGW	0	0		1	0.0	1	0.1133	0.8880810133103593	-0.13192785255579034
0ubclurpshlgyru3cwo3stun	1	1	2	1	1	Go	GW	1	1	0.561	1	0.0	1	0.7755	0.7744763653376827	-0.2668265038590194
0ubclurpshlgyru3cwo3stun	1	1	6	2	1	Go	GW	1	1	0.455	1	0.0	1	0.9595	0.9582044609314562	-0.044047085754808944
0ubclurpshlgyru3cwo3stun	1	1	12	3	1	Go	GW	1	1	0.633	1	0.0	1	0.9849	0.9857003758507488	-0.01468711692119817
0ubclurpshlgyru3cwo3stun	1	1	14	4	1	Go	GW	1	1	0.625	1	1.0	0	0.9938	0.9932962995949989	-0.006804297403420422
0ubclurpshlgyru3cwo3stun	1	1	18	5	1	Go	GW	1	1	0.592	1	0.0	1	0.9697	0.9704335994220513	-0.03074547303515979
0ubclurpshlgyru3cwo3stun	1	1	22	6	1	Go	GW	1	1	0.446	1	0.0	1	0.9897	0.9898730720122528	-0.010309958625134952
0ubclurpshlgyru3cwo3stun	1	1	26	7	1	Go	GW	1	1	0.729	1	0.0	1	0.9959	0.9948827510230916	-0.005171383284861956
0ubclurpshlgyru3cwo3stun	1	1	29	8	1	Go	GW	1	1	0.507	1	0.0	1	0.9973	0.9968199692560991	-0.0032010510629807876
0ubclurpshlgyru3cwo3stun	1	1	33	9	1	Go	GW	1	1	0.426	1	0.0	1	0.9978	0.9977184198429015	-0.0022918879130182433
0ubclurpshlgyru3cwo3stun	1	1	38	10	1	Go	GW	1	1	0.31	1	1.0	0	0.9986	0.998184972992845	-0.0018213154968527412
0ubclurpshlgyru3cwo3stun	1	1	42	11	1	Go	GW	1	1	0.374	1	0.0	1	0.9866	0.9870739535073415	-0.013320760517781841
0ubclurpshlgyru3cwo3stun	1	1	45	12	1	Go	GW	1	1	0.4	1	0.0	1	0.995	0.9953209422714558	-0.0047158616410951665
0ubclurpshlgyru3cwo3stun	1	1	50	13	1	Go	GW	1	1	0.47	1	0.0	1	0.9975	0.9972181672606041	-0.0027952763054359653
0ubclurpshlgyru3cwo3stun	1	1	53	14	1	Go	GW	1	1	0.396	1	0.0	1	0.9971	0.9979772930313545	-0.00203003324145519
0ubclurpshlgyru3cwo3stun	1	1	60	15	1	Go	GW	1	1	0.341	1	1.0	0	0.9984	0.9983498928488587	-0.0016551689110368799
0ubclurpshlgyru3cwo3stun	1	1	62	16	1	Go	GW	1	1	0.389	1	0.0	1	0.9853	0.9873532854510024	-0.013058041319658122
0ubclurpshlgyru3cwo3stun	1	1	67	17	1	Go	GW	1	1	0.371	1	1.0	0	0.9955	0.995581118690909	-0.004453175003068724
0ubclurpshlgyru3cwo3stun	1	1	70	18	1	Go	GW	1	1	0.366	1	0.0	1	0.9734	0.9726388068847384	-0.029110134650450117
0ubclurpshlgyru3cwo3stun	1	1	75	19	1	Go	GW	1	1	0.471	1	0.0	1	0.9928	0.992566629191836	-0.007531012345246782
0ubclurpshlgyru3cwo3stun	1	1	80	20	1	Go	GW	1	1	0.49	1	0.0	1	0.9962	0.996274155581437	-0.0037506915224163424
0ubclurpshlgyru3cwo3stun	1	1	83	21	1	Go	GW	1	1	0.399	1	0.0	1	0.9975	0.9975607623937663	-0.0024499666555512895
0ubclurpshlgyru3cwo3stun	1	1	88	22	1	Go	GW	1	1	0.327	1	0.0	1	0.9984	0.9981375298415897	-0.001868837961010967
0ubclurpshlgyru3cwo3stun	1	1	91	23	1	Go	GW	1	1	0.484	1	0.0	1	0.9985	0.9984356527889913	-0.0015690059703630471
0ubclurpshlgyru3cwo3stun	1	1	94	24	1	Go	GW	1	1	0.455	1	1.0	0	0.9985	0.9986045679692558	-0.001399315236814777
0ubclurpshlgyru3cwo3stun	1	1	97	25	1	Go	GW	1	1	1.113	1	0.0	1	0.9895	0.9886382509522318	-0.011727014492825604
0ubclurpshlgyru3cwo3stun	1	1	103	26	1	Go	GW	1	1	0.56	1	1.0	0	0.9959	0.9960031525885105	-0.0040260793856223605
0ubclurpshlgyru3cwo3stun	1	1	108	27	1	Go	GW	1	1	0.337	1	0.0	1	0.9742	0.9742856620831244	-0.02734565100546692
0ubclurpshlgyru3cwo3stun	1	1	109	28	1	Go	GW	1	1	0.425	1	0.0	1	0.9935	0.9930676198068124	-0.007019081733575882
0ubclurpshlgyru3cwo3stun	1	1	114	29	1	Go	GW	1	1	0.392	1	0.0	1	0.9961	0.9964945507060131	-0.0035276119021976663
0ubclurpshlgyru3cwo3stun	1	1	118	30	1	Go	GW	1	1	0.374	1	0.0	1	0.9981	0.9976759554578999	-0.002333856400001464
0ubclurpshlgyru3cwo3stun	1	1	4	1	0	No-Go	NGAL	0	0		1	0.0	1	0.6206	0.3795787852848407	-0.9945537523302629
0ubclurpshlgyru3cwo3stun	1	1	8	2	0	No-Go	NGAL	0	1	0.752	0	1.0	1	0.3918	0.3874765530574518	-0.9963027844805448
0ubclurpshlgyru3cwo3stun	1	1	11	3	0	No-Go	NGAL	0	1	0.803	0	0.0	0	0.6212	0.6204212147151592	-0.48705742312831707
0ubclurpshlgyru3cwo3stun	1	1	13	4	0	No-Go	NGAL	0	0		1	0.0	1	0.3507	0.6497869216138573	-0.4520773184264709
0ubclurpshlgyru3cwo3stun	1	1	19	5	0	No-Go	NGAL	0	0		1	0.0	1	0.204	0.7941499044206151	-0.24247682802143886
0ubclurpshlgyru3cwo3stun	1	1	21	6	0	No-Go	NGAL	0	0		1	0.0	1	0.1253	0.8756057110540405	-0.13866675398082914
0ubclurpshlgyru3cwo3stun	1	1	25	7	0	No-Go	NGAL	0	0		1	1.0	0	0.0801	0.9213617165513619	-0.08466135280636408
0ubclurpshlgyru3cwo3stun	1	1	32	8	0	No-Go	NGAL	0	0		1	0.0	1	0.1255	0.8740365033920998	-0.1380727075532702
0ubclurpshlgyru3cwo3stun	1	1	35	9	0	No-Go	NGAL	0	0		1	0.0	1	0.0779	0.9235474488500957	-0.0810822408855428
0ubclurpshlgyru3cwo3stun	1	1	37	10	0	No-Go	NGAL	0	0		1	0.0	1	0.0492	0.950184820587618	-0.051888148685072036
0ubclurpshlgyru3cwo3stun	1	1	43	11	0	No-Go	NGAL	0	0		1	0.0	1	0.0372	0.965505830394901	-0.03553045361631675
0ubclurpshlgyru3cwo3stun	1	1	48	12	0	No-Go	NGAL	0	0		1	0.0	1	0.0242	0.9748129094090032	-0.0257573097508852
0ubclurpshlgyru3cwo3stun	1	1	51	13	0	No-Go	NGAL	0	0		1	1.0	0	0.0194	0.9807283028756034	-0.01961493026536401
0ubclurpshlgyru3cwo3stun	1	1	55	14	0	No-Go	NGAL	0	0		1	0.0	1	0.0383	0.961010667006263	-0.04063464943152857
0ubclurpshlgyru3cwo3stun	1	1	59	15	0	No-Go	NGAL	0	0		1	0.0	1	0.0234	0.9737295094247951	-0.02689337323790955
0ubclurpshlgyru3cwo3stun	1	1	63	16	0	No-Go	NGAL	0	0		1	0.0	1	0.0201	0.9806720069972351	-0.01966193428584027
0ubclurpshlgyru3cwo3stun	1	1	65	17	0	No-Go	NGAL	0	0		1	0.0	1	0.0136	0.9848830539682502	-0.01532873183307592
0ubclurpshlgyru3cwo3stun	1	1	71	18	0	No-Go	NGAL	0	0		1	1.0	0	0.012	0.9876144663732246	-0.012535598587095175
0ubclurpshlgyru3cwo3stun	1	1	76	19	0	No-Go	NGAL	0	0		1	0.0	1	0.0341	0.9707905422054027	-0.03064692147403494
0ubclurpshlgyru3cwo3stun	1	1	79	20	0	No-Go	NGAL	0	0		1	0.0	1	0.0179	0.9802665880850809	-0.020199303394643344
0ubclurpshlgyru3cwo3stun	1	1	82	21	0	No-Go	NGAL	0	0		1	0.0	1	0.0142	0.9851610887490581	-0.015081650796118187
0ubclurpshlgyru3cwo3stun	1	1	85	22	0	No-Go	NGAL	0	0		1	0.0	1	0.0126	0.9880530337397795	-0.0121048370031043
0ubclurpshlgyru3cwo3stun	1	1	90	23	0	No-Go	NGAL	0	0		1	0.0	1	0.01	0.9899105538828775	-0.010206355911043954
0ubclurpshlgyru3cwo3stun	1	1	93	24	0	No-Go	NGAL	0	0		1	0.0	1	0.0077	0.9911721370533818	-0.008922078964582403
0ubclurpshlgyru3cwo3stun	1	1	100	25	0	No-Go	NGAL	0	0		1	1.0	0	0.0071	0.9920640013054979	-0.008016470885346731
0ubclurpshlgyru3cwo3stun	1	1	102	26	0	No-Go	NGAL	0	0		1	1.0	0	0.0206	0.9795887734296351	-0.021307504558610604
0ubclurpshlgyru3cwo3stun	1	1	106	27	0	No-Go	NGAL	0	0		1	0.0	1	0.0524	0.9472228830611878	-0.06618044729131377
0ubclurpshlgyru3cwo3stun	1	1	112	28	0	No-Go	NGAL	0	0		1	0.0	1	0.0251	0.9709433717415134	-0.030893197753640588
0ubclurpshlgyru3cwo3stun	1	1	116	29	0	No-Go	NGAL	0	0		1	0.0	1	0.0153	0.9810609454972801	-0.019500533729709422
0ubclurpshlgyru3cwo3stun	1	1	119	30	0	No-Go	NGAL	0	0		1	0.0	1	0.0139	0.9860427041821287	-0.01422471949544842
0ubclurpshlgyru3cwo3stun	1	1	1	1	1	No-Go	NGW	0	1	0.396	0	0.0	0	0.7739	0.7744763653376827	-0.2668265038590194
0ubclurpshlgyru3cwo3stun	1	1	5	2	1	No-Go	NGW	0	1	0.614	0	0.0	0	0.5858	0.5762858538809096	-0.5777881897207375
0ubclurpshlgyru3cwo3stun	1	1	10	3	1	No-Go	NGW	0	1	0.76	0	0.0	0	0.3905	0.3877400130413646	-1.0136496052121182
0ubclurpshlgyru3cwo3stun	1	1	15	4	1	No-Go	NGW	0	1	0.965	0	0.0	0	0.2561	0.2529081905465077	-1.4897892125784062
0ubclurpshlgyru3cwo3stun	1	1	20	5	1	No-Go	NGW	0	0		1	1.0	0	0.1646	0.8329608755229346	-0.18898863195874624
0ubclurpshlgyru3cwo3stun	1	1	23	6	1	No-Go	NGW	0	0		1	0.0	1	0.3351	0.6645390707064813	-0.42463972125654476
0ubclurpshlgyru3cwo3stun	1	1	28	7	1	No-Go	NGW	0	0		1	0.0	1	0.1465	0.8524659469650656	-0.16595240575171133
0ubclurpshlgyru3cwo3stun	1	1	30	8	1	No-Go	NGW	0	0		1	0.0	1	0.0729	0.9289498440387575	-0.07631635781696776
0ubclurpshlgyru3cwo3stun	1	1	36	9	1	No-Go	NGW	0	0		1	1.0	0	0.0357	0.9623097212025641	-0.039456783124134955
0ubclurpshlgyru3cwo3stun	1	1	39	10	1	No-Go	NGW	0	0		1	0.0	1	0.1015	0.8957236304370167	-0.11287077927615946
0ubclurpshlgyru3cwo3stun	1	1	41	11	1	No-Go	NGW	0	0		1	0.0	1	0.0525	0.949684284588893	-0.05279984186283109
0ubclurpshlgyru3cwo3stun	1	1	46	12	1	No-Go	NGW	0	0		1	1.0	0	0.0288	0.9726825700205145	-0.02819497234975105
0ubclurpshlgyru3cwo3stun	1	1	52	13	1	No-Go	NGW	0	0		1	0.0	1	0.0805	0.9173457355648909	-0.08791584440614807
0ubclurpshlgyru3cwo3stun	1	1	56	14	1	No-Go	NGW	0	0		1	0.0	1	0.0386	0.9602258652754772	-0.041225663381625664
0ubclurpshlgyru3cwo3stun	1	1	58	15	1	No-Go	NGW	0	0		1	0.0	1	0.021	0.9781244232494967	-0.022399737678296127
0ubclurpshlgyru3cwo3stun	1	1	61	16	1	No-Go	NGW	0	0		1	0.0	1	0.0133	0.9868082356449861	-0.0134083314989598
0ubclurpshlgyru3cwo3stun	1	1	68	17	1	No-Go	NGW	0	1	0.409	0	0.0	0	0.0073	0.008543933431292313	-5.493396076327678
0ubclurpshlgyru3cwo3stun	1	1	69	18	1	No-Go	NGW	0	0		1	1.0	0	0.0053	0.9944320673296366	-0.005612955756159516
0ubclurpshlgyru3cwo3stun	1	1	73	19	1	No-Go	NGW	0	0		1	0.0	1	0.0229	0.9783724709068498	-0.022090601964234492
0ubclurpshlgyru3cwo3stun	1	1	78	20	1	No-Go	NGW	0	0		1	0.0	1	0.0114	0.9887404790119223	-0.011387456177627996
0ubclurpshlgyru3cwo3stun	1	1	84	21	1	No-Go	NGW	0	0		1	0.0	1	0.0067	0.9932335489254991	-0.006818739951407613
0ubclurpshlgyru3cwo3stun	1	1	87	22	1	No-Go	NGW	0	0		1	0.0	1	0.0048	0.9955499819815968	-0.004475032949972314
0ubclurpshlgyru3cwo3stun	1	1	89	23	1	No-Go	NGW	0	0		1	0.0	1	0.004	0.9968705140156818	-0.003142788341856925
0ubclurpshlgyru3cwo3stun	1	1	95	24	1	No-Go	NGW	0	0		1	0.0	1	0.0024	0.9976768118823544	-0.002330904676237792
0ubclurpshlgyru3cwo3stun	1	1	98	25	1	No-Go	NGW	0	0		1	1.0	0	0.0015	0.9981950697674933	-0.0018097692216849715
0ubclurpshlgyru3cwo3stun	1	1	104	26	1	No-Go	NGW	0	1	0.36	0	0.0	0	0.009	0.009672735306710891	-5.393304603323152
0ubclurpshlgyru3cwo3stun	1	1	107	27	1	No-Go	NGW	0	1	0.701	0	0.0	0	0.007	0.007111152097935744	-5.845564255551513
0ubclurpshlgyru3cwo3stun	1	1	110	28	1	No-Go	NGW	0	0		1	0.0	1	0.0055	0.9944132602370251	-0.005666926023418836
0ubclurpshlgyru3cwo3stun	1	1	115	29	1	No-Go	NGW	0	0		1	1.0	0	0.0039	0.997063380402775	-0.0029508807460225067
0ubclurpshlgyru3cwo3stun	1	1	120	30	1	No-Go	NGW	0	0		1	0.0	1	0.0145	0.98498354522937	-0.01563000633962638
0ubclurpshlgyru3cwo3stun	1	1	3	1	0	Go	GAL	1	1	0.577	1	0.0	1	0.6207	0.6204212147151592	-0.48705742312831707
0ubclurpshlgyru3cwo3stun	1	1	7	2	0	Go	GAL	1	0		0	0.0	0	0.8028	0.19466234157549417	-1.7516597590705136
0ubclurpshlgyru3cwo3stun	1	1	9	3	0	Go	GAL	1	1	0.958	1	1.0	0	0.8528	0.8538128640977543	-0.16397418361902896
0ubclurpshlgyru3cwo3stun	1	1	16	4	0	Go	GAL	1	0		0	0.0	0	0.6662	0.32922727311928357	-1.1543542618685625
0ubclurpshlgyru3cwo3stun	1	1	17	5	0	Go	GAL	1	1	0.528	1	0.0	1	0.7315	0.7370942216061939	-0.31898018174058124
0ubclurpshlgyru3cwo3stun	1	1	24	6	0	Go	GAL	1	1	1.059	1	0.0	1	0.8726	0.8731060481484985	-0.14191400268819257
0ubclurpshlgyru3cwo3stun	1	1	27	7	0	Go	GAL	1	1	1.241	1	0.0	1	0.9315	0.9333453792685388	-0.071574406893804
0ubclurpshlgyru3cwo3stun	1	1	31	8	0	Go	GAL	1	1	0.918	1	1.0	0	0.964	0.9620776609484885	-0.039750827066219595
0ubclurpshlgyru3cwo3stun	1	1	34	9	0	Go	GAL	1	1	0.532	1	0.0	1	0.8888	0.8906783551555046	-0.11906234118854538
0ubclurpshlgyru3cwo3stun	1	1	40	10	0	Go	GAL	1	1	0.481	1	0.0	1	0.945	0.9441238151073376	-0.05891548541962857
0ubclurpshlgyru3cwo3stun	1	1	44	11	0	Go	GAL	1	1	0.605	1	0.0	1	0.9679	0.9682646345453315	-0.03287924898351181
0ubclurpshlgyru3cwo3stun	1	1	47	12	0	Go	GAL	1	1	0.672	1	0.0	1	0.9821	0.9804810230387652	-0.02000279928120878
0ubclurpshlgyru3cwo3stun	1	1	49	13	0	Go	GAL	1	1	0.621	1	0.0	1	0.9859	0.9871909167971625	-0.013033586390220214
0ubclurpshlgyru3cwo3stun	1	1	54	14	0	Go	GAL	1	1	0.413	1	1.0	0	0.9897	0.9911166491780368	-0.008996313184365813
0ubclurpshlgyru3cwo3stun	1	1	57	15	0	Go	GAL	1	1	0.569	1	0.0	1	0.9666	0.9650534914989923	-0.03606519858689093
0ubclurpshlgyru3cwo3stun	1	1	64	16	0	Go	GAL	1	1	0.614	1	0.0	1	0.982	0.9803608616775041	-0.020017354484274517
0ubclurpshlgyru3cwo3stun	1	1	66	17	0	Go	GAL	1	1	0.511	1	0.0	1	0.9882	0.9876013672145422	-0.012565943954306318
0ubclurpshlgyru3cwo3stun	1	1	72	18	0	Go	GAL	1	1	0.463	1	0.0	1	0.992	0.991537849402321	-0.00854683166577541
0ubclurpshlgyru3cwo3stun	1	1	74	19	0	Go	GAL	1	1	0.531	1	1.0	0	0.9936	0.9938696189085858	-0.006177608910081337
0ubclurpshlgyru3cwo3stun	1	1	77	20	0	Go	GAL	1	1	0.483	1	0.0	1	0.9717	0.971864978857312	-0.028994714277570985
0ubclurpshlgyru3cwo3stun	1	1	81	21	0	Go	GAL	1	1	0.724	1	0.0	1	0.9852	0.9844098734731777	-0.015839874217662316
0ubclurpshlgyru3cwo3stun	1	1	86	22	0	Go	GAL	1	1	0.36	1	0.0	1	0.9916	0.9900863164529244	-0.010021054681747887
0ubclurpshlgyru3cwo3stun	1	1	92	23	0	Go	GAL	1	1	0.496	1	0.0	1	0.9939	0.9931218356528386	-0.006933582335846828
0ubclurpshlgyru3cwo3stun	1	1	96	24	0	Go	GAL	1	1	0.471	1	0.0	1	0.9949	0.9949151720419681	-0.005117017828980344
0ubclurpshlgyru3cwo3stun	1	1	99	25	0	Go	GAL	1	1	0.423	1	1.0	0	0.9961	0.9960488408355248	-0.0039716181842339975
0ubclurpshlgyru3cwo3stun	1	1	101	26	0	Go	GAL	1	1	0.506	1	1.0	0	0.9787	0.9791444778904557	-0.021429176968397037
0ubclurpshlgyru3cwo3stun	1	1	105	27	0	Go	GAL	1	1	0.352	1	0.0	1	0.9148	0.9183971915081313	-0.09271362674003499
0ubclurpshlgyru3cwo3stun	1	1	111	28	0	Go	GAL	1	1	0.445	1	0.0	1	0.9661	0.9653833481413647	-0.03594089652109459
0ubclurpshlgyru3cwo3stun	1	1	113	29	0	Go	GAL	1	1	0.536	1	0.0	1	0.9796	0.9816470060111818	-0.018710768522936894
0ubclurpshlgyru3cwo3stun	1	1	117	30	0	Go	GAL	1	1	0.521	1	0.0	1	0.9892	0.9887726754664081	-0.011367256760395959
12ide102xqajrz6cxib9berc	1	2	122	1	1	Go	GW	1	1	0.594	1	0.0	1	0.6656	0.6630301890364768	-0.4198336772341664
12ide102xqajrz6cxib9berc	1	2	127	2	1	Go	GW	1	1	0.658	1	0.0	1	0.7264	0.7292266634579783	-0.32322084286282415
12ide102xqajrz6cxib9berc	1	2	132	3	1	Go	GW	1	1	0.218	1	1.0	0	0.759	0.7545387823598952	-0.28806734093834163
12ide102xqajrz6cxib9berc	1	2	136	4	1	Go	GW	1	1	0.778	1	0.0	1	0.7212	0.7171204516838877	-0.3369750027887874
12ide102xqajrz6cxib9berc	1	2	138	5	1	Go	GW	1	0		0	0.0	0	0.749	0.2447261354756558	-1.4544852008354223
12ide102xqajrz6cxib9berc	1	2	142	6	1	Go	GW	1	1	0.842	1	0.0	1	0.775	0.7746633575269504	-0.26124975134422884
12ide102xqajrz6cxib9berc	1	2	148	7	1	Go	GW	1	1	0.842	1	1.0	0	0.794	0.7899907622879588	-0.2409638606639398
12ide102xqajrz6cxib9berc	1	2	149	8	1	Go	GW	1	1	0.714	1	0.0	1	0.7534	0.755903783490743	-0.28348267816981476
12ide102xqajrz6cxib9berc	1	2	156	9	1	Go	GW	1	1	0.809	1	0.0	1	0.7825	0.7871561641285608	-0.2435598745512838
12ide102xqajrz6cxib9berc	1	2	158	10	1	Go	GW	1	0		0	0.0	0	0.8029	0.19962042420402262	-1.6754528746090518
12ide102xqajrz6cxib9berc	1	2	161	11	1	Go	GW	1	1	1.086	1	0.0	1	0.8103	0.8131806439822095	-0.2110212648035672
12ide102xqajrz6cxib9berc	1	2	166	12	1	Go	GW	1	1	0.967	1	0.0	1	0.8217	0.8211890016750721	-0.2007502586416295
12ide102xqajrz6cxib9berc	1	2	169	13	1	Go	GW	1	0		0	1.0	1	0.8205	0.17269533146498522	-1.8345745710174919
12ide102xqajrz6cxib9berc	1	2	175	14	1	Go	GW	1	1	0.873	1	0.0	1	0.7984	0.8042571028999104	-0.22087986457121625
12ide102xqajrz6cxib9berc	1	2	179	15	1	Go	GW	1	1	0.81	1	0.0	1	0.8068	0.8095619032153151	-0.2142625221948844
12ide102xqajrz6cxib9berc	1	2	182	16	1	Go	GW	1	1	0.593	1	1.0	0	0.8113	0.8141454016880961	-0.20865983668355811
12ide102xqajrz6cxib9berc	1	2	186	17	1	Go	GW	1	1	0.998	1	0.0	1	0.7767	0.7775313590335233	-0.25670244917519747
12ide102xqajrz6cxib9berc	1	2	189	18	1	Go	GW	1	1	0.72	1	0.0	1	0.8007	0.8050345862202581	-0.22023384133206914
12ide102xqajrz6cxib9berc	1	2	193	19	1	Go	GW	1	1	0.657	1	0.0	1	0.8171	0.8150876261280422	-0.20779195919684307
12ide102xqajrz6cxib9berc	1	2	199	20	1	Go	GW	1	1	0.781	1	0.0	1	0.8215	0.8208923327977081	-0.20082707111310966
12ide102xqajrz6cxib9berc	1	2	203	21	1	Go	GW	1	1	0.87	1	0.0	1	0.8283	0.8251101925831462	-0.19589303144511994
12ide102xqajrz6cxib9berc	1	2	205	22	1	Go	GW	1	1	0.937	1	1.0	0	0.8322	0.8285453109566024	-0.19195971120001332
12ide102xqajrz6cxib9berc	1	2	211	23	1	Go	GW	1	1	1.093	1	0.0	1	0.796	0.7923511075457209	-0.24010270794246436
12ide102xqajrz6cxib9berc	1	2	215	24	1	Go	GW	1	1	0.782	1	0.0	1	0.8223	0.8187136376955471	-0.20469631716020914
12ide102xqajrz6cxib9berc	1	2	218	25	1	Go	GW	1	1	0.746	1	0.0	1	0.8259	0.8277088161653795	-0.19357792283200234
12ide102xqajrz6cxib9berc	1	2	223	26	1	Go	GW	1	1	0.659	1	0.0	1	0.8302	0.8325440500846953	-0.18786258809285358
12ide102xqajrz6cxib9berc	1	2	226	27	1	Go	GW	1	1	0.814	1	0.0	1	0.8359	0.8358759117565647	-0.18406141495836847
12ide102xqajrz6cxib9berc	1	2	229	28	1	Go	GW	1	1	1.091	1	1.0	0	0.833	0.8385015740525454	-0.18114574081132465
12ide102xqajrz6cxib9berc	1	2	233	29	1	Go	GW	1	1	0.866	1	0.0	1	0.8035	0.8026273228683871	-0.22935836567770457
12ide102xqajrz6cxib9berc	1	2	239	30	1	Go	GW	1	1	0.8	1	0.0	1	0.8352	0.8282224126004406	-0.19454835757810854
12ide102xqajrz6cxib9berc	1	2	124	1	0	No-Go	NGAL	0	0		1	0.0	1	0.4979	0.5016355037599867	-0.7000430812822603
12ide102xqajrz6cxib9berc	1	2	125	2	0	No-Go	NGAL	0	0		1	1.0	0	0.4687	0.531006217857563	-0.6400421635961441
12ide102xqajrz6cxib9berc	1	2	131	3	0	No-Go	NGAL	0	1	1.404	0	0.0	0	0.4803	0.47813195779227424	-0.7461535065301445
12ide102xqajrz6cxib9berc	1	2	133	4	0	No-Go	NGAL	0	0		1	0.0	1	0.4424	0.5511361300877041	-0.6017180570244537
12ide102xqajrz6cxib9berc	1	2	140	5	0	No-Go	NGAL	0	0		1	0.0	1	0.4197	0.5754574363602177	-0.5590648068768251
12ide102xqajrz6cxib9berc	1	2	144	6	0	No-Go	NGAL	0	0		1	1.0	0	0.4098	0.5939556399301568	-0.5279068163691476
12ide102xqajrz6cxib9berc	1	2	146	7	0	No-Go	NGAL	0	0		1	0.0	1	0.4136	0.5838249401601299	-0.5444667303318723
12ide102xqajrz6cxib9berc	1	2	150	8	0	No-Go	NGAL	0	1	0.654	0	0.0	0	0.3963	0.3987465999571338	-0.93546243519107
12ide102xqajrz6cxib9berc	1	2	155	9	0	No-Go	NGAL	0	0		1	0.0	1	0.3753	0.6221274600387636	-0.4825404687567552
12ide102xqajrz6cxib9berc	1	2	157	10	0	No-Go	NGAL	0	0		1	0.0	1	0.3667	0.6353495670826954	-0.4618103701706432
12ide102xqajrz6cxib9berc	1	2	163	11	0	No-Go	NGAL	0	0		1	0.0	1	0.359	0.6460613964497709	-0.44514150983790274
12ide102xqajrz6cxib9berc	1	2	165	12	0	No-Go	NGAL	0	0		1	0.0	1	0.3439	0.6550062079179122	-0.4312963327982561
12ide102xqajrz6cxib9berc	1	2	172	13	0	No-Go	NGAL	0	0		1	1.0	0	0.339	0.6626595382542142	-0.41951180669364324
12ide102xqajrz6cxib9berc	1	2	174	14	0	No-Go	NGAL	0	0		1	0.0	1	0.3372	0.651820936180554	-0.4356614898613986
12ide102xqajrz6cxib9berc	1	2	180	15	0	No-Go	NGAL	0	0		1	0.0	1	0.351	0.6615302375959291	-0.42077501289582575
12ide102xqajrz6cxib9berc	1	2	184	16	0	No-Go	NGAL	0	1	1.061	0	0.0	0	0.3307	0.33065639306318645	-1.138387646164344
12ide102xqajrz6cxib9berc	1	2	185	17	0	No-Go	NGAL	0	0		1	0.0	1	0.3102	0.6842141356988682	-0.38760472862858436
12ide102xqajrz6cxib9berc	1	2	190	18	0	No-Go	NGAL	0	0		1	0.0	1	0.3031	0.6906093178432883	-0.3781538627465778
12ide102xqajrz6cxib9berc	1	2	196	19	0	No-Go	NGAL	0	1	0.632	0	0.0	0	0.3012	0.30384013306474783	-1.2334072515657921
12ide102xqajrz6cxib9berc	1	2	198	20	0	No-Go	NGAL	0	1	1.335	0	1.0	1	0.2983	0.29237910120898825	-1.2790223427971128
12ide102xqajrz6cxib9berc	1	2	202	21	0	No-Go	NGAL	0	0		1	1.0	0	0.3205	0.6688196549223735	-0.4099585373272935
12ide102xqajrz6cxib9berc	1	2	207	22	0	No-Go	NGAL	0	0		1	0.0	1	0.3428	0.6574443098577432	-0.428515038818382
12ide102xqajrz6cxib9berc	1	2	212	23	0	No-Go	NGAL	0	0		1	0.0	1	0.3359	0.6657298482484081	-0.41528121163631293
12ide102xqajrz6cxib9berc	1	2	213	24	0	No-Go	NGAL	0	0		1	0.0	1	0.3249	0.672305260157136	-0.4053183450301093
12ide102xqajrz6cxib9berc	1	2	220	25	0	No-Go	NGAL	0	1	0.905	0	0.0	0	0.3219	0.32220839777699856	-1.1708219059365004
12ide102xqajrz6cxib9berc	1	2	224	26	0	No-Go	NGAL	0	1	1.091	0	0.0	0	0.297	0.30181222939374563	-1.2399505867203913
12ide102xqajrz6cxib9berc	1	2	227	27	0	No-Go	NGAL	0	0		1	1.0	0	0.2896	0.7128750869723204	-0.3460705191146285
12ide102xqajrz6cxib9berc	1	2	232	28	0	No-Go	NGAL	0	0		1	0.0	1	0.2951	0.7024741133849737	-0.3615131821165098
12ide102xqajrz6cxib9berc	1	2	235	29	0	No-Go	NGAL	0	1	0.799	0	0.0	0	0.2834	0.29010364381677267	-1.2869019931194716
12ide102xqajrz6cxib9berc	1	2	237	30	0	No-Go	NGAL	0	0		1	0.0	1	0.2751	0.7211398570762458	-0.3349548067005908
12ide102xqajrz6cxib9berc	1	2	121	1	1	No-Go	NGW	0	1	0.62	0	0.0	0	0.6505	0.6630301890364768	-0.4198336772341664
12ide102xqajrz6cxib9berc	1	2	126	2	1	No-Go	NGW	0	1	0.777	0	1.0	1	0.6388	0.6365466625196581	-0.46148143624283877
12ide102xqajrz6cxib9berc	1	2	130	3	1	No-Go	NGW	0	1	1.08	0	0.0	0	0.7182	0.7193741861097569	-0.3370780005821636
12ide102xqajrz6cxib9berc	1	2	135	4	1	No-Go	NGW	0	1	0.718	0	0.0	0	0.6882	0.6844534184637219	-0.3847650255569775
12ide102xqajrz6cxib9berc	1	2	139	5	1	No-Go	NGW	0	1	1.184	0	0.0	0	0.6507	0.6556995012420348	-0.42775031834588056
12ide102xqajrz6cxib9berc	1	2	141	6	1	No-Go	NGW	0	1	0.685	0	1.0	1	0.6282	0.6323762637732396	-0.46522065385663547
12ide102xqajrz6cxib9berc	1	2	145	7	1	No-Go	NGW	0	1	0.781	0	0.0	0	0.7161	0.7171121705290727	-0.33987274850818083
12ide102xqajrz6cxib9berc	1	2	152	8	1	No-Go	NGW	0	0		1	0.0	1	0.6679	0.31734667995377197	-1.1715274585534998
12ide102xqajrz6cxib9berc	1	2	154	9	1	No-Go	NGW	0	1	1.219	0	0.0	0	0.6619	0.6569232989368834	-0.4255302066361497
12ide102xqajrz6cxib9berc	1	2	160	10	1	No-Go	NGW	0	1	0.75	0	0.0	0	0.6196	0.6270905694140027	-0.47362428114390354
12ide102xqajrz6cxib9berc	1	2	164	11	1	No-Go	NGW	0	0		1	0.0	1	0.602	0.3967833657134555	-0.9460434335434611
12ide102xqajrz6cxib9berc	1	2	168	12	1	No-Go	NGW	0	1	0.811	0	1.0	1	0.5793	0.5814384329906305	-0.5556361410109881
12ide102xqajrz6cxib9berc	1	2	171	13	1	No-Go	NGW	0	1	1.031	0	0.0	0	0.6784	0.6734862738230807	-0.40137372106475583
12ide102xqajrz6cxib9berc	1	2	173	14	1	No-Go	NGW	0	1	0.81	0	0.0	0	0.6354	0.6349398799898337	-0.4603573702086259
12ide102xqajrz6cxib9berc	1	2	177	15	1	No-Go	NGW	0	1	0.685	0	0.0	0	0.5979	0.6043251173498502	-0.5127289335884601
12ide102xqajrz6cxib9berc	1	2	183	16	1	No-Go	NGW	0	0		1	0.0	1	0.5798	0.4199344921652487	-0.8913051230166141
12ide102xqajrz6cxib9berc	1	2	187	17	1	No-Go	NGW	0	0		1	0.0	1	0.5744	0.4372707941971482	-0.8527636966370601
12ide102xqajrz6cxib9berc	1	2	191	18	1	No-Go	NGW	0	1	0.62	0	0.0	0	0.5465	0.5486025793198381	-0.6195426477270223
12ide102xqajrz6cxib9berc	1	2	194	19	1	No-Go	NGW	0	1	0.844	0	1.0	1	0.5336	0.5290134817259301	-0.6619680792400134
12ide102xqajrz6cxib9berc	1	2	200	20	1	No-Go	NGW	0	0		1	0.0	1	0.6297	0.36557445144415024	-1.0298802107148581
12ide102xqajrz6cxib9berc	1	2	204	21	1	No-Go	NGW	0	0		1	0.0	1	0.6191	0.3767598114321253	-0.9998237661483512
12ide102xqajrz6cxib9berc	1	2	208	22	1	No-Go	NGW	0	1	0.649	0	1.0	1	0.6236	0.6135851675444228	-0.4982709018515597
12ide102xqajrz6cxib9berc	1	2	210	23	1	No-Go	NGW	0	1	0.93	0	0.0	0	0.6517	0.6527599772085588	-0.43482394021596016
12ide102xqajrz6cxib9berc	1	2	214	24	1	No-Go	NGW	0	1	0.901	0	0.0	0	0.6007	0.6072756910212996	-0.5072145152349151
12ide102xqajrz6cxib9berc	1	2	217	25	1	No-Go	NGW	0	0		1	0.0	1	0.5708	0.42848423500869864	-0.8708502650534817
12ide102xqajrz6cxib9berc	1	2	221	26	1	No-Go	NGW	0	1	1.032	0	0.0	0	0.5681	0.562879225770819	-0.5889973771718201
12ide102xqajrz6cxib9berc	1	2	228	27	1	No-Go	NGW	0	1	0.69	0	1.0	1	0.5388	0.5349025581221262	-0.6472828887723071
12ide102xqajrz6cxib9berc	1	2	230	28	1	No-Go	NGW	0	1	0.782	0	0.0	0	0.6188	0.6232332579050711	-0.4823367800436648
12ide102xqajrz6cxib9berc	1	2	236	29	1	No-Go	NGW	0	0		1	0.0	1	0.5793	0.41886643359113207	-0.8919607152067031
12ide102xqajrz6cxib9berc	1	2	238	30	1	No-Go	NGW	0	1	0.995	0	0.0	0	0.5761	0.5735326776939175	-0.5681497096905697
12ide102xqajrz6cxib9berc	1	2	123	1	0	Go	GAL	1	1	1.094	1	0.0	1	0.5049	0.49836449624001333	-0.7067633134089368
12ide102xqajrz6cxib9berc	1	2	128	2	0	Go	GAL	1	1	1.023	1	0.0	1	0.5428	0.527527013589508	-0.6530256924071915
12ide102xqajrz6cxib9berc	1	2	129	3	0	Go	GAL	1	1	1.157	1	0.0	1	0.5526	0.5494485548715101	-0.6146326780897794
12ide102xqajrz6cxib9berc	1	2	134	4	0	Go	GAL	1	1	1.183	1	1.0	0	0.5613	0.5665079289916288	-0.5853547030515439
12ide102xqajrz6cxib9berc	1	2	137	5	0	Go	GAL	1	1	0.906	1	0.0	1	0.5207	0.5233922112711175	-0.6585190368265351
12ide102xqajrz6cxib9berc	1	2	143	6	0	Go	GAL	1	0		0	0.0	0	0.552	0.451160187636531	-0.8157792401649551
12ide102xqajrz6cxib9berc	1	2	147	7	0	Go	GAL	1	1	0.435	1	1.0	0	0.5628	0.5561179925157059	-0.5997740754059974
12ide102xqajrz6cxib9berc	1	2	151	8	0	Go	GAL	1	1	0.656	1	0.0	1	0.5211	0.5176209843626081	-0.6675592426041416
12ide102xqajrz6cxib9berc	1	2	153	9	0	Go	GAL	1	1	0.994	1	0.0	1	0.542	0.5466812135446443	-0.615222036577297
12ide102xqajrz6cxib9berc	1	2	159	10	0	Go	GAL	1	0		0	0.0	0	0.5628	0.43193974764812954	-0.8630143853978754
12ide102xqajrz6cxib9berc	1	2	162	11	0	Go	GAL	1	0		0	0.0	0	0.5794	0.4255860780417796	-0.8791563097520964
12ide102xqajrz6cxib9berc	1	2	167	12	0	Go	GAL	1	0		0	0.0	0	0.5735	0.419855488058767	-0.8941544519364473
12ide102xqajrz6cxib9berc	1	2	170	13	0	Go	GAL	1	1	0.997	1	0.0	1	0.5856	0.585395769187818	-0.549226388429155
12ide102xqajrz6cxib9berc	1	2	176	14	0	Go	GAL	1	0		0	0.0	0	0.5952	0.3985075088782118	-0.9546235106533469
12ide102xqajrz6cxib9berc	1	2	178	15	0	Go	GAL	1	0		0	1.0	1	0.6129	0.39373148401253555	-0.9683376741691719
12ide102xqajrz6cxib9berc	1	2	181	16	0	Go	GAL	1	0		0	0.0	0	0.5669	0.42722805695685967	-0.8694703612604494
12ide102xqajrz6cxib9berc	1	2	188	17	0	Go	GAL	1	1	0.684	1	0.0	1	0.5875	0.5799809089725688	-0.5559218673539125
12ide102xqajrz6cxib9berc	1	2	192	18	0	Go	GAL	1	1	0.718	1	0.0	1	0.5977	0.5931761904803712	-0.5340234466805652
12ide102xqajrz6cxib9berc	1	2	195	19	0	Go	GAL	1	1	1.231	1	1.0	0	0.6034	0.6039865779201242	-0.5162323708017017
12ide102xqajrz6cxib9berc	1	2	197	20	0	Go	GAL	1	1	0.717	1	0.0	1	0.5533	0.5570478457633573	-0.5941699392841118
12ide102xqajrz6cxib9berc	1	2	201	21	0	Go	GAL	1	1	1.498	1	0.0	1	0.5792	0.5788167191633408	-0.5559661941549866
12ide102xqajrz6cxib9berc	1	2	206	22	0	Go	GAL	1	0		0	0.0	0	0.5916	0.4050417147649921	-0.9244222301065201
12ide102xqajrz6cxib9berc	1	2	209	23	0	Go	GAL	1	0		0	1.0	1	0.6001	0.39872973860026	-0.9418812232655263
12ide102xqajrz6cxib9berc	1	2	216	24	0	Go	GAL	1	1	1.078	1	0.0	1	0.5742	0.5724989652855004	-0.5665895862259646
12ide102xqajrz6cxib9berc	1	2	219	25	0	Go	GAL	1	1	1.4	1	0.0	1	0.5818	0.5853413339605571	-0.544785035193259
12ide102xqajrz6cxib9berc	1	2	222	26	0	Go	GAL	1	1	0.839	1	0.0	1	0.5941	0.5957000443416027	-0.5275815077016991
12ide102xqajrz6cxib9berc	1	2	225	27	0	Go	GAL	1	0		0	0.0	0	0.6053	0.39568673896606543	-0.9494901805376744
12ide102xqajrz6cxib9berc	1	2	231	28	0	Go	GAL	1	1	1.031	1	1.0	0	0.6201	0.6121309440047232	-0.500713285005273
12ide102xqajrz6cxib9berc	1	2	234	29	0	Go	GAL	1	0		0	0.0	0	0.5661	0.43686707602203206	-0.8474568026019648
12ide102xqajrz6cxib9berc	1	2	240	30	0	Go	GAL	1	0		0	0.0	0	0.5658	0.42966155140510537	-0.8646343123343118
12ide102xqajrz6cxib9berc	1	1	4	1	1	No-Go	NGW	0	0		1	0.0	1	0.6507	0.3369698109635232	-1.1190018609223569
12ide102xqajrz6cxib9berc	1	1	6	2	1	No-Go	NGW	0	1	0.904	0	1.0	1	0.6357	0.6365466625196581	-0.46148143624283877
12ide102xqajrz6cxib9berc	1	1	9	3	1	No-Go	NGW	0	1	0.702	0	0.0	0	0.7044	0.7068111989511688	-0.35329532657757884
12ide102xqajrz6cxib9berc	1	1	13	4	1	No-Go	NGW	0	1	0.584	0	0.0	0	0.6739	0.6681384907503439	-0.40864825565977025
12ide102xqajrz6cxib9berc	1	1	20	5	1	No-Go	NGW	0	1	0.586	0	0.0	0	0.637	0.6368184958038854	-0.45843642811429686
12ide102xqajrz6cxib9berc	1	1	23	6	1	No-Go	NGW	0	1	0.65	0	1.0	1	0.614	0.6117586594057168	-0.5015068659273728
12ide102xqajrz6cxib9berc	1	1	28	7	1	No-Go	NGW	0	0		1	0.0	1	0.7042	0.3012871856736794	-1.229636207277762
12ide102xqajrz6cxib9berc	1	1	32	8	1	No-Go	NGW	0	1	1.126	0	0.0	0	0.6804	0.6799290080736964	-0.3911505866053469
12ide102xqajrz6cxib9berc	1	1	35	9	1	No-Go	NGW	0	0		1	0.0	1	0.6455	0.3589236641436374	-1.043599719677711
12ide102xqajrz6cxib9berc	1	1	40	10	1	No-Go	NGW	0	1	0.84	0	0.0	0	0.6266	0.6245616791869616	-0.4776947765943747
12ide102xqajrz6cxib9berc	1	1	43	11	1	No-Go	NGW	0	0		1	0.0	1	0.594	0.4068547640461554	-0.9230463393136208
12ide102xqajrz6cxib9berc	1	1	45	12	1	No-Go	NGW	0	1	0.841	0	1.0	1	0.5803	0.5791944649671352	-0.5596031895757001
12ide102xqajrz6cxib9berc	1	1	50	13	1	No-Go	NGW	0	0		1	0.0	1	0.6498	0.34114788478926156	-1.0959755148926587
12ide102xqajrz6cxib9berc	1	1	56	14	1	No-Go	NGW	0	0		1	0.0	1	0.6476	0.35200138823563787	-1.0643848335053203
12ide102xqajrz6cxib9berc	1	1	58	15	1	No-Go	NGW	0	0		1	0.0	1	0.6414	0.36139452194657706	-1.0383396717230238
12ide102xqajrz6cxib9berc	1	1	64	16	1	No-Go	NGW	0	1	0.903	0	0.0	0	0.6331	0.6303453915264327	-0.46880138438028146
12ide102xqajrz6cxib9berc	1	1	67	17	1	No-Go	NGW	0	1	0.968	0	0.0	0	0.5931	0.5877010527446597	-0.5411277202328165
12ide102xqajrz6cxib9berc	1	1	72	18	1	No-Go	NGW	0	0		1	0.0	1	0.5517	0.44535659861813637	-0.8332709385551477
12ide102xqajrz6cxib9berc	1	1	73	19	1	No-Go	NGW	0	0		1	1.0	0	0.5428	0.45301339111550504	-0.8159946689212154
12ide102xqajrz6cxib9berc	1	1	80	20	1	No-Go	NGW	0	0		1	0.0	1	0.5942	0.40237961308920756	-0.9309794275135594
12ide102xqajrz6cxib9berc	1	1	83	21	1	No-Go	NGW	0	1	1.387	0	0.0	0	0.5734	0.5780772373956612	-0.5585674578885129
12ide102xqajrz6cxib9berc	1	1	86	22	1	No-Go	NGW	0	0		1	1.0	0	0.5459	0.4475411948689636	-0.8264479454377185
12ide102xqajrz6cxib9berc	1	1	92	23	1	No-Go	NGW	0	0		1	0.0	1	0.5889	0.405142517282414	-0.9256626409535642
12ide102xqajrz6cxib9berc	1	1	95	24	1	No-Go	NGW	0	1	0.717	0	0.0	0	0.5715	0.5697543900032164	-0.5742361883657504
12ide102xqajrz6cxib9berc	1	1	97	25	1	No-Go	NGW	0	1	0.675	0	0.0	0	0.547	0.5493313404303796	-0.6143687699652333
12ide102xqajrz6cxib9berc	1	1	103	26	1	No-Go	NGW	0	0		1	0.0	1	0.5392	0.4673699136547567	-0.7854945253309605
12ide102xqajrz6cxib9berc	1	1	105	27	1	No-Go	NGW	0	0		1	1.0	0	0.5186	0.48642843335921754	-0.7468627356110793
12ide102xqajrz6cxib9berc	1	1	111	28	1	No-Go	NGW	0	1	0.874	0	0.0	0	0.5605	0.5566910772369533	-0.6014570277925014
12ide102xqajrz6cxib9berc	1	1	116	29	1	No-Go	NGW	0	0		1	0.0	1	0.546	0.45720206115115025	-0.8096041029545835
12ide102xqajrz6cxib9berc	1	1	120	30	1	No-Go	NGW	0	0		1	0.0	1	0.5184	0.48269923980873275	-0.7543017541631758
12ide102xqajrz6cxib9berc	1	1	1	1	1	Go	GW	1	1	1.403	1	0.0	1	0.6637	0.6630301890364768	-0.4198336772341664
12ide102xqajrz6cxib9berc	1	1	5	2	1	Go	GW	1	1	1.186	1	0.0	1	0.7231	0.7292266634579783	-0.32322084286282415
12ide102xqajrz6cxib9berc	1	1	10	3	1	Go	GW	1	1	0.844	1	1.0	0	0.7546	0.7545387823598952	-0.28806734093834163
12ide102xqajrz6cxib9berc	1	1	15	4	1	Go	GW	1	1	0.531	1	0.0	1	0.7171	0.7171204516838877	-0.3369750027887874
12ide102xqajrz6cxib9berc	1	1	17	5	1	Go	GW	1	1	0.589	1	0.0	1	0.7522	0.7552738645243442	-0.2856674644149562
12ide102xqajrz6cxib9berc	1	1	24	6	1	Go	GW	1	1	0.844	1	0.0	1	0.7685	0.7716071287206909	-0.2637299181297237
12ide102xqajrz6cxib9berc	1	1	27	7	1	Go	GW	1	0		0	1.0	1	0.7783	0.21816063130085409	-1.572059281905278
12ide102xqajrz6cxib9berc	1	1	29	8	1	Go	GW	1	0		0	0.0	0	0.7633	0.23787699188044142	-1.4718225455528702
12ide102xqajrz6cxib9berc	1	1	36	9	1	Go	GW	1	0		0	0.0	0	0.7832	0.21388136231874214	-1.597890985842223
12ide102xqajrz6cxib9berc	1	1	37	10	1	Go	GW	1	1	0.841	1	0.0	1	0.801	0.8023387732855576	-0.2248636371412411
12ide102xqajrz6cxib9berc	1	1	41	11	1	Go	GW	1	1	0.721	1	0.0	1	0.8066	0.8096837372849796	-0.21508143656677417
12ide102xqajrz6cxib9berc	1	1	48	12	1	Go	GW	1	1	0.717	1	0.0	1	0.8187	0.8157455415511398	-0.20714100430899707
12ide102xqajrz6cxib9berc	1	1	52	13	1	Go	GW	1	1	1.22	1	1.0	0	0.8225	0.8209756735087933	-0.20043062862196248
12ide102xqajrz6cxib9berc	1	1	53	14	1	Go	GW	1	1	1.035	1	0.0	1	0.7883	0.787628901451323	-0.2418041443828077
12ide102xqajrz6cxib9berc	1	1	57	15	1	Go	GW	1	1	1.095	1	0.0	1	0.8134	0.8132258029742363	-0.2096962212455136
12ide102xqajrz6cxib9berc	1	1	61	16	1	Go	GW	1	1	0.715	1	1.0	0	0.8151	0.8232032864973132	-0.19747645354378637
12ide102xqajrz6cxib9berc	1	1	66	17	1	Go	GW	1	1	0.651	1	0.0	1	0.7929	0.7902596271631372	-0.23881175772666022
12ide102xqajrz6cxib9berc	1	1	71	18	1	Go	GW	1	1	1.374	1	0.0	1	0.8171	0.8172702946351387	-0.20479576975418554
12ide102xqajrz6cxib9berc	1	1	74	19	1	Go	GW	1	0		0	0.0	0	0.8331	0.17245238062574017	-1.8314398160811036
12ide102xqajrz6cxib9berc	1	1	79	20	1	Go	GW	1	1	1.438	1	0.0	1	0.8382	0.8387403850270659	-0.1787727775867885
12ide102xqajrz6cxib9berc	1	1	82	21	1	Go	GW	1	1	1.281	1	0.0	1	0.8437	0.8444734522337091	-0.1719541208093898
12ide102xqajrz6cxib9berc	1	1	85	22	1	Go	GW	1	1	1.375	1	1.0	0	0.8418	0.8486605527034439	-0.1670393521587518
12ide102xqajrz6cxib9berc	1	1	90	23	1	Go	GW	1	1	1.065	1	0.0	1	0.8163	0.8180690595480584	-0.20471643231673517
12ide102xqajrz6cxib9berc	1	1	93	24	1	Go	GW	1	0		0	0.0	0	0.8418	0.15905969472683865	-1.9458206090833692
12ide102xqajrz6cxib9berc	1	1	100	25	1	Go	GW	1	1	1.214	1	0.0	1	0.8522	0.8494293882949929	-0.16627348352592256
12ide102xqajrz6cxib9berc	1	1	102	26	1	Go	GW	1	1	0.812	1	0.0	1	0.8591	0.8573253174849695	-0.15697556255581696
12ide102xqajrz6cxib9berc	1	1	107	27	1	Go	GW	1	1	1.34	1	0.0	1	0.8651	0.8618252128780967	-0.1517654407291024
12ide102xqajrz6cxib9berc	1	1	109	28	1	Go	GW	1	1	0.918	1	1.0	0	0.8725	0.8650438422169675	-0.14809902901723912
12ide102xqajrz6cxib9berc	1	1	113	29	1	Go	GW	1	0		0	0.0	0	0.8392	0.16368907288546694	-1.9857643464629877
12ide102xqajrz6cxib9berc	1	1	117	30	1	Go	GW	1	0		0	0.0	0	0.845	0.15652223726858444	-2.0342724849913276
12ide102xqajrz6cxib9berc	1	1	2	1	0	Go	GAL	1	0		0	0.0	0	0.4928	0.5016355037599867	-0.7000430812822603
12ide102xqajrz6cxib9berc	1	1	8	2	0	Go	GAL	1	0		0	0.0	0	0.5024	0.4942339032625433	-0.715116747053729
12ide102xqajrz6cxib9berc	1	1	12	3	0	Go	GAL	1	0		0	0.0	0	0.5187	0.48766605959908027	-0.729051145854614
12ide102xqajrz6cxib9berc	1	1	16	4	0	Go	GAL	1	1	0.966	1	1.0	0	0.5264	0.518287744095376	-0.6673012513205642
12ide102xqajrz6cxib9berc	1	1	18	5	0	Go	GAL	1	0		0	0.0	0	0.4835	0.5110667576968773	-0.6784061381656457
12ide102xqajrz6cxib9berc	1	1	21	6	0	Go	GAL	1	0		0	0.0	0	0.4897	0.5055497166443168	-0.6896402018928562
12ide102xqajrz6cxib9berc	1	1	25	7	0	Go	GAL	1	0		0	1.0	1	0.4933	0.5004114562587765	-0.7003039457464497
12ide102xqajrz6cxib9berc	1	1	30	8	0	Go	GAL	1	0		0	0.0	0	0.4798	0.5362386424265938	-0.629574353415431
12ide102xqajrz6cxib9berc	1	1	33	9	0	Go	GAL	1	0		0	0.0	0	0.4668	0.528774717600675	-0.6436975379644742
12ide102xqajrz6cxib9berc	1	1	39	10	0	Go	GAL	1	0		0	0.0	0	0.4866	0.5220943807217222	-0.6568435578696472
12ide102xqajrz6cxib9berc	1	1	42	11	0	Go	GAL	1	1	1.466	1	0.0	1	0.4838	0.4840008002090206	-0.734255242052011
12ide102xqajrz6cxib9berc	1	1	47	12	0	Go	GAL	1	1	0.902	1	0.0	1	0.5221	0.5202887931911906	-0.6630564373078919
12ide102xqajrz6cxib9berc	1	1	49	13	0	Go	GAL	1	1	1.094	1	0.0	1	0.543	0.547070675736002	-0.6150947448228663
12ide102xqajrz6cxib9berc	1	1	54	14	0	Go	GAL	1	1	1.206	1	0.0	1	0.5624	0.5674873258198412	-0.5799840542159743
12ide102xqajrz6cxib9berc	1	1	60	15	0	Go	GAL	1	0		0	1.0	1	0.5925	0.4164357085159002	-0.9046302879812786
12ide102xqajrz6cxib9berc	1	1	62	16	0	Go	GAL	1	0		0	0.0	0	0.5521	0.4464712353029874	-0.8223332417533544
12ide102xqajrz6cxib9berc	1	1	68	17	0	Go	GAL	1	1	1.157	1	0.0	1	0.5695	0.5613043203628618	-0.5888358100358829
12ide102xqajrz6cxib9berc	1	1	69	18	0	Go	GAL	1	1	1.028	1	0.0	1	0.5785	0.5746472324091982	-0.5657075876750048
12ide102xqajrz6cxib9berc	1	1	76	19	0	Go	GAL	1	1	0.831	1	1.0	0	0.5917	0.5857441743563283	-0.5467040129720526
12ide102xqajrz6cxib9berc	1	1	78	20	0	Go	GAL	1	0		0	0.0	0	0.5457	0.4617934744119866	-0.7847778965550696
12ide102xqajrz6cxib9berc	1	1	84	21	0	Go	GAL	1	0		0	0.0	0	0.5429	0.45474139553791376	-0.8011787521742246
12ide102xqajrz6cxib9berc	1	1	87	22	0	Go	GAL	1	1	0.918	1	0.0	1	0.5529	0.5516419244079201	-0.6043256621574393
12ide102xqajrz6cxib9berc	1	1	91	23	0	Go	GAL	1	0		0	1.0	1	0.5729	0.42637718758465143	-0.8704168895577339
12ide102xqajrz6cxib9berc	1	1	94	24	0	Go	GAL	1	0		0	0.0	0	0.5377	0.454533090876751	-0.80122931185417
12ide102xqajrz6cxib9berc	1	1	99	25	0	Go	GAL	1	0		0	0.0	0	0.5434	0.44640906951249726	-0.8207288272983367
12ide102xqajrz6cxib9berc	1	1	104	26	0	Go	GAL	1	1	1.224	1	0.0	1	0.5532	0.5607717433145566	-0.5881673888707021
12ide102xqajrz6cxib9berc	1	1	106	27	0	Go	GAL	1	0		0	0.0	0	0.5822	0.4226313929235955	-0.8803990286872041
12ide102xqajrz6cxib9berc	1	1	112	28	0	Go	GAL	1	1	1.406	1	1.0	0	0.5818	0.5837461690894096	-0.5491495570773335
12ide102xqajrz6cxib9berc	1	1	114	29	0	Go	GAL	1	0		0	0.0	0	0.5425	0.4604878373574646	-0.7917855301652899
12ide102xqajrz6cxib9berc	1	1	118	30	0	Go	GAL	1	0		0	0.0	0	0.5397	0.45441080518927657	-0.8065710231860248
12ide102xqajrz6cxib9berc	1	1	3	1	0	No-Go	NGAL	0	1	0.997	0	0.0	0	0.4893	0.49836449624001333	-0.7067633134089368
12ide102xqajrz6cxib9berc	1	1	7	2	0	No-Go	NGAL	0	0		1	1.0	0	0.4667	0.531006217857563	-0.6400421635961441
12ide102xqajrz6cxib9berc	1	1	11	3	0	No-Go	NGAL	0	0		1	0.0	1	0.4741	0.5236293689175358	-0.6537579864009817
12ide102xqajrz6cxib9berc	1	1	14	4	0	No-Go	NGAL	0	1	0.592	0	0.0	0	0.4394	0.44541574113006993	-0.8187850170838648
12ide102xqajrz6cxib9berc	1	1	19	5	0	No-Go	NGAL	0	0		1	0.0	1	0.4334	0.576537714763176	-0.557337618293147
12ide102xqajrz6cxib9berc	1	1	22	6	0	No-Go	NGAL	0	1	1.124	0	1.0	1	0.3992	0.4009239261775922	-0.9321542028771598
12ide102xqajrz6cxib9berc	1	1	26	7	0	No-Go	NGAL	0	1	1.122	0	0.0	0	0.4506	0.44049555510916816	-0.829156054884383
12ide102xqajrz6cxib9berc	1	1	31	8	0	No-Go	NGAL	0	0		1	0.0	1	0.4117	0.5870381101738863	-0.5389575289583663
12ide102xqajrz6cxib9berc	1	1	34	9	0	No-Go	NGAL	0	1	1.498	0	0.0	0	0.3987	0.3953457834384344	-0.9443888602887882
12ide102xqajrz6cxib9berc	1	1	38	10	0	No-Go	NGAL	0	0		1	0.0	1	0.3651	0.62454139677734	-0.4785006399320459
12ide102xqajrz6cxib9berc	1	1	44	11	0	No-Go	NGAL	0	0		1	0.0	1	0.3574	0.6381503957525568	-0.4572579456430973
12ide102xqajrz6cxib9berc	1	1	46	12	0	No-Go	NGAL	0	1	1.155	0	0.0	0	0.3482	0.3507351149379684	-1.0770244452595745
12ide102xqajrz6cxib9berc	1	1	51	13	0	No-Go	NGAL	0	1	1.17	0	1.0	1	0.3437	0.3360690751530947	-1.126435512223519
12ide102xqajrz6cxib9berc	1	1	55	14	0	No-Go	NGAL	0	0		1	0.0	1	0.3758	0.6239280729066154	-0.4780578554764915
12ide102xqajrz6cxib9berc	1	1	59	15	0	No-Go	NGAL	0	1	1.178	0	0.0	0	0.3696	0.3664510881295817	-1.0240521967717546
12ide102xqajrz6cxib9berc	1	1	63	16	0	No-Go	NGAL	0	0		1	0.0	1	0.3484	0.6562346974000801	-0.4283627752149778
12ide102xqajrz6cxib9berc	1	1	65	17	0	No-Go	NGAL	0	1	1.464	0	0.0	0	0.3377	0.33580817052229356	-1.1200280794123614
12ide102xqajrz6cxib9berc	1	1	70	18	0	No-Go	NGAL	0	0		1	0.0	1	0.3162	0.6804694764128404	-0.3927782480180875
12ide102xqajrz6cxib9berc	1	1	75	19	0	No-Go	NGAL	0	0		1	0.0	1	0.316	0.6871938019483274	-0.38289728594866373
12ide102xqajrz6cxib9berc	1	1	77	20	0	No-Go	NGAL	0	1	1.092	0	1.0	1	0.3041	0.30686761023444104	-1.2214936807510957
12ide102xqajrz6cxib9berc	1	1	81	21	0	No-Go	NGAL	0	1	1.245	0	1.0	1	0.3501	0.34427177061701575	-1.0940866732853651
12ide102xqajrz6cxib9berc	1	1	88	22	0	No-Go	NGAL	0	1	1.341	0	0.0	0	0.3747	0.37408504168367024	-1.0081409388927196
12ide102xqajrz6cxib9berc	1	1	89	23	0	No-Go	NGAL	0	0		1	0.0	1	0.3414	0.6568666073885338	-0.4268798869891955
12ide102xqajrz6cxib9berc	1	1	96	24	0	No-Go	NGAL	0	0		1	0.0	1	0.3421	0.6624753210448271	-0.41860147925896846
12ide102xqajrz6cxib9berc	1	1	98	25	0	No-Go	NGAL	0	0		1	0.0	1	0.3318	0.6675430165730384	-0.4112252945629691
12ide102xqajrz6cxib9berc	1	1	101	26	0	No-Go	NGAL	0	0		1	0.0	1	0.3292	0.6721673254239618	-0.4045873236994207
12ide102xqajrz6cxib9berc	1	1	108	27	0	No-Go	NGAL	0	0		1	1.0	0	0.3186	0.676422888948016	-0.3985627059844451
12ide102xqajrz6cxib9berc	1	1	110	28	0	No-Go	NGAL	0	0		1	0.0	1	0.3362	0.6648180749576555	-0.41705244406263353
12ide102xqajrz6cxib9berc	1	1	115	29	0	No-Go	NGAL	0	0		1	0.0	1	0.3205	0.6720367328764466	-0.4058640687766644
12ide102xqajrz6cxib9berc	1	1	119	30	0	No-Go	NGAL	0	1	1.082	0	0.0	0	0.3198	0.3222218259110445	-1.1725814906563157
1e7zni3hs3hxwy7aqhg0bkb0	1	1	1	1	1	Go	GW	1	1	0.467	1	0.0	1	0.6479	0.6515211310617046	-0.4419823938815052
1e7zni3hs3hxwy7aqhg0bkb0	1	1	5	2	1	Go	GW	1	1	0.654	1	0.0	1	0.7013	0.6983155386539256	-0.36765157891438544
1e7zni3hs3hxwy7aqhg0bkb0	1	1	11	3	1	Go	GW	1	1	0.539	1	0.0	1	0.7434	0.7381613104666421	-0.3096164176351677
1e7zni3hs3hxwy7aqhg0bkb0	1	1	16	4	1	Go	GW	1	1	0.592	1	1.0	0	0.776	0.7722388711945155	-0.2630056307110672
1e7zni3hs3hxwy7aqhg0bkb0	1	1	18	5	1	Go	GW	1	1	0.519	1	0.0	1	0.7267	0.7330136802631947	-0.3150305082253576
1e7zni3hs3hxwy7aqhg0bkb0	1	1	21	6	1	Go	GW	1	1	0.6	1	0.0	1	0.7609	0.7687842858469955	-0.2667480413863618
1e7zni3hs3hxwy7aqhg0bkb0	1	1	28	7	1	Go	GW	1	1	0.448	1	1.0	0	0.7963	0.7987265763101706	-0.22816597403219413
1e7zni3hs3hxwy7aqhg0bkb0	1	1	31	8	1	Go	GW	1	0		0	0.0	0	0.7659	0.23842736693642233	-1.4764284203058802
1e7zni3hs3hxwy7aqhg0bkb0	1	1	34	9	1	Go	GW	1	1	0.928	1	0.0	1	0.7928	0.793840511522623	-0.23410319153858616
1e7zni3hs3hxwy7aqhg0bkb0	1	1	37	10	1	Go	GW	1	1	0.444	1	0.0	1	0.8152	0.8220712302071074	-0.19899111543569128
1e7zni3hs3hxwy7aqhg0bkb0	1	1	41	11	1	Go	GW	1	0		0	0.0	0	0.8428	0.15466039263506118	-1.960584699984968
1e7zni3hs3hxwy7aqhg0bkb0	1	1	45	12	1	Go	GW	1	1	0.42	1	0.0	1	0.8643	0.8663884634827533	-0.14578075830658585
1e7zni3hs3hxwy7aqhg0bkb0	1	1	49	13	1	Go	GW	1	0		0	0.0	0	0.8813	0.11644101681552477	-2.286411480574024
1e7zni3hs3hxwy7aqhg0bkb0	1	1	53	14	1	Go	GW	1	1	1.056	1	0.0	1	0.8981	0.8991745209054157	-0.10798028334106784
1e7zni3hs3hxwy7aqhg0bkb0	1	1	59	15	1	Go	GW	1	1	0.542	1	1.0	0	0.9089	0.9118790491782897	-0.09374441228195345
1e7zni3hs3hxwy7aqhg0bkb0	1	1	62	16	1	Go	GW	1	0		0	0.0	0	0.8941	0.10763015512610291	-2.366058949755227
1e7zni3hs3hxwy7aqhg0bkb0	1	1	68	17	1	Go	GW	1	1	1.471	1	0.0	1	0.9105	0.9064240554048476	-0.09968641530107925
1e7zni3hs3hxwy7aqhg0bkb0	1	1	71	18	1	Go	GW	1	0		0	0.0	0	0.9233	0.08096635882913013	-2.6938345580274974
1e7zni3hs3hxwy7aqhg0bkb0	1	1	73	19	1	Go	GW	1	1	1.206	1	0.0	1	0.9288	0.9294312356043122	-0.07419328005005972
1e7zni3hs3hxwy7aqhg0bkb0	1	1	79	20	1	Go	GW	1	1	0.584	1	1.0	0	0.9404	0.9384814134916188	-0.0643876450159551
1e7zni3hs3hxwy7aqhg0bkb0	1	1	82	21	1	Go	GW	1	1	0.681	1	1.0	0	0.9254	0.9240595549476573	-0.08018864434690583
1e7zni3hs3hxwy7aqhg0bkb0	1	1	86	22	1	Go	GW	1	1	0.669	1	0.0	1	0.9078	0.9073614192974292	-0.09901424806747748
1e7zni3hs3hxwy7aqhg0bkb0	1	1	89	23	1	Go	GW	1	1	1.0	1	0.0	1	0.9266	0.9212446450381488	-0.08343048661095133
1e7zni3hs3hxwy7aqhg0bkb0	1	1	96	24	1	Go	GW	1	1	0.747	1	0.0	1	0.9332	0.9319038590567222	-0.07174910269382635
1e7zni3hs3hxwy7aqhg0bkb0	1	1	99	25	1	Go	GW	1	1	0.639	1	0.0	1	0.9429	0.9405305173179677	-0.062389035966270476
1e7zni3hs3hxwy7aqhg0bkb0	1	1	103	26	1	Go	GW	1	1	0.616	1	0.0	1	0.9498	0.9476787497650235	-0.05468811625087883
1e7zni3hs3hxwy7aqhg0bkb0	1	1	108	27	1	Go	GW	1	1	0.656	1	0.0	1	0.9533	0.9536851262715692	-0.048255034306079914
1e7zni3hs3hxwy7aqhg0bkb0	1	1	110	28	1	Go	GW	1	1	0.675	1	0.0	1	0.9589	0.9587810112028692	-0.04282454098238029
1e7zni3hs3hxwy7aqhg0bkb0	1	1	114	29	1	Go	GW	1	1	0.503	1	0.0	1	0.9609	0.9631364330043319	-0.038203675563476994
1e7zni3hs3hxwy7aqhg0bkb0	1	1	119	30	1	Go	GW	1	1	0.69	1	1.0	0	0.9714	0.9668814454664906	-0.03424610575717756
1e7zni3hs3hxwy7aqhg0bkb0	1	1	4	1	0	No-Go	NGAL	0	1	1.201	0	0.0	0	0.5832	0.5816433729235121	-0.5491665729937983
1e7zni3hs3hxwy7aqhg0bkb0	1	1	8	2	0	No-Go	NGAL	0	0		1	0.0	1	0.535	0.4648900364693327	-0.7787045792442638
1e7zni3hs3hxwy7aqhg0bkb0	1	1	10	3	0	No-Go	NGAL	0	0		1	1.0	0	0.4883	0.5118104928462464	-0.6833144335969014
1e7zni3hs3hxwy7aqhg0bkb0	1	1	13	4	0	No-Go	NGAL	0	1	0.601	0	0.0	0	0.5345	0.5396808160476502	-0.6239379589297358
1e7zni3hs3hxwy7aqhg0bkb0	1	1	17	5	0	No-Go	NGAL	0	1	0.534	0	0.0	0	0.492	0.4955191602438426	-0.7119143061707197
1e7zni3hs3hxwy7aqhg0bkb0	1	1	23	6	0	No-Go	NGAL	0	0		1	0.0	1	0.4556	0.5460371641797366	-0.613827018066001
1e7zni3hs3hxwy7aqhg0bkb0	1	1	25	7	0	No-Go	NGAL	0	0		1	0.0	1	0.4087	0.5923962398349606	-0.5334896294218848
1e7zni3hs3hxwy7aqhg0bkb0	1	1	29	8	0	No-Go	NGAL	0	0		1	0.0	1	0.3646	0.6338279045930684	-0.46611954425509194
1e7zni3hs3hxwy7aqhg0bkb0	1	1	36	9	0	No-Go	NGAL	0	0		1	0.0	1	0.3285	0.6710266651989106	-0.4085672091326721
1e7zni3hs3hxwy7aqhg0bkb0	1	1	39	10	0	No-Go	NGAL	0	1	1.106	0	1.0	1	0.2935	0.2955133347007154	-1.283771151464238
1e7zni3hs3hxwy7aqhg0bkb0	1	1	43	11	0	No-Go	NGAL	0	1	0.752	0	0.0	0	0.3462	0.34035260735535827	-1.1076438661344181
1e7zni3hs3hxwy7aqhg0bkb0	1	1	48	12	0	No-Go	NGAL	0	0		1	0.0	1	0.3062	0.6969213004556422	-0.36850576819412956
1e7zni3hs3hxwy7aqhg0bkb0	1	1	52	13	0	No-Go	NGAL	0	0		1	0.0	1	0.2768	0.7276102237412175	-0.3246506105850054
1e7zni3hs3hxwy7aqhg0bkb0	1	1	54	14	0	No-Go	NGAL	0	0		1	0.0	1	0.2378	0.7551477558906387	-0.28670135607532493
1e7zni3hs3hxwy7aqhg0bkb0	1	1	57	15	0	No-Go	NGAL	0	0		1	1.0	0	0.2221	0.7798114479607126	-0.2537988798319162
1e7zni3hs3hxwy7aqhg0bkb0	1	1	63	16	0	No-Go	NGAL	0	1	1.355	0	0.0	0	0.2645	0.26367904527580105	-1.36969526464526
1e7zni3hs3hxwy7aqhg0bkb0	1	1	66	17	0	No-Go	NGAL	0	0		1	1.0	0	0.2312	0.7667070624104811	-0.2697922521138539
1e7zni3hs3hxwy7aqhg0bkb0	1	1	70	18	0	No-Go	NGAL	0	1	1.391	0	0.0	0	0.2734	0.27596576804660894	-1.3308403520427663
1e7zni3hs3hxwy7aqhg0bkb0	1	1	76	19	0	No-Go	NGAL	0	0		1	0.0	1	0.248	0.7538095388522562	-0.2887053035002801
1e7zni3hs3hxwy7aqhg0bkb0	1	1	77	20	0	No-Go	NGAL	0	1	1.14	0	0.0	0	0.2203	0.21545485842914414	-1.5854436940761996
1e7zni3hs3hxwy7aqhg0bkb0	1	1	83	21	0	No-Go	NGAL	0	0		1	0.0	1	0.1885	0.808284921172587	-0.21617853876484608
1e7zni3hs3hxwy7aqhg0bkb0	1	1	85	22	0	No-Go	NGAL	0	0		1	0.0	1	0.1657	0.8317034422954322	-0.18698857677551345
1e7zni3hs3hxwy7aqhg0bkb0	1	1	90	23	0	No-Go	NGAL	0	0		1	0.0	1	0.1504	0.8514630854265697	-0.16312246039908415
1e7zni3hs3hxwy7aqhg0bkb0	1	1	93	24	0	No-Go	NGAL	0	0		1	0.0	1	0.1344	0.8683505934253312	-0.14317342718591997
1e7zni3hs3hxwy7aqhg0bkb0	1	1	100	25	0	No-Go	NGAL	0	0		1	1.0	0	0.1175	0.8828979045295209	-0.1262948818705041
1e7zni3hs3hxwy7aqhg0bkb0	1	1	102	26	0	No-Go	NGAL	0	1	0.913	0	0.0	0	0.1418	0.1457995340190515	-2.0204291936687544
1e7zni3hs3hxwy7aqhg0bkb0	1	1	107	27	0	No-Go	NGAL	0	0		1	0.0	1	0.1278	0.8705715570356599	-0.14125721385924114
1e7zni3hs3hxwy7aqhg0bkb0	1	1	109	28	0	No-Go	NGAL	0	0		1	0.0	1	0.109	0.8868698877127734	-0.12191395144795797
1e7zni3hs3hxwy7aqhg0bkb0	1	1	115	29	0	No-Go	NGAL	0	0		1	1.0	0	0.0936	0.9002887889778409	-0.10652276461674785
1e7zni3hs3hxwy7aqhg0bkb0	1	1	120	30	0	No-Go	NGAL	0	0		1	0.0	1	0.129	0.8743126891658638	-0.13800954747989785
1e7zni3hs3hxwy7aqhg0bkb0	1	1	2	1	0	Go	GAL	1	0		0	0.0	0	0.5821	0.4183566270764879	-0.8851896118543372
1e7zni3hs3hxwy7aqhg0bkb0	1	1	7	2	0	Go	GAL	1	1	1.259	1	0.0	1	0.6286	0.6279262510469358	-0.47108303120137635
1e7zni3hs3hxwy7aqhg0bkb0	1	1	9	3	0	Go	GAL	1	0		0	1.0	1	0.6716	0.3298996856590503	-1.13890302608012
1e7zni3hs3hxwy7aqhg0bkb0	1	1	14	4	0	Go	GAL	1	0		0	0.0	0	0.6244	0.37491867372339266	-0.9963329036942944
1e7zni3hs3hxwy7aqhg0bkb0	1	1	19	5	0	Go	GAL	1	1	0.792	1	0.0	1	0.6696	0.6682497251460471	-0.4098568868248237
1e7zni3hs3hxwy7aqhg0bkb0	1	1	24	6	0	Go	GAL	1	1	1.1	1	0.0	1	0.7052	0.7052592706033751	-0.35573367514081294
1e7zni3hs3hxwy7aqhg0bkb0	1	1	27	7	0	Go	GAL	1	1	0.687	1	0.0	1	0.7323	0.7378691862469817	-0.3099718119823091
1e7zni3hs3hxwy7aqhg0bkb0	1	1	32	8	0	Go	GAL	1	0		0	0.0	0	0.7714	0.2333151698076442	-1.5261169633055571
1e7zni3hs3hxwy7aqhg0bkb0	1	1	35	9	0	Go	GAL	1	1	0.816	1	0.0	1	0.8042	0.7943524011829431	-0.23607759539312279
1e7zni3hs3hxwy7aqhg0bkb0	1	1	40	10	0	Go	GAL	1	1	1.151	1	1.0	0	0.8226	0.8172912031753871	-0.20673164124027205
1e7zni3hs3hxwy7aqhg0bkb0	1	1	42	11	0	Go	GAL	1	1	0.716	1	1.0	0	0.7887	0.7835218340440189	-0.2488608736381045
1e7zni3hs3hxwy7aqhg0bkb0	1	1	47	12	0	Go	GAL	1	1	1.459	1	0.0	1	0.7533	0.7466071581396299	-0.2976020811518642
1e7zni3hs3hxwy7aqhg0bkb0	1	1	50	13	0	Go	GAL	1	1	0.998	1	0.0	1	0.776	0.7781491280262288	-0.25557234101776344
1e7zni3hs3hxwy7aqhg0bkb0	1	1	55	14	0	Go	GAL	1	0		0	0.0	0	0.7966	0.19535712334341102	-1.7159549270255574
1e7zni3hs3hxwy7aqhg0bkb0	1	1	58	15	0	Go	GAL	1	1	1.0	1	0.0	1	0.8337	0.8270631006777803	-0.19451673925510332
1e7zni3hs3hxwy7aqhg0bkb0	1	1	64	16	0	Go	GAL	1	1	0.521	1	0.0	1	0.8501	0.8473891643938034	-0.1696130021935778
1e7zni3hs3hxwy7aqhg0bkb0	1	1	65	17	0	Go	GAL	1	1	0.727	1	0.0	1	0.8636	0.8649074332898795	-0.14855782845656576
1e7zni3hs3hxwy7aqhg0bkb0	1	1	69	18	0	Go	GAL	1	1	0.602	1	1.0	0	0.8855	0.8800945087601846	-0.13061826838324625
1e7zni3hs3hxwy7aqhg0bkb0	1	1	74	19	0	Go	GAL	1	0		0	0.0	0	0.8542	0.1452934874024282	-2.0623783715818047
1e7zni3hs3hxwy7aqhg0bkb0	1	1	78	20	0	Go	GAL	1	1	0.696	1	0.0	1	0.8756	0.8708404790062152	-0.1416733783010913
1e7zni3hs3hxwy7aqhg0bkb0	1	1	81	21	0	Go	GAL	1	1	1.003	1	0.0	1	0.8844	0.8865871858566079	-0.12321993105651814
1e7zni3hs3hxwy7aqhg0bkb0	1	1	87	22	0	Go	GAL	1	1	1.18	1	1.0	0	0.8952	0.8998202546629016	-0.10796554219962935
1e7zni3hs3hxwy7aqhg0bkb0	1	1	92	23	0	Go	GAL	1	1	0.912	1	0.0	1	0.8814	0.8778049756109348	-0.13339456139253508
1e7zni3hs3hxwy7aqhg0bkb0	1	1	94	24	0	Go	GAL	1	1	0.732	1	0.0	1	0.8881	0.8931546835699553	-0.11549704146336513
1e7zni3hs3hxwy7aqhg0bkb0	1	1	98	25	0	Go	GAL	1	1	0.691	1	0.0	1	0.9003	0.9058429936607383	-0.10099161912305776
1e7zni3hs3hxwy7aqhg0bkb0	1	1	101	26	0	Go	GAL	1	1	0.349	1	0.0	1	0.9177	0.9165727798799755	-0.0888868693434334
1e7zni3hs3hxwy7aqhg0bkb0	1	1	105	27	0	Go	GAL	1	1	0.603	1	0.0	1	0.9224	0.9257574065469144	-0.0786396372547345
1e7zni3hs3hxwy7aqhg0bkb0	1	1	112	28	0	Go	GAL	1	1	0.437	1	1.0	0	0.9348	0.9336786291185246	-0.06988825015397022
1e7zni3hs3hxwy7aqhg0bkb0	1	1	113	29	0	Go	GAL	1	1	0.6	1	0.0	1	0.9164	0.9168273491301534	-0.08867823436152442
1e7zni3hs3hxwy7aqhg0bkb0	1	1	117	30	0	Go	GAL	1	1	0.622	1	0.0	1	0.9284	0.9268348692863355	-0.077441889760375
1e7zni3hs3hxwy7aqhg0bkb0	1	1	3	1	1	No-Go	NGW	0	1	0.659	0	0.0	0	0.6503	0.6515211310617046	-0.4419823938815052
1e7zni3hs3hxwy7aqhg0bkb0	1	1	6	2	1	No-Go	NGW	0	1	0.559	0	1.0	1	0.6132	0.6084545477005119	-0.5119516794754512
1e7zni3hs3hxwy7aqhg0bkb0	1	1	12	3	1	No-Go	NGW	0	1	0.383	0	0.0	0	0.6594	0.6609261074021334	-0.4232172957408045
1e7zni3hs3hxwy7aqhg0bkb0	1	1	15	4	1	No-Go	NGW	0	1	0.612	0	0.0	0	0.6082	0.6174098119831194	-0.4919921665970452
1e7zni3hs3hxwy7aqhg0bkb0	1	1	20	5	1	No-Go	NGW	0	1	0.615	0	0.0	0	0.5774	0.5746284515415561	-0.5656359529409731
1e7zni3hs3hxwy7aqhg0bkb0	1	1	22	6	1	No-Go	NGW	0	1	0.543	0	0.0	0	0.5318	0.5332113549940493	-0.6428954490587583
1e7zni3hs3hxwy7aqhg0bkb0	1	1	26	7	1	No-Go	NGW	0	1	0.661	0	0.0	0	0.49	0.49346680143793575	-0.7230103672040078
1e7zni3hs3hxwy7aqhg0bkb0	1	1	30	8	1	No-Go	NGW	0	1	0.75	0	1.0	1	0.4469	0.4555974782040484	-0.8055398811595378
1e7zni3hs3hxwy7aqhg0bkb0	1	1	33	9	1	No-Go	NGW	0	1	0.494	0	0.0	0	0.5231	0.519401393985838	-0.6678557206880877
1e7zni3hs3hxwy7aqhg0bkb0	1	1	38	10	1	No-Go	NGW	0	0		1	0.0	1	0.4731	0.5218155414116145	-0.6623968387888948
1e7zni3hs3hxwy7aqhg0bkb0	1	1	44	11	1	No-Go	NGW	0	0		1	1.0	0	0.4488	0.5684168815568974	-0.5751445341422965
1e7zni3hs3hxwy7aqhg0bkb0	1	1	46	12	1	No-Go	NGW	0	0		1	0.0	1	0.486	0.5188235268716883	-0.6690532519144529
1e7zni3hs3hxwy7aqhg0bkb0	1	1	51	13	1	No-Go	NGW	0	0		1	0.0	1	0.4372	0.5660301878829631	-0.5792769484039764
1e7zni3hs3hxwy7aqhg0bkb0	1	1	56	14	1	No-Go	NGW	0	0		1	0.0	1	0.3864	0.6088963516473724	-0.5054693386878374
1e7zni3hs3hxwy7aqhg0bkb0	1	1	60	15	1	No-Go	NGW	0	0		1	0.0	1	0.3493	0.6476596217240441	-0.443028508706837
1e7zni3hs3hxwy7aqhg0bkb0	1	1	61	16	1	No-Go	NGW	0	0		1	0.0	1	0.3188	0.6826651905105219	-0.3895534533817434
1e7zni3hs3hxwy7aqhg0bkb0	1	1	67	17	1	No-Go	NGW	0	0		1	0.0	1	0.28	0.7142264027655173	-0.3434737471660821
1e7zni3hs3hxwy7aqhg0bkb0	1	1	72	18	1	No-Go	NGW	0	1	0.588	0	0.0	0	0.2645	0.2573769146730807	-1.4092095908424351
1e7zni3hs3hxwy7aqhg0bkb0	1	1	75	19	1	No-Go	NGW	0	0		1	1.0	0	0.2333	0.7706836894203896	-0.2658468595920163
1e7zni3hs3hxwy7aqhg0bkb0	1	1	80	20	1	No-Go	NGW	0	0		1	0.0	1	0.2679	0.7274172787169509	-0.3246032690338646
1e7zni3hs3hxwy7aqhg0bkb0	1	1	84	21	1	No-Go	NGW	0	0		1	0.0	1	0.2553	0.7575241917461192	-0.2829045127742547
1e7zni3hs3hxwy7aqhg0bkb0	1	1	88	22	1	No-Go	NGW	0	0		1	0.0	1	0.2175	0.7836362393057885	-0.2483453371147241
1e7zni3hs3hxwy7aqhg0bkb0	1	1	91	23	1	No-Go	NGW	0	0		1	1.0	0	0.1942	0.8064536749136203	-0.21909294104755922
1e7zni3hs3hxwy7aqhg0bkb0	1	1	95	24	1	No-Go	NGW	0	0		1	0.0	1	0.238	0.7663344986710816	-0.2727732827234414
1e7zni3hs3hxwy7aqhg0bkb0	1	1	97	25	1	No-Go	NGW	0	0		1	0.0	1	0.2109	0.7929567482027647	-0.23680414866859612
1e7zni3hs3hxwy7aqhg0bkb0	1	1	104	26	1	No-Go	NGW	0	0		1	0.0	1	0.186	0.8156726707817316	-0.20772058688794018
1e7zni3hs3hxwy7aqhg0bkb0	1	1	106	27	1	No-Go	NGW	0	0		1	1.0	0	0.1617	0.8352667829927697	-0.18343327275361831
1e7zni3hs3hxwy7aqhg0bkb0	1	1	111	28	1	No-Go	NGW	0	0		1	0.0	1	0.204	0.798169603111914	-0.2327330124245084
1e7zni3hs3hxwy7aqhg0bkb0	1	1	116	29	1	No-Go	NGW	0	0		1	0.0	1	0.1806	0.8215978779882449	-0.20144668208043226
1e7zni3hs3hxwy7aqhg0bkb0	1	1	118	30	1	No-Go	NGW	0	0		1	0.0	1	0.1598	0.841338714086836	-0.17665664833213973
1e7zni3hs3hxwy7aqhg0bkb0	1	2	121	1	1	No-Go	NGW	0	1	1.044	0	0.0	0	0.6616	0.6515211310617046	-0.4419823938815052
1e7zni3hs3hxwy7aqhg0bkb0	1	2	128	2	1	No-Go	NGW	0	0		1	1.0	0	0.6117	0.39154545229948806	-0.9733574695950393
1e7zni3hs3hxwy7aqhg0bkb0	1	2	129	3	1	No-Go	NGW	0	1	0.701	0	0.0	0	0.6543	0.6515211310617046	-0.4419823938815052
1e7zni3hs3hxwy7aqhg0bkb0	1	2	134	4	1	No-Go	NGW	0	1	1.376	0	0.0	0	0.6153	0.6112752347596987	-0.5072383083562352
1e7zni3hs3hxwy7aqhg0bkb0	1	2	138	5	1	No-Go	NGW	0	0		1	0.0	1	0.5654	0.4284264635307581	-0.8772020988860113
1e7zni3hs3hxwy7aqhg0bkb0	1	2	141	6	1	No-Go	NGW	0	0		1	0.0	1	0.5238	0.4775563249259366	-0.7643950475674028
1e7zni3hs3hxwy7aqhg0bkb0	1	2	147	7	1	No-Go	NGW	0	0		1	0.0	1	0.4898	0.5233911214455569	-0.6701241444005461
1e7zni3hs3hxwy7aqhg0bkb0	1	2	149	8	1	No-Go	NGW	0	0		1	1.0	0	0.4329	0.5659210968321778	-0.5892672799295409
1e7zni3hs3hxwy7aqhg0bkb0	1	2	153	9	1	No-Go	NGW	0	0		1	0.0	1	0.4793	0.5146001012866076	-0.6848689853659816
1e7zni3hs3hxwy7aqhg0bkb0	1	2	158	10	1	No-Go	NGW	0	1	1.025	0	0.0	0	0.438	0.4408976655040285	-0.8500091291332402
1e7zni3hs3hxwy7aqhg0bkb0	1	2	161	11	1	No-Go	NGW	0	1	0.567	0	1.0	1	0.4078	0.4027339693291004	-0.9454371595581891
1e7zni3hs3hxwy7aqhg0bkb0	1	2	166	12	1	No-Go	NGW	0	0		1	0.0	1	0.4594	0.5364157294710707	-0.6356114542766209
1e7zni3hs3hxwy7aqhg0bkb0	1	2	169	13	1	No-Go	NGW	0	0		1	0.0	1	0.4206	0.5782490328091342	-0.5587215431332769
1e7zni3hs3hxwy7aqhg0bkb0	1	2	174	14	1	No-Go	NGW	0	0		1	0.0	1	0.3894	0.6167548009980774	-0.4929307306946944
1e7zni3hs3hxwy7aqhg0bkb0	1	2	179	15	1	No-Go	NGW	0	0		1	0.0	1	0.3553	0.6520644933062083	-0.4360814795898638
1e7zni3hs3hxwy7aqhg0bkb0	1	2	184	16	1	No-Go	NGW	0	0		1	0.0	1	0.3165	0.6843301789142531	-0.38672972365591674
1e7zni3hs3hxwy7aqhg0bkb0	1	2	188	17	1	No-Go	NGW	0	0		1	0.0	1	0.2909	0.713708303023216	-0.3437832473314263
1e7zni3hs3hxwy7aqhg0bkb0	1	2	189	18	1	No-Go	NGW	0	0		1	0.0	1	0.2537	0.7403614644845365	-0.3063594427896764
1e7zni3hs3hxwy7aqhg0bkb0	1	2	193	19	1	No-Go	NGW	0	1	0.597	0	1.0	1	0.2324	0.2355400728089382	-1.4988212769385627
1e7zni3hs3hxwy7aqhg0bkb0	1	2	200	20	1	No-Go	NGW	0	1	0.886	0	0.0	0	0.2829	0.27932768843586003	-1.3237164139519653
1e7zni3hs3hxwy7aqhg0bkb0	1	2	204	21	1	No-Go	NGW	0	1	0.896	0	0.0	0	0.2413	0.24391059575957702	-1.4638057312223696
1e7zni3hs3hxwy7aqhg0bkb0	1	2	207	22	1	No-Go	NGW	0	0		1	0.0	1	0.2153	0.7858604763631314	-0.24558004297722003
1e7zni3hs3hxwy7aqhg0bkb0	1	2	210	23	1	No-Go	NGW	0	0		1	1.0	0	0.1885	0.8060812570675695	-0.21964431219626418
1e7zni3hs3hxwy7aqhg0bkb0	1	2	214	24	1	No-Go	NGW	0	0		1	0.0	1	0.2381	0.7633281343682873	-0.27742171283058514
1e7zni3hs3hxwy7aqhg0bkb0	1	2	218	25	1	No-Go	NGW	0	0		1	0.0	1	0.2097	0.7881007573550313	-0.24367993581041894
1e7zni3hs3hxwy7aqhg0bkb0	1	2	224	26	1	No-Go	NGW	0	0		1	0.0	1	0.1861	0.8095324979808313	-0.21597928157444965
1e7zni3hs3hxwy7aqhg0bkb0	1	2	226	27	1	No-Go	NGW	0	0		1	1.0	0	0.1649	0.8282300145083067	-0.19258854425892266
1e7zni3hs3hxwy7aqhg0bkb0	1	2	229	28	1	No-Go	NGW	0	0		1	0.0	1	0.2099	0.7879860567819003	-0.2487180769468735
1e7zni3hs3hxwy7aqhg0bkb0	1	2	233	29	1	No-Go	NGW	0	0		1	0.0	1	0.1959	0.8110186888885393	-0.2165755092881067
1e7zni3hs3hxwy7aqhg0bkb0	1	2	240	30	1	No-Go	NGW	0	0		1	0.0	1	0.1702	0.830609927172407	-0.19118961626063521
1e7zni3hs3hxwy7aqhg0bkb0	1	2	123	1	0	Go	GAL	1	0		0	0.0	0	0.5788	0.4183566270764879	-0.8851896118543372
1e7zni3hs3hxwy7aqhg0bkb0	1	2	127	2	0	Go	GAL	1	1	0.596	1	0.0	1	0.6304	0.6279262510469358	-0.47108303120137635
1e7zni3hs3hxwy7aqhg0bkb0	1	2	132	3	0	Go	GAL	1	1	0.755	1	1.0	0	0.6724	0.6701003143409496	-0.4064078921891342
1e7zni3hs3hxwy7aqhg0bkb0	1	2	133	4	0	Go	GAL	1	1	0.957	1	0.0	1	0.6278	0.6252390980423683	-0.4750070369998933
1e7zni3hs3hxwy7aqhg0bkb0	1	2	139	5	0	Go	GAL	1	1	0.724	1	0.0	1	0.6753	0.668168192796869	-0.40896511896091003
1e7zni3hs3hxwy7aqhg0bkb0	1	2	144	6	0	Go	GAL	1	1	0.895	1	0.0	1	0.7062	0.7055860140332382	-0.3544077240747065
1e7zni3hs3hxwy7aqhg0bkb0	1	2	145	7	0	Go	GAL	1	1	1.0	1	0.0	1	0.7383	0.7384696698243376	-0.3084178403284342
1e7zni3hs3hxwy7aqhg0bkb0	1	2	151	8	0	Go	GAL	1	1	0.567	1	0.0	1	0.7638	0.7674775228554307	-0.2692825880830003
1e7zni3hs3hxwy7aqhg0bkb0	1	2	155	9	0	Go	GAL	1	1	1.119	1	0.0	1	0.7902	0.7930971907369875	-0.23580373308374908
1e7zni3hs3hxwy7aqhg0bkb0	1	2	160	10	0	Go	GAL	1	0		0	1.0	1	0.8079	0.1842769658504635	-1.7697604999426246
1e7zni3hs3hxwy7aqhg0bkb0	1	2	162	11	0	Go	GAL	1	0		0	1.0	1	0.7899	0.2145204318193325	-1.585817264858261
1e7zni3hs3hxwy7aqhg0bkb0	1	2	165	12	0	Go	GAL	1	0		0	0.0	0	0.7544	0.2468289622001512	-1.4311222895600577
1e7zni3hs3hxwy7aqhg0bkb0	1	2	172	13	0	Go	GAL	1	1	0.968	1	0.0	1	0.7868	0.7874208312772442	-0.2431757558672383
1e7zni3hs3hxwy7aqhg0bkb0	1	2	175	14	0	Go	GAL	1	1	0.809	1	0.0	1	0.8124	0.8096819926801452	-0.21467742589618047
1e7zni3hs3hxwy7aqhg0bkb0	1	2	178	15	0	Go	GAL	1	1	0.511	1	0.0	1	0.8277	0.8294299479552611	-0.19004187918055218
1e7zni3hs3hxwy7aqhg0bkb0	1	2	182	16	0	Go	GAL	1	1	0.627	1	0.0	1	0.842	0.8469264153706648	-0.16871230411879345
1e7zni3hs3hxwy7aqhg0bkb0	1	2	185	17	0	Go	GAL	1	1	0.693	1	0.0	1	0.8622	0.8624116566724791	-0.15021812115856056
1e7zni3hs3hxwy7aqhg0bkb0	1	2	191	18	0	Go	GAL	1	1	0.56	1	1.0	0	0.8771	0.8761057138077573	-0.13415942095118696
1e7zni3hs3hxwy7aqhg0bkb0	1	2	196	19	0	Go	GAL	1	1	0.928	1	0.0	1	0.8447	0.8457024453037626	-0.1706804721060564
1e7zni3hs3hxwy7aqhg0bkb0	1	2	199	20	0	Go	GAL	1	1	0.504	1	0.0	1	0.8622	0.8630070715406296	-0.14965750125889307
1e7zni3hs3hxwy7aqhg0bkb0	1	2	201	21	0	Go	GAL	1	1	0.616	1	0.0	1	0.8751	0.8776509634030288	-0.1324630542764738
1e7zni3hs3hxwy7aqhg0bkb0	1	2	205	22	0	Go	GAL	1	1	0.632	1	1.0	0	0.8957	0.8902315510775708	-0.11798405308261632
1e7zni3hs3hxwy7aqhg0bkb0	1	2	212	23	0	Go	GAL	1	1	1.005	1	0.0	1	0.8588	0.8614625096387676	-0.15331442399067743
1e7zni3hs3hxwy7aqhg0bkb0	1	2	213	24	0	Go	GAL	1	1	0.832	1	0.0	1	0.8744	0.8776551124627622	-0.1332968356593342
1e7zni3hs3hxwy7aqhg0bkb0	1	2	217	25	0	Go	GAL	1	1	0.698	1	0.0	1	0.8936	0.891056911883293	-0.11754009725339808
1e7zni3hs3hxwy7aqhg0bkb0	1	2	223	26	0	Go	GAL	1	0		0	0.0	0	0.9076	0.09761667836014301	-2.4807231165183294
1e7zni3hs3hxwy7aqhg0bkb0	1	2	227	27	0	Go	GAL	1	1	0.688	1	0.0	1	0.9152	0.916832000343771	-0.08828375873162661
1e7zni3hs3hxwy7aqhg0bkb0	1	2	231	28	0	Go	GAL	1	0		0	1.0	1	0.924	0.07481021509890165	-2.7984553544950703
1e7zni3hs3hxwy7aqhg0bkb0	1	2	236	29	0	Go	GAL	1	0		0	0.0	0	0.908	0.09039355081201807	-2.608931976471565
1e7zni3hs3hxwy7aqhg0bkb0	1	2	238	30	0	Go	GAL	1	1	0.667	1	0.0	1	0.9258	0.9231911076291437	-0.08145504617805638
1e7zni3hs3hxwy7aqhg0bkb0	1	2	122	1	1	Go	GW	1	1	0.503	1	0.0	1	0.6523	0.6515211310617046	-0.4419823938815052
1e7zni3hs3hxwy7aqhg0bkb0	1	2	125	2	1	Go	GW	1	1	0.649	1	0.0	1	0.6961	0.6983155386539256	-0.36765157891438544
1e7zni3hs3hxwy7aqhg0bkb0	1	2	131	3	1	Go	GW	1	1	0.51	1	0.0	1	0.7403	0.7381613104666421	-0.3096164176351677
1e7zni3hs3hxwy7aqhg0bkb0	1	2	135	4	1	Go	GW	1	1	0.528	1	1.0	0	0.7793	0.7722388711945155	-0.2630056307110672
1e7zni3hs3hxwy7aqhg0bkb0	1	2	137	5	1	Go	GW	1	1	0.645	1	0.0	1	0.7373	0.7330136802631947	-0.3150305082253576
1e7zni3hs3hxwy7aqhg0bkb0	1	2	143	6	1	Go	GW	1	1	0.447	1	0.0	1	0.7722	0.7687842858469955	-0.2667480413863618
1e7zni3hs3hxwy7aqhg0bkb0	1	2	148	7	1	Go	GW	1	1	0.333	1	1.0	0	0.7998	0.7987265763101706	-0.22816597403219413
1e7zni3hs3hxwy7aqhg0bkb0	1	2	152	8	1	Go	GW	1	1	0.479	1	0.0	1	0.7595	0.7615726330635776	-0.27641379782746345
1e7zni3hs3hxwy7aqhg0bkb0	1	2	154	9	1	Go	GW	1	1	0.533	1	0.0	1	0.7858	0.7934238993485828	-0.23508052538837482
1e7zni3hs3hxwy7aqhg0bkb0	1	2	159	10	1	Go	GW	1	1	0.687	1	0.0	1	0.8154	0.8197985417397838	-0.20219077300677507
1e7zni3hs3hxwy7aqhg0bkb0	1	2	164	11	1	Go	GW	1	1	0.478	1	0.0	1	0.8398	0.8419846983776148	-0.1752619047841138
1e7zni3hs3hxwy7aqhg0bkb0	1	2	168	12	1	Go	GW	1	1	0.727	1	0.0	1	0.8599	0.8607986125293413	-0.15291104367513356
1e7zni3hs3hxwy7aqhg0bkb0	1	2	171	13	1	Go	GW	1	1	0.529	1	0.0	1	0.8789	0.8768370133265798	-0.13419228724214577
1e7zni3hs3hxwy7aqhg0bkb0	1	2	173	14	1	Go	GW	1	1	0.535	1	0.0	1	0.8941	0.8905655592332914	-0.11840669134366268
1e7zni3hs3hxwy7aqhg0bkb0	1	2	177	15	1	Go	GW	1	1	0.389	1	1.0	0	0.9066	0.9023589941996796	-0.10501750250086507
1e7zni3hs3hxwy7aqhg0bkb0	1	2	183	16	1	Go	GW	1	1	0.367	1	0.0	1	0.8797	0.8775024662548317	-0.13450383561223023
1e7zni3hs3hxwy7aqhg0bkb0	1	2	187	17	1	Go	GW	1	1	0.346	1	0.0	1	0.8942	0.8923024473767287	-0.11704785963696113
1e7zni3hs3hxwy7aqhg0bkb0	1	2	190	18	1	Go	GW	1	1	0.426	1	0.0	1	0.9069	0.9044048622935297	-0.1031900300565129
1e7zni3hs3hxwy7aqhg0bkb0	1	2	195	19	1	Go	GW	1	1	0.429	1	0.0	1	0.9142	0.91457526056601	-0.09170991428957745
1e7zni3hs3hxwy7aqhg0bkb0	1	2	198	20	1	Go	GW	1	1	0.442	1	1.0	0	0.9236	0.9232401286381402	-0.08203088036979395
1e7zni3hs3hxwy7aqhg0bkb0	1	2	203	21	1	Go	GW	1	1	0.301	1	1.0	0	0.9034	0.9015054058975833	-0.1079973159553971
1e7zni3hs3hxwy7aqhg0bkb0	1	2	206	22	1	Go	GW	1	1	0.336	1	0.0	1	0.8805	0.876809704172976	-0.14021934926475382
1e7zni3hs3hxwy7aqhg0bkb0	1	2	211	23	1	Go	GW	1	1	0.541	1	0.0	1	0.895	0.8935350253570119	-0.11793941513772126
1e7zni3hs3hxwy7aqhg0bkb0	1	2	215	24	1	Go	GW	1	1	0.323	1	0.0	1	0.9057	0.9063775021031776	-0.1024503469967582
1e7zni3hs3hxwy7aqhg0bkb0	1	2	220	25	1	Go	GW	1	1	0.295	1	0.0	1	0.9229	0.9167579841104131	-0.09035615437418036
1e7zni3hs3hxwy7aqhg0bkb0	1	2	222	26	1	Go	GW	1	1	0.329	1	0.0	1	0.9266	0.9253897512751602	-0.08049130046816368
1e7zni3hs3hxwy7aqhg0bkb0	1	2	228	27	1	Go	GW	1	1	0.312	1	0.0	1	0.9333	0.9326920244918708	-0.07225521107701519
1e7zni3hs3hxwy7aqhg0bkb0	1	2	230	28	1	Go	GW	1	1	0.387	1	0.0	1	0.9408	0.9389419699841861	-0.06527670494914763
1e7zni3hs3hxwy7aqhg0bkb0	1	2	235	29	1	Go	GW	1	1	0.256	1	0.0	1	0.9475	0.9443372189635598	-0.05930179256955223
1e7zni3hs3hxwy7aqhg0bkb0	1	2	239	30	1	Go	GW	1	1	0.352	1	1.0	0	0.9468	0.94902588480919	-0.05414540777780723
1e7zni3hs3hxwy7aqhg0bkb0	1	2	124	1	0	No-Go	NGAL	0	0		1	0.0	1	0.5799	0.4183566270764879	-0.8851896118543372
1e7zni3hs3hxwy7aqhg0bkb0	1	2	126	2	0	No-Go	NGAL	0	0		1	0.0	1	0.5421	0.4648900364693327	-0.7787045792442638
1e7zni3hs3hxwy7aqhg0bkb0	1	2	130	3	0	No-Go	NGAL	0	0		1	1.0	0	0.4975	0.5088980917345467	-0.6881078431280401
1e7zni3hs3hxwy7aqhg0bkb0	1	2	136	4	0	No-Go	NGAL	0	0		1	0.0	1	0.5523	0.45474298636107724	-0.7984339736408345
1e7zni3hs3hxwy7aqhg0bkb0	1	2	140	5	0	No-Go	NGAL	0	0		1	0.0	1	0.5012	0.5005925725511968	-0.7007607175603617
1e7zni3hs3hxwy7aqhg0bkb0	1	2	142	6	0	No-Go	NGAL	0	1	0.559	0	0.0	0	0.4566	0.45651886780868534	-0.7965920634294692
1e7zni3hs3hxwy7aqhg0bkb0	1	2	146	7	0	No-Go	NGAL	0	1	0.361	0	0.0	0	0.4127	0.41067134193338106	-0.9118588560294506
1e7zni3hs3hxwy7aqhg0bkb0	1	2	150	8	0	No-Go	NGAL	0	1	1.166	0	0.0	0	0.3771	0.3694196877776879	-1.029069757348102
1e7zni3hs3hxwy7aqhg0bkb0	1	2	156	9	0	No-Go	NGAL	0	0		1	0.0	1	0.33	0.6677735133809112	-0.41270640895101707
1e7zni3hs3hxwy7aqhg0bkb0	1	2	157	10	0	No-Go	NGAL	0	1	0.586	0	1.0	1	0.2981	0.29808878698477126	-1.2673350481088852
1e7zni3hs3hxwy7aqhg0bkb0	1	2	163	11	0	No-Go	NGAL	0	0		1	0.0	1	0.3414	0.6565184389967788	-0.4277837751047193
1e7zni3hs3hxwy7aqhg0bkb0	1	2	167	12	0	No-Go	NGAL	0	1	0.748	0	0.0	0	0.3104	0.3099162045104832	-1.2050752449749889
1e7zni3hs3hxwy7aqhg0bkb0	1	2	170	13	0	No-Go	NGAL	0	1	0.805	0	0.0	0	0.2778	0.27463869898312215	-1.340575174942715
1e7zni3hs3hxwy7aqhg0bkb0	1	2	176	14	0	No-Go	NGAL	0	0		1	0.0	1	0.2428	0.7560159076266133	-0.2856409380026674
1e7zni3hs3hxwy7aqhg0bkb0	1	2	180	15	0	No-Go	NGAL	0	1	0.812	0	1.0	1	0.2181	0.21833279478112072	-1.5948284020925187
1e7zni3hs3hxwy7aqhg0bkb0	1	2	181	16	0	No-Go	NGAL	0	1	0.68	0	0.0	0	0.2582	0.2562581955700828	-1.4050378523358642
1e7zni3hs3hxwy7aqhg0bkb0	1	2	186	17	0	No-Go	NGAL	0	0		1	1.0	0	0.2241	0.7745089119032987	-0.2602638363380991
1e7zni3hs3hxwy7aqhg0bkb0	1	2	192	18	0	No-Go	NGAL	0	0		1	0.0	1	0.2744	0.7308646380868625	-0.3187256923281481
1e7zni3hs3hxwy7aqhg0bkb0	1	2	194	19	0	No-Go	NGAL	0	0		1	0.0	1	0.2447	0.7613337212939633	-0.27670115435735987
1e7zni3hs3hxwy7aqhg0bkb0	1	2	197	20	0	No-Go	NGAL	0	0		1	0.0	1	0.2123	0.7876077061039771	-0.24225529562518663
1e7zni3hs3hxwy7aqhg0bkb0	1	2	202	21	0	No-Go	NGAL	0	0		1	0.0	1	0.1883	0.8104414593656999	-0.21329934202141784
1e7zni3hs3hxwy7aqhg0bkb0	1	2	208	22	0	No-Go	NGAL	0	0		1	0.0	1	0.1752	0.8303855241006056	-0.18866518232795987
1e7zni3hs3hxwy7aqhg0bkb0	1	2	209	23	0	No-Go	NGAL	0	1	1.056	0	0.0	0	0.1462	0.1521418859740855	-1.9597933641400025
1e7zni3hs3hxwy7aqhg0bkb0	1	2	216	24	0	No-Go	NGAL	0	0		1	0.0	1	0.1307	0.8671280732162475	-0.14472782142717439
1e7zni3hs3hxwy7aqhg0bkb0	1	2	219	25	0	No-Go	NGAL	0	0		1	1.0	0	0.1199	0.8807800240191136	-0.1288654797611456
1e7zni3hs3hxwy7aqhg0bkb0	1	2	221	26	0	No-Go	NGAL	0	0		1	0.0	1	0.1502	0.850414303658719	-0.16569479595858866
1e7zni3hs3hxwy7aqhg0bkb0	1	2	225	27	0	No-Go	NGAL	0	1	0.769	0	0.0	0	0.1293	0.13195118463461225	-2.126669651489567
1e7zni3hs3hxwy7aqhg0bkb0	1	2	232	28	0	No-Go	NGAL	0	0		1	0.0	1	0.1166	0.884347277907466	-0.12494177841482605
1e7zni3hs3hxwy7aqhg0bkb0	1	2	234	29	0	No-Go	NGAL	0	0		1	1.0	0	0.1074	0.8974178721998265	-0.10988545307224173
1e7zni3hs3hxwy7aqhg0bkb0	1	2	237	30	0	No-Go	NGAL	0	1	0.769	0	0.0	0	0.129	0.13009020723168324	-2.184774775024027
1idwvxzpt8dvsgsfthnl4uu1	1	1	1	1	1	Go	GW	1	1	0.895	1	0.0	1	0.769	0.7628125499415013	-0.28949871894404183
1idwvxzpt8dvsgsfthnl4uu1	1	1	5	2	1	Go	GW	1	1	0.376	1	1.0	0	0.9617	0.9637116979042144	-0.037549275133139104
1idwvxzpt8dvsgsfthnl4uu1	1	1	9	3	1	Go	GW	1	1	0.407	1	0.0	1	0.9145	0.9169334464119886	-0.08944114999040237
1idwvxzpt8dvsgsfthnl4uu1	1	1	15	4	1	Go	GW	1	1	0.424	1	0.0	1	0.9789	0.9802377011123834	-0.020335787576972388
1idwvxzpt8dvsgsfthnl4uu1	1	1	17	5	1	Go	GW	1	1	0.438	1	0.0	1	0.9924	0.9924928116311817	-0.007624186160160863
1idwvxzpt8dvsgsfthnl4uu1	1	1	23	6	1	Go	GW	1	1	0.456	1	1.0	0	0.996	0.9961722548569389	-0.0038644132960793777
1idwvxzpt8dvsgsfthnl4uu1	1	1	25	7	1	Go	GW	1	1	0.354	1	0.0	1	0.9836	0.9848173815405328	-0.015855791431693918
1idwvxzpt8dvsgsfthnl4uu1	1	1	32	8	1	Go	GW	1	1	0.526	1	0.0	1	0.9947	0.9940954495506065	-0.006001516732589581
1idwvxzpt8dvsgsfthnl4uu1	1	1	33	9	1	Go	GW	1	1	0.529	1	0.0	1	0.9972	0.9968122285697213	-0.003217774719391651
1idwvxzpt8dvsgsfthnl4uu1	1	1	38	10	1	Go	GW	1	1	0.423	1	0.0	1	0.9972	0.9979040560674112	-0.0021092713241700647
1idwvxzpt8dvsgsfthnl4uu1	1	1	42	11	1	Go	GW	1	1	0.403	1	0.0	1	0.9982	0.9984264238674586	-0.001581167645642108
1idwvxzpt8dvsgsfthnl4uu1	1	1	48	12	1	Go	GW	1	1	0.499	1	0.0	1	0.9994	0.9987055352683305	-0.001299675986364863
1idwvxzpt8dvsgsfthnl4uu1	1	1	52	13	1	Go	GW	1	1	0.421	1	0.0	1	0.9992	0.998866475265836	-0.0011376158849377774
1idwvxzpt8dvsgsfthnl4uu1	1	1	56	14	1	Go	GW	1	1	0.399	1	1.0	0	0.9989	0.9989645941199856	-0.0010389197905128881
1idwvxzpt8dvsgsfthnl4uu1	1	1	59	15	1	Go	GW	1	1	0.445	1	0.0	1	0.9933	0.9935510965092873	-0.006669892718623538
1idwvxzpt8dvsgsfthnl4uu1	1	1	64	16	1	Go	GW	1	1	0.311	1	1.0	0	0.9968	0.9970962402175783	-0.0029346589280197406
1idwvxzpt8dvsgsfthnl4uu1	1	1	66	17	1	Go	GW	1	1	0.498	1	0.0	1	0.9837	0.9853657512871056	-0.01579886731926929
1idwvxzpt8dvsgsfthnl4uu1	1	1	72	18	1	Go	GW	1	1	0.37	1	0.0	1	0.9947	0.9950337042100539	-0.005059333446152423
1idwvxzpt8dvsgsfthnl4uu1	1	1	76	19	1	Go	GW	1	1	0.245	1	0.0	1	0.9968	0.9973525326673714	-0.002671736807387372
1idwvxzpt8dvsgsfthnl4uu1	1	1	77	20	1	Go	GW	1	1	0.565	1	0.0	1	0.9974	0.9982111271729642	-0.0017995931152973584
1idwvxzpt8dvsgsfthnl4uu1	1	1	83	21	1	Go	GW	1	1	0.366	1	0.0	1	0.9987	0.9986094443607906	-0.0013969714060695433
1idwvxzpt8dvsgsfthnl4uu1	1	1	85	22	1	Go	GW	1	1	0.361	1	0.0	1	0.9988	0.998820136081454	-0.0011845152059863416
1idwvxzpt8dvsgsfthnl4uu1	1	1	92	23	1	Go	GW	1	1	0.349	1	0.0	1	0.9987	0.9989413723948972	-0.001062435504721173
1idwvxzpt8dvsgsfthnl4uu1	1	1	95	24	1	Go	GW	1	1	0.329	1	1.0	0	0.9985	0.9990153256288904	-0.0009880365699995715
1idwvxzpt8dvsgsfthnl4uu1	1	1	99	25	1	Go	GW	1	1	0.462	1	0.0	1	0.9936	0.993669192005587	-0.006552812800394335
1idwvxzpt8dvsgsfthnl4uu1	1	1	103	26	1	Go	GW	1	1	0.489	1	1.0	0	0.9971	0.9971708626949234	-0.0028596970917814176
1idwvxzpt8dvsgsfthnl4uu1	1	1	105	27	1	Go	GW	1	1	0.363	1	0.0	1	0.9865	0.9855407626581849	-0.01562648114404341
1idwvxzpt8dvsgsfthnl4uu1	1	1	112	28	1	Go	GW	1	1	0.367	1	0.0	1	0.9949	0.9951300960779789	-0.004961998552333754
1idwvxzpt8dvsgsfthnl4uu1	1	1	113	29	1	Go	GW	1	1	0.415	1	0.0	1	0.9972	0.9974082663420081	-0.002615542823498528
1idwvxzpt8dvsgsfthnl4uu1	1	1	117	30	1	Go	GW	1	1	0.392	1	0.0	1	0.9986	0.9982453902555775	-0.0017651158167459678
1idwvxzpt8dvsgsfthnl4uu1	1	1	2	1	0	No-Go	NGAL	0	1	0.513	0	1.0	1	0.6267	0.6233580592844536	-0.480762804952692
1idwvxzpt8dvsgsfthnl4uu1	1	1	7	2	0	No-Go	NGAL	0	1	0.413	0	0.0	0	0.7632	0.7613906767296572	-0.2790714593432604
1idwvxzpt8dvsgsfthnl4uu1	1	1	11	3	0	No-Go	NGAL	0	1	0.508	0	0.0	0	0.5948	0.6006514080800789	-0.5217356719903595
1idwvxzpt8dvsgsfthnl4uu1	1	1	13	4	0	No-Go	NGAL	0	0		1	0.0	1	0.4441	0.5583321906181092	-0.6086490606556746
1idwvxzpt8dvsgsfthnl4uu1	1	1	20	5	0	No-Go	NGAL	0	0		1	0.0	1	0.3086	0.7003666591427494	-0.37805991800318134
1idwvxzpt8dvsgsfthnl4uu1	1	1	24	6	0	No-Go	NGAL	0	0		1	0.0	1	0.2015	0.7964143393963079	-0.24106644367664185
1idwvxzpt8dvsgsfthnl4uu1	1	1	27	7	0	No-Go	NGAL	0	0		1	0.0	1	0.1433	0.8606365923011478	-0.15756814840202685
1idwvxzpt8dvsgsfthnl4uu1	1	1	30	8	0	No-Go	NGAL	0	0		1	0.0	1	0.0939	0.9033751074266493	-0.10567454277804791
1idwvxzpt8dvsgsfthnl4uu1	1	1	35	9	0	No-Go	NGAL	0	0		1	1.0	0	0.0739	0.9318777665546091	-0.07275059090230918
1idwvxzpt8dvsgsfthnl4uu1	1	1	40	10	0	No-Go	NGAL	0	0		1	0.0	1	0.0855	0.9157775661814519	-0.08986560274234176
1idwvxzpt8dvsgsfthnl4uu1	1	1	41	11	0	No-Go	NGAL	0	0		1	1.0	0	0.059	0.9424222896872879	-0.06039888947074251
1idwvxzpt8dvsgsfthnl4uu1	1	1	46	12	0	No-Go	NGAL	0	0		1	0.0	1	0.0776	0.9202883949999754	-0.08610374594132636
1idwvxzpt8dvsgsfthnl4uu1	1	1	49	13	0	No-Go	NGAL	0	0		1	0.0	1	0.0512	0.9488626221948234	-0.05325950592524705
1idwvxzpt8dvsgsfthnl4uu1	1	1	54	14	0	No-Go	NGAL	0	0		1	0.0	1	0.0334	0.9642548197917071	-0.03681998991480807
1idwvxzpt8dvsgsfthnl4uu1	1	1	60	15	0	No-Go	NGAL	0	0		1	0.0	1	0.0261	0.9738011656699412	-0.026802478352123134
1idwvxzpt8dvsgsfthnl4uu1	1	1	62	16	0	No-Go	NGAL	0	0		1	1.0	0	0.021	0.9801407691515256	-0.020218326097793927
1idwvxzpt8dvsgsfthnl4uu1	1	1	68	17	0	No-Go	NGAL	0	0		1	0.0	1	0.0292	0.9684445157987942	-0.03289868157101527
1idwvxzpt8dvsgsfthnl4uu1	1	1	71	18	0	No-Go	NGAL	0	0		1	0.0	1	0.0212	0.9787551453180368	-0.02168664596540427
1idwvxzpt8dvsgsfthnl4uu1	1	1	75	19	0	No-Go	NGAL	0	0		1	0.0	1	0.0175	0.9842628697033208	-0.015971283331712785
1idwvxzpt8dvsgsfthnl4uu1	1	1	80	20	0	No-Go	NGAL	0	0		1	0.0	1	0.0119	0.9877339626352812	-0.01241092855119002
1idwvxzpt8dvsgsfthnl4uu1	1	1	82	21	0	No-Go	NGAL	0	0		1	0.0	1	0.0095	0.9901005015784095	-0.009997060689380022
1idwvxzpt8dvsgsfthnl4uu1	1	1	86	22	0	No-Go	NGAL	0	0		1	0.0	1	0.0092	0.9917886059434168	-0.008281307959011285
1idwvxzpt8dvsgsfthnl4uu1	1	1	89	23	0	No-Go	NGAL	0	0		1	0.0	1	0.0081	0.9930297930452296	-0.007023008548906931
1idwvxzpt8dvsgsfthnl4uu1	1	1	96	24	0	No-Go	NGAL	0	0		1	1.0	0	0.0061	0.993963197805206	-0.006078568678593353
1idwvxzpt8dvsgsfthnl4uu1	1	1	100	25	0	No-Go	NGAL	0	0		1	0.0	1	0.013	0.9870102434659744	-0.013501280968517772
1idwvxzpt8dvsgsfthnl4uu1	1	1	101	26	0	No-Go	NGAL	0	0		1	0.0	1	0.0079	0.991122384498314	-0.009019664178740346
1idwvxzpt8dvsgsfthnl4uu1	1	1	108	27	0	No-Go	NGAL	0	0		1	0.0	1	0.0063	0.9930622537943836	-0.0070137114729084266
1idwvxzpt8dvsgsfthnl4uu1	1	1	111	28	0	No-Go	NGAL	0	0		1	0.0	1	0.0063	0.9942220402140519	-0.005829286886777932
1idwvxzpt8dvsgsfthnl4uu1	1	1	115	29	0	No-Go	NGAL	0	0		1	1.0	0	0.0054	0.9949999750624953	-0.005039035826277364
1idwvxzpt8dvsgsfthnl4uu1	1	1	119	30	0	No-Go	NGAL	0	0		1	0.0	1	0.0119	0.9870771178741499	-0.013656909257482471
1idwvxzpt8dvsgsfthnl4uu1	1	1	3	1	0	Go	GAL	1	1	0.622	1	0.0	1	0.6244	0.6233580592844536	-0.480762804952692
1idwvxzpt8dvsgsfthnl4uu1	1	1	8	2	0	Go	GAL	1	1	0.526	1	0.0	1	0.7593	0.7613906767296572	-0.2790714593432604
1idwvxzpt8dvsgsfthnl4uu1	1	1	12	3	0	Go	GAL	1	1	0.431	1	0.0	1	0.8451	0.8461778560827921	-0.17140515692406802
1idwvxzpt8dvsgsfthnl4uu1	1	1	14	4	0	Go	GAL	1	1	0.456	1	0.0	1	0.8937	0.8983756842743833	-0.10968033909368274
1idwvxzpt8dvsgsfthnl4uu1	1	1	18	5	0	Go	GAL	1	1	0.481	1	1.0	0	0.9338	0.9311099347410265	-0.07274569121534787
1idwvxzpt8dvsgsfthnl4uu1	1	1	22	6	0	Go	GAL	1	0		0	0.0	0	0.8501	0.1500942816288861	-1.978318588455747
1idwvxzpt8dvsgsfthnl4uu1	1	1	26	7	0	Go	GAL	1	1	0.616	1	0.0	1	0.8799	0.8752791772351287	-0.1354261385869309
1idwvxzpt8dvsgsfthnl4uu1	1	1	31	8	0	Go	GAL	1	1	0.501	1	1.0	0	0.9212	0.9201532407710167	-0.08467644771511353
1idwvxzpt8dvsgsfthnl4uu1	1	1	36	9	0	Go	GAL	1	0		0	0.0	0	0.8395	0.16375018449338308	-1.876166148996746
1idwvxzpt8dvsgsfthnl4uu1	1	1	39	10	0	Go	GAL	1	1	0.423	1	0.0	1	0.8593	0.8583333232634012	-0.15550825620648928
1idwvxzpt8dvsgsfthnl4uu1	1	1	44	11	0	Go	GAL	1	1	0.558	1	0.0	1	0.9111	0.9119609430251021	-0.09397269520429043
1idwvxzpt8dvsgsfthnl4uu1	1	1	45	12	0	Go	GAL	1	1	0.668	1	0.0	1	0.9407	0.942231340233383	-0.06055520347903955
1idwvxzpt8dvsgsfthnl4uu1	1	1	50	13	0	Go	GAL	1	1	0.411	1	0.0	1	0.9616	0.9606703662522137	-0.04071087613870212
1idwvxzpt8dvsgsfthnl4uu1	1	1	55	14	0	Go	GAL	1	1	0.494	1	0.0	1	0.9727	0.9723914071936819	-0.028325709077352264
1idwvxzpt8dvsgsfthnl4uu1	1	1	57	15	0	Go	GAL	1	1	0.426	1	1.0	0	0.9815	0.9800785453267019	-0.020310114083185598
1idwvxzpt8dvsgsfthnl4uu1	1	1	61	16	0	Go	GAL	1	1	0.41	1	1.0	0	0.9529	0.9533998950055724	-0.048175849672730926
1idwvxzpt8dvsgsfthnl4uu1	1	1	65	17	0	Go	GAL	1	1	0.465	1	0.0	1	0.8975	0.8951367635789377	-0.1133413962550125
1idwvxzpt8dvsgsfthnl4uu1	1	1	69	18	0	Go	GAL	1	1	0.388	1	0.0	1	0.9372	0.9389801407315441	-0.06367045397189798
1idwvxzpt8dvsgsfthnl4uu1	1	1	74	19	0	Go	GAL	1	1	0.508	1	0.0	1	0.9566	0.9606255318740688	-0.04056017140513256
1idwvxzpt8dvsgsfthnl4uu1	1	1	79	20	0	Go	GAL	1	1	0.478	1	0.0	1	0.9728	0.9730916546646525	-0.027503228158727314
1idwvxzpt8dvsgsfthnl4uu1	1	1	81	21	0	Go	GAL	1	1	0.516	1	0.0	1	0.9808	0.9808502349596329	-0.019469715812099837
1idwvxzpt8dvsgsfthnl4uu1	1	1	87	22	0	Go	GAL	1	1	0.49	1	1.0	0	0.9869	0.9859176489063297	-0.01426410981709796
1idwvxzpt8dvsgsfthnl4uu1	1	1	91	23	0	Go	GAL	1	1	0.483	1	0.0	1	0.9633	0.9637714142434337	-0.037257131451310876
1idwvxzpt8dvsgsfthnl4uu1	1	1	93	24	0	Go	GAL	1	1	0.504	1	0.0	1	0.9758	0.9762321022901423	-0.02422402321901175
1idwvxzpt8dvsgsfthnl4uu1	1	1	97	25	0	Go	GAL	1	1	0.509	1	0.0	1	0.9844	0.9832927450106071	-0.01694651394590379
1idwvxzpt8dvsgsfthnl4uu1	1	1	102	26	0	Go	GAL	1	1	0.474	1	0.0	1	0.986	0.9877276002283067	-0.012408852221967071
1idwvxzpt8dvsgsfthnl4uu1	1	1	106	27	0	Go	GAL	1	1	0.551	1	0.0	1	0.9912	0.9906752620980791	-0.009407443466721654
1idwvxzpt8dvsgsfthnl4uu1	1	1	109	28	0	Go	GAL	1	1	0.48	1	0.0	1	0.9929	0.99271081423154	-0.007341965131266979
1idwvxzpt8dvsgsfthnl4uu1	1	1	116	29	0	Go	GAL	1	1	0.449	1	0.0	1	0.9936	0.9941578516990296	-0.0058774439288611395
1idwvxzpt8dvsgsfthnl4uu1	1	1	118	30	0	Go	GAL	1	1	0.44	1	1.0	0	0.9955	0.9952110047659706	-0.004813660506283703
1idwvxzpt8dvsgsfthnl4uu1	1	1	4	1	1	No-Go	NGW	0	1	0.336	0	0.0	0	0.7654	0.7628125499415013	-0.28949871894404183
1idwvxzpt8dvsgsfthnl4uu1	1	1	6	2	1	No-Go	NGW	0	1	0.44	0	0.0	0	0.631	0.6326907208000054	-0.4849909300334833
1idwvxzpt8dvsgsfthnl4uu1	1	1	10	3	1	No-Go	NGW	0	1	0.549	0	1.0	1	0.4993	0.49544180156474377	-0.745564469308193
1idwvxzpt8dvsgsfthnl4uu1	1	1	16	4	1	No-Go	NGW	0	1	0.435	0	0.0	0	0.9161	0.9187645329068511	-0.08769017844793167
1idwvxzpt8dvsgsfthnl4uu1	1	1	19	5	1	No-Go	NGW	0	1	0.479	0	0.0	0	0.8345	0.8399031479453937	-0.18707986873557375
1idwvxzpt8dvsgsfthnl4uu1	1	1	21	6	1	No-Go	NGW	0	1	0.388	0	0.0	0	0.7371	0.7338798176992682	-0.35205381068465974
1idwvxzpt8dvsgsfthnl4uu1	1	1	28	7	1	No-Go	NGW	0	1	0.444	0	0.0	0	0.6155	0.6174520864493735	-0.5736045256457434
1idwvxzpt8dvsgsfthnl4uu1	1	1	29	8	1	No-Go	NGW	0	1	0.429	0	0.0	0	0.5038	0.5025523157102518	-0.8300747446688213
1idwvxzpt8dvsgsfthnl4uu1	1	1	34	9	1	No-Go	NGW	0	0		1	0.0	1	0.3891	0.6025703959236838	-0.5807638020823852
1idwvxzpt8dvsgsfthnl4uu1	1	1	37	10	1	No-Go	NGW	0	0		1	1.0	0	0.2855	0.7261153962264579	-0.3688797917140355
1idwvxzpt8dvsgsfthnl4uu1	1	1	43	11	1	No-Go	NGW	0	1	0.605	0	0.0	0	0.4194	0.4161270363630352	-1.004765949677109
1idwvxzpt8dvsgsfthnl4uu1	1	1	47	12	1	No-Go	NGW	0	0		1	1.0	0	0.3254	0.6760748252672771	-0.42812527103683157
1idwvxzpt8dvsgsfthnl4uu1	1	1	51	13	1	No-Go	NGW	0	1	0.464	0	0.0	0	0.4743	0.469600101656707	-0.8139124065084622
1idwvxzpt8dvsgsfthnl4uu1	1	1	53	14	1	No-Go	NGW	0	1	1.116	0	0.0	0	0.3865	0.38101847527362975	-1.0393069508440778
1idwvxzpt8dvsgsfthnl4uu1	1	1	58	15	1	No-Go	NGW	0	0		1	0.0	1	0.3102	0.6932622480839882	-0.38781643928614556
1idwvxzpt8dvsgsfthnl4uu1	1	1	63	16	1	No-Go	NGW	0	1	0.34	0	0.0	0	0.1692	0.17556651137590876	-1.9558167095180408
1idwvxzpt8dvsgsfthnl4uu1	1	1	67	17	1	No-Go	NGW	0	0		1	1.0	0	0.1373	0.8656376048498045	-0.1496853658141043
1idwvxzpt8dvsgsfthnl4uu1	1	1	70	18	1	No-Go	NGW	0	0		1	0.0	1	0.224	0.7714157931376143	-0.27067829585901193
1idwvxzpt8dvsgsfthnl4uu1	1	1	73	19	1	No-Go	NGW	0	0		1	0.0	1	0.1189	0.8728575572002535	-0.14151872330501153
1idwvxzpt8dvsgsfthnl4uu1	1	1	78	20	1	No-Go	NGW	0	0		1	0.0	1	0.0772	0.9233825977583922	-0.08281705899898785
1idwvxzpt8dvsgsfthnl4uu1	1	1	84	21	1	No-Go	NGW	0	0		1	0.0	1	0.0502	0.9515066260595253	-0.05131475199472234
1idwvxzpt8dvsgsfthnl4uu1	1	1	88	22	1	No-Go	NGW	0	1	0.528	0	0.0	0	0.0359	0.03180985206619978	-4.232852137340574
1idwvxzpt8dvsgsfthnl4uu1	1	1	90	23	1	No-Go	NGW	0	0		1	0.0	1	0.0228	0.9765360214020555	-0.024169922451211502
1idwvxzpt8dvsgsfthnl4uu1	1	1	94	24	1	No-Go	NGW	0	0		1	1.0	0	0.0147	0.9841732741930355	-0.016174183467063258
1idwvxzpt8dvsgsfthnl4uu1	1	1	98	25	1	No-Go	NGW	0	1	0.332	0	0.0	0	0.0372	0.03496993565008143	-3.7575208179259683
1idwvxzpt8dvsgsfthnl4uu1	1	1	104	26	1	No-Go	NGW	0	0		1	0.0	1	0.0279	0.9723570126719987	-0.02856115562823176
1idwvxzpt8dvsgsfthnl4uu1	1	1	107	27	1	No-Go	NGW	0	0		1	1.0	0	0.0179	0.9835222172670542	-0.01677035552419182
1idwvxzpt8dvsgsfthnl4uu1	1	1	110	28	1	No-Go	NGW	0	0		1	0.0	1	0.0432	0.9597051853343822	-0.042937515340886245
1idwvxzpt8dvsgsfthnl4uu1	1	1	114	29	1	No-Go	NGW	0	0		1	0.0	1	0.024	0.9785621224190832	-0.021904160864407003
1idwvxzpt8dvsgsfthnl4uu1	1	1	120	30	1	No-Go	NGW	0	0		1	0.0	1	0.0149	0.986732983916676	-0.013454005050909658
1idwvxzpt8dvsgsfthnl4uu1	1	2	123	1	1	No-Go	NGW	0	1	0.76	0	0.0	0	0.7627	0.7628125499415013	-0.28949871894404183
1idwvxzpt8dvsgsfthnl4uu1	1	2	127	2	1	No-Go	NGW	0	0		1	0.0	1	0.636	0.36730927919999456	-1.0779203071169123
1idwvxzpt8dvsgsfthnl4uu1	1	2	132	3	1	No-Go	NGW	0	0		1	1.0	0	0.4621	0.5273288253778565	-0.6817091985470543
1idwvxzpt8dvsgsfthnl4uu1	1	2	136	4	1	No-Go	NGW	0	0		1	0.0	1	0.6545	0.3472711403008442	-1.1543255907088081
1idwvxzpt8dvsgsfthnl4uu1	1	2	139	5	1	No-Go	NGW	0	0		1	0.0	1	0.4872	0.5093284317430554	-0.7164901403333255
1idwvxzpt8dvsgsfthnl4uu1	1	2	144	6	1	No-Go	NGW	0	0		1	0.0	1	0.3611	0.6476968677215484	-0.4599963805571875
1idwvxzpt8dvsgsfthnl4uu1	1	2	146	7	1	No-Go	NGW	0	0		1	0.0	1	0.2436	0.7502453910749104	-0.30235996750350436
1idwvxzpt8dvsgsfthnl4uu1	1	2	152	8	1	No-Go	NGW	0	0		1	0.0	1	0.1863	0.8225388596234549	-0.20371645212335976
1idwvxzpt8dvsgsfthnl4uu1	1	2	153	9	1	No-Go	NGW	0	0		1	0.0	1	0.1281	0.8724826434502325	-0.1409902038877177
1idwvxzpt8dvsgsfthnl4uu1	1	2	159	10	1	No-Go	NGW	0	0		1	1.0	0	0.0958	0.90679242131186	-0.10036899798281385
1idwvxzpt8dvsgsfthnl4uu1	1	2	163	11	1	No-Go	NGW	0	0		1	0.0	1	0.2145	0.7808582037998555	-0.26312969835279926
1idwvxzpt8dvsgsfthnl4uu1	1	2	167	12	1	No-Go	NGW	0	0		1	1.0	0	0.1463	0.8526059840042449	-0.1643485431881019
1idwvxzpt8dvsgsfthnl4uu1	1	2	170	13	1	No-Go	NGW	0	0		1	0.0	1	0.3121	0.6913760083536505	-0.4367285355573408
1idwvxzpt8dvsgsfthnl4uu1	1	2	173	14	1	No-Go	NGW	0	0		1	0.0	1	0.2082	0.7955111079324415	-0.24213311888052955
1idwvxzpt8dvsgsfthnl4uu1	1	2	179	15	1	No-Go	NGW	0	0		1	0.0	1	0.1403	0.8620272223336107	-0.15329346714415365
1idwvxzpt8dvsgsfthnl4uu1	1	2	184	16	1	No-Go	NGW	0	0		1	0.0	1	0.0975	0.903206954444784	-0.10419424788190561
1idwvxzpt8dvsgsfthnl4uu1	1	2	187	17	1	No-Go	NGW	0	0		1	1.0	0	0.0703	0.9295444844254822	-0.07442754213455093
1idwvxzpt8dvsgsfthnl4uu1	1	2	192	18	1	No-Go	NGW	0	0		1	0.0	1	0.1902	0.8133320596272865	-0.23495787680412328
1idwvxzpt8dvsgsfthnl4uu1	1	2	193	19	1	No-Go	NGW	0	1	0.354	0	0.0	0	0.1222	0.12245580858419666	-2.436215680908512
1idwvxzpt8dvsgsfthnl4uu1	1	2	200	20	1	No-Go	NGW	0	0		1	0.0	1	0.0703	0.9284620482656419	-0.07609557588959012
1idwvxzpt8dvsgsfthnl4uu1	1	2	204	21	1	No-Go	NGW	0	0		1	0.0	1	0.0487	0.9512309895209435	-0.05082102994724267
1idwvxzpt8dvsgsfthnl4uu1	1	2	205	22	1	No-Go	NGW	0	0		1	0.0	1	0.0381	0.9648726210829229	-0.036210222797090894
1idwvxzpt8dvsgsfthnl4uu1	1	2	209	23	1	No-Go	NGW	0	0		1	0.0	1	0.0253	0.9736161426453415	-0.02701526591739916
1idwvxzpt8dvsgsfthnl4uu1	1	2	214	24	1	No-Go	NGW	0	1	0.31	0	1.0	1	0.0191	0.020515911166369243	-4.31343684431949
1idwvxzpt8dvsgsfthnl4uu1	1	2	219	25	1	No-Go	NGW	0	0		1	0.0	1	0.2136	0.7881696212010946	-0.25890369843055683
1idwvxzpt8dvsgsfthnl4uu1	1	2	221	26	1	No-Go	NGW	0	0		1	0.0	1	0.1796	0.8236436655421158	-0.2091411399976021
1idwvxzpt8dvsgsfthnl4uu1	1	2	226	27	1	No-Go	NGW	0	0		1	1.0	0	0.1485	0.8512217287859843	-0.1724970240316259
1idwvxzpt8dvsgsfthnl4uu1	1	2	231	28	1	No-Go	NGW	0	0		1	0.0	1	0.345	0.6537494967759627	-0.5728950121401453
1idwvxzpt8dvsgsfthnl4uu1	1	2	236	29	1	No-Go	NGW	0	0		1	0.0	1	0.272	0.7254410970494081	-0.3819736635844702
1idwvxzpt8dvsgsfthnl4uu1	1	2	240	30	1	No-Go	NGW	0	0		1	0.0	1	0.2146	0.7806774554140483	-0.280736121794115
1idwvxzpt8dvsgsfthnl4uu1	1	2	122	1	0	Go	GAL	1	0		0	0.0	0	0.6144	0.3766419407155464	-0.9986018331536392
1idwvxzpt8dvsgsfthnl4uu1	1	2	128	2	0	Go	GAL	1	1	0.571	1	0.0	1	0.6711	0.6714881605216522	-0.4109343582509557
1idwvxzpt8dvsgsfthnl4uu1	1	2	129	3	0	Go	GAL	1	1	0.55	1	0.0	1	0.7994	0.7904428274314456	-0.24460202666147343
1idwvxzpt8dvsgsfthnl4uu1	1	2	134	4	0	Go	GAL	1	1	0.39	1	0.0	1	0.8666	0.8638274957760524	-0.15177233241470542
1idwvxzpt8dvsgsfthnl4uu1	1	2	138	5	0	Go	GAL	1	1	0.487	1	1.0	0	0.9096	0.9097098955134703	-0.09749479610404282
1idwvxzpt8dvsgsfthnl4uu1	1	2	142	6	0	Go	GAL	1	1	0.46	1	0.0	1	0.8239	0.8263275202593621	-0.19464251555264842
1idwvxzpt8dvsgsfthnl4uu1	1	2	147	7	0	Go	GAL	1	1	0.461	1	0.0	1	0.892	0.8900121409078231	-0.11919924357475063
1idwvxzpt8dvsgsfthnl4uu1	1	2	150	8	0	Go	GAL	1	1	0.457	1	1.0	0	0.9253	0.9274576644747334	-0.07685551093406726
1idwvxzpt8dvsgsfthnl4uu1	1	2	156	9	0	Go	GAL	1	1	0.308	1	0.0	1	0.8555	0.851748810014969	-0.16266747105861845
1idwvxzpt8dvsgsfthnl4uu1	1	2	160	10	0	Go	GAL	1	1	0.462	1	0.0	1	0.9089	0.9077680884201327	-0.09828860379384548
1idwvxzpt8dvsgsfthnl4uu1	1	2	164	11	0	Go	GAL	1	1	0.489	1	0.0	1	0.9386	0.9393488566829806	-0.06349653198566861
1idwvxzpt8dvsgsfthnl4uu1	1	2	166	12	0	Go	GAL	1	1	0.555	1	0.0	1	0.9605	0.9585508564224227	-0.04286584942006269
1idwvxzpt8dvsgsfthnl4uu1	1	2	172	13	0	Go	GAL	1	1	0.521	1	0.0	1	0.9708	0.9707544596912774	-0.029985523636554087
1idwvxzpt8dvsgsfthnl4uu1	1	2	176	14	0	Go	GAL	1	1	0.448	1	0.0	1	0.9781	0.9787645179429612	-0.021639576276799022
1idwvxzpt8dvsgsfthnl4uu1	1	2	178	15	0	Go	GAL	1	1	0.408	1	1.0	0	0.983	0.9841636252909833	-0.01606680440342848
1idwvxzpt8dvsgsfthnl4uu1	1	2	182	16	0	Go	GAL	1	1	0.424	1	1.0	0	0.9546	0.9583834035745312	-0.04294551161918159
1idwvxzpt8dvsgsfthnl4uu1	1	2	185	17	0	Go	GAL	1	1	0.448	1	0.0	1	0.8949	0.8968181323522362	-0.11534623816593254
1idwvxzpt8dvsgsfthnl4uu1	1	2	190	18	0	Go	GAL	1	1	0.396	1	0.0	1	0.9434	0.9423840345777218	-0.060080510719552394
1idwvxzpt8dvsgsfthnl4uu1	1	2	194	19	0	Go	GAL	1	1	0.484	1	0.0	1	0.963	0.963357503341939	-0.03762530655438174
1idwvxzpt8dvsgsfthnl4uu1	1	2	197	20	0	Go	GAL	1	1	0.45	1	0.0	1	0.9766	0.974920901291339	-0.025561907276374522
1idwvxzpt8dvsgsfthnl4uu1	1	2	202	21	0	Go	GAL	1	1	0.39	1	0.0	1	0.9805	0.9819816789849847	-0.018280901446960877
1idwvxzpt8dvsgsfthnl4uu1	1	2	207	22	0	Go	GAL	1	1	0.331	1	1.0	0	0.9875	0.9865630227526075	-0.013590127971120443
1idwvxzpt8dvsgsfthnl4uu1	1	2	210	23	0	Go	GAL	1	1	0.421	1	0.0	1	0.9627	0.9609562418932539	-0.04048903752980625
1idwvxzpt8dvsgsfthnl4uu1	1	2	213	24	0	Go	GAL	1	1	0.378	1	0.0	1	0.9742	0.9752074679103231	-0.02530596719186144
1idwvxzpt8dvsgsfthnl4uu1	1	2	217	25	0	Go	GAL	1	1	0.408	1	0.0	1	0.9828	0.9827366024814972	-0.01751569503100935
1idwvxzpt8dvsgsfthnl4uu1	1	2	224	26	0	Go	GAL	1	1	0.407	1	0.0	1	0.9876	0.9872997835671322	-0.012842197278479843
1idwvxzpt8dvsgsfthnl4uu1	1	2	228	27	0	Go	GAL	1	1	0.556	1	0.0	1	0.9886	0.9902772698781337	-0.009809709668194897
1idwvxzpt8dvsgsfthnl4uu1	1	2	230	28	0	Go	GAL	1	1	0.432	1	0.0	1	0.992	0.9923140945102841	-0.00774280192833098
1idwvxzpt8dvsgsfthnl4uu1	1	2	235	29	0	Go	GAL	1	1	0.354	1	0.0	1	0.9926	0.9937556361710514	-0.006283740996097247
1idwvxzpt8dvsgsfthnl4uu1	1	2	239	30	0	Go	GAL	1	1	0.438	1	1.0	0	0.9949	0.99480318993667	-0.005225486651408717
1idwvxzpt8dvsgsfthnl4uu1	1	2	121	1	0	No-Go	NGAL	0	1	0.344	0	1.0	1	0.6207	0.6233580592844536	-0.480762804952692
1idwvxzpt8dvsgsfthnl4uu1	1	2	126	2	0	No-Go	NGAL	0	1	0.456	0	0.0	0	0.7506	0.7613906767296572	-0.2790714593432604
1idwvxzpt8dvsgsfthnl4uu1	1	2	131	3	0	No-Go	NGAL	0	0		1	0.0	1	0.6067	0.39934859191992095	-0.9424638080352384
1idwvxzpt8dvsgsfthnl4uu1	1	2	135	4	0	No-Go	NGAL	0	0		1	0.0	1	0.4349	0.5622573659960708	-0.6036613894109054
1idwvxzpt8dvsgsfthnl4uu1	1	2	137	5	0	No-Go	NGAL	0	0		1	0.0	1	0.3113	0.6883944754425397	-0.39392660017705855
1idwvxzpt8dvsgsfthnl4uu1	1	2	141	6	0	No-Go	NGAL	0	0		1	0.0	1	0.2147	0.7795373687339812	-0.26161247043983377
1idwvxzpt8dvsgsfthnl4uu1	1	2	148	7	0	No-Go	NGAL	0	0		1	0.0	1	0.1635	0.8434606230050816	-0.17740124919556685
1idwvxzpt8dvsgsfthnl4uu1	1	2	149	8	0	No-Go	NGAL	0	0		1	0.0	1	0.1147	0.8876545240924747	-0.12316023167482339
1idwvxzpt8dvsgsfthnl4uu1	1	2	155	9	0	No-Go	NGAL	0	0		1	1.0	0	0.0802	0.9181007182217567	-0.08766945725379982
1idwvxzpt8dvsgsfthnl4uu1	1	2	158	10	0	No-Go	NGAL	0	0		1	0.0	1	0.1096	0.8898488404051672	-0.1202124327385828
1idwvxzpt8dvsgsfthnl4uu1	1	2	161	11	0	No-Go	NGAL	0	0		1	1.0	0	0.0773	0.9239653785701164	-0.08031678694686162
1idwvxzpt8dvsgsfthnl4uu1	1	2	165	12	0	No-Go	NGAL	0	0		1	0.0	1	0.1192	0.8846526234271854	-0.1391559569749244
1idwvxzpt8dvsgsfthnl4uu1	1	2	169	13	0	No-Go	NGAL	0	0		1	0.0	1	0.0732	0.9256344167577134	-0.07955035339373655
1idwvxzpt8dvsgsfthnl4uu1	1	2	174	14	0	No-Go	NGAL	0	0		1	0.0	1	0.0505	0.9480103967210862	-0.054190095883989535
1idwvxzpt8dvsgsfthnl4uu1	1	2	180	15	0	No-Go	NGAL	0	0		1	0.0	1	0.0381	0.9614716162051787	-0.03972454457186407
1idwvxzpt8dvsgsfthnl4uu1	1	2	181	16	0	No-Go	NGAL	0	0		1	1.0	0	0.0298	0.9702614415999399	-0.030468666799215782
1idwvxzpt8dvsgsfthnl4uu1	1	2	188	17	0	No-Go	NGAL	0	1	0.356	0	0.0	0	0.0527	0.05505954283225485	-3.588609004963235
1idwvxzpt8dvsgsfthnl4uu1	1	2	191	18	0	No-Go	NGAL	0	0		1	0.0	1	0.025	0.9727809358592644	-0.02841108222370115
1idwvxzpt8dvsgsfthnl4uu1	1	2	196	19	0	No-Go	NGAL	0	0		1	0.0	1	0.0181	0.9817787449790627	-0.01857981622488413
1idwvxzpt8dvsgsfthnl4uu1	1	2	198	20	0	No-Go	NGAL	0	0		1	0.0	1	0.0142	0.9864323382337552	-0.01375360803755977
1idwvxzpt8dvsgsfthnl4uu1	1	2	201	21	0	No-Go	NGAL	0	0		1	0.0	1	0.01	0.9893246713649072	-0.010791313636160687
1idwvxzpt8dvsgsfthnl4uu1	1	2	206	22	0	No-Go	NGAL	0	0		1	0.0	1	0.0093	0.9912879693522216	-0.008791740695731015
1idwvxzpt8dvsgsfthnl4uu1	1	2	212	23	0	No-Go	NGAL	0	0		1	0.0	1	0.0069	0.992689028551521	-0.007369559372447692
1idwvxzpt8dvsgsfthnl4uu1	1	2	215	24	0	No-Go	NGAL	0	0		1	1.0	0	0.0073	0.9937221907559431	-0.006323242856704362
1idwvxzpt8dvsgsfthnl4uu1	1	2	218	25	0	No-Go	NGAL	0	0		1	0.0	1	0.0131	0.9863588326754571	-0.014212108018838848
1idwvxzpt8dvsgsfthnl4uu1	1	2	223	26	0	No-Go	NGAL	0	0		1	0.0	1	0.008	0.9907851777637577	-0.00937041875055847
1idwvxzpt8dvsgsfthnl4uu1	1	2	225	27	0	No-Go	NGAL	0	0		1	0.0	1	0.0085	0.992856949938903	-0.007224400559013556
1idwvxzpt8dvsgsfthnl4uu1	1	2	232	28	0	No-Go	NGAL	0	0		1	0.0	1	0.007	0.9940850638896936	-0.005969001730926453
1idwvxzpt8dvsgsfthnl4uu1	1	2	234	29	0	No-Go	NGAL	0	0		1	1.0	0	0.0053	0.9949032105518949	-0.0051373968670032
1idwvxzpt8dvsgsfthnl4uu1	1	2	238	30	0	No-Go	NGAL	0	0		1	0.0	1	0.0129	0.9868559436126754	-0.013895938642231176
1idwvxzpt8dvsgsfthnl4uu1	1	2	124	1	1	Go	GW	1	1	0.344	1	0.0	1	0.7624	0.7628125499415013	-0.28949871894404183
1idwvxzpt8dvsgsfthnl4uu1	1	2	125	2	1	Go	GW	1	1	0.536	1	1.0	0	0.9657	0.9637116979042144	-0.037549275133139104
1idwvxzpt8dvsgsfthnl4uu1	1	2	130	3	1	Go	GW	1	1	0.512	1	0.0	1	0.9074	0.9169334464119886	-0.08944114999040237
1idwvxzpt8dvsgsfthnl4uu1	1	2	133	4	1	Go	GW	1	1	0.321	1	0.0	1	0.9788	0.9802377011123834	-0.020335787576972388
1idwvxzpt8dvsgsfthnl4uu1	1	2	140	5	1	Go	GW	1	1	0.31	1	0.0	1	0.9926	0.9924928116311817	-0.007624186160160863
1idwvxzpt8dvsgsfthnl4uu1	1	2	143	6	1	Go	GW	1	1	0.429	1	1.0	0	0.9966	0.9961722548569389	-0.0038644132960793777
1idwvxzpt8dvsgsfthnl4uu1	1	2	145	7	1	Go	GW	1	1	0.422	1	0.0	1	0.9856	0.9848173815405328	-0.015855791431693918
1idwvxzpt8dvsgsfthnl4uu1	1	2	151	8	1	Go	GW	1	1	0.359	1	0.0	1	0.9954	0.9940954495506065	-0.006001516732589581
1idwvxzpt8dvsgsfthnl4uu1	1	2	154	9	1	Go	GW	1	1	0.355	1	0.0	1	0.9985	0.9968122285697213	-0.003217774719391651
1idwvxzpt8dvsgsfthnl4uu1	1	2	157	10	1	Go	GW	1	1	0.361	1	0.0	1	0.9981	0.9979040560674112	-0.0021092713241700647
1idwvxzpt8dvsgsfthnl4uu1	1	2	162	11	1	Go	GW	1	1	0.413	1	0.0	1	0.9982	0.9984264238674586	-0.001581167645642108
1idwvxzpt8dvsgsfthnl4uu1	1	2	168	12	1	Go	GW	1	1	0.431	1	0.0	1	0.9981	0.9987055352683305	-0.001299675986364863
1idwvxzpt8dvsgsfthnl4uu1	1	2	171	13	1	Go	GW	1	1	0.362	1	0.0	1	0.9984	0.998866475265836	-0.0011376158849377774
1idwvxzpt8dvsgsfthnl4uu1	1	2	175	14	1	Go	GW	1	1	0.329	1	1.0	0	0.999	0.9989645941199856	-0.0010389197905128881
1idwvxzpt8dvsgsfthnl4uu1	1	2	177	15	1	Go	GW	1	1	0.568	1	0.0	1	0.993	0.9935510965092873	-0.006669892718623538
1idwvxzpt8dvsgsfthnl4uu1	1	2	183	16	1	Go	GW	1	1	0.39	1	1.0	0	0.9966	0.9970962402175783	-0.0029346589280197406
1idwvxzpt8dvsgsfthnl4uu1	1	2	186	17	1	Go	GW	1	1	0.458	1	0.0	1	0.9849	0.9853657512871056	-0.01579886731926929
1idwvxzpt8dvsgsfthnl4uu1	1	2	189	18	1	Go	GW	1	1	0.437	1	0.0	1	0.993	0.9950337042100539	-0.005059333446152423
1idwvxzpt8dvsgsfthnl4uu1	1	2	195	19	1	Go	GW	1	1	0.337	1	0.0	1	0.9978	0.9973525326673714	-0.002671736807387372
1idwvxzpt8dvsgsfthnl4uu1	1	2	199	20	1	Go	GW	1	1	0.308	1	0.0	1	0.9981	0.9982111271729642	-0.0017995931152973584
1idwvxzpt8dvsgsfthnl4uu1	1	2	203	21	1	Go	GW	1	1	0.335	1	0.0	1	0.9989	0.9986094443607906	-0.0013969714060695433
1idwvxzpt8dvsgsfthnl4uu1	1	2	208	22	1	Go	GW	1	1	0.322	1	0.0	1	0.9988	0.998820136081454	-0.0011845152059863416
1idwvxzpt8dvsgsfthnl4uu1	1	2	211	23	1	Go	GW	1	1	0.448	1	0.0	1	0.9989	0.9989413723948972	-0.001062435504721173
1idwvxzpt8dvsgsfthnl4uu1	1	2	216	24	1	Go	GW	1	1	0.412	1	1.0	0	0.9994	0.9990153256288904	-0.0009880365699995715
1idwvxzpt8dvsgsfthnl4uu1	1	2	220	25	1	Go	GW	1	1	0.28	1	0.0	1	0.9944	0.993669192005587	-0.006552812800394335
1idwvxzpt8dvsgsfthnl4uu1	1	2	222	26	1	Go	GW	1	1	0.428	1	1.0	0	0.9979	0.9971708626949234	-0.0028596970917814176
1idwvxzpt8dvsgsfthnl4uu1	1	2	227	27	1	Go	GW	1	1	0.421	1	0.0	1	0.9846	0.9855407626581849	-0.01562648114404341
1idwvxzpt8dvsgsfthnl4uu1	1	2	229	28	1	Go	GW	1	1	0.489	1	0.0	1	0.9954	0.9951300960779789	-0.004961998552333754
1idwvxzpt8dvsgsfthnl4uu1	1	2	233	29	1	Go	GW	1	1	0.39	1	0.0	1	0.9979	0.9974082663420081	-0.002615542823498528
1idwvxzpt8dvsgsfthnl4uu1	1	2	237	30	1	Go	GW	1	1	0.295	1	0.0	1	0.9975	0.9982453902555775	-0.0017651158167459678
1pvf4ir8v21v5wrnei5xl1zq	1	2	124	1	1	Go	GW	1	1	0.433	1	1.0	0	0.506	0.5008739107538804	-0.7232580216903374
1pvf4ir8v21v5wrnei5xl1zq	1	2	126	2	1	Go	GW	1	0		0	0.0	0	0.2431	0.7536092069395015	-0.2904989470936875
1pvf4ir8v21v5wrnei5xl1zq	1	2	129	3	1	Go	GW	1	0		0	0.0	0	0.4943	0.4991260892461195	-0.7255080718555796
1pvf4ir8v21v5wrnei5xl1zq	1	2	135	4	1	Go	GW	1	1	0.305	1	0.0	1	0.6509	0.6428291214759098	-0.4587408860082415
1pvf4ir8v21v5wrnei5xl1zq	1	2	138	5	1	Go	GW	1	1	0.326	1	0.0	1	0.9548	0.9559644223378416	-0.047556205133811626
1pvf4ir8v21v5wrnei5xl1zq	1	2	143	6	1	Go	GW	1	1	0.35	1	0.0	1	0.9752	0.9758613952794157	-0.025400418367384603
1pvf4ir8v21v5wrnei5xl1zq	1	2	145	7	1	Go	GW	1	1	0.558	1	0.0	1	0.9809	0.9805882227388812	-0.020096649830439323
1pvf4ir8v21v5wrnei5xl1zq	1	2	152	8	1	Go	GW	1	1	0.313	1	0.0	1	0.9816	0.982385700012288	-0.01806466271361131
1pvf4ir8v21v5wrnei5xl1zq	1	2	154	9	1	Go	GW	1	1	0.299	1	0.0	1	0.9824	0.9832663724919335	-0.017071573413486307
1pvf4ir8v21v5wrnei5xl1zq	1	2	159	10	1	Go	GW	1	1	0.319	1	1.0	0	0.9819	0.9837701432097988	-0.016509204439580483
1pvf4ir8v21v5wrnei5xl1zq	1	2	162	11	1	Go	GW	1	1	0.393	1	0.0	1	0.8741	0.8727070515710041	-0.13961303513253825
1pvf4ir8v21v5wrnei5xl1zq	1	2	165	12	1	Go	GW	1	1	0.322	1	0.0	1	0.9721	0.9734832424321483	-0.02716608913945911
1pvf4ir8v21v5wrnei5xl1zq	1	2	172	13	1	Go	GW	1	1	0.394	1	0.0	1	0.9824	0.9813586459942457	-0.01898038484232677
1pvf4ir8v21v5wrnei5xl1zq	1	2	176	14	1	Go	GW	1	1	0.288	1	1.0	0	0.9834	0.9832881228486633	-0.016975559215333596
1pvf4ir8v21v5wrnei5xl1zq	1	2	177	15	1	Go	GW	1	1	0.325	1	0.0	1	0.8685	0.8704474053470236	-0.14215123903055077
1pvf4ir8v21v5wrnei5xl1zq	1	2	181	16	1	Go	GW	1	1	0.483	1	1.0	0	0.9721	0.9733529874913953	-0.02727952911395999
1pvf4ir8v21v5wrnei5xl1zq	1	2	185	17	1	Go	GW	1	1	0.334	1	0.0	1	0.8337	0.839356933207433	-0.17900884066478664
1pvf4ir8v21v5wrnei5xl1zq	1	2	192	18	1	Go	GW	1	1	0.304	1	0.0	1	0.9727	0.9703315485537006	-0.03052509694083871
1pvf4ir8v21v5wrnei5xl1zq	1	2	193	19	1	Go	GW	1	1	0.44	1	0.0	1	0.9809	0.9805163383817702	-0.019860714829247308
1pvf4ir8v21v5wrnei5xl1zq	1	2	200	20	1	Go	GW	1	1	0.286	1	0.0	1	0.9818	0.9829734297704806	-0.017301158074397836
1pvf4ir8v21v5wrnei5xl1zq	1	2	201	21	1	Go	GW	1	1	0.417	1	0.0	1	0.9827	0.9838511798877929	-0.016386931452374267
1pvf4ir8v21v5wrnei5xl1zq	1	2	208	22	1	Go	GW	1	1	0.417	1	0.0	1	0.9834	0.9842490968002637	-0.015972589051835847
1pvf4ir8v21v5wrnei5xl1zq	1	2	209	23	1	Go	GW	1	1	0.492	1	0.0	1	0.9835	0.9844624292089804	-0.015750841061515117
1pvf4ir8v21v5wrnei5xl1zq	1	2	215	24	1	Go	GW	1	1	0.28	1	0.0	1	0.9855	0.9845913625508697	-0.01561725098648261
1pvf4ir8v21v5wrnei5xl1zq	1	2	217	25	1	Go	GW	1	1	0.346	1	1.0	0	0.986	0.9846761657540943	-0.015529743839657809
1pvf4ir8v21v5wrnei5xl1zq	1	2	224	26	1	Go	GW	1	1	0.345	1	1.0	0	0.8775	0.8744144630695979	-0.13784532749788345
1pvf4ir8v21v5wrnei5xl1zq	1	2	227	27	1	Go	GW	1	1	0.322	1	0.0	1	0.6866	0.6872911767384196	-0.3912338285715602
1pvf4ir8v21v5wrnei5xl1zq	1	2	232	28	1	Go	GW	1	1	0.383	1	0.0	1	0.963	0.9646269286095157	-0.03654333724591893
1pvf4ir8v21v5wrnei5xl1zq	1	2	236	29	1	Go	GW	1	1	0.298	1	0.0	1	0.9812	0.9797673653244634	-0.020612642239042696
1pvf4ir8v21v5wrnei5xl1zq	1	2	240	30	1	Go	GW	1	1	0.396	1	0.0	1	0.9827	0.9829343821302952	-0.017326042386125055
1pvf4ir8v21v5wrnei5xl1zq	1	2	122	1	1	No-Go	NGW	0	1	0.487	0	1.0	1	0.498	0.5008739107538804	-0.7232580216903374
1pvf4ir8v21v5wrnei5xl1zq	1	2	125	2	1	No-Go	NGW	0	1	0.36	0	0.0	0	0.8597	0.8586284905266351	-0.15883748468854514
1pvf4ir8v21v5wrnei5xl1zq	1	2	131	3	1	No-Go	NGW	0	1	0.65	0	0.0	0	0.4629	0.46704232491885195	-0.7985632878896903
1pvf4ir8v21v5wrnei5xl1zq	1	2	133	4	1	No-Go	NGW	0	0		1	0.0	1	0.2419	0.7591017984579068	-0.2847013795171714
1pvf4ir8v21v5wrnei5xl1zq	1	2	140	5	1	No-Go	NGW	0	0		1	0.0	1	0.1059	0.9008356451357664	-0.10851248165921706
1pvf4ir8v21v5wrnei5xl1zq	1	2	142	6	1	No-Go	NGW	0	0		1	0.0	1	0.0584	0.9413565048438304	-0.06225415273552908
1pvf4ir8v21v5wrnei5xl1zq	1	2	148	7	1	No-Go	NGW	0	0		1	0.0	1	0.0416	0.9572153601386685	-0.04465117582497325
1pvf4ir8v21v5wrnei5xl1zq	1	2	151	8	1	No-Go	NGW	0	0		1	0.0	1	0.0354	0.9646921056839628	-0.03647762815619671
1pvf4ir8v21v5wrnei5xl1zq	1	2	153	9	1	No-Go	NGW	0	0		1	0.0	1	0.0304	0.9686435653625558	-0.032204719598213985
1pvf4ir8v21v5wrnei5xl1zq	1	2	160	10	1	No-Go	NGW	0	0		1	1.0	0	0.0286	0.9708965350758008	-0.029790274119747592
1pvf4ir8v21v5wrnei5xl1zq	1	2	161	11	1	No-Go	NGW	0	0		1	1.0	0	0.2083	0.788692648080305	-0.2468723805474707
1pvf4ir8v21v5wrnei5xl1zq	1	2	168	12	1	No-Go	NGW	0	0		1	0.0	1	0.4534	0.5468560205619063	-0.6394782517061234
1pvf4ir8v21v5wrnei5xl1zq	1	2	170	13	1	No-Go	NGW	0	0		1	0.0	1	0.1463	0.8583059641429359	-0.1561208714679513
1pvf4ir8v21v5wrnei5xl1zq	1	2	175	14	1	No-Go	NGW	0	0		1	0.0	1	0.0706	0.9305600294640944	-0.07322055999660113
1pvf4ir8v21v5wrnei5xl1zq	1	2	179	15	1	No-Go	NGW	0	0		1	0.0	1	0.047	0.9538702740777537	-0.04783290275576674
1pvf4ir8v21v5wrnei5xl1zq	1	2	183	16	1	No-Go	NGW	0	0		1	0.0	1	0.0358	0.9636300337794788	-0.03741185044705241
1pvf4ir8v21v5wrnei5xl1zq	1	2	186	17	1	No-Go	NGW	0	0		1	0.0	1	0.0329	0.9683852644748138	-0.03238587776700065
1pvf4ir8v21v5wrnei5xl1zq	1	2	190	18	1	No-Go	NGW	0	1	0.319	0	0.0	0	0.0315	0.02906724656497132	-3.775936442097096
1pvf4ir8v21v5wrnei5xl1zq	1	2	195	19	1	No-Go	NGW	0	0		1	1.0	0	0.0162	0.9828757810255327	-0.01736196734064598
1pvf4ir8v21v5wrnei5xl1zq	1	2	199	20	1	No-Go	NGW	0	1	0.293	0	0.0	0	0.1364	0.13814657368706298	-2.212379959741737
1pvf4ir8v21v5wrnei5xl1zq	1	2	204	21	1	No-Go	NGW	0	0		1	0.0	1	0.1037	0.8903812746902801	-0.12209810815986077
1pvf4ir8v21v5wrnei5xl1zq	1	2	206	22	1	No-Go	NGW	0	0		1	0.0	1	0.0385	0.9638507055521968	-0.03712564251800767
1pvf4ir8v21v5wrnei5xl1zq	1	2	212	23	1	No-Go	NGW	0	0		1	1.0	0	0.0186	0.9787835002857018	-0.0215669975460213
1pvf4ir8v21v5wrnei5xl1zq	1	2	216	24	1	No-Go	NGW	0	0		1	0.0	1	0.1385	0.8623933085749513	-0.15482664313949648
1pvf4ir8v21v5wrnei5xl1zq	1	2	218	25	1	No-Go	NGW	0	0		1	0.0	1	0.0409	0.9577709240201399	-0.043515768351343166
1pvf4ir8v21v5wrnei5xl1zq	1	2	222	26	1	No-Go	NGW	0	0		1	0.0	1	0.0272	0.976655896037897	-0.023762554689689665
1pvf4ir8v21v5wrnei5xl1zq	1	2	225	27	1	No-Go	NGW	0	0		1	0.0	1	0.016	0.982955187768329	-0.017278592392785466
1pvf4ir8v21v5wrnei5xl1zq	1	2	231	28	1	No-Go	NGW	0	0		1	0.0	1	0.0152	0.9856512864900168	-0.014520209940959641
1pvf4ir8v21v5wrnei5xl1zq	1	2	235	29	1	No-Go	NGW	0	0		1	0.0	1	0.0123	0.986972610059564	-0.013172775571519121
1pvf4ir8v21v5wrnei5xl1zq	1	2	238	30	1	No-Go	NGW	0	0		1	1.0	0	0.0114	0.9876776726999761	-0.012455342785463043
1pvf4ir8v21v5wrnei5xl1zq	1	2	123	1	0	Go	GAL	1	1	0.567	1	0.0	1	0.6219	0.6283073606611896	-0.47523814853702084
1pvf4ir8v21v5wrnei5xl1zq	1	2	127	2	0	Go	GAL	1	1	0.434	1	1.0	0	0.8391	0.8361264825707738	-0.184215515887632
1pvf4ir8v21v5wrnei5xl1zq	1	2	132	3	0	Go	GAL	1	1	0.408	1	0.0	1	0.4963	0.4965980588818603	-0.7251170749018978
1pvf4ir8v21v5wrnei5xl1zq	1	2	136	4	0	Go	GAL	1	1	0.518	1	0.0	1	0.8076	0.7980283262092829	-0.23131763561057384
1pvf4ir8v21v5wrnei5xl1zq	1	2	139	5	0	Go	GAL	1	1	0.304	1	0.0	1	0.8895	0.888555927769325	-0.12087056059071938
1pvf4ir8v21v5wrnei5xl1zq	1	2	144	6	0	Go	GAL	1	1	0.398	1	0.0	1	0.921	0.921557036642337	-0.08307012505892891
1pvf4ir8v21v5wrnei5xl1zq	1	2	146	7	0	Go	GAL	1	0		0	0.0	0	0.9308	0.06377913415894862	-2.8975256347285083
1pvf4ir8v21v5wrnei5xl1zq	1	2	150	8	0	Go	GAL	1	1	0.334	1	0.0	1	0.9605	0.9583176793664839	-0.043052962989415806
1pvf4ir8v21v5wrnei5xl1zq	1	2	155	9	0	Go	GAL	1	1	0.399	1	0.0	1	0.9658	0.9634779189121082	-0.037518946391679665
1pvf4ir8v21v5wrnei5xl1zq	1	2	157	10	0	Go	GAL	1	1	0.556	1	1.0	0	0.9654	0.9663193099861872	-0.03449721617961827
1pvf4ir8v21v5wrnei5xl1zq	1	2	163	11	0	Go	GAL	1	1	0.475	1	0.0	1	0.7543	0.7596727475009633	-0.28477072107258167
1pvf4ir8v21v5wrnei5xl1zq	1	2	167	12	0	Go	GAL	1	1	0.441	1	0.0	1	0.9025	0.9069980968051148	-0.09860988419290076
1pvf4ir8v21v5wrnei5xl1zq	1	2	169	13	0	Go	GAL	1	1	0.489	1	0.0	1	0.9445	0.9437379356020414	-0.05841897635420921
1pvf4ir8v21v5wrnei5xl1zq	1	2	174	14	0	Go	GAL	1	1	0.439	1	1.0	0	0.9568	0.9572793162244038	-0.04398605548859647
1pvf4ir8v21v5wrnei5xl1zq	1	2	178	15	0	Go	GAL	1	1	0.379	1	0.0	1	0.7354	0.7343285698200535	-0.3187529139832943
1pvf4ir8v21v5wrnei5xl1zq	1	2	182	16	0	Go	GAL	1	1	0.678	1	0.0	1	0.9064	0.8998155755122305	-0.10677820385157585
1pvf4ir8v21v5wrnei5xl1zq	1	2	187	17	0	Go	GAL	1	1	0.386	1	0.0	1	0.9357	0.9410884240977081	-0.06130438493550579
1pvf4ir8v21v5wrnei5xl1zq	1	2	191	18	0	Go	GAL	1	1	0.364	1	0.0	1	0.9554	0.956101603787966	-0.0452443114709919
1pvf4ir8v21v5wrnei5xl1zq	1	2	194	19	0	Go	GAL	1	1	0.437	1	1.0	0	0.9634	0.9628410210999646	-0.038122005541294295
1pvf4ir8v21v5wrnei5xl1zq	1	2	197	20	0	Go	GAL	1	1	0.353	1	0.0	1	0.7529	0.7488440760910555	-0.29926892870935173
1pvf4ir8v21v5wrnei5xl1zq	1	2	202	21	0	Go	GAL	1	1	0.365	1	0.0	1	0.9005	0.904147125515496	-0.10188613643117357
1pvf4ir8v21v5wrnei5xl1zq	1	2	207	22	0	Go	GAL	1	1	0.523	1	0.0	1	0.942	0.9428443192576071	-0.059402029131537915
1pvf4ir8v21v5wrnei5xl1zq	1	2	210	23	0	Go	GAL	1	1	0.463	1	0.0	1	0.9557	0.9569819224653967	-0.044308747861250664
1pvf4ir8v21v5wrnei5xl1zq	1	2	213	24	0	Go	GAL	1	1	0.36	1	1.0	0	0.9659	0.9633419259907705	-0.0375959380681741
1pvf4ir8v21v5wrnei5xl1zq	1	2	219	25	0	Go	GAL	1	1	0.437	1	0.0	1	0.7528	0.7500313743455764	-0.29789963173008643
1pvf4ir8v21v5wrnei5xl1zq	1	2	223	26	0	Go	GAL	1	1	0.434	1	0.0	1	0.9054	0.9046604056728514	-0.10132480539815467
1pvf4ir8v21v5wrnei5xl1zq	1	2	228	27	0	Go	GAL	1	1	0.405	1	0.0	1	0.9458	0.9431196743911018	-0.05910927658271856
1pvf4ir8v21v5wrnei5xl1zq	1	2	229	28	0	Go	GAL	1	1	0.395	1	0.0	1	0.9558	0.9571515292445368	-0.04413140388908688
1pvf4ir8v21v5wrnei5xl1zq	1	2	233	29	0	Go	GAL	1	1	0.43	1	0.0	1	0.9611	0.9634552162350745	-0.03747882025871792
1pvf4ir8v21v5wrnei5xl1zq	1	2	237	30	0	Go	GAL	1	1	0.434	1	1.0	0	0.9633	0.9666393013384924	-0.03413895975796609
1pvf4ir8v21v5wrnei5xl1zq	1	2	121	1	0	No-Go	NGAL	0	1	0.425	0	0.0	0	0.6302	0.6283073606611896	-0.47523814853702084
1pvf4ir8v21v5wrnei5xl1zq	1	2	128	2	0	No-Go	NGAL	0	1	0.473	0	0.0	0	0.3502	0.35398893289609823	-1.0807735569554129
1pvf4ir8v21v5wrnei5xl1zq	1	2	130	3	0	No-Go	NGAL	0	0		1	0.0	1	0.2369	0.7662452773662131	-0.2726157259357889
1pvf4ir8v21v5wrnei5xl1zq	1	2	134	4	0	No-Go	NGAL	0	0		1	1.0	0	0.0953	0.9055888229202559	-0.10189531105800433
1pvf4ir8v21v5wrnei5xl1zq	1	2	137	5	0	No-Go	NGAL	0	0		1	0.0	1	0.1645	0.8323953287572833	-0.18814080767603455
1pvf4ir8v21v5wrnei5xl1zq	1	2	141	6	0	No-Go	NGAL	0	0		1	0.0	1	0.0749	0.9244103845356303	-0.08049897746758368
1pvf4ir8v21v5wrnei5xl1zq	1	2	147	7	0	No-Go	NGAL	0	0		1	0.0	1	0.05	0.951415468224175	-0.05077444176887835
1pvf4ir8v21v5wrnei5xl1zq	1	2	149	8	0	No-Go	NGAL	0	0		1	0.0	1	0.0385	0.9623925468603356	-0.0388902475338152
1pvf4ir8v21v5wrnei5xl1zq	1	2	156	9	0	No-Go	NGAL	0	0		1	1.0	0	0.0326	0.9676982534312539	-0.03320173693481885
1pvf4ir8v21v5wrnei5xl1zq	1	2	158	10	0	No-Go	NGAL	0	0		1	0.0	1	0.0797	0.9231876865006933	-0.08191304678132338
1pvf4ir8v21v5wrnei5xl1zq	1	2	164	11	0	No-Go	NGAL	0	0		1	0.0	1	0.0436	0.9549298136405446	-0.0466359963914635
1pvf4ir8v21v5wrnei5xl1zq	1	2	166	12	0	No-Go	NGAL	0	0		1	0.0	1	0.035	0.9651010046886942	-0.035849443827224846
1pvf4ir8v21v5wrnei5xl1zq	1	2	171	13	0	No-Go	NGAL	0	0		1	0.0	1	0.0321	0.9695467890535787	-0.031178647219062352
1pvf4ir8v21v5wrnei5xl1zq	1	2	173	14	0	No-Go	NGAL	0	0		1	1.0	0	0.029	0.9717939200415531	-0.028829282446115382
1pvf4ir8v21v5wrnei5xl1zq	1	2	180	15	0	No-Go	NGAL	0	0		1	0.0	1	0.073	0.9295142664163146	-0.07496189323939682
1pvf4ir8v21v5wrnei5xl1zq	1	2	184	16	0	No-Go	NGAL	0	0		1	0.0	1	0.0418	0.9581360549852972	-0.043151906499163985
1pvf4ir8v21v5wrnei5xl1zq	1	2	188	17	0	No-Go	NGAL	0	0		1	0.0	1	0.033	0.9669751904697006	-0.033836540873132016
1pvf4ir8v21v5wrnei5xl1zq	1	2	189	18	0	No-Go	NGAL	0	0		1	1.0	0	0.0289	0.9707277793416222	-0.029924109064106467
1pvf4ir8v21v5wrnei5xl1zq	1	2	196	19	0	No-Go	NGAL	0	0		1	0.0	1	0.0749	0.927008811758523	-0.07784431821052455
1pvf4ir8v21v5wrnei5xl1zq	1	2	198	20	0	No-Go	NGAL	0	0		1	0.0	1	0.0397	0.9575258543187785	-0.04379660234998081
1pvf4ir8v21v5wrnei5xl1zq	1	2	203	21	0	No-Go	NGAL	0	0		1	1.0	0	0.0346	0.9668081342021837	-0.03400728776026883
1pvf4ir8v21v5wrnei5xl1zq	1	2	205	22	0	No-Go	NGAL	0	0		1	0.0	1	0.0823	0.9191660332949109	-0.08687401412971207
1pvf4ir8v21v5wrnei5xl1zq	1	2	211	23	0	No-Go	NGAL	0	0		1	0.0	1	0.0438	0.9550736596717215	-0.046413796990649604
1pvf4ir8v21v5wrnei5xl1zq	1	2	214	24	0	No-Go	NGAL	0	0		1	0.0	1	0.0325	0.9657574812764764	-0.03510881797699012
1pvf4ir8v21v5wrnei5xl1zq	1	2	220	25	0	No-Go	NGAL	0	0		1	0.0	1	0.0279	0.970173917535281	-0.030498034479406758
1pvf4ir8v21v5wrnei5xl1zq	1	2	221	26	0	No-Go	NGAL	0	0		1	0.0	1	0.0286	0.9723057178673871	-0.028285525327004506
1pvf4ir8v21v5wrnei5xl1zq	1	2	226	27	0	No-Go	NGAL	0	0		1	0.0	1	0.0243	0.9734316886651093	-0.027121247116520836
1pvf4ir8v21v5wrnei5xl1zq	1	2	230	28	0	No-Go	NGAL	0	0		1	0.0	1	0.0285	0.9740644197900099	-0.02646888435606936
1pvf4ir8v21v5wrnei5xl1zq	1	2	234	29	0	No-Go	NGAL	0	0		1	1.0	0	0.0237	0.9744374809507808	-0.02608524024473576
1pvf4ir8v21v5wrnei5xl1zq	1	2	239	30	0	No-Go	NGAL	0	0		1	0.0	1	0.0657	0.9343879900390655	-0.06965570406278115
1pvf4ir8v21v5wrnei5xl1zq	1	1	1	1	1	Go	GW	1	1	0.426	1	1.0	0	0.5028	0.5008739107538804	-0.7232580216903374
1pvf4ir8v21v5wrnei5xl1zq	1	1	5	2	1	Go	GW	1	0		0	0.0	0	0.2501	0.7536092069395015	-0.2904989470936875
1pvf4ir8v21v5wrnei5xl1zq	1	1	9	3	1	Go	GW	1	0		0	0.0	0	0.4967	0.4991260892461195	-0.7255080718555796
1pvf4ir8v21v5wrnei5xl1zq	1	1	15	4	1	Go	GW	1	1	0.352	1	0.0	1	0.6446	0.6428291214759098	-0.4587408860082415
1pvf4ir8v21v5wrnei5xl1zq	1	1	20	5	1	Go	GW	1	1	0.448	1	0.0	1	0.9546	0.9559644223378416	-0.047556205133811626
1pvf4ir8v21v5wrnei5xl1zq	1	1	24	6	1	Go	GW	1	1	0.432	1	0.0	1	0.974	0.9758613952794157	-0.025400418367384603
1pvf4ir8v21v5wrnei5xl1zq	1	1	25	7	1	Go	GW	1	1	0.33	1	0.0	1	0.9789	0.9805882227388812	-0.020096649830439323
1pvf4ir8v21v5wrnei5xl1zq	1	1	30	8	1	Go	GW	1	1	0.419	1	0.0	1	0.9798	0.982385700012288	-0.01806466271361131
1pvf4ir8v21v5wrnei5xl1zq	1	1	36	9	1	Go	GW	1	0		0	0.0	0	0.9822	0.016733627508066364	-4.477614998027477
1pvf4ir8v21v5wrnei5xl1zq	1	1	37	10	1	Go	GW	1	0		0	1.0	1	0.9888	0.012221569535362561	-4.814343813957898
1pvf4ir8v21v5wrnei5xl1zq	1	1	42	11	1	Go	GW	1	0		0	0.0	0	0.9132	0.08595123081395536	-2.7189483348557877
1pvf4ir8v21v5wrnei5xl1zq	1	1	46	12	1	Go	GW	1	1	0.445	1	0.0	1	0.9725	0.9725221046895897	-0.02810465777902739
1pvf4ir8v21v5wrnei5xl1zq	1	1	51	13	1	Go	GW	1	1	0.468	1	0.0	1	0.9741	0.9730454747192362	-0.02754297387627721
1pvf4ir8v21v5wrnei5xl1zq	1	1	54	14	1	Go	GW	1	1	1.482	1	1.0	0	0.9695	0.9733546616769599	-0.027214324422437493
1pvf4ir8v21v5wrnei5xl1zq	1	1	57	15	1	Go	GW	1	0		0	0.0	0	0.7969	0.207018360709656	-1.792752175836572
1pvf4ir8v21v5wrnei5xl1zq	1	1	61	16	1	Go	GW	1	1	0.346	1	1.0	0	0.8795	0.8745135570503176	-0.13843405243047793
1pvf4ir8v21v5wrnei5xl1zq	1	1	68	17	1	Go	GW	1	1	0.427	1	0.0	1	0.6929	0.6897661674263866	-0.3911779559749044
1pvf4ir8v21v5wrnei5xl1zq	1	1	70	18	1	Go	GW	1	1	0.413	1	0.0	1	0.9646	0.965989013385804	-0.03503017841152929
1pvf4ir8v21v5wrnei5xl1zq	1	1	74	19	1	Go	GW	1	1	0.401	1	0.0	1	0.9801	0.9805113654264085	-0.019825340125188533
1pvf4ir8v21v5wrnei5xl1zq	1	1	80	20	1	Go	GW	1	1	0.349	1	0.0	1	0.9823	0.9835029724975175	-0.016733298510518246
1pvf4ir8v21v5wrnei5xl1zq	1	1	81	21	1	Go	GW	1	1	0.365	1	0.0	1	0.9868	0.9844627260978165	-0.015744987262168036
1pvf4ir8v21v5wrnei5xl1zq	1	1	85	22	1	Go	GW	1	1	0.338	1	0.0	1	0.9837	0.9848590631571987	-0.015337739779758889
1pvf4ir8v21v5wrnei5xl1zq	1	1	91	23	1	Go	GW	1	1	0.395	1	0.0	1	0.9846	0.9850549214328598	-0.015136963318198252
1pvf4ir8v21v5wrnei5xl1zq	1	1	94	24	1	Go	GW	1	1	0.395	1	0.0	1	0.9847	0.9851655536666203	-0.015023882199935138
1pvf4ir8v21v5wrnei5xl1zq	1	1	97	25	1	Go	GW	1	1	0.381	1	1.0	0	0.9846	0.9852345159938566	-0.014953625485336021
1pvf4ir8v21v5wrnei5xl1zq	1	1	104	26	1	Go	GW	1	0		0	1.0	1	0.8754	0.12487632260545428	-2.368985589563905
1pvf4ir8v21v5wrnei5xl1zq	1	1	106	27	1	Go	GW	1	1	0.425	1	0.0	1	0.5184	0.5132046214104108	-0.8377702970608049
1pvf4ir8v21v5wrnei5xl1zq	1	1	110	28	1	Go	GW	1	1	0.518	1	0.0	1	0.8565	0.8526328526788705	-0.1647970436265143
1pvf4ir8v21v5wrnei5xl1zq	1	1	116	29	1	Go	GW	1	1	0.385	1	0.0	1	0.897	0.8922031204967011	-0.11718768994969388
1pvf4ir8v21v5wrnei5xl1zq	1	1	119	30	1	Go	GW	1	1	0.318	1	0.0	1	0.8999	0.9006366751412003	-0.10764389095348834
1pvf4ir8v21v5wrnei5xl1zq	1	1	2	1	0	No-Go	NGAL	0	1	0.572	0	0.0	0	0.6219	0.6283073606611896	-0.47523814853702084
1pvf4ir8v21v5wrnei5xl1zq	1	1	6	2	0	No-Go	NGAL	0	0		1	0.0	1	0.3529	0.6460110671039018	-0.4492400104461805
1pvf4ir8v21v5wrnei5xl1zq	1	1	11	3	0	No-Go	NGAL	0	0		1	0.0	1	0.1593	0.8437728354133369	-0.17594043443092586
1pvf4ir8v21v5wrnei5xl1zq	1	1	14	4	0	No-Go	NGAL	0	0		1	1.0	0	0.0944	0.9055888229202559	-0.10189531105800433
1pvf4ir8v21v5wrnei5xl1zq	1	1	18	5	0	No-Go	NGAL	0	0		1	0.0	1	0.1817	0.8157899741112445	-0.2096187886067333
1pvf4ir8v21v5wrnei5xl1zq	1	1	23	6	0	No-Go	NGAL	0	0		1	0.0	1	0.0988	0.9004622704420526	-0.10706699303971691
1pvf4ir8v21v5wrnei5xl1zq	1	1	28	7	0	No-Go	NGAL	0	0		1	0.0	1	0.0719	0.9289318407509232	-0.07498286414418645
1pvf4ir8v21v5wrnei5xl1zq	1	1	29	8	0	No-Go	NGAL	0	0		1	0.0	1	0.0593	0.9413655506984866	-0.0612505142513879
1pvf4ir8v21v5wrnei5xl1zq	1	1	35	9	0	No-Go	NGAL	0	0		1	1.0	0	0.0493	0.9476214941496881	-0.05442221457377811
1pvf4ir8v21v5wrnei5xl1zq	1	1	38	10	0	No-Go	NGAL	0	0		1	0.0	1	0.1188	0.876956878791016	-0.13555826044078606
1pvf4ir8v21v5wrnei5xl1zq	1	1	44	11	0	No-Go	NGAL	0	0		1	0.0	1	0.0733	0.9252045664544448	-0.07870092433221614
1pvf4ir8v21v5wrnei5xl1zq	1	1	45	12	0	No-Go	NGAL	0	0		1	0.0	1	0.0578	0.9411918588980424	-0.06123894850210543
1pvf4ir8v21v5wrnei5xl1zq	1	1	50	13	0	No-Go	NGAL	0	0		1	0.0	1	0.0546	0.9481843981394175	-0.053727577420709625
1pvf4ir8v21v5wrnei5xl1zq	1	1	56	14	0	No-Go	NGAL	0	0		1	1.0	0	0.0457	0.9516946728603516	-0.04998684252958425
1pvf4ir8v21v5wrnei5xl1zq	1	1	58	15	0	No-Go	NGAL	0	0		1	0.0	1	0.1162	0.8829957690776337	-0.12875803050539528
1pvf4ir8v21v5wrnei5xl1zq	1	1	63	16	0	No-Go	NGAL	0	0		1	0.0	1	0.0681	0.9284646247328372	-0.07507973789294689
1pvf4ir8v21v5wrnei5xl1zq	1	1	65	17	0	No-Go	NGAL	0	0		1	0.0	1	0.0538	0.9431618687659579	-0.05908532393231239
1pvf4ir8v21v5wrnei5xl1zq	1	1	69	18	0	No-Go	NGAL	0	0		1	1.0	0	0.0509	0.9494535791013213	-0.052360055692887736
1pvf4ir8v21v5wrnei5xl1zq	1	1	75	19	0	No-Go	NGAL	0	0		1	0.0	1	0.1252	0.8784805748848922	-0.13438801551170815
1pvf4ir8v21v5wrnei5xl1zq	1	1	79	20	0	No-Go	NGAL	0	0		1	0.0	1	0.0788	0.9270885928740047	-0.07661351286989672
1pvf4ir8v21v5wrnei5xl1zq	1	1	83	21	0	No-Go	NGAL	0	0		1	1.0	0	0.0582	0.9426491445195807	-0.05964062764574308
1pvf4ir8v21v5wrnei5xl1zq	1	1	87	22	0	No-Go	NGAL	0	0		1	0.0	1	0.1307	0.8660623717298557	-0.1499601230090878
1pvf4ir8v21v5wrnei5xl1zq	1	1	90	23	0	No-Go	NGAL	0	0		1	0.0	1	0.0757	0.9228908265016976	-0.08129117946517238
1pvf4ir8v21v5wrnei5xl1zq	1	1	93	24	0	No-Go	NGAL	0	1	0.545	0	0.0	0	0.0603	0.059198104368778294	-2.986410852385166
1pvf4ir8v21v5wrnei5xl1zq	1	1	98	25	0	No-Go	NGAL	0	0		1	0.0	1	0.0328	0.9658301816055964	-0.03503190862352358
1pvf4ir8v21v5wrnei5xl1zq	1	1	103	26	0	No-Go	NGAL	0	0		1	0.0	1	0.0301	0.9702261246802966	-0.030443583297193107
1pvf4ir8v21v5wrnei5xl1zq	1	1	107	27	0	No-Go	NGAL	0	0		1	0.0	1	0.0278	0.9723439483610273	-0.028246094944260117
1pvf4ir8v21v5wrnei5xl1zq	1	1	112	28	0	No-Go	NGAL	0	0		1	0.0	1	0.0257	0.9734601444320153	-0.02709215109021335
1pvf4ir8v21v5wrnei5xl1zq	1	1	113	29	0	No-Go	NGAL	0	0		1	1.0	0	0.0257	0.9740859031287793	-0.02644706420459021
1pvf4ir8v21v5wrnei5xl1zq	1	1	118	30	0	No-Go	NGAL	0	0		1	0.0	1	0.0692	0.9336795383205383	-0.0704246344702579
1pvf4ir8v21v5wrnei5xl1zq	1	1	4	1	1	No-Go	NGW	0	1	0.614	0	1.0	1	0.5041	0.5008739107538804	-0.7232580216903374
1pvf4ir8v21v5wrnei5xl1zq	1	1	8	2	1	No-Go	NGW	0	1	0.532	0	0.0	0	0.8572	0.8586284905266351	-0.15883748468854514
1pvf4ir8v21v5wrnei5xl1zq	1	1	12	3	1	No-Go	NGW	0	0		1	0.0	1	0.4684	0.5329576750811481	-0.6572118993791886
1pvf4ir8v21v5wrnei5xl1zq	1	1	13	4	1	No-Go	NGW	0	0		1	0.0	1	0.227	0.7718291409677788	-0.2726735541868681
1pvf4ir8v21v5wrnei5xl1zq	1	1	17	5	1	No-Go	NGW	0	0		1	0.0	1	0.1398	0.8575133047229884	-0.15969149396015664
1pvf4ir8v21v5wrnei5xl1zq	1	1	21	6	1	No-Go	NGW	0	0		1	0.0	1	0.1031	0.8933204871535428	-0.11581860703812158
1pvf4ir8v21v5wrnei5xl1zq	1	1	26	7	1	No-Go	NGW	0	0		1	0.0	1	0.0889	0.910518895001836	-0.09553386207810095
1pvf4ir8v21v5wrnei5xl1zq	1	1	31	8	1	No-Go	NGW	0	0		1	0.0	1	0.0824	0.9196102978881155	-0.08506410530584566
1pvf4ir8v21v5wrnei5xl1zq	1	1	34	9	1	No-Go	NGW	0	0		1	0.0	1	0.0714	0.9247504976220904	-0.07924581899355713
1pvf4ir8v21v5wrnei5xl1zq	1	1	39	10	1	No-Go	NGW	0	0		1	1.0	0	0.0745	0.9278051751844745	-0.07583536903571321
1pvf4ir8v21v5wrnei5xl1zq	1	1	43	11	1	No-Go	NGW	0	0		1	1.0	0	0.4176	0.5819386960806665	-0.5782962547893176
1pvf4ir8v21v5wrnei5xl1zq	1	1	48	12	1	No-Go	NGW	0	1	0.421	0	0.0	0	0.6802	0.688186214579623	-0.4186419526566191
1pvf4ir8v21v5wrnei5xl1zq	1	1	52	13	1	No-Go	NGW	0	0		1	0.0	1	0.4531	0.5509323606803433	-0.6337453408273097
1pvf4ir8v21v5wrnei5xl1zq	1	1	53	14	1	No-Go	NGW	0	0		1	0.0	1	0.1381	0.8600793915187777	-0.15392396672682224
1pvf4ir8v21v5wrnei5xl1zq	1	1	60	15	1	No-Go	NGW	0	0		1	0.0	1	0.0661	0.931412856534652	-0.07222955043488313
1pvf4ir8v21v5wrnei5xl1zq	1	1	62	16	1	No-Go	NGW	0	0		1	0.0	1	0.0434	0.9543503915224355	-0.04729485867812561
1pvf4ir8v21v5wrnei5xl1zq	1	1	66	17	1	No-Go	NGW	0	0		1	0.0	1	0.0347	0.9639287884777721	-0.03708532544461922
1pvf4ir8v21v5wrnei5xl1zq	1	1	71	18	1	No-Go	NGW	0	0		1	0.0	1	0.0323	0.9685832264437886	-0.03217355119196817
1pvf4ir8v21v5wrnei5xl1zq	1	1	73	19	1	No-Go	NGW	0	0		1	1.0	0	0.027	0.9710695528428179	-0.029565627415547018
1pvf4ir8v21v5wrnei5xl1zq	1	1	78	20	1	No-Go	NGW	0	0		1	0.0	1	0.2094	0.7880802993657542	-0.24795798100495733
1pvf4ir8v21v5wrnei5xl1zq	1	1	82	21	1	No-Go	NGW	0	0		1	0.0	1	0.0824	0.9196343581455027	-0.08484626147610867
1pvf4ir8v21v5wrnei5xl1zq	1	1	86	22	1	No-Go	NGW	0	0		1	0.0	1	0.0483	0.9514978085692761	-0.0502344763656757
1pvf4ir8v21v5wrnei5xl1zq	1	1	92	23	1	No-Go	NGW	0	0		1	1.0	0	0.0359	0.9631641950693418	-0.037856785341499416
1pvf4ir8v21v5wrnei5xl1zq	1	1	95	24	1	No-Go	NGW	0	0		1	0.0	1	0.2342	0.7651957494796002	-0.277588902252893
1pvf4ir8v21v5wrnei5xl1zq	1	1	100	25	1	No-Go	NGW	0	0		1	0.0	1	0.0925	0.9131674022867573	-0.09212841054726761
1pvf4ir8v21v5wrnei5xl1zq	1	1	101	26	1	No-Go	NGW	0	0		1	0.0	1	0.0528	0.9490176034950895	-0.0529266164277004
1pvf4ir8v21v5wrnei5xl1zq	1	1	108	27	1	No-Go	NGW	0	0		1	0.0	1	0.037	0.9620056034818044	-0.039093271939627736
1pvf4ir8v21v5wrnei5xl1zq	1	1	111	28	1	No-Go	NGW	0	0		1	0.0	1	0.0351	0.9678339767317168	-0.03295318982951251
1pvf4ir8v21v5wrnei5xl1zq	1	1	115	29	1	No-Go	NGW	0	0		1	0.0	1	0.0277	0.9707847894401923	-0.029862971524573033
1pvf4ir8v21v5wrnei5xl1zq	1	1	120	30	1	No-Go	NGW	0	0		1	1.0	0	0.0308	0.972398058424931	-0.028179852190827512
1pvf4ir8v21v5wrnei5xl1zq	1	1	3	1	0	Go	GAL	1	1	0.626	1	0.0	1	0.6273	0.6283073606611896	-0.47523814853702084
1pvf4ir8v21v5wrnei5xl1zq	1	1	7	2	0	Go	GAL	1	1	0.388	1	1.0	0	0.8356	0.8361264825707738	-0.184215515887632
1pvf4ir8v21v5wrnei5xl1zq	1	1	10	3	0	Go	GAL	1	1	0.453	1	0.0	1	0.4991	0.4965980588818603	-0.7251170749018978
1pvf4ir8v21v5wrnei5xl1zq	1	1	16	4	0	Go	GAL	1	1	0.333	1	0.0	1	0.7951	0.7980283262092829	-0.23131763561057384
1pvf4ir8v21v5wrnei5xl1zq	1	1	19	5	0	Go	GAL	1	1	0.461	1	0.0	1	0.8934	0.888555927769325	-0.12087056059071938
1pvf4ir8v21v5wrnei5xl1zq	1	1	22	6	0	Go	GAL	1	1	0.491	1	0.0	1	0.922	0.921557036642337	-0.08307012505892891
1pvf4ir8v21v5wrnei5xl1zq	1	1	27	7	0	Go	GAL	1	1	0.469	1	0.0	1	0.9361	0.9362208658410512	-0.06671606117738321
1pvf4ir8v21v5wrnei5xl1zq	1	1	32	8	0	Go	GAL	1	1	0.472	1	0.0	1	0.947	0.9436108572461402	-0.058605050479481856
1pvf4ir8v21v5wrnei5xl1zq	1	1	33	9	0	Go	GAL	1	0		0	0.0	0	0.9471	0.052341551369464834	-3.092491035647419
1pvf4ir8v21v5wrnei5xl1zq	1	1	40	10	0	Go	GAL	1	0		0	1.0	1	0.9666	0.03368069001381278	-3.5796130213303554
1pvf4ir8v21v5wrnei5xl1zq	1	1	41	11	0	Go	GAL	1	0		0	0.0	0	0.8818	0.11765691866801148	-2.243101868700135
1pvf4ir8v21v5wrnei5xl1zq	1	1	47	12	0	Go	GAL	1	1	0.455	1	0.0	1	0.9331	0.9332941122099071	-0.06985558817954447
1pvf4ir8v21v5wrnei5xl1zq	1	1	49	13	0	Go	GAL	1	1	0.536	1	0.0	1	0.9347	0.9361525802831722	-0.06674365759913484
1pvf4ir8v21v5wrnei5xl1zq	1	1	55	14	0	Go	GAL	1	1	1.227	1	1.0	0	0.9386	0.9378684038528183	-0.06489228339348876
1pvf4ir8v21v5wrnei5xl1zq	1	1	59	15	0	Go	GAL	1	0		0	0.0	0	0.6173	0.38357741784344296	-1.1350884403483383
1pvf4ir8v21v5wrnei5xl1zq	1	1	64	16	0	Go	GAL	1	1	0.432	1	0.0	1	0.7109	0.7174565278945982	-0.35886569266591134
1pvf4ir8v21v5wrnei5xl1zq	1	1	67	17	0	Go	GAL	1	1	0.474	1	0.0	1	0.8797	0.8820454190670988	-0.1294700533596632
1pvf4ir8v21v5wrnei5xl1zq	1	1	72	18	0	Go	GAL	1	1	0.618	1	0.0	1	0.9267	0.926813959318745	-0.0777412751893153
1pvf4ir8v21v5wrnei5xl1zq	1	1	76	19	0	Go	GAL	1	1	1.244	1	1.0	0	0.941	0.9437385342990438	-0.05897407646353338
1pvf4ir8v21v5wrnei5xl1zq	1	1	77	20	0	Go	GAL	1	1	0.327	1	0.0	1	0.6827	0.6826850028970214	-0.4112978228579465
1pvf4ir8v21v5wrnei5xl1zq	1	1	84	21	0	Go	GAL	1	1	0.473	1	0.0	1	0.8735	0.8702847826335274	-0.14391011592724945
1pvf4ir8v21v5wrnei5xl1zq	1	1	88	22	0	Go	GAL	1	1	0.303	1	0.0	1	0.9187	0.9220066218508105	-0.08327038884542456
1pvf4ir8v21v5wrnei5xl1zq	1	1	89	23	0	Go	GAL	1	1	0.278	1	0.0	1	0.9406	0.9414220414331045	-0.061558463114531864
1pvf4ir8v21v5wrnei5xl1zq	1	1	96	24	0	Go	GAL	1	1	0.458	1	1.0	0	0.9513	0.9502396326752912	-0.05189514474146431
1pvf4ir8v21v5wrnei5xl1zq	1	1	99	25	0	Go	GAL	1	1	0.361	1	0.0	1	0.696	0.6971296179491862	-0.38852355503268277
1pvf4ir8v21v5wrnei5xl1zq	1	1	102	26	0	Go	GAL	1	1	0.335	1	0.0	1	0.8759	0.8748938070828027	-0.13825637764612583
1pvf4ir8v21v5wrnei5xl1zq	1	1	105	27	0	Go	GAL	1	1	0.458	1	0.0	1	0.9229	0.9238261678496079	-0.08119430972741955
1pvf4ir8v21v5wrnei5xl1zq	1	1	109	28	0	Go	GAL	1	1	0.323	1	0.0	1	0.9454	0.9422904318593935	-0.0605997023604381
1pvf4ir8v21v5wrnei5xl1zq	1	1	114	29	0	Go	GAL	1	1	0.372	1	0.0	1	0.9539	0.9507074670614067	-0.05138816282426368
1pvf4ir8v21v5wrnei5xl1zq	1	1	117	30	0	Go	GAL	1	1	0.388	1	1.0	0	0.9544	0.954990316737031	-0.046748543207897904
35u9tjs3cet5fhuskp61780m	1	2	122	1	0	No-Go	NGAL	0	1	0.806	0	1.0	1	0.5775	0.5751501531925561	-0.5639401569776877
35u9tjs3cet5fhuskp61780m	1	2	125	2	0	No-Go	NGAL	0	0		1	0.0	1	0.7351	0.25869464268798775	-1.4061276777351834
35u9tjs3cet5fhuskp61780m	1	2	131	3	0	No-Go	NGAL	0	0		1	0.0	1	0.5713	0.4248498468074438	-0.8753374131256841
35u9tjs3cet5fhuskp61780m	1	2	136	4	0	No-Go	NGAL	0	0		1	0.0	1	0.4029	0.5857973805113382	-0.5457324266864086
35u9tjs3cet5fhuskp61780m	1	2	137	5	0	No-Go	NGAL	0	0		1	0.0	1	0.2847	0.7111840637807196	-0.34788152935262145
35u9tjs3cet5fhuskp61780m	1	2	143	6	0	No-Go	NGAL	0	0		1	0.0	1	0.1957	0.7982298342163787	-0.22979024930038994
35u9tjs3cet5fhuskp61780m	1	2	145	7	0	No-Go	NGAL	0	0		1	1.0	0	0.1475	0.8560446481688865	-0.1581784620178776
35u9tjs3cet5fhuskp61780m	1	2	151	8	0	No-Go	NGAL	0	0		1	0.0	1	0.1834	0.8118715991787471	-0.21225369004016237
35u9tjs3cet5fhuskp61780m	1	2	155	9	0	No-Go	NGAL	0	0		1	0.0	1	0.1372	0.86556359837327	-0.14663580129769258
35u9tjs3cet5fhuskp61780m	1	2	159	10	0	No-Go	NGAL	0	0		1	0.0	1	0.0999	0.9008311208961141	-0.10586230332328528
35u9tjs3cet5fhuskp61780m	1	2	164	11	0	No-Go	NGAL	0	0		1	0.0	1	0.0816	0.9243511057965085	-0.07961823141821234
35u9tjs3cet5fhuskp61780m	1	2	165	12	0	No-Go	NGAL	0	0		1	0.0	1	0.0622	0.9403835451501856	-0.062148069432264384
35u9tjs3cet5fhuskp61780m	1	2	169	13	0	No-Go	NGAL	0	0		1	1.0	0	0.0481	0.9515727652391459	-0.05015382194337121
35u9tjs3cet5fhuskp61780m	1	2	176	14	0	No-Go	NGAL	0	0		1	0.0	1	0.0702	0.9304642381792477	-0.07334903929117371
35u9tjs3cet5fhuskp61780m	1	2	180	15	0	No-Go	NGAL	0	0		1	0.0	1	0.0533	0.9450112248128144	-0.057348757189832976
35u9tjs3cet5fhuskp61780m	1	2	184	16	0	No-Go	NGAL	0	0		1	0.0	1	0.0455	0.9550866960546049	-0.046508852416929564
35u9tjs3cet5fhuskp61780m	1	2	186	17	0	No-Go	NGAL	0	0		1	1.0	0	0.0367	0.9622520483436321	-0.03890678303864134
35u9tjs3cet5fhuskp61780m	1	2	189	18	0	No-Go	NGAL	0	0		1	0.0	1	0.0555	0.9437259535377145	-0.05937537262762346
35u9tjs3cet5fhuskp61780m	1	2	193	19	0	No-Go	NGAL	0	0		1	0.0	1	0.0462	0.954581688977577	-0.04731852424324303
35u9tjs3cet5fhuskp61780m	1	2	199	20	0	No-Go	NGAL	0	0		1	0.0	1	0.0394	0.962131432048506	-0.03916701653200833
35u9tjs3cet5fhuskp61780m	1	2	203	21	0	No-Go	NGAL	0	0		1	0.0	1	0.0323	0.9675339605225108	-0.03342858562318818
35u9tjs3cet5fhuskp61780m	1	2	208	22	0	No-Go	NGAL	0	0		1	0.0	1	0.0278	0.971499461708164	-0.029259886593331876
35u9tjs3cet5fhuskp61780m	1	2	209	23	0	No-Go	NGAL	0	0		1	1.0	0	0.0257	0.9744746746114424	-0.02615401425598186
35u9tjs3cet5fhuskp61780m	1	2	216	24	0	No-Go	NGAL	0	0		1	0.0	1	0.0402	0.9608461990280798	-0.04093016310660541
35u9tjs3cet5fhuskp61780m	1	2	218	25	0	No-Go	NGAL	0	0		1	0.0	1	0.0326	0.9669037919918275	-0.03428316205848292
35u9tjs3cet5fhuskp61780m	1	2	223	26	0	No-Go	NGAL	0	0		1	0.0	1	0.0317	0.9712200389690293	-0.029656971372524075
35u9tjs3cet5fhuskp61780m	1	2	228	27	0	No-Go	NGAL	0	0		1	0.0	1	0.0279	0.9743843943566806	-0.026311379263813304
35u9tjs3cet5fhuskp61780m	1	2	230	28	0	No-Go	NGAL	0	0		1	1.0	0	0.0248	0.9767607194324103	-0.023820684678957836
35u9tjs3cet5fhuskp61780m	1	2	233	29	0	No-Go	NGAL	0	0		1	0.0	1	0.033	0.9638239770262873	-0.03791372701986262
35u9tjs3cet5fhuskp61780m	1	2	240	30	0	No-Go	NGAL	0	0		1	0.0	1	0.0309	0.9692156619932786	-0.0319310290802292
35u9tjs3cet5fhuskp61780m	1	2	121	1	0	Go	GAL	1	1	0.653	1	0.0	1	0.5756	0.5751501531925561	-0.5639401569776877
35u9tjs3cet5fhuskp61780m	1	2	127	2	0	Go	GAL	1	0		0	0.0	0	0.7433	0.25869464268798775	-1.4061276777351834
35u9tjs3cet5fhuskp61780m	1	2	129	3	0	Go	GAL	1	0		0	0.0	0	0.7837	0.21962260121384553	-1.5803642347118885
35u9tjs3cet5fhuskp61780m	1	2	134	4	0	Go	GAL	1	1	0.749	1	1.0	0	0.8073	0.8117662367065471	-0.21334208877622898
35u9tjs3cet5fhuskp61780m	1	2	138	5	0	Go	GAL	1	0		0	0.0	0	0.6396	0.35090316697744794	-1.0827922370973182
35u9tjs3cet5fhuskp61780m	1	2	144	6	0	Go	GAL	1	1	0.694	1	1.0	0	0.69	0.689753373390834	-0.38303153777920834
35u9tjs3cet5fhuskp61780m	1	2	147	7	0	Go	GAL	1	0		0	0.0	0	0.5169	0.4827177007519153	-0.769297744125357
35u9tjs3cet5fhuskp61780m	1	2	149	8	0	Go	GAL	1	1	0.39	1	0.0	1	0.5536	0.5609870716874505	-0.6129106952896007
35u9tjs3cet5fhuskp61780m	1	2	153	9	0	Go	GAL	1	1	0.856	1	0.0	1	0.7467	0.7499092428732536	-0.29967888056958697
35u9tjs3cet5fhuskp61780m	1	2	157	10	0	Go	GAL	1	1	0.69	1	0.0	1	0.8625	0.8600574059732926	-0.1557924688457988
35u9tjs3cet5fhuskp61780m	1	2	162	11	0	Go	GAL	1	1	0.721	1	0.0	1	0.9185	0.9186409829369615	-0.08710643132898185
35u9tjs3cet5fhuskp61780m	1	2	168	12	0	Go	GAL	1	1	0.964	1	0.0	1	0.9512	0.9501088261488913	-0.0522230718513319
35u9tjs3cet5fhuskp61780m	1	2	172	13	0	Go	GAL	1	1	1.247	1	1.0	0	0.967	0.967711428356833	-0.033332316422560224
35u9tjs3cet5fhuskp61780m	1	2	174	14	0	Go	GAL	1	1	0.746	1	0.0	1	0.9167	0.9161656828805493	-0.08931270419804795
35u9tjs3cet5fhuskp61780m	1	2	177	15	0	Go	GAL	1	1	0.647	1	0.0	1	0.9495	0.9496155215905886	-0.05251550507222875
35u9tjs3cet5fhuskp61780m	1	2	181	16	0	Go	GAL	1	1	0.608	1	0.0	1	0.967	0.9677722477006473	-0.0331682752195775
35u9tjs3cet5fhuskp61780m	1	2	187	17	0	Go	GAL	1	1	0.69	1	0.0	1	0.9787	0.9782068762318844	-0.022252260789482205
35u9tjs3cet5fhuskp61780m	1	2	190	18	0	Go	GAL	1	1	0.635	1	0.0	1	0.9862	0.9845248736242802	-0.01571918770364203
35u9tjs3cet5fhuskp61780m	1	2	194	19	0	Go	GAL	1	1	0.64	1	0.0	1	0.9899	0.9885292379475145	-0.011610526043829375
35u9tjs3cet5fhuskp61780m	1	2	198	20	0	Go	GAL	1	1	0.939	1	1.0	0	0.9927	0.9911698556296149	-0.00891568650442705
35u9tjs3cet5fhuskp61780m	1	2	202	21	0	Go	GAL	1	1	0.698	1	0.0	1	0.9727	0.9712099608263266	-0.029503263204730536
35u9tjs3cet5fhuskp61780m	1	2	206	22	0	Go	GAL	1	1	0.682	1	1.0	0	0.9813	0.9806899619394982	-0.019646187441318033
35u9tjs3cet5fhuskp61780m	1	2	211	23	0	Go	GAL	1	1	0.642	1	0.0	1	0.9435	0.9421639029105682	-0.060730113601426085
35u9tjs3cet5fhuskp61780m	1	2	214	24	0	Go	GAL	1	1	0.68	1	0.0	1	0.9683	0.9651255221115005	-0.03590884396563616
35u9tjs3cet5fhuskp61780m	1	2	217	25	0	Go	GAL	1	1	0.76	1	0.0	1	0.9786	0.9772792374018023	-0.02317686412360654
35u9tjs3cet5fhuskp61780m	1	2	224	26	0	Go	GAL	1	1	0.643	1	0.0	1	0.985	0.9842300457700299	-0.016001431996378497
35u9tjs3cet5fhuskp61780m	1	2	225	27	0	Go	GAL	1	1	0.5	1	1.0	0	0.9897	0.9884691462488089	-0.01166119580024843
35u9tjs3cet5fhuskp61780m	1	2	232	28	0	Go	GAL	1	1	0.507	1	0.0	1	0.966	0.962595642290832	-0.038648446757578676
35u9tjs3cet5fhuskp61780m	1	2	235	29	0	Go	GAL	1	1	0.992	1	0.0	1	0.9746	0.9761151543667608	-0.024396544542644057
35u9tjs3cet5fhuskp61780m	1	2	237	30	0	Go	GAL	1	1	0.538	1	0.0	1	0.9831	0.9836481781517603	-0.01660140174725639
35u9tjs3cet5fhuskp61780m	1	2	123	1	1	No-Go	NGW	0	0		1	0.0	1	0.5743	0.4335951525842186	-0.89382022143394
35u9tjs3cet5fhuskp61780m	1	2	126	2	1	No-Go	NGW	0	1	0.777	0	1.0	1	0.3835	0.38427101106328454	-1.0221983846951102
35u9tjs3cet5fhuskp61780m	1	2	132	3	1	No-Go	NGW	0	1	0.931	0	0.0	0	0.8013	0.8092462293056801	-0.22587929354756933
35u9tjs3cet5fhuskp61780m	1	2	133	4	1	No-Go	NGW	0	1	0.727	0	0.0	0	0.6132	0.617579389748482	-0.5168959179704552
35u9tjs3cet5fhuskp61780m	1	2	139	5	1	No-Go	NGW	0	1	0.693	0	0.0	0	0.4029	0.4069261433239726	-0.9793657092124805
35u9tjs3cet5fhuskp61780m	1	2	142	6	1	No-Go	NGW	0	0		1	0.0	1	0.243	0.752146523961623	-0.30114346460827485
35u9tjs3cet5fhuskp61780m	1	2	146	7	1	No-Go	NGW	0	0		1	0.0	1	0.1474	0.8482612841586334	-0.1723884604668112
35u9tjs3cet5fhuskp61780m	1	2	152	8	1	No-Go	NGW	0	0		1	0.0	1	0.0997	0.9043230202885953	-0.10429872472472419
35u9tjs3cet5fhuskp61780m	1	2	156	9	1	No-Go	NGW	0	0		1	0.0	1	0.0645	0.937198649861149	-0.06668832579961656
35u9tjs3cet5fhuskp61780m	1	2	160	10	1	No-Go	NGW	0	0		1	1.0	0	0.0403	0.9569954078315953	-0.04489305438394224
35u9tjs3cet5fhuskp61780m	1	2	161	11	1	No-Go	NGW	0	0		1	0.0	1	0.1158	0.8857442191728043	-0.12463126953639368
35u9tjs3cet5fhuskp61780m	1	2	167	12	1	No-Go	NGW	0	0		1	1.0	0	0.069	0.9276068640497686	-0.07679398223682561
35u9tjs3cet5fhuskp61780m	1	2	170	13	1	No-Go	NGW	0	0		1	0.0	1	0.1786	0.8224659434088571	-0.20191841913871564
35u9tjs3cet5fhuskp61780m	1	2	175	14	1	No-Go	NGW	0	0		1	0.0	1	0.116	0.892934049212421	-0.11606627253035327
35u9tjs3cet5fhuskp61780m	1	2	179	15	1	No-Go	NGW	0	0		1	0.0	1	0.0685	0.9320195757677889	-0.07179576759052457
35u9tjs3cet5fhuskp61780m	1	2	182	16	1	No-Go	NGW	0	0		1	1.0	0	0.0477	0.9545008129768213	-0.04730232608213998
35u9tjs3cet5fhuskp61780m	1	2	185	17	1	No-Go	NGW	0	0		1	0.0	1	0.1183	0.8767316349313189	-0.1350384993263987
35u9tjs3cet5fhuskp61780m	1	2	192	18	1	No-Go	NGW	0	0		1	0.0	1	0.077	0.9237016395150324	-0.08092437500580743
35u9tjs3cet5fhuskp61780m	1	2	196	19	1	No-Go	NGW	0	0		1	0.0	1	0.0475	0.9499835111800053	-0.052103932518115556
35u9tjs3cet5fhuskp61780m	1	2	200	20	1	No-Go	NGW	0	0		1	0.0	1	0.0367	0.9654278776272566	-0.03562040502853742
35u9tjs3cet5fhuskp61780m	1	2	201	21	1	No-Go	NGW	0	0		1	0.0	1	0.0248	0.9749562955754518	-0.025618538330374627
35u9tjs3cet5fhuskp61780m	1	2	207	22	1	No-Go	NGW	0	0		1	0.0	1	0.017	0.9810971457976219	-0.0192427001848979
35u9tjs3cet5fhuskp61780m	1	2	210	23	1	No-Go	NGW	0	0		1	0.0	1	0.0161	0.9852084903538122	-0.01500612320045638
35u9tjs3cet5fhuskp61780m	1	2	213	24	1	No-Go	NGW	0	0		1	1.0	0	0.0148	0.9880534966889325	-0.012090208222385207
35u9tjs3cet5fhuskp61780m	1	2	219	25	1	No-Go	NGW	0	0		1	0.0	1	0.0432	0.9585786247607883	-0.04290197900318928
35u9tjs3cet5fhuskp61780m	1	2	222	26	1	No-Go	NGW	0	0		1	0.0	1	0.029	0.9712893482680647	-0.029437586830981615
35u9tjs3cet5fhuskp61780m	1	2	227	27	1	No-Go	NGW	0	0		1	0.0	1	0.0215	0.9789912748040719	-0.02141215386014015
35u9tjs3cet5fhuskp61780m	1	2	229	28	1	No-Go	NGW	0	0		1	0.0	1	0.0155	0.9839243643840031	-0.016320858467351297
35u9tjs3cet5fhuskp61780m	1	2	236	29	1	No-Go	NGW	0	0		1	0.0	1	0.0125	0.9872297038265686	-0.012930575752538295
35u9tjs3cet5fhuskp61780m	1	2	238	30	1	No-Go	NGW	0	0		1	1.0	0	0.0095	0.9895278747434127	-0.010583401152683278
35u9tjs3cet5fhuskp61780m	1	2	124	1	1	Go	GW	1	1	0.977	1	0.0	1	0.5648	0.5664048474157813	-0.6052394983559592
35u9tjs3cet5fhuskp61780m	1	2	128	2	1	Go	GW	1	1	0.887	1	0.0	1	0.8945	0.8941218650853291	-0.11780935142652527
35u9tjs3cet5fhuskp61780m	1	2	130	3	1	Go	GW	1	1	0.916	1	0.0	1	0.9596	0.9604762688711386	-0.041795420324929354
35u9tjs3cet5fhuskp61780m	1	2	135	4	1	Go	GW	1	1	0.802	1	1.0	0	0.9805	0.9802783302260825	-0.02036590693813915
35u9tjs3cet5fhuskp61780m	1	2	140	5	1	Go	GW	1	1	0.657	1	0.0	1	0.9333	0.9410987689466821	-0.0625808064851602
35u9tjs3cet5fhuskp61780m	1	2	141	6	1	Go	GW	1	1	0.893	1	0.0	1	0.9741	0.9750598580998505	-0.025829594205609933
35u9tjs3cet5fhuskp61780m	1	2	148	7	1	Go	GW	1	1	0.539	1	0.0	1	0.9865	0.9860154244727773	-0.014293248442194203
35u9tjs3cet5fhuskp61780m	1	2	150	8	1	Go	GW	1	1	0.649	1	0.0	1	0.9901	0.9906815735835935	-0.009453477226337818
35u9tjs3cet5fhuskp61780m	1	2	154	9	1	Go	GW	1	1	0.685	1	0.0	1	0.9937	0.9929905649019174	-0.007081759660120203
35u9tjs3cet5fhuskp61780m	1	2	158	10	1	Go	GW	1	1	0.739	1	1.0	0	0.995	0.994250588029991	-0.005795895843705997
35u9tjs3cet5fhuskp61780m	1	2	163	11	1	Go	GW	1	1	0.7	1	1.0	0	0.9776	0.9767856974126056	-0.023859281519390912
35u9tjs3cet5fhuskp61780m	1	2	166	12	1	Go	GW	1	1	0.764	1	0.0	1	0.9192	0.9236709777170894	-0.08397620058972058
35u9tjs3cet5fhuskp61780m	1	2	171	13	1	Go	GW	1	1	0.649	1	0.0	1	0.9766	0.9757673956334058	-0.02491421266408299
35u9tjs3cet5fhuskp61780m	1	2	173	14	1	Go	GW	1	1	0.949	1	0.0	1	0.9889	0.9872377861609142	-0.012972798485833055
35u9tjs3cet5fhuskp61780m	1	2	178	15	1	Go	GW	1	1	0.733	1	0.0	1	0.9922	0.9915200743290241	-0.008576535204491859
35u9tjs3cet5fhuskp61780m	1	2	183	16	1	Go	GW	1	1	0.57	1	0.0	1	0.9934	0.9935292272953168	-0.006527351488482092
35u9tjs3cet5fhuskp61780m	1	2	188	17	1	Go	GW	1	1	0.853	1	1.0	0	0.994	0.9946008040900022	-0.005438827754183781
35u9tjs3cet5fhuskp61780m	1	2	191	18	1	Go	GW	1	1	0.548	1	0.0	1	0.9778	0.9774146747318111	-0.023225399748992202
35u9tjs3cet5fhuskp61780m	1	2	195	19	1	Go	GW	1	1	0.677	1	0.0	1	0.9882	0.9888446559125154	-0.011308303052807845
35u9tjs3cet5fhuskp61780m	1	2	197	20	1	Go	GW	1	1	0.734	1	0.0	1	0.9922	0.9924885424858426	-0.007584002754114724
35u9tjs3cet5fhuskp61780m	1	2	204	21	1	Go	GW	1	1	0.693	1	0.0	1	0.993	0.9941235870252761	-0.0059222020244927434
35u9tjs3cet5fhuskp61780m	1	2	205	22	1	Go	GW	1	1	0.682	1	0.0	1	0.9937	0.9949810638014067	-0.005053325155765392
35u9tjs3cet5fhuskp61780m	1	2	212	23	1	Go	GW	1	1	0.945	1	0.0	1	0.9958	0.9954745231129593	-0.004554317508983814
35u9tjs3cet5fhuskp61780m	1	2	215	24	1	Go	GW	1	1	0.889	1	0.0	1	0.9955	0.9957770429596556	-0.0042488561071203
35u9tjs3cet5fhuskp61780m	1	2	220	25	1	Go	GW	1	1	0.58	1	1.0	0	0.9953	0.995971394063102	-0.004052847374937286
35u9tjs3cet5fhuskp61780m	1	2	221	26	1	Go	GW	1	1	0.549	1	0.0	1	0.9805	0.9817321161792278	-0.018758486050864876
35u9tjs3cet5fhuskp61780m	1	2	226	27	1	Go	GW	1	1	0.466	1	0.0	1	0.9908	0.9907842292060379	-0.009325937499819923
35u9tjs3cet5fhuskp61780m	1	2	231	28	1	Go	GW	1	1	0.399	1	0.0	1	0.9939	0.9935395071052934	-0.006515924181883292
35u9tjs3cet5fhuskp61780m	1	2	234	29	1	Go	GW	1	1	0.456	1	0.0	1	0.9945	0.9947541498894236	-0.005283651859148693
35u9tjs3cet5fhuskp61780m	1	2	239	30	1	Go	GW	1	1	0.512	1	1.0	0	0.9937	0.9953850887800935	-0.004645197287160596
35u9tjs3cet5fhuskp61780m	1	1	2	1	1	Go	GW	1	1	0.99	1	0.0	1	0.5651	0.5664048474157813	-0.6052394983559592
35u9tjs3cet5fhuskp61780m	1	1	8	2	1	Go	GW	1	1	0.765	1	0.0	1	0.8913	0.8941218650853291	-0.11780935142652527
35u9tjs3cet5fhuskp61780m	1	1	11	3	1	Go	GW	1	1	0.69	1	0.0	1	0.9635	0.9604762688711386	-0.041795420324929354
35u9tjs3cet5fhuskp61780m	1	1	16	4	1	Go	GW	1	1	0.623	1	1.0	0	0.9808	0.9802783302260825	-0.02036590693813915
35u9tjs3cet5fhuskp61780m	1	1	19	5	1	Go	GW	1	1	0.862	1	0.0	1	0.9452	0.9410987689466821	-0.0625808064851602
35u9tjs3cet5fhuskp61780m	1	1	24	6	1	Go	GW	1	1	0.813	1	0.0	1	0.9768	0.9750598580998505	-0.025829594205609933
35u9tjs3cet5fhuskp61780m	1	1	25	7	1	Go	GW	1	1	1.001	1	0.0	1	0.9846	0.9860154244727773	-0.014293248442194203
35u9tjs3cet5fhuskp61780m	1	1	29	8	1	Go	GW	1	1	0.838	1	0.0	1	0.988	0.9906815735835935	-0.009453477226337818
35u9tjs3cet5fhuskp61780m	1	1	35	9	1	Go	GW	1	1	0.882	1	0.0	1	0.9926	0.9929905649019174	-0.007081759660120203
35u9tjs3cet5fhuskp61780m	1	1	40	10	1	Go	GW	1	1	0.443	1	1.0	0	0.993	0.994250588029991	-0.005795895843705997
35u9tjs3cet5fhuskp61780m	1	1	44	11	1	Go	GW	1	1	0.709	1	1.0	0	0.9758	0.9767856974126056	-0.023859281519390912
35u9tjs3cet5fhuskp61780m	1	1	46	12	1	Go	GW	1	1	0.716	1	0.0	1	0.9221	0.9236709777170894	-0.08397620058972058
35u9tjs3cet5fhuskp61780m	1	1	49	13	1	Go	GW	1	1	1.059	1	0.0	1	0.9732	0.9757673956334058	-0.02491421266408299
35u9tjs3cet5fhuskp61780m	1	1	55	14	1	Go	GW	1	1	1.454	1	0.0	1	0.9878	0.9872377861609142	-0.012972798485833055
35u9tjs3cet5fhuskp61780m	1	1	60	15	1	Go	GW	1	1	0.682	1	0.0	1	0.9921	0.9915200743290241	-0.008576535204491859
35u9tjs3cet5fhuskp61780m	1	1	64	16	1	Go	GW	1	1	0.492	1	0.0	1	0.9924	0.9935292272953168	-0.006527351488482092
35u9tjs3cet5fhuskp61780m	1	1	67	17	1	Go	GW	1	1	0.44	1	1.0	0	0.9948	0.9946008040900022	-0.005438827754183781
35u9tjs3cet5fhuskp61780m	1	1	72	18	1	Go	GW	1	1	0.557	1	0.0	1	0.9771	0.9774146747318111	-0.023225399748992202
35u9tjs3cet5fhuskp61780m	1	1	73	19	1	Go	GW	1	1	0.618	1	0.0	1	0.9885	0.9888446559125154	-0.011308303052807845
35u9tjs3cet5fhuskp61780m	1	1	77	20	1	Go	GW	1	1	0.499	1	0.0	1	0.9915	0.9924885424858426	-0.007584002754114724
35u9tjs3cet5fhuskp61780m	1	1	84	21	1	Go	GW	1	1	0.684	1	0.0	1	0.994	0.9941235870252761	-0.0059222020244927434
35u9tjs3cet5fhuskp61780m	1	1	86	22	1	Go	GW	1	1	0.623	1	0.0	1	0.995	0.9949810638014067	-0.005053325155765392
35u9tjs3cet5fhuskp61780m	1	1	89	23	1	Go	GW	1	1	0.422	1	0.0	1	0.9959	0.9954745231129593	-0.004554317508983814
35u9tjs3cet5fhuskp61780m	1	1	96	24	1	Go	GW	1	1	0.518	1	0.0	1	0.9962	0.9957770429596556	-0.0042488561071203
35u9tjs3cet5fhuskp61780m	1	1	97	25	1	Go	GW	1	0		0	1.0	1	0.9958	0.004028605936898048	-6.529502271424839
35u9tjs3cet5fhuskp61780m	1	1	103	26	1	Go	GW	1	1	0.53	1	0.0	1	0.9918	0.9914190397064125	-0.008685411386087466
35u9tjs3cet5fhuskp61780m	1	1	108	27	1	Go	GW	1	1	0.733	1	0.0	1	0.9918	0.991677281127079	-0.008423531851491906
35u9tjs3cet5fhuskp61780m	1	1	112	28	1	Go	GW	1	1	0.806	1	0.0	1	0.9907	0.991853262290872	-0.008245364239386899
35u9tjs3cet5fhuskp61780m	1	1	115	29	1	Go	GW	1	1	0.856	1	0.0	1	0.9916	0.991976276197458	-0.008120996168735769
35u9tjs3cet5fhuskp61780m	1	1	117	30	1	Go	GW	1	1	0.765	1	1.0	0	0.9919	0.9920641528673934	-0.008032259632334946
35u9tjs3cet5fhuskp61780m	1	1	4	1	1	No-Go	NGW	0	0		1	0.0	1	0.5606	0.4335951525842186	-0.89382022143394
35u9tjs3cet5fhuskp61780m	1	1	7	2	1	No-Go	NGW	0	0		1	1.0	0	0.3817	0.6157289889367155	-0.5098453996718963
35u9tjs3cet5fhuskp61780m	1	1	12	3	1	No-Go	NGW	0	1	0.992	0	0.0	0	0.5852	0.5916448122915148	-0.5602832077978663
35u9tjs3cet5fhuskp61780m	1	1	15	4	1	No-Go	NGW	0	0		1	0.0	1	0.4082	0.5905258001944158	-0.5545340285223752
35u9tjs3cet5fhuskp61780m	1	1	18	5	1	No-Go	NGW	0	0		1	0.0	1	0.2572	0.753879941686641	-0.29446272786565586
35u9tjs3cet5fhuskp61780m	1	1	22	6	1	No-Go	NGW	0	0		1	0.0	1	0.1494	0.8526838614660208	-0.1649454242911641
35u9tjs3cet5fhuskp61780m	1	1	27	7	1	No-Go	NGW	0	0		1	0.0	1	0.0891	0.9088272732280424	-0.09823669386674329
35u9tjs3cet5fhuskp61780m	1	1	30	8	1	No-Go	NGW	0	0		1	0.0	1	0.0636	0.9409914751132678	-0.062100177514153296
35u9tjs3cet5fhuskp61780m	1	1	33	9	1	No-Go	NGW	0	0		1	0.0	1	0.0401	0.9600079488144941	-0.04146113713813358
35u9tjs3cet5fhuskp61780m	1	1	38	10	1	No-Go	NGW	0	0		1	1.0	0	0.028	0.9716797524122519	-0.029074389614705837
35u9tjs3cet5fhuskp61780m	1	1	42	11	1	No-Go	NGW	0	0		1	0.0	1	0.0819	0.917649975183368	-0.08751470227317237
35u9tjs3cet5fhuskp61780m	1	1	48	12	1	No-Go	NGW	0	0		1	1.0	0	0.0524	0.9472832296127752	-0.05490167460923101
35u9tjs3cet5fhuskp61780m	1	1	52	13	1	No-Go	NGW	0	0		1	0.0	1	0.1388	0.8598041579042336	-0.15580545202601234
35u9tjs3cet5fhuskp61780m	1	1	56	14	1	No-Go	NGW	0	0		1	0.0	1	0.0879	0.9160744883253247	-0.08928458299951422
35u9tjs3cet5fhuskp61780m	1	1	59	15	1	No-Go	NGW	0	0		1	0.0	1	0.0526	0.9466350751582496	-0.05558039274096546
35u9tjs3cet5fhuskp61780m	1	1	63	16	1	No-Go	NGW	0	0		1	1.0	0	0.038	0.964036585120694	-0.03701092163044219
35u9tjs3cet5fhuskp61780m	1	1	66	17	1	No-Go	NGW	0	0		1	0.0	1	0.1091	0.8963182504838036	-0.11231311235591333
35u9tjs3cet5fhuskp61780m	1	1	70	18	1	No-Go	NGW	0	0		1	0.0	1	0.0636	0.9363362278875207	-0.06682611855300218
35u9tjs3cet5fhuskp61780m	1	1	75	19	1	No-Go	NGW	0	0		1	0.0	1	0.0412	0.9583406815944925	-0.04304397519176763
35u9tjs3cet5fhuskp61780m	1	1	78	20	1	No-Go	NGW	0	0		1	0.0	1	0.029	0.9711341546642911	-0.029556148345759557
35u9tjs3cet5fhuskp61780m	1	1	81	21	1	No-Go	NGW	0	0		1	0.0	1	0.0211	0.9789837574733062	-0.02139714099987047
35u9tjs3cet5fhuskp61780m	1	1	85	22	1	No-Go	NGW	0	0		1	0.0	1	0.0166	0.9840315508344264	-0.016197000574233858
35u9tjs3cet5fhuskp61780m	1	1	90	23	1	No-Go	NGW	0	0		1	0.0	1	0.0152	0.9874103866090261	-0.012736939842186268
35u9tjs3cet5fhuskp61780m	1	1	94	24	1	No-Go	NGW	0	0		1	1.0	0	0.0097	0.9897506551335271	-0.01035042878172949
35u9tjs3cet5fhuskp61780m	1	1	98	25	1	No-Go	NGW	0	1	0.773	0	0.0	0	0.037	0.037351022880408424	-3.672383829152493
35u9tjs3cet5fhuskp61780m	1	1	102	26	1	No-Go	NGW	0	0		1	0.0	1	0.0188	0.980074447648187	-0.020304198089514395
35u9tjs3cet5fhuskp61780m	1	1	107	27	1	No-Go	NGW	0	0		1	0.0	1	0.0129	0.9862826419695053	-0.013897827919112255
35u9tjs3cet5fhuskp61780m	1	1	109	28	1	No-Go	NGW	0	0		1	0.0	1	0.0092	0.9899815280188657	-0.010117735212439055
35u9tjs3cet5fhuskp61780m	1	1	114	29	1	No-Go	NGW	0	0		1	0.0	1	0.0086	0.9923293324353449	-0.007731068954232827
35u9tjs3cet5fhuskp61780m	1	1	118	30	1	No-Go	NGW	0	0		1	1.0	0	0.0054	0.9938947441480944	-0.006144989222549536
35u9tjs3cet5fhuskp61780m	1	1	1	1	0	No-Go	NGAL	0	1	0.793	0	1.0	1	0.5676	0.5751501531925561	-0.5639401569776877
35u9tjs3cet5fhuskp61780m	1	1	5	2	0	No-Go	NGAL	0	1	0.803	0	0.0	0	0.7483	0.7413053573120123	-0.30589657437144313
35u9tjs3cet5fhuskp61780m	1	1	9	3	0	No-Go	NGAL	0	0		1	0.0	1	0.5462	0.451360575126229	-0.8126307388695552
35u9tjs3cet5fhuskp61780m	1	1	13	4	0	No-Go	NGAL	0	1	0.674	0	0.0	0	0.3621	0.3638699159656621	-1.0483588795966332
35u9tjs3cet5fhuskp61780m	1	1	17	5	0	No-Go	NGAL	0	1	0.787	0	0.0	0	0.2116	0.21805842729720698	-1.6288610356664093
35u9tjs3cet5fhuskp61780m	1	1	21	6	0	No-Go	NGAL	0	1	1.077	0	0.0	0	0.1287	0.13222942912128932	-2.2152744107900957
35u9tjs3cet5fhuskp61780m	1	1	26	7	0	No-Go	NGAL	0	0		1	1.0	0	0.084	0.9167531575954956	-0.08899920363332808
35u9tjs3cet5fhuskp61780m	1	1	31	8	0	No-Go	NGAL	0	0		1	0.0	1	0.1079	0.8975866538927794	-0.1107370916387322
35u9tjs3cet5fhuskp61780m	1	1	36	9	0	No-Go	NGAL	0	0		1	0.0	1	0.0561	0.9426453918023803	-0.06034252583150433
35u9tjs3cet5fhuskp61780m	1	1	39	10	0	No-Go	NGAL	0	0		1	0.0	1	0.036	0.9657404376552786	-0.035459823437554314
35u9tjs3cet5fhuskp61780m	1	1	43	11	0	No-Go	NGAL	0	0		1	0.0	1	0.0207	0.9782914830440681	-0.022238027992450823
35u9tjs3cet5fhuskp61780m	1	1	45	12	0	No-Go	NGAL	0	0		1	0.0	1	0.015	0.985501246228231	-0.014752248760310551
35u9tjs3cet5fhuskp61780m	1	1	51	13	0	No-Go	NGAL	0	0		1	1.0	0	0.0117	0.9898528682244508	-0.010277720346321344
35u9tjs3cet5fhuskp61780m	1	1	53	14	0	No-Go	NGAL	0	0		1	0.0	1	0.014	0.9862640563058725	-0.013956928585101858
35u9tjs3cet5fhuskp61780m	1	1	58	15	0	No-Go	NGAL	0	0		1	0.0	1	0.01	0.9903825717313941	-0.009730455750907403
35u9tjs3cet5fhuskp61780m	1	1	62	16	0	No-Go	NGAL	0	0		1	0.0	1	0.0073	0.992967368535543	-0.007094907018276324
35u9tjs3cet5fhuskp61780m	1	1	68	17	0	No-Go	NGAL	0	0		1	1.0	0	0.0052	0.9946569553033776	-0.005379735264381158
35u9tjs3cet5fhuskp61780m	1	1	69	18	0	No-Go	NGAL	0	0		1	0.0	1	0.0083	0.9924377302053579	-0.007633253391882269
35u9tjs3cet5fhuskp61780m	1	1	76	19	0	No-Go	NGAL	0	0		1	0.0	1	0.0043	0.9943543137291617	-0.0056855419800673985
35u9tjs3cet5fhuskp61780m	1	1	80	20	0	No-Go	NGAL	0	0		1	0.0	1	0.0032	0.9956193346835598	-0.004404859213675265
35u9tjs3cet5fhuskp61780m	1	1	82	21	0	No-Go	NGAL	0	0		1	0.0	1	0.0029	0.9964857237471142	-0.00352998600872877
35u9tjs3cet5fhuskp61780m	1	1	87	22	0	No-Go	NGAL	0	0		1	0.0	1	0.0031	0.9970978072127741	-0.002913016421080314
35u9tjs3cet5fhuskp61780m	1	1	92	23	0	No-Go	NGAL	0	0		1	1.0	0	0.0019	0.9975418271144084	-0.0024660316291036334
35u9tjs3cet5fhuskp61780m	1	1	93	24	0	No-Go	NGAL	0	0		1	0.0	1	0.0048	0.9963869013417167	-0.003629749583907225
35u9tjs3cet5fhuskp61780m	1	1	99	25	0	No-Go	NGAL	0	0		1	0.0	1	0.003	0.9970548601067667	-0.0029561660564138958
35u9tjs3cet5fhuskp61780m	1	1	101	26	0	No-Go	NGAL	0	1	0.869	0	0.0	0	0.0021	0.0024736277249634833	-6.749462338412641
35u9tjs3cet5fhuskp61780m	1	1	105	27	0	No-Go	NGAL	0	0		1	0.0	1	0.0021	0.9983963925124102	-0.00160722155941909
35u9tjs3cet5fhuskp61780m	1	1	111	28	0	No-Go	NGAL	0	0		1	1.0	0	0.0019	0.9986180500342331	-0.00138467693563997
35u9tjs3cet5fhuskp61780m	1	1	113	29	0	No-Go	NGAL	0	0		1	0.0	1	0.0023	0.9979220247716984	-0.002084346838531009
35u9tjs3cet5fhuskp61780m	1	1	120	30	0	No-Go	NGAL	0	0		1	0.0	1	0.0011	0.9982917983493378	-0.0017124219865577634
35u9tjs3cet5fhuskp61780m	1	1	3	1	0	Go	GAL	1	1	0.911	1	0.0	1	0.5716	0.5751501531925561	-0.5639401569776877
35u9tjs3cet5fhuskp61780m	1	1	6	2	0	Go	GAL	1	1	1.111	1	0.0	1	0.7415	0.7413053573120123	-0.30589657437144313
35u9tjs3cet5fhuskp61780m	1	1	10	3	0	Go	GAL	1	1	1.078	1	0.0	1	0.8399	0.843315486540072	-0.17421154297277072
35u9tjs3cet5fhuskp61780m	1	1	14	4	0	Go	GAL	1	1	1.228	1	1.0	0	0.8982	0.9020491896184866	-0.10509872708359305
35u9tjs3cet5fhuskp61780m	1	1	20	5	0	Go	GAL	1	0		0	0.0	0	0.7768	0.22567407401963946	-1.5338932837786823
35u9tjs3cet5fhuskp61780m	1	1	23	6	0	Go	GAL	1	0		0	1.0	1	0.8103	0.1900308354132705	-1.7128224589103749
35u9tjs3cet5fhuskp61780m	1	1	28	7	0	Go	GAL	1	0		0	0.0	0	0.6575	0.33955639499239415	-1.1064496928937104
35u9tjs3cet5fhuskp61780m	1	1	32	8	0	Go	GAL	1	0		0	0.0	0	0.7038	0.289700231287028	-1.2863269210734039
35u9tjs3cet5fhuskp61780m	1	1	34	9	0	Go	GAL	1	1	0.732	1	0.0	1	0.7621	0.751207097055265	-0.29447308380628995
35u9tjs3cet5fhuskp61780m	1	1	37	10	0	Go	GAL	1	1	1.152	1	0.0	1	0.8471	0.8485399165437919	-0.16791151692200088
35u9tjs3cet5fhuskp61780m	1	1	41	11	0	Go	GAL	1	1	0.938	1	0.0	1	0.9074	0.9045168687591606	-0.10218520046069339
35u9tjs3cet5fhuskp61780m	1	1	47	12	0	Go	GAL	1	1	0.777	1	0.0	1	0.9401	0.9369379238321358	-0.06610496608930347
35u9tjs3cet5fhuskp61780m	1	1	50	13	0	Go	GAL	1	1	0.859	1	1.0	0	0.9551	0.9563411563108586	-0.045177375242545635
35u9tjs3cet5fhuskp61780m	1	1	54	14	0	Go	GAL	1	1	0.65	1	0.0	1	0.8738	0.8760652200464936	-0.13519855737425002
35u9tjs3cet5fhuskp61780m	1	1	57	15	0	Go	GAL	1	1	0.837	1	0.0	1	0.9212	0.9216350947010639	-0.08284996090192458
35u9tjs3cet5fhuskp61780m	1	1	61	16	0	Go	GAL	1	1	0.67	1	0.0	1	0.9467	0.9476742207134137	-0.05438829174157483
35u9tjs3cet5fhuskp61780m	1	1	65	17	0	Go	GAL	1	1	0.558	1	0.0	1	0.9597	0.9632243968785847	-0.037836357898236056
35u9tjs3cet5fhuskp61780m	1	1	71	18	0	Go	GAL	1	1	0.787	1	0.0	1	0.9715	0.9729436042440408	-0.027654294834450293
35u9tjs3cet5fhuskp61780m	1	1	74	19	0	Go	GAL	1	1	0.67	1	0.0	1	0.9803	0.9792756766227547	-0.021088694170735278
35u9tjs3cet5fhuskp61780m	1	1	79	20	0	Go	GAL	1	1	0.645	1	1.0	0	0.9815	0.9835542452970425	-0.016683457568323908
35u9tjs3cet5fhuskp61780m	1	1	83	21	0	Go	GAL	1	1	0.843	1	0.0	1	0.9425	0.9424901866669494	-0.06037262900256779
35u9tjs3cet5fhuskp61780m	1	1	88	22	0	Go	GAL	1	1	0.537	1	1.0	0	0.962	0.9609008171339553	-0.04038552602289517
35u9tjs3cet5fhuskp61780m	1	1	91	23	0	Go	GAL	1	1	0.535	1	0.0	1	0.8822	0.8818927303768138	-0.13181149663708533
35u9tjs3cet5fhuskp61780m	1	1	95	24	0	Go	GAL	1	1	0.674	1	0.0	1	0.9258	0.9269786357184303	-0.07760913284943939
35u9tjs3cet5fhuskp61780m	1	1	100	25	0	Go	GAL	1	1	0.884	1	0.0	1	0.9547	0.9518865985370776	-0.050036011993500475
35u9tjs3cet5fhuskp61780m	1	1	104	26	0	Go	GAL	1	1	0.687	1	0.0	1	0.967	0.9663423766776265	-0.034605937139591085
35u9tjs3cet5fhuskp61780m	1	1	106	27	0	Go	GAL	1	1	0.709	1	1.0	0	0.9744	0.9752091041448042	-0.025318750207096574
35u9tjs3cet5fhuskp61780m	1	1	110	28	0	Go	GAL	1	1	0.832	1	0.0	1	0.9198	0.9178881682882664	-0.08841250756022694
35u9tjs3cet5fhuskp61780m	1	1	116	29	0	Go	GAL	1	1	0.848	1	0.0	1	0.9499	0.9470532860971276	-0.05537998632812878
35u9tjs3cet5fhuskp61780m	1	1	119	30	0	Go	GAL	1	1	0.804	1	0.0	1	0.9643	0.9636174242005131	-0.03751858397020137
3eazb0ta6orlr8pndlxjcx7u	1	1	1	1	1	Go	GW	1	1	1.102	1	0.0	1	0.7655	0.7590632503656082	-0.2916754138381945
3eazb0ta6orlr8pndlxjcx7u	1	1	5	2	1	Go	GW	1	1	0.558	1	1.0	0	0.8768	0.8773808039237027	-0.1357379462658244
3eazb0ta6orlr8pndlxjcx7u	1	1	12	3	1	Go	GW	1	0		0	0.0	0	0.7956	0.20496040043110006	-1.6613176068840132
3eazb0ta6orlr8pndlxjcx7u	1	1	14	4	1	Go	GW	1	1	0.581	1	0.0	1	0.8653	0.8635627775007803	-0.15080678816108956
3eazb0ta6orlr8pndlxjcx7u	1	1	20	5	1	Go	GW	1	1	1.279	1	0.0	1	0.927	0.9277522757694329	-0.07747209366095208
3eazb0ta6orlr8pndlxjcx7u	1	1	24	6	1	Go	GW	1	1	0.412	1	0.0	1	0.9539	0.9545107960989331	-0.04788679761091245
3eazb0ta6orlr8pndlxjcx7u	1	1	28	7	1	Go	GW	1	1	0.491	1	0.0	1	0.9707	0.9686364504697718	-0.032601320619538375
3eazb0ta6orlr8pndlxjcx7u	1	1	31	8	1	Go	GW	1	1	0.568	1	0.0	1	0.9777	0.9769441121011547	-0.02375044163035391
3eazb0ta6orlr8pndlxjcx7u	1	1	36	9	1	Go	GW	1	1	0.57	1	0.0	1	0.9835	0.982174146894212	-0.018243207508907407
3eazb0ta6orlr8pndlxjcx7u	1	1	37	10	1	Go	GW	1	1	0.485	1	1.0	0	0.985	0.9856306175815848	-0.014636285422600696
3eazb0ta6orlr8pndlxjcx7u	1	1	44	11	1	Go	GW	1	1	0.687	1	1.0	0	0.9666	0.9658199800965427	-0.0353137206227386
3eazb0ta6orlr8pndlxjcx7u	1	1	46	12	1	Go	GW	1	1	0.612	1	0.0	1	0.9291	0.9291998883395048	-0.0763043353226278
3eazb0ta6orlr8pndlxjcx7u	1	1	52	13	1	Go	GW	1	1	0.87	1	0.0	1	0.9717	0.9669287378308425	-0.03413429321233764
3eazb0ta6orlr8pndlxjcx7u	1	1	56	14	1	Go	GW	1	1	0.502	1	0.0	1	0.977	0.977948224173453	-0.022598686415234943
3eazb0ta6orlr8pndlxjcx7u	1	1	58	15	1	Go	GW	1	1	0.685	1	0.0	1	0.9834	0.9834525408732788	-0.01688013452401753
3eazb0ta6orlr8pndlxjcx7u	1	1	62	16	1	Go	GW	1	1	0.763	1	0.0	1	0.9853	0.9867376204519227	-0.013482680985309118
3eazb0ta6orlr8pndlxjcx7u	1	1	68	17	1	Go	GW	1	1	0.758	1	0.0	1	0.9885	0.9888805961132772	-0.011275145688305548
3eazb0ta6orlr8pndlxjcx7u	1	1	70	18	1	Go	GW	1	1	0.781	1	1.0	0	0.9889	0.9903566560751964	-0.009760048176721494
3eazb0ta6orlr8pndlxjcx7u	1	1	75	19	1	Go	GW	1	1	0.531	1	0.0	1	0.9714	0.972982926684148	-0.027907377656226466
3eazb0ta6orlr8pndlxjcx7u	1	1	78	20	1	Go	GW	1	1	0.573	1	0.0	1	0.9835	0.9841417663657599	-0.016137912641544176
3eazb0ta6orlr8pndlxjcx7u	1	1	82	21	1	Go	GW	1	1	0.348	1	0.0	1	0.9884	0.9880292663681628	-0.012138363459613374
3eazb0ta6orlr8pndlxjcx7u	1	1	86	22	1	Go	GW	1	1	0.526	1	0.0	1	0.9894	0.990097603744094	-0.010020703061026683
3eazb0ta6orlr8pndlxjcx7u	1	1	89	23	1	Go	GW	1	1	0.5	1	1.0	0	0.9898	0.9913818379866128	-0.008709590074553424
3eazb0ta6orlr8pndlxjcx7u	1	1	94	24	1	Go	GW	1	1	0.594	1	0.0	1	0.9748	0.974290339264564	-0.026600328537848102
3eazb0ta6orlr8pndlxjcx7u	1	1	98	25	1	Go	GW	1	1	0.548	1	0.0	1	0.9844	0.9853586317720772	-0.014891676765135446
3eazb0ta6orlr8pndlxjcx7u	1	1	103	26	1	Go	GW	1	1	0.521	1	0.0	1	0.9894	0.9890114705227275	-0.011133242906397924
3eazb0ta6orlr8pndlxjcx7u	1	1	106	27	1	Go	GW	1	1	1.029	1	0.0	1	0.9912	0.9908742149488217	-0.009228122915033554
3eazb0ta6orlr8pndlxjcx7u	1	1	111	28	1	Go	GW	1	1	0.461	1	1.0	0	0.9926	0.9919958733619473	-0.008084664195891392
3eazb0ta6orlr8pndlxjcx7u	1	1	116	29	1	Go	GW	1	1	0.378	1	0.0	1	0.9755	0.975210488152253	-0.0256705130517302
3eazb0ta6orlr8pndlxjcx7u	1	1	120	30	1	Go	GW	1	1	0.411	1	0.0	1	0.986	0.9860837272668769	-0.014152849525452638
3eazb0ta6orlr8pndlxjcx7u	1	1	2	1	0	Go	GAL	1	0		0	0.0	0	0.5986	0.3936072130824598	-0.955445573068372
3eazb0ta6orlr8pndlxjcx7u	1	1	6	2	0	Go	GAL	1	1	0.615	1	1.0	0	0.6761	0.6801902738429387	-0.39401428698125324
3eazb0ta6orlr8pndlxjcx7u	1	1	9	3	0	Go	GAL	1	0		0	0.0	0	0.5602	0.44146636321844324	-0.8314459699451036
3eazb0ta6orlr8pndlxjcx7u	1	1	16	4	0	Go	GAL	1	1	1.451	1	0.0	1	0.6264	0.624744751246914	-0.4807006362610908
3eazb0ta6orlr8pndlxjcx7u	1	1	19	5	0	Go	GAL	1	1	1.134	1	0.0	1	0.7515	0.7510306990888354	-0.2992403762381205
3eazb0ta6orlr8pndlxjcx7u	1	1	23	6	0	Go	GAL	1	1	0.866	1	0.0	1	0.8199	0.8227529141481006	-0.2054576613088858
3eazb0ta6orlr8pndlxjcx7u	1	1	27	7	0	Go	GAL	1	1	0.72	1	0.0	1	0.8619	0.8682632536698364	-0.1482809203035033
3eazb0ta6orlr8pndlxjcx7u	1	1	30	8	0	Go	GAL	1	1	0.5	1	0.0	1	0.9	0.8991962459861231	-0.11075402463753274
3eazb0ta6orlr8pndlxjcx7u	1	1	33	9	0	Go	GAL	1	1	0.569	1	1.0	0	0.9217	0.9210685227238686	-0.08504828665985009
3eazb0ta6orlr8pndlxjcx7u	1	1	39	10	0	Go	GAL	1	0		0	0.0	0	0.8503	0.14448908920548262	-2.0463747605341545
3eazb0ta6orlr8pndlxjcx7u	1	1	42	11	0	Go	GAL	1	1	0.642	1	0.0	1	0.8819	0.8796419811803693	-0.13137676843987986
3eazb0ta6orlr8pndlxjcx7u	1	1	48	12	0	Go	GAL	1	1	1.112	1	0.0	1	0.9112	0.9148770754396625	-0.09127411078325806
3eazb0ta6orlr8pndlxjcx7u	1	1	51	13	0	Go	GAL	1	1	0.617	1	0.0	1	0.9382	0.9357125076991497	-0.06804435789771811
3eazb0ta6orlr8pndlxjcx7u	1	1	54	14	0	Go	GAL	1	1	0.601	1	1.0	0	0.9512	0.9495825591526065	-0.05279862263540483
3eazb0ta6orlr8pndlxjcx7u	1	1	59	15	0	Go	GAL	1	1	0.719	1	0.0	1	0.9014	0.9002566538072774	-0.1070224357706194
3eazb0ta6orlr8pndlxjcx7u	1	1	64	16	0	Go	GAL	1	1	1.216	1	0.0	1	0.9296	0.9310811599956776	-0.07255155225063502
3eazb0ta6orlr8pndlxjcx7u	1	1	67	17	0	Go	GAL	1	1	0.674	1	0.0	1	0.9468	0.9481431544107009	-0.05404919297168614
3eazb0ta6orlr8pndlxjcx7u	1	1	72	18	0	Go	GAL	1	1	0.479	1	0.0	1	0.9584	0.9591037575367515	-0.04231030909610101
3eazb0ta6orlr8pndlxjcx7u	1	1	73	19	0	Go	GAL	1	1	0.65	1	0.0	1	0.9674	0.9666769063334263	-0.03427696707591483
3eazb0ta6orlr8pndlxjcx7u	1	1	79	20	0	Go	GAL	1	1	0.455	1	1.0	0	0.9744	0.9721358675484028	-0.028533960160809252
3eazb0ta6orlr8pndlxjcx7u	1	1	84	21	0	Go	GAL	1	1	0.478	1	0.0	1	0.9333	0.9349896817368814	-0.0686208343917716
3eazb0ta6orlr8pndlxjcx7u	1	1	87	22	0	Go	GAL	1	1	0.487	1	0.0	1	0.9542	0.9549848309724677	-0.046606490525640094
3eazb0ta6orlr8pndlxjcx7u	1	1	92	23	0	Go	GAL	1	1	0.487	1	0.0	1	0.9677	0.9654922952474819	-0.03546552374159313
3eazb0ta6orlr8pndlxjcx7u	1	1	93	24	0	Go	GAL	1	1	0.443	1	0.0	1	0.9714	0.9720614370674628	-0.02858503528941175
3eazb0ta6orlr8pndlxjcx7u	1	1	97	25	0	Go	GAL	1	1	0.981	1	1.0	0	0.9764	0.9765397420806554	-0.023927959031813408
3eazb0ta6orlr8pndlxjcx7u	1	1	102	26	0	Go	GAL	1	1	0.547	1	0.0	1	0.9397	0.9407713460150435	-0.06278997166353126
3eazb0ta6orlr8pndlxjcx7u	1	1	107	27	0	Go	GAL	1	1	0.487	1	1.0	0	0.9581	0.959955698627596	-0.041453773224506725
3eazb0ta6orlr8pndlxjcx7u	1	1	109	28	0	Go	GAL	1	1	0.864	1	0.0	1	0.9141	0.9097565238378096	-0.09940827973214775
3eazb0ta6orlr8pndlxjcx7u	1	1	113	29	0	Go	GAL	1	1	0.46	1	0.0	1	0.9462	0.9445007004097137	-0.0582960359324052
3eazb0ta6orlr8pndlxjcx7u	1	1	119	30	0	Go	GAL	1	1	0.433	1	0.0	1	0.9586	0.9603704055287992	-0.04101820517535235
3eazb0ta6orlr8pndlxjcx7u	1	1	3	1	1	No-Go	NGW	0	1	0.941	0	1.0	1	0.7617	0.7590632503656082	-0.2916754138381945
3eazb0ta6orlr8pndlxjcx7u	1	1	8	2	1	No-Go	NGW	0	1	0.627	0	0.0	0	0.8765	0.8773808039237027	-0.1357379462658244
3eazb0ta6orlr8pndlxjcx7u	1	1	11	3	1	No-Go	NGW	0	1	0.856	0	0.0	0	0.7988	0.7950395995688999	-0.2343780387475474
3eazb0ta6orlr8pndlxjcx7u	1	1	15	4	1	No-Go	NGW	0	0		1	0.0	1	0.6938	0.3043738523767632	-1.2395037217063187
3eazb0ta6orlr8pndlxjcx7u	1	1	18	5	1	No-Go	NGW	0	0		1	0.0	1	0.5642	0.42464160220098873	-0.9141817950143438
3eazb0ta6orlr8pndlxjcx7u	1	1	22	6	1	No-Go	NGW	0	0		1	1.0	0	0.4687	0.5233143425191361	-0.6977517360215916
3eazb0ta6orlr8pndlxjcx7u	1	1	26	7	1	No-Go	NGW	0	1	0.508	0	0.0	0	0.6534	0.6473778445503545	-0.4449154049424815
3eazb0ta6orlr8pndlxjcx7u	1	1	32	8	1	No-Go	NGW	0	1	0.469	0	0.0	0	0.542	0.5459520175879491	-0.6226323545333662
3eazb0ta6orlr8pndlxjcx7u	1	1	34	9	1	No-Go	NGW	0	1	1.302	0	0.0	0	0.4633	0.4599744172678018	-0.8030283476778896
3eazb0ta6orlr8pndlxjcx7u	1	1	38	10	1	No-Go	NGW	0	1	0.693	0	0.0	0	0.383	0.3897175757321618	-0.9776825193000149
3eazb0ta6orlr8pndlxjcx7u	1	1	43	11	1	No-Go	NGW	0	1	0.871	0	0.0	0	0.3438	0.3331467598284155	-1.1444216335783706
3eazb0ta6orlr8pndlxjcx7u	1	1	45	12	1	No-Go	NGW	0	0		1	0.0	1	0.2908	0.7120757107002654	-0.34975127091882297
3eazb0ta6orlr8pndlxjcx7u	1	1	49	13	1	No-Go	NGW	0	0		1	1.0	0	0.191	0.8019860778394268	-0.22622245800118118
3eazb0ta6orlr8pndlxjcx7u	1	1	55	14	1	No-Go	NGW	0	0		1	0.0	1	0.3176	0.6793662614687468	-0.40258554743605063
3eazb0ta6orlr8pndlxjcx7u	1	1	57	15	1	No-Go	NGW	0	0		1	0.0	1	0.2199	0.7844490220945635	-0.24820331447192878
3eazb0ta6orlr8pndlxjcx7u	1	1	63	16	1	No-Go	NGW	0	0		1	0.0	1	0.1519	0.8447004614402411	-0.1729123970852577
3eazb0ta6orlr8pndlxjcx7u	1	1	66	17	1	No-Go	NGW	0	0		1	0.0	1	0.12	0.8824148171831688	-0.1280244852992684
3eazb0ta6orlr8pndlxjcx7u	1	1	71	18	1	No-Go	NGW	0	0		1	1.0	0	0.0933	0.9077487308965269	-0.09876055655334581
3eazb0ta6orlr8pndlxjcx7u	1	1	76	19	1	No-Go	NGW	0	0		1	0.0	1	0.1817	0.8157506623104623	-0.21212612980373344
3eazb0ta6orlr8pndlxjcx7u	1	1	77	20	1	No-Go	NGW	0	0		1	0.0	1	0.1261	0.8730514878512855	-0.13816926059941176
3eazb0ta6orlr8pndlxjcx7u	1	1	83	21	1	No-Go	NGW	0	0		1	0.0	1	0.0922	0.9052075951810333	-0.10107124752710073
3eazb0ta6orlr8pndlxjcx7u	1	1	85	22	1	No-Go	NGW	0	0		1	1.0	0	0.0728	0.925497648187917	-0.07845335370588749
3eazb0ta6orlr8pndlxjcx7u	1	1	91	23	1	No-Go	NGW	0	0		1	0.0	1	0.1669	0.8392221775158017	-0.18637230965485374
3eazb0ta6orlr8pndlxjcx7u	1	1	96	24	1	No-Go	NGW	0	0		1	0.0	1	0.109	0.8912846651713199	-0.11754652005793773
3eazb0ta6orlr8pndlxjcx7u	1	1	99	25	1	No-Go	NGW	0	0		1	0.0	1	0.0786	0.9191991832813335	-0.08548894785105099
3eazb0ta6orlr8pndlxjcx7u	1	1	104	26	1	No-Go	NGW	0	0		1	0.0	1	0.0682	0.9362333982116021	-0.06671579351961791
3eazb0ta6orlr8pndlxjcx7u	1	1	105	27	1	No-Go	NGW	0	0		1	0.0	1	0.0544	0.9475423858084154	-0.05450523354669299
3eazb0ta6orlr8pndlxjcx7u	1	1	112	28	1	No-Go	NGW	0	0		1	0.0	1	0.0431	0.9554561587935616	-0.04607564481140442
3eazb0ta6orlr8pndlxjcx7u	1	1	114	29	1	No-Go	NGW	0	0		1	1.0	0	0.0393	0.9611939622931728	-0.0400262730477151
3eazb0ta6orlr8pndlxjcx7u	1	1	118	30	1	No-Go	NGW	0	0		1	0.0	1	0.1035	0.8951648694209885	-0.12150776903409037
3eazb0ta6orlr8pndlxjcx7u	1	1	4	1	0	No-Go	NGAL	0	0		1	1.0	0	0.6066	0.3936072130824598	-0.955445573068372
3eazb0ta6orlr8pndlxjcx7u	1	1	7	2	0	No-Go	NGAL	0	1	0.699	0	0.0	0	0.6843	0.6801902738429387	-0.39401428698125324
3eazb0ta6orlr8pndlxjcx7u	1	1	10	3	0	No-Go	NGAL	0	0		1	0.0	1	0.5572	0.44146636321844324	-0.8314459699451036
3eazb0ta6orlr8pndlxjcx7u	1	1	13	4	0	No-Go	NGAL	0	0		1	0.0	1	0.4124	0.5866989084304545	-0.5548204338955193
3eazb0ta6orlr8pndlxjcx7u	1	1	17	5	0	No-Go	NGAL	0	0		1	0.0	1	0.3191	0.6864732462143119	-0.39684962176085165
3eazb0ta6orlr8pndlxjcx7u	1	1	21	6	0	No-Go	NGAL	0	0		1	0.0	1	0.2391	0.755980116691488	-0.2950354510233988
3eazb0ta6orlr8pndlxjcx7u	1	1	25	7	0	No-Go	NGAL	0	0		1	0.0	1	0.1924	0.806163713120198	-0.22574246731215555
3eazb0ta6orlr8pndlxjcx7u	1	1	29	8	0	No-Go	NGAL	0	0		1	0.0	1	0.1539	0.8432870115138219	-0.17706452760473013
3eazb0ta6orlr8pndlxjcx7u	1	1	35	9	0	No-Go	NGAL	0	0		1	0.0	1	0.1326	0.8711801627478797	-0.14210336096255718
3eazb0ta6orlr8pndlxjcx7u	1	1	40	10	0	No-Go	NGAL	0	0		1	1.0	0	0.106	0.8923677418530788	-0.11655233910186538
3eazb0ta6orlr8pndlxjcx7u	1	1	41	11	0	No-Go	NGAL	0	0		1	0.0	1	0.1688	0.8339390332425719	-0.18485471682394614
3eazb0ta6orlr8pndlxjcx7u	1	1	47	12	0	No-Go	NGAL	0	0		1	0.0	1	0.1253	0.8714353305640506	-0.13948548866942592
3eazb0ta6orlr8pndlxjcx7u	1	1	50	13	0	No-Go	NGAL	0	0		1	0.0	1	0.1016	0.8958999147865694	-0.11126460225736483
3eazb0ta6orlr8pndlxjcx7u	1	1	53	14	0	No-Go	NGAL	0	0		1	1.0	0	0.0896	0.9130322246584935	-0.0919930979860686
3eazb0ta6orlr8pndlxjcx7u	1	1	60	15	0	No-Go	NGAL	0	0		1	0.0	1	0.1389	0.8560327654329932	-0.1603806929671827
3eazb0ta6orlr8pndlxjcx7u	1	1	61	16	0	No-Go	NGAL	0	0		1	0.0	1	0.1101	0.8905131264047068	-0.11786750967108474
3eazb0ta6orlr8pndlxjcx7u	1	1	65	17	0	No-Go	NGAL	0	0		1	0.0	1	0.0873	0.9116554255432933	-0.09368548420353201
3eazb0ta6orlr8pndlxjcx7u	1	1	69	18	0	No-Go	NGAL	0	0		1	0.0	1	0.0737	0.9258250830397099	-0.07798212636620167
3eazb0ta6orlr8pndlxjcx7u	1	1	74	19	0	No-Go	NGAL	0	0		1	1.0	0	0.0638	0.9358571986151389	-0.06707609849807505
3eazb0ta6orlr8pndlxjcx7u	1	1	80	20	0	No-Go	NGAL	0	0		1	0.0	1	0.1094	0.8851838119907603	-0.1276803869403645
3eazb0ta6orlr8pndlxjcx7u	1	1	81	21	0	No-Go	NGAL	0	0		1	1.0	0	0.0887	0.9123255743486678	-0.09405785232441412
3eazb0ta6orlr8pndlxjcx7u	1	1	88	22	0	No-Go	NGAL	0	0		1	0.0	1	0.1554	0.8502412890633566	-0.1776324347852113
3eazb0ta6orlr8pndlxjcx7u	1	1	90	23	0	No-Go	NGAL	0	0		1	0.0	1	0.1057	0.8923200585874225	-0.11869938233508923
3eazb0ta6orlr8pndlxjcx7u	1	1	95	24	0	No-Go	NGAL	0	0		1	0.0	1	0.0816	0.9159791503845063	-0.09012936985798538
3eazb0ta6orlr8pndlxjcx7u	1	1	100	25	0	No-Go	NGAL	0	0		1	0.0	1	0.0691	0.9306706897283593	-0.0733823972809459
3eazb0ta6orlr8pndlxjcx7u	1	1	101	26	0	No-Go	NGAL	0	0		1	0.0	1	0.0594	0.9404816506419347	-0.06253536843372978
3eazb0ta6orlr8pndlxjcx7u	1	1	108	27	0	No-Go	NGAL	0	0		1	0.0	1	0.0494	0.9473691588708217	-0.05506660692450739
3eazb0ta6orlr8pndlxjcx7u	1	1	110	28	0	No-Go	NGAL	0	0		1	0.0	1	0.0492	0.9523808153950378	-0.04970595254750899
3eazb0ta6orlr8pndlxjcx7u	1	1	115	29	0	No-Go	NGAL	0	0		1	1.0	0	0.0442	0.9561275359879561	-0.04573972758078846
3eazb0ta6orlr8pndlxjcx7u	1	1	117	30	0	No-Go	NGAL	0	0		1	0.0	1	0.0856	0.9133239406300412	-0.0965260759822916
3eazb0ta6orlr8pndlxjcx7u	1	2	122	1	1	No-Go	NGW	0	1	0.501	0	1.0	1	0.7576	0.7590632503656082	-0.2916754138381945
3eazb0ta6orlr8pndlxjcx7u	1	2	126	2	1	No-Go	NGW	0	1	0.445	0	0.0	0	0.8771	0.8773808039237027	-0.1357379462658244
3eazb0ta6orlr8pndlxjcx7u	1	2	129	3	1	No-Go	NGW	0	1	0.54	0	0.0	0	0.7998	0.7950395995688999	-0.2343780387475474
3eazb0ta6orlr8pndlxjcx7u	1	2	133	4	1	No-Go	NGW	0	1	0.706	0	0.0	0	0.6956	0.6956261476232368	-0.373039550779717
3eazb0ta6orlr8pndlxjcx7u	1	2	137	5	1	No-Go	NGW	0	0		1	0.0	1	0.5972	0.4002385737607867	-0.9561662388773751
3eazb0ta6orlr8pndlxjcx7u	1	2	141	6	1	No-Go	NGW	0	0		1	1.0	0	0.4688	0.526436377769556	-0.6892697681123087
3eazb0ta6orlr8pndlxjcx7u	1	2	145	7	1	No-Go	NGW	0	1	0.509	0	0.0	0	0.6303	0.6267582174521136	-0.47877564369006825
3eazb0ta6orlr8pndlxjcx7u	1	2	152	8	1	No-Go	NGW	0	0		1	0.0	1	0.5397	0.45684343473574446	-0.8076601183511761
3eazb0ta6orlr8pndlxjcx7u	1	2	153	9	1	No-Go	NGW	0	0		1	0.0	1	0.3952	0.5917901665774024	-0.5545212752578198
3eazb0ta6orlr8pndlxjcx7u	1	2	158	10	1	No-Go	NGW	0	1	0.307	0	0.0	0	0.3052	0.31516909559345324	-1.3101659034212816
3eazb0ta6orlr8pndlxjcx7u	1	2	161	11	1	No-Go	NGW	0	1	0.893	0	0.0	0	0.2598	0.2572231746354903	-1.5227613596590381
3eazb0ta6orlr8pndlxjcx7u	1	2	167	12	1	No-Go	NGW	0	0		1	0.0	1	0.2106	0.7875752512121922	-0.2493380923464738
3eazb0ta6orlr8pndlxjcx7u	1	2	169	13	1	No-Go	NGW	0	0		1	1.0	0	0.1609	0.8374182786855852	-0.18484569067508763
3eazb0ta6orlr8pndlxjcx7u	1	2	174	14	1	No-Go	NGW	0	0		1	0.0	1	0.277	0.7186914162418252	-0.33980188896707797
3eazb0ta6orlr8pndlxjcx7u	1	2	180	15	1	No-Go	NGW	0	0		1	0.0	1	0.2056	0.8015539455428713	-0.22689071296854255
3eazb0ta6orlr8pndlxjcx7u	1	2	182	16	1	No-Go	NGW	0	0		1	0.0	1	0.152	0.8512872157392508	-0.165320443391997
3eazb0ta6orlr8pndlxjcx7u	1	2	185	17	1	No-Go	NGW	0	0		1	0.0	1	0.1182	0.8840065303986199	-0.12629090943762972
3eazb0ta6orlr8pndlxjcx7u	1	2	192	18	1	No-Go	NGW	0	0		1	1.0	0	0.0952	0.906816456948138	-0.09982718750507187
3eazb0ta6orlr8pndlxjcx7u	1	2	196	19	1	No-Go	NGW	0	0		1	0.0	1	0.1927	0.8106209470400889	-0.2186999756573684
3eazb0ta6orlr8pndlxjcx7u	1	2	200	20	1	No-Go	NGW	0	1	0.506	0	0.0	0	0.1296	0.13287538832368354	-2.1277391187425883
3eazb0ta6orlr8pndlxjcx7u	1	2	203	21	1	No-Go	NGW	0	1	0.454	0	0.0	0	0.1126	0.11105052825794533	-2.3367480177893136
3eazb0ta6orlr8pndlxjcx7u	1	2	205	22	1	No-Go	NGW	0	0		1	1.0	0	0.0896	0.904926409771093	-0.10198725066586936
3eazb0ta6orlr8pndlxjcx7u	1	2	209	23	1	No-Go	NGW	0	0		1	0.0	1	0.1845	0.8114306481514686	-0.2319522303436412
3eazb0ta6orlr8pndlxjcx7u	1	2	214	24	1	No-Go	NGW	0	0		1	0.0	1	0.1149	0.8801455054785718	-0.13137216493959702
3eazb0ta6orlr8pndlxjcx7u	1	2	219	25	1	No-Go	NGW	0	0		1	0.0	1	0.0824	0.9150900392478987	-0.09021010016869437
3eazb0ta6orlr8pndlxjcx7u	1	2	224	26	1	No-Go	NGW	0	0		1	0.0	1	0.0674	0.9352297379774567	-0.0678465848302242
3eazb0ta6orlr8pndlxjcx7u	1	2	226	27	1	No-Go	NGW	0	0		1	0.0	1	0.0516	0.948044036735935	-0.05398307685852293
3eazb0ta6orlr8pndlxjcx7u	1	2	232	28	1	No-Go	NGW	0	0		1	0.0	1	0.0415	0.9567324457780733	-0.04472872804025375
3eazb0ta6orlr8pndlxjcx7u	1	2	233	29	1	No-Go	NGW	0	0		1	1.0	0	0.0389	0.9628799430148814	-0.038252876280395365
3eazb0ta6orlr8pndlxjcx7u	1	2	238	30	1	No-Go	NGW	0	0		1	0.0	1	0.0979	0.9000080050440276	-0.11577389812653836
3eazb0ta6orlr8pndlxjcx7u	1	2	121	1	0	Go	GAL	1	1	0.522	1	0.0	1	0.6079	0.6063927869175403	-0.5099739966799091
3eazb0ta6orlr8pndlxjcx7u	1	2	128	2	0	Go	GAL	1	1	0.598	1	1.0	0	0.7143	0.7191003869289972	-0.339974868232997
3eazb0ta6orlr8pndlxjcx7u	1	2	132	3	0	Go	GAL	1	0		0	0.0	0	0.578	0.4205370577492082	-0.8864445972061209
3eazb0ta6orlr8pndlxjcx7u	1	2	134	4	0	Go	GAL	1	0		0	0.0	0	0.6531	0.34326357749374237	-1.0928071345223984
3eazb0ta6orlr8pndlxjcx7u	1	2	138	5	0	Go	GAL	1	1	0.723	1	0.0	1	0.7057	0.7142408728719362	-0.34489430764132967
3eazb0ta6orlr8pndlxjcx7u	1	2	143	6	0	Go	GAL	1	1	0.571	1	0.0	1	0.8021	0.8061072719634887	-0.2244491258117111
3eazb0ta6orlr8pndlxjcx7u	1	2	146	7	0	Go	GAL	1	1	0.561	1	0.0	1	0.8609	0.8593287369137833	-0.15825658448849084
3eazb0ta6orlr8pndlxjcx7u	1	2	149	8	0	Go	GAL	1	1	0.746	1	0.0	1	0.8916	0.893844845770131	-0.1166503149756027
3eazb0ta6orlr8pndlxjcx7u	1	2	155	9	0	Go	GAL	1	0		0	1.0	1	0.9172	0.08236891556766995	-2.9168059526729384
3eazb0ta6orlr8pndlxjcx7u	1	2	159	10	0	Go	GAL	1	0		0	0.0	0	0.8682	0.13258764161881487	-2.150160987876917
3eazb0ta6orlr8pndlxjcx7u	1	2	164	11	0	Go	GAL	1	1	0.64	1	0.0	1	0.9003	0.895574682925447	-0.11383034993891178
3eazb0ta6orlr8pndlxjcx7u	1	2	165	12	0	Go	GAL	1	1	0.603	1	0.0	1	0.9187	0.9163379598812608	-0.08964488290538125
3eazb0ta6orlr8pndlxjcx7u	1	2	170	13	0	Go	GAL	1	1	0.584	1	0.0	1	0.9323	0.9314754914268261	-0.07245757722102773
3eazb0ta6orlr8pndlxjcx7u	1	2	173	14	0	Go	GAL	1	1	0.54	1	1.0	0	0.9422	0.9427135769616103	-0.0599705322132146
3eazb0ta6orlr8pndlxjcx7u	1	2	178	15	0	Go	GAL	1	1	0.568	1	0.0	1	0.8772	0.8716854241919536	-0.1433578894265794
3eazb0ta6orlr8pndlxjcx7u	1	2	184	16	0	Go	GAL	1	1	0.683	1	0.0	1	0.911	0.9100452017710768	-0.09602271772884545
3eazb0ta6orlr8pndlxjcx7u	1	2	186	17	0	Go	GAL	1	1	0.452	1	0.0	1	0.9343	0.9310704839549975	-0.07246005614070948
3eazb0ta6orlr8pndlxjcx7u	1	2	191	18	0	Go	GAL	1	0		0	0.0	0	0.9453	0.055660416625309246	-3.1350759537368296
3eazb0ta6orlr8pndlxjcx7u	1	2	194	19	0	Go	GAL	1	1	0.518	1	0.0	1	0.9542	0.9557042129048685	-0.04595654630436329
3eazb0ta6orlr8pndlxjcx7u	1	2	197	20	0	Go	GAL	1	1	0.469	1	1.0	0	0.9594	0.9630165628860641	-0.03816281825167588
3eazb0ta6orlr8pndlxjcx7u	1	2	204	21	0	Go	GAL	1	1	0.572	1	0.0	1	0.9165	0.9104621080437091	-0.09826157858938676
3eazb0ta6orlr8pndlxjcx7u	1	2	207	22	0	Go	GAL	1	1	0.645	1	0.0	1	0.9408	0.9389976433656755	-0.06432552124759666
3eazb0ta6orlr8pndlxjcx7u	1	2	211	23	0	Go	GAL	1	1	0.517	1	0.0	1	0.9547	0.9536140454468727	-0.04827380902650832
3eazb0ta6orlr8pndlxjcx7u	1	2	215	24	0	Go	GAL	1	1	0.679	1	0.0	1	0.9619	0.9625007696482478	-0.0387524659535463
3eazb0ta6orlr8pndlxjcx7u	1	2	220	25	0	Go	GAL	1	1	0.543	1	1.0	0	0.9685	0.9684340834054136	-0.032476451145342984
3eazb0ta6orlr8pndlxjcx7u	1	2	221	26	0	Go	GAL	1	1	0.505	1	0.0	1	0.9199	0.9180546653673196	-0.09054987160059678
3eazb0ta6orlr8pndlxjcx7u	1	2	225	27	0	Go	GAL	1	1	0.529	1	1.0	0	0.9411	0.9450664767583942	-0.05802129743775181
3eazb0ta6orlr8pndlxjcx7u	1	2	230	28	0	Go	GAL	1	1	0.899	1	0.0	1	0.8708	0.8773306450964217	-0.1440895675890441
3eazb0ta6orlr8pndlxjcx7u	1	2	235	29	0	Go	GAL	1	1	0.56	1	0.0	1	0.9238	0.9243211647148238	-0.08174684920651297
3eazb0ta6orlr8pndlxjcx7u	1	2	237	30	0	Go	GAL	1	1	0.543	1	0.0	1	0.9482	0.9462036837452134	-0.05666415927267742
3eazb0ta6orlr8pndlxjcx7u	1	2	123	1	0	No-Go	NGAL	0	1	0.576	0	1.0	1	0.6102	0.6063927869175403	-0.5099739966799091
3eazb0ta6orlr8pndlxjcx7u	1	2	127	2	0	No-Go	NGAL	0	1	0.511	0	0.0	0	0.7186	0.7191003869289972	-0.339974868232997
3eazb0ta6orlr8pndlxjcx7u	1	2	131	3	0	No-Go	NGAL	0	1	0.903	0	0.0	0	0.583	0.5794629422507919	-0.5568051736201927
3eazb0ta6orlr8pndlxjcx7u	1	2	136	4	0	No-Go	NGAL	0	1	0.959	0	0.0	0	0.4582	0.45820673053718547	-0.8150606311852483
3eazb0ta6orlr8pndlxjcx7u	1	2	140	5	0	No-Go	NGAL	0	0		1	0.0	1	0.3675	0.634056857728442	-0.4743892248024072
3eazb0ta6orlr8pndlxjcx7u	1	2	144	6	0	No-Go	NGAL	0	0		1	0.0	1	0.2639	0.7359988399530312	-0.32593490965477695
3eazb0ta6orlr8pndlxjcx7u	1	2	147	7	0	No-Go	NGAL	0	1	0.925	0	0.0	0	0.2021	0.19887304203048065	-1.9290650667471538
3eazb0ta6orlr8pndlxjcx7u	1	2	150	8	0	No-Go	NGAL	0	0		1	0.0	1	0.1552	0.8449020262199108	-0.17818228523002055
3eazb0ta6orlr8pndlxjcx7u	1	2	154	9	0	No-Go	NGAL	0	0		1	0.0	1	0.12	0.8811696686619367	-0.1329246695482938
3eazb0ta6orlr8pndlxjcx7u	1	2	157	10	0	No-Go	NGAL	0	0		1	1.0	0	0.0946	0.9067822803611673	-0.10198999083327868
3eazb0ta6orlr8pndlxjcx7u	1	2	163	11	0	No-Go	NGAL	0	0		1	0.0	1	0.1354	0.8682082879103223	-0.14498599734673165
3eazb0ta6orlr8pndlxjcx7u	1	2	166	12	0	No-Go	NGAL	0	0		1	0.0	1	0.0964	0.901529706706457	-0.10636356857371469
3eazb0ta6orlr8pndlxjcx7u	1	2	172	13	0	No-Go	NGAL	0	0		1	0.0	1	0.0729	0.9232232563019105	-0.08173545160116849
3eazb0ta6orlr8pndlxjcx7u	1	2	175	14	0	No-Go	NGAL	0	0		1	1.0	0	0.0648	0.9383792164156585	-0.06483286074191445
3eazb0ta6orlr8pndlxjcx7u	1	2	177	15	0	No-Go	NGAL	0	0		1	0.0	1	0.0948	0.9054620379088126	-0.10086181190433957
3eazb0ta6orlr8pndlxjcx7u	1	2	181	16	0	No-Go	NGAL	0	0		1	0.0	1	0.0638	0.9294078727288848	-0.07417043324725024
3eazb0ta6orlr8pndlxjcx7u	1	2	187	17	0	No-Go	NGAL	0	1	0.492	0	0.0	0	0.0588	0.05568829764652204	-3.073666458493675
3eazb0ta6orlr8pndlxjcx7u	1	2	189	18	0	No-Go	NGAL	0	0		1	0.0	1	0.0432	0.956696492510138	-0.044706941331315614
3eazb0ta6orlr8pndlxjcx7u	1	2	193	19	0	No-Go	NGAL	0	0		1	1.0	0	0.0349	0.964652343430335	-0.03629689582408222
3eazb0ta6orlr8pndlxjcx7u	1	2	199	20	0	No-Go	NGAL	0	0		1	0.0	1	0.0578	0.9409453809956023	-0.0617800853229144
3eazb0ta6orlr8pndlxjcx7u	1	2	202	21	0	No-Go	NGAL	0	0		1	1.0	0	0.0447	0.9564556559940289	-0.044920492837786465
3eazb0ta6orlr8pndlxjcx7u	1	2	206	22	0	No-Go	NGAL	0	1	0.611	0	0.0	0	0.0729	0.07321435906831994	-2.925894676916168
3eazb0ta6orlr8pndlxjcx7u	1	2	210	23	0	No-Go	NGAL	0	0		1	0.0	1	0.0628	0.9396488805495177	-0.06398477440499416
3eazb0ta6orlr8pndlxjcx7u	1	2	216	24	0	No-Go	NGAL	0	1	0.737	0	0.0	0	0.0432	0.04110670943270385	-3.4666496826871995
3eazb0ta6orlr8pndlxjcx7u	1	2	217	25	0	No-Go	NGAL	0	0		1	0.0	1	0.0374	0.9654835348276749	-0.03553026193925432
3eazb0ta6orlr8pndlxjcx7u	1	2	222	26	0	No-Go	NGAL	0	1	0.665	0	0.0	0	0.0235	0.026032256976521784	-3.9487956021697017
3eazb0ta6orlr8pndlxjcx7u	1	2	227	27	0	No-Go	NGAL	0	1	0.75	0	0.0	0	0.0224	0.022371618645746837	-4.156675806296592
3eazb0ta6orlr8pndlxjcx7u	1	2	229	28	0	No-Go	NGAL	0	0		1	0.0	1	0.0172	0.9802980030631052	-0.020068562390482488
3eazb0ta6orlr8pndlxjcx7u	1	2	236	29	0	No-Go	NGAL	0	0		1	1.0	0	0.0159	0.9841461662036152	-0.01609557192527973
3eazb0ta6orlr8pndlxjcx7u	1	2	239	30	0	No-Go	NGAL	0	0		1	0.0	1	0.0308	0.9695511374237301	-0.03171780894384207
3eazb0ta6orlr8pndlxjcx7u	1	2	124	1	1	Go	GW	1	1	0.564	1	0.0	1	0.7616	0.7590632503656082	-0.2916754138381945
3eazb0ta6orlr8pndlxjcx7u	1	2	125	2	1	Go	GW	1	1	0.398	1	1.0	0	0.8794	0.8773808039237027	-0.1357379462658244
3eazb0ta6orlr8pndlxjcx7u	1	2	130	3	1	Go	GW	1	1	0.817	1	0.0	1	0.7973	0.7950395995688999	-0.2343780387475474
3eazb0ta6orlr8pndlxjcx7u	1	2	135	4	1	Go	GW	1	1	0.82	1	0.0	1	0.8952	0.8921641380026327	-0.11774672698953106
3eazb0ta6orlr8pndlxjcx7u	1	2	139	5	1	Go	GW	1	1	0.536	1	0.0	1	0.9341	0.9316648575272144	-0.07289915564356815
3eazb0ta6orlr8pndlxjcx7u	1	2	142	6	1	Go	GW	1	1	0.487	1	0.0	1	0.9484	0.9522911150674436	-0.05009756167208609
3eazb0ta6orlr8pndlxjcx7u	1	2	148	7	1	Go	GW	1	1	0.613	1	0.0	1	0.968	0.9643584213433459	-0.037012564149017296
3eazb0ta6orlr8pndlxjcx7u	1	2	151	8	1	Go	GW	1	1	0.562	1	0.0	1	0.9687	0.9719323930040744	-0.02892008759386986
3eazb0ta6orlr8pndlxjcx7u	1	2	156	9	1	Go	GW	1	1	0.921	1	0.0	1	0.9774	0.9769281021709685	-0.02364383522354603
3eazb0ta6orlr8pndlxjcx7u	1	2	160	10	1	Go	GW	1	1	0.458	1	1.0	0	0.9785	0.9803498551820805	-0.020063240839401884
3eazb0ta6orlr8pndlxjcx7u	1	2	162	11	1	Go	GW	1	1	0.471	1	1.0	0	0.9462	0.9457290312004778	-0.058119515822953244
3eazb0ta6orlr8pndlxjcx7u	1	2	168	12	1	Go	GW	1	1	0.567	1	0.0	1	0.8832	0.8860832780300177	-0.13584604118207164
3eazb0ta6orlr8pndlxjcx7u	1	2	171	13	1	Go	GW	1	1	0.539	1	0.0	1	0.9452	0.9495303107124069	-0.05296747828989047
3eazb0ta6orlr8pndlxjcx7u	1	2	176	14	1	Go	GW	1	1	0.346	1	0.0	1	0.9677	0.9668709906700961	-0.03423624376206899
3eazb0ta6orlr8pndlxjcx7u	1	2	179	15	1	Go	GW	1	1	0.476	1	0.0	1	0.9756	0.9749178556093555	-0.025744074296769077
3eazb0ta6orlr8pndlxjcx7u	1	2	183	16	1	Go	GW	1	1	0.47	1	0.0	1	0.9822	0.9795076140077356	-0.020947539817965953
3eazb0ta6orlr8pndlxjcx7u	1	2	188	17	1	Go	GW	1	1	0.466	1	0.0	1	0.9815	0.9824174994764046	-0.017926328511166673
3eazb0ta6orlr8pndlxjcx7u	1	2	190	18	1	Go	GW	1	1	0.442	1	1.0	0	0.9843	0.9843852480947004	-0.015893860317922028
3eazb0ta6orlr8pndlxjcx7u	1	2	195	19	1	Go	GW	1	1	0.485	1	0.0	1	0.9475	0.9515412710627301	-0.052251407387528453
3eazb0ta6orlr8pndlxjcx7u	1	2	198	20	1	Go	GW	1	1	0.385	1	0.0	1	0.972	0.973024000731107	-0.02781431634158446
3eazb0ta6orlr8pndlxjcx7u	1	2	201	21	1	Go	GW	1	1	0.395	1	0.0	1	0.9812	0.9798433429209057	-0.020620809756696938
3eazb0ta6orlr8pndlxjcx7u	1	2	208	22	1	Go	GW	1	1	0.433	1	0.0	1	0.9815	0.9832301390639326	-0.017098442313663684
3eazb0ta6orlr8pndlxjcx7u	1	2	212	23	1	Go	GW	1	1	0.399	1	1.0	0	0.9859	0.9852337935845957	-0.015029381207318266
3eazb0ta6orlr8pndlxjcx7u	1	2	213	24	1	Go	GW	1	1	0.409	1	0.0	1	0.9537	0.9523642465799141	-0.05159226756689227
3eazb0ta6orlr8pndlxjcx7u	1	2	218	25	1	Go	GW	1	1	0.406	1	0.0	1	0.974	0.9741281335220138	-0.026703229591063887
3eazb0ta6orlr8pndlxjcx7u	1	2	223	26	1	Go	GW	1	1	0.441	1	0.0	1	0.9809	0.9808158748998179	-0.019629898074972302
3eazb0ta6orlr8pndlxjcx7u	1	2	228	27	1	Go	GW	1	1	0.534	1	0.0	1	0.9831	0.9840313216008013	-0.01628203947121636
3eazb0ta6orlr8pndlxjcx7u	1	2	231	28	1	Go	GW	1	1	0.55	1	1.0	0	0.9854	0.9858833346961005	-0.01436888116209838
3eazb0ta6orlr8pndlxjcx7u	1	2	234	29	1	Go	GW	1	1	0.393	1	0.0	1	0.9553	0.9533169648063338	-0.05065550733863751
3eazb0ta6orlr8pndlxjcx7u	1	2	240	30	1	Go	GW	1	1	0.338	1	0.0	1	0.974	0.9749081473072453	-0.025912698456889195
3jbtztfuani1nngygmcdf2tj	1	1	4	1	1	No-Go	NGW	0	1	0.91	0	0.0	0	0.8847	0.8877194755697705	-0.12169050242326958
3jbtztfuani1nngygmcdf2tj	1	1	8	2	1	No-Go	NGW	0	1	1.071	0	0.0	0	0.4418	0.4409542434231581	-0.9104330174536621
3jbtztfuani1nngygmcdf2tj	1	1	10	3	1	No-Go	NGW	0	0		1	1.0	0	0.1732	0.825410350021277	-0.2043786248608885
3jbtztfuani1nngygmcdf2tj	1	1	13	4	1	No-Go	NGW	0	1	0.759	0	0.0	0	0.6702	0.66674372649213	-0.42230533149707833
3jbtztfuani1nngygmcdf2tj	1	1	20	5	1	No-Go	NGW	0	1	0.735	0	0.0	0	0.463	0.46591073449674225	-0.8117050973697942
3jbtztfuani1nngygmcdf2tj	1	1	21	6	1	No-Go	NGW	0	1	0.777	0	0.0	0	0.343	0.3460567610127407	-1.1501762472524273
3jbtztfuani1nngygmcdf2tj	1	1	28	7	1	No-Go	NGW	0	0		1	1.0	0	0.2753	0.7184562897737702	-0.3512849115880707
3jbtztfuani1nngygmcdf2tj	1	1	32	8	1	No-Go	NGW	0	1	0.893	0	0.0	0	0.6069	0.6025767439910498	-0.5421495045233954
3jbtztfuani1nngygmcdf2tj	1	1	33	9	1	No-Go	NGW	0	1	1.24	0	0.0	0	0.5523	0.5553152441236692	-0.6437634034841516
3jbtztfuani1nngygmcdf2tj	1	1	40	10	1	No-Go	NGW	0	1	0.816	0	0.0	0	0.5315	0.5255128299770169	-0.7197075908296204
3jbtztfuani1nngygmcdf2tj	1	1	41	11	1	No-Go	NGW	0	1	0.715	0	0.0	0	0.5087	0.5068487948427193	-0.7752858136516464
3jbtztfuani1nngygmcdf2tj	1	1	47	12	1	No-Go	NGW	0	1	0.83	0	1.0	1	0.4975	0.4951108349246014	-0.8156126891720346
3jbtztfuani1nngygmcdf2tj	1	1	50	13	1	No-Go	NGW	0	1	0.627	0	0.0	0	0.9948	0.9960439256086776	-0.004083146999607437
3jbtztfuani1nngygmcdf2tj	1	1	55	14	1	No-Go	NGW	0	1	0.608	0	0.0	0	0.9738	0.9753740336518804	-0.025856844930472498
3jbtztfuani1nngygmcdf2tj	1	1	59	15	1	No-Go	NGW	0	1	0.628	0	0.0	0	0.9086	0.909025520470756	-0.09947156782825269
3jbtztfuani1nngygmcdf2tj	1	1	62	16	1	No-Go	NGW	0	1	0.913	0	0.0	0	0.8014	0.8014559476177356	-0.232072359025465
3jbtztfuani1nngygmcdf2tj	1	1	66	17	1	No-Go	NGW	0	1	0.768	0	0.0	0	0.6904	0.6952091127493318	-0.38502264638823025
3jbtztfuani1nngygmcdf2tj	1	1	69	18	1	No-Go	NGW	0	0		1	0.0	1	0.627	0.38435021120221907	-1.0437544913777295
3jbtztfuani1nngygmcdf2tj	1	1	75	19	1	No-Go	NGW	0	0		1	1.0	0	0.0396	0.9580872250824652	-0.044077378081277735
3jbtztfuani1nngygmcdf2tj	1	1	79	20	1	No-Go	NGW	0	0		1	0.0	1	0.2814	0.7170190103407557	-0.349467138776144
3jbtztfuani1nngygmcdf2tj	1	1	84	21	1	No-Go	NGW	0	0		1	0.0	1	0.0211	0.979845179392997	-0.020776513002173896
3jbtztfuani1nngygmcdf2tj	1	1	85	22	1	No-Go	NGW	0	0		1	0.0	1	0.0039	0.9961833779346103	-0.0038537536963465704
3jbtztfuani1nngygmcdf2tj	1	1	92	23	1	No-Go	NGW	0	0		1	0.0	1	0.0014	0.9986518220170189	-0.00135394703489977
3jbtztfuani1nngygmcdf2tj	1	1	94	24	1	No-Go	NGW	0	0		1	0.0	1	0.0005	0.9993005892093629	-0.0007010715521838294
3jbtztfuani1nngygmcdf2tj	1	1	98	25	1	No-Go	NGW	0	0		1	1.0	0	0.0009	0.9995363102877738	-0.0004644356245972119
3jbtztfuani1nngygmcdf2tj	1	1	101	26	1	No-Go	NGW	0	0		1	0.0	1	0.0249	0.9766528502344226	-0.02424863926745068
3jbtztfuani1nngygmcdf2tj	1	1	105	27	1	No-Go	NGW	0	0		1	0.0	1	0.0039	0.9966362805776137	-0.0033848244054696004
3jbtztfuani1nngygmcdf2tj	1	1	111	28	1	No-Go	NGW	0	0		1	0.0	1	0.0014	0.9988216806365031	-0.0011817767156050046
3jbtztfuani1nngygmcdf2tj	1	1	114	29	1	No-Go	NGW	0	0		1	0.0	1	0.0008	0.9993675421567938	-0.0006336395376546266
3jbtztfuani1nngygmcdf2tj	1	1	117	30	1	No-Go	NGW	0	0		1	1.0	0	0.0007	0.9995670822365103	-0.0004335296970169857
3jbtztfuani1nngygmcdf2tj	1	1	6	2	0	Go	GAL	1	1	0.884	1	0.0	1	0.9457	0.9460664318289596	-0.05655383771260734
3jbtztfuani1nngygmcdf2tj	1	1	12	3	0	Go	GAL	1	1	0.752	1	0.0	1	0.9864	0.9846753266363306	-0.01559883975039633
3jbtztfuani1nngygmcdf2tj	1	1	14	4	0	Go	GAL	1	1	0.668	1	0.0	1	0.9931	0.9930452976929431	-0.007017930892484545
3jbtztfuani1nngygmcdf2tj	1	1	17	5	0	Go	GAL	1	1	0.709	1	1.0	0	0.9962	0.9957501994846208	-0.004274560565285161
3jbtztfuani1nngygmcdf2tj	1	1	22	6	0	Go	GAL	1	1	0.619	1	0.0	1	0.7888	0.7805617576275632	-0.2689447848041172
3jbtztfuani1nngygmcdf2tj	1	1	26	7	0	Go	GAL	1	1	0.772	1	1.0	0	0.9635	0.9668908864233221	-0.03400371878341399
3jbtztfuani1nngygmcdf2tj	1	1	31	8	0	Go	GAL	1	0		0	0.0	0	0.4925	0.5052380801573609	-0.779076921275352
3jbtztfuani1nngygmcdf2tj	1	1	36	9	0	Go	GAL	1	1	0.8	1	0.0	1	0.7933	0.7893871702745527	-0.2507515078545737
3jbtztfuani1nngygmcdf2tj	1	1	38	10	0	Go	GAL	1	1	1.189	1	0.0	1	0.9784	0.9779251974953147	-0.022637812972501
3jbtztfuani1nngygmcdf2tj	1	1	43	11	0	Go	GAL	1	1	0.661	1	0.0	1	0.9935	0.9942708442981347	-0.005784446089802261
3jbtztfuani1nngygmcdf2tj	1	1	45	12	0	Go	GAL	1	1	0.892	1	1.0	0	0.9985	0.9974945080000627	-0.0025183038148933736
3jbtztfuani1nngygmcdf2tj	1	1	51	13	0	Go	GAL	1	1	0.901	1	0.0	1	0.9099	0.9063453210165677	-0.10159919631474586
3jbtztfuani1nngygmcdf2tj	1	1	53	14	0	Go	GAL	1	1	0.803	1	0.0	1	0.9882	0.987251031267877	-0.012953801081069725
3jbtztfuani1nngygmcdf2tj	1	1	58	15	0	Go	GAL	1	1	0.689	1	0.0	1	0.9966	0.9959563200245594	-0.004072143091826257
3jbtztfuani1nngygmcdf2tj	1	1	61	16	0	Go	GAL	1	1	0.679	1	0.0	1	0.9984	0.9979952233101892	-0.0020130179672504414
3jbtztfuani1nngygmcdf2tj	1	1	68	17	0	Go	GAL	1	1	0.815	1	1.0	0	0.9989	0.9987069362773192	-0.0012967642864931668
3jbtztfuani1nngygmcdf2tj	1	1	70	18	0	Go	GAL	1	1	0.657	1	0.0	1	0.9353	0.9344128147373904	-0.06992683661850338
3jbtztfuani1nngygmcdf2tj	1	1	73	19	0	Go	GAL	1	1	0.74	1	0.0	1	0.9893	0.9902121667630126	-0.009910395311054962
3jbtztfuani1nngygmcdf2tj	1	1	80	20	0	Go	GAL	1	1	0.788	1	0.0	1	0.9966	0.9966209029787693	-0.0033987415934303997
3jbtztfuani1nngygmcdf2tj	1	1	81	21	0	Go	GAL	1	1	0.805	1	0.0	1	0.9986	0.9982200678297126	-0.0017863297903694389
3jbtztfuani1nngygmcdf2tj	1	1	88	22	0	Go	GAL	1	1	0.65	1	0.0	1	0.9989	0.9988035730478892	-0.0011995612429841673
3jbtztfuani1nngygmcdf2tj	1	1	89	23	0	Go	GAL	1	1	0.951	1	0.0	1	0.9992	0.9990666794430992	-0.0009353099796007842
3jbtztfuani1nngygmcdf2tj	1	1	93	24	0	Go	GAL	1	1	1.006	1	1.0	0	0.9996	0.9992014080272853	-0.0008000839060357469
3jbtztfuani1nngygmcdf2tj	1	1	97	25	0	Go	GAL	1	1	0.712	1	0.0	1	0.9499	0.9487113439658776	-0.05428100052728114
3jbtztfuani1nngygmcdf2tj	1	1	104	26	0	Go	GAL	1	1	0.779	1	0.0	1	0.9929	0.9919169464858114	-0.00816862825165193
3jbtztfuani1nngygmcdf2tj	1	1	106	27	0	Go	GAL	1	1	0.749	1	0.0	1	0.9962	0.9970443281526832	-0.002970659627698064
3jbtztfuani1nngygmcdf2tj	1	1	112	28	0	Go	GAL	1	1	0.721	1	1.0	0	0.9985	0.9983738122864037	-0.0016314887630408763
3jbtztfuani1nngygmcdf2tj	1	1	113	29	0	Go	GAL	1	1	0.897	1	0.0	1	0.9262	0.9234816786915844	-0.08235995400203462
3jbtztfuani1nngygmcdf2tj	1	1	118	30	0	Go	GAL	1	1	0.731	1	0.0	1	0.9901	0.9892807406933652	-0.01086340147693465
3jbtztfuani1nngygmcdf2tj	1	1	2	1	1	Go	GW	1	1	0.71	1	0.0	1	0.8912	0.8877194755697705	-0.12169050242326958
3jbtztfuani1nngygmcdf2tj	1	1	7	2	1	Go	GW	1	1	0.579	1	0.0	1	0.9942	0.9946842159697404	-0.00535857899341954
3jbtztfuani1nngygmcdf2tj	1	1	11	3	1	Go	GW	1	1	0.756	1	0.0	1	0.9988	0.9985326086692076	-0.0014713738121656258
3jbtztfuani1nngygmcdf2tj	1	1	15	4	1	Go	GW	1	1	0.519	1	0.0	1	0.9995	0.9991728033171823	-0.0008285007492358212
3jbtztfuani1nngygmcdf2tj	1	1	19	5	1	Go	GW	1	1	0.634	1	1.0	0	0.9994	0.9993571836474193	-0.0006436366943342776
3jbtztfuani1nngygmcdf2tj	1	1	23	6	1	Go	GW	1	1	0.489	1	0.0	1	0.9463	0.9486793514239488	-0.05502731466208942
3jbtztfuani1nngygmcdf2tj	1	1	25	7	1	Go	GW	1	1	0.499	1	0.0	1	0.9965	0.9967806482590932	-0.003235071455308508
3jbtztfuani1nngygmcdf2tj	1	1	30	8	1	Go	GW	1	1	0.392	1	1.0	0	0.9995	0.9988572495460292	-0.001145092776675426
3jbtztfuani1nngygmcdf2tj	1	1	34	9	1	Go	GW	1	1	0.547	1	0.0	1	0.9326	0.9295237036785787	-0.07678008082949275
3jbtztfuani1nngygmcdf2tj	1	1	39	10	1	Go	GW	1	1	0.578	1	0.0	1	0.9967	0.9960706210373248	-0.003954135308500195
3jbtztfuani1nngygmcdf2tj	1	1	44	11	1	Go	GW	1	1	0.554	1	0.0	1	0.9987	0.9987418272474939	-0.0012610918094968489
3jbtztfuani1nngygmcdf2tj	1	1	48	12	1	Go	GW	1	1	0.576	1	0.0	1	0.9994	0.9992302390675508	-0.0007708984662841162
3jbtztfuani1nngygmcdf2tj	1	1	49	13	1	Go	GW	1	1	0.565	1	1.0	0	0.9996	0.999378415268998	-0.0006223613739689255
3jbtztfuani1nngygmcdf2tj	1	1	54	14	1	Go	GW	1	1	0.457	1	0.0	1	0.9492	0.9491329461379282	-0.05458497639099966
3jbtztfuani1nngygmcdf2tj	1	1	57	15	1	Go	GW	1	1	0.529	1	0.0	1	0.996	0.9968226205045249	-0.003192772147675872
3jbtztfuani1nngygmcdf2tj	1	1	63	16	1	Go	GW	1	1	0.512	1	0.0	1	0.9991	0.9988668436582344	-0.0011354607155587874
3jbtztfuani1nngygmcdf2tj	1	1	65	17	1	Go	GW	1	1	0.544	1	1.0	0	0.9991	0.9992668164963868	-0.0007342160041135654
3jbtztfuani1nngygmcdf2tj	1	1	72	18	1	Go	GW	1	1	0.561	1	0.0	1	0.9463	0.9444058941722302	-0.059830968367584544
3jbtztfuani1nngygmcdf2tj	1	1	76	19	1	Go	GW	1	1	0.49	1	0.0	1	0.9959	0.9966217978111872	-0.003395854645152983
3jbtztfuani1nngygmcdf2tj	1	1	78	20	1	Go	GW	1	1	0.499	1	0.0	1	0.9988	0.9988320296092261	-0.0011704348380838032
3jbtztfuani1nngygmcdf2tj	1	1	83	21	1	Go	GW	1	1	0.497	1	1.0	0	0.9992	0.9992563950148516	-0.0007446661575696176
3jbtztfuani1nngygmcdf2tj	1	1	86	22	1	Go	GW	1	1	0.533	1	0.0	1	0.94	0.9440718649942459	-0.060192356151385414
3jbtztfuani1nngygmcdf2tj	1	1	91	23	1	Go	GW	1	1	0.501	1	0.0	1	0.9965	0.9965998993730485	-0.003418053408045789
3jbtztfuani1nngygmcdf2tj	1	1	96	24	1	Go	GW	1	1	0.513	1	0.0	1	0.9989	0.9988278035912648	-0.0011746839858655263
3jbtztfuani1nngygmcdf2tj	1	1	99	25	1	Go	GW	1	1	0.49	1	0.0	1	0.9988	0.9992550728744706	-0.0007459923563716456
3jbtztfuani1nngygmcdf2tj	1	1	102	26	1	Go	GW	1	1	0.452	1	0.0	1	0.9991	0.9993879352246057	-0.0006128215527620304
3jbtztfuani1nngygmcdf2tj	1	1	107	27	1	Go	GW	1	1	0.517	1	0.0	1	0.9994	0.9994396037832932	-0.0005610552684148667
3jbtztfuani1nngygmcdf2tj	1	1	109	28	1	Go	GW	1	1	0.535	1	0.0	1	0.9994	0.999462393476309	-0.0005382278767685982
3jbtztfuani1nngygmcdf2tj	1	1	116	29	1	Go	GW	1	1	0.55	1	1.0	0	0.9995	0.999473301716994	-0.0005273032845642111
3jbtztfuani1nngygmcdf2tj	1	1	120	30	1	Go	GW	1	1	0.472	1	0.0	1	0.9527	0.9531059956364395	-0.050308153329819146
3jbtztfuani1nngygmcdf2tj	1	1	3	1	0	No-Go	NGAL	0	1	0.609	0	0.0	0	0.6547	0.6498999220990881	-0.442365671478511
3jbtztfuani1nngygmcdf2tj	1	1	5	2	0	No-Go	NGAL	0	0		1	0.0	1	0.1593	0.8411850390384289	-0.1803516084011835
3jbtztfuani1nngygmcdf2tj	1	1	9	3	0	No-Go	NGAL	0	0		1	0.0	1	0.024	0.9765660794486183	-0.0243159969430939
3jbtztfuani1nngygmcdf2tj	1	1	16	4	0	No-Go	NGAL	0	0		1	0.0	1	0.0062	0.9930482030211287	-0.007062530229680633
3jbtztfuani1nngygmcdf2tj	1	1	18	5	0	No-Go	NGAL	0	0		1	1.0	0	0.0035	0.9968028705183583	-0.003223650904889412
3jbtztfuani1nngygmcdf2tj	1	1	24	6	0	No-Go	NGAL	0	0		1	0.0	1	0.0317	0.9701146778325432	-0.031241318791370005
3jbtztfuani1nngygmcdf2tj	1	1	27	7	0	No-Go	NGAL	0	0		1	1.0	0	0.0072	0.9933302409638424	-0.006738588618140131
3jbtztfuani1nngygmcdf2tj	1	1	29	8	0	No-Go	NGAL	0	0		1	0.0	1	0.0635	0.9348511646618526	-0.07400817567613541
3jbtztfuani1nngygmcdf2tj	1	1	35	9	0	No-Go	NGAL	0	0		1	0.0	1	0.0104	0.9899829004579198	-0.010174125402430519
3jbtztfuani1nngygmcdf2tj	1	1	37	10	0	No-Go	NGAL	0	0		1	0.0	1	0.0049	0.9963456332976764	-0.003678117878038632
3jbtztfuani1nngygmcdf2tj	1	1	42	11	0	No-Go	NGAL	0	0		1	0.0	1	0.0023	0.997957612807931	-0.0020507272585486773
3jbtztfuani1nngygmcdf2tj	1	1	46	12	0	No-Go	NGAL	0	0		1	1.0	0	0.0012	0.9985599229913947	-0.0014445515912422933
3jbtztfuani1nngygmcdf2tj	1	1	52	13	0	No-Go	NGAL	0	0		1	0.0	1	0.0179	0.9802791224811974	-0.020527597217882474
3jbtztfuani1nngygmcdf2tj	1	1	56	14	0	No-Go	NGAL	0	0		1	0.0	1	0.0046	0.995282810255058	-0.004753455167881643
3jbtztfuani1nngygmcdf2tj	1	1	60	15	0	No-Go	NGAL	0	0		1	0.0	1	0.0026	0.9977157914589403	-0.0022937026162078693
3jbtztfuani1nngygmcdf2tj	1	1	64	16	0	No-Go	NGAL	0	0		1	0.0	1	0.0019	0.9984818817533987	-0.0015227788258352164
3jbtztfuani1nngygmcdf2tj	1	1	67	17	0	No-Go	NGAL	0	0		1	0.0	1	0.0012	0.9988071793005437	-0.0011959171265549051
3jbtztfuani1nngygmcdf2tj	1	1	71	18	0	No-Go	NGAL	0	0		1	1.0	0	0.0005	0.9989690825955033	-0.0010333442735989417
3jbtztfuani1nngygmcdf2tj	1	1	74	19	0	No-Go	NGAL	0	0		1	0.0	1	0.0171	0.9844548681213849	-0.016083901334278287
3jbtztfuani1nngygmcdf2tj	1	1	77	20	0	No-Go	NGAL	0	0		1	0.0	1	0.0035	0.9960159298912867	-0.0040102496578197835
3jbtztfuani1nngygmcdf2tj	1	1	82	21	0	No-Go	NGAL	0	0		1	1.0	0	0.0026	0.9979585684119365	-0.002049050211682365
3jbtztfuani1nngygmcdf2tj	1	1	87	22	0	No-Go	NGAL	0	0		1	0.0	1	0.0285	0.9711948067888435	-0.030726383640154023
3jbtztfuani1nngygmcdf2tj	1	1	90	23	0	No-Go	NGAL	0	0		1	0.0	1	0.0047	0.9943061834161981	-0.005747340958696945
3jbtztfuani1nngygmcdf2tj	1	1	95	24	0	No-Go	NGAL	0	0		1	0.0	1	0.0022	0.9974833832979948	-0.0025279375279679992
3jbtztfuani1nngygmcdf2tj	1	1	100	25	0	No-Go	NGAL	0	0		1	0.0	1	0.0013	0.9984005098024896	-0.0016045627736454228
3jbtztfuani1nngygmcdf2tj	1	1	103	26	0	No-Go	NGAL	0	0		1	1.0	0	0.0013	0.9987721558837355	-0.0012310765058301892
3jbtztfuani1nngygmcdf2tj	1	1	108	27	0	No-Go	NGAL	0	0		1	0.0	1	0.0166	0.9818812998876634	-0.01883741483686674
3jbtztfuani1nngygmcdf2tj	1	1	110	28	0	No-Go	NGAL	0	0		1	0.0	1	0.004	0.9956159175010613	-0.004415817351191715
3jbtztfuani1nngygmcdf2tj	1	1	115	29	0	No-Go	NGAL	0	0		1	0.0	1	0.002	0.9978371531869267	-0.002171360926177475
3jbtztfuani1nngygmcdf2tj	1	1	119	30	0	No-Go	NGAL	0	0		1	0.0	1	0.0011	0.9985393317093447	-0.0014649743275182198
3jbtztfuani1nngygmcdf2tj	1	2	124	1	0	Go	GAL	1	0		0	0.0	0	0.6469	0.35010007790091185	-1.0889440644765471
3jbtztfuani1nngygmcdf2tj	1	2	126	2	0	Go	GAL	1	0		0	0.0	0	0.8781	0.12798439916574558	-2.404414425101074
3jbtztfuani1nngygmcdf2tj	1	2	132	3	0	Go	GAL	1	1	0.555	1	0.0	1	0.9399	0.9392361884522845	-0.06608817594597971
3jbtztfuani1nngygmcdf2tj	1	2	133	4	0	Go	GAL	1	1	0.533	1	0.0	1	0.9899	0.9911521357031814	-0.009058370203955798
3jbtztfuani1nngygmcdf2tj	1	2	139	5	0	Go	GAL	1	1	0.698	1	1.0	0	0.9976	0.9973508949890529	-0.0026752068069614706
3jbtztfuani1nngygmcdf2tj	1	2	144	6	0	Go	GAL	1	1	0.704	1	0.0	1	0.9381	0.9374547538521091	-0.06726071996315759
3jbtztfuani1nngygmcdf2tj	1	2	145	7	0	Go	GAL	1	1	0.548	1	1.0	0	0.9909	0.9918145907858179	-0.008330109422339424
3jbtztfuani1nngygmcdf2tj	1	2	149	8	0	Go	GAL	1	1	0.646	1	0.0	1	0.8737	0.8717523783687737	-0.14686293820522733
3jbtztfuani1nngygmcdf2tj	1	2	153	9	0	Go	GAL	1	1	0.728	1	0.0	1	0.9859	0.9869728499315145	-0.013361008958956597
3jbtztfuani1nngygmcdf2tj	1	2	158	10	0	Go	GAL	1	1	0.52	1	0.0	1	0.9958	0.9966994200559611	-0.003332918915236985
3jbtztfuani1nngygmcdf2tj	1	2	164	11	0	Go	GAL	1	1	0.565	1	0.0	1	0.9984	0.998608888927774	-0.0013979953832008577
3jbtztfuani1nngygmcdf2tj	1	2	168	12	0	Go	GAL	1	1	0.685	1	1.0	0	0.9988	0.9992014794240542	-0.0008009080789374314
3jbtztfuani1nngygmcdf2tj	1	2	170	13	0	Go	GAL	1	1	0.666	1	0.0	1	0.9692	0.9682104478022495	-0.033132339490288334
3jbtztfuani1nngygmcdf2tj	1	2	173	14	0	Go	GAL	1	1	0.595	1	0.0	1	0.994	0.995023049126794	-0.005027346211650582
3jbtztfuani1nngygmcdf2tj	1	2	177	15	0	Go	GAL	1	1	0.749	1	0.0	1	0.9985	0.9982615106693408	-0.0017468687733519605
3jbtztfuani1nngygmcdf2tj	1	2	183	16	0	Go	GAL	1	1	0.495	1	0.0	1	0.999	0.999090096650397	-0.000912571653855618
3jbtztfuani1nngygmcdf2tj	1	2	185	17	0	Go	GAL	1	1	0.566	1	1.0	0	0.9994	0.9993955364024217	-0.0006057208829736812
3jbtztfuani1nngygmcdf2tj	1	2	189	18	0	Go	GAL	1	1	0.746	1	0.0	1	0.969	0.972041640629634	-0.02904905231987399
3jbtztfuani1nngygmcdf2tj	1	2	196	19	0	Go	GAL	1	1	0.95	1	0.0	1	0.9967	0.9955490030506738	-0.0044905747576458105
3jbtztfuani1nngygmcdf2tj	1	2	197	20	0	Go	GAL	1	1	0.557	1	0.0	1	0.9975	0.9984011040212089	-0.0016057526650447816
3jbtztfuani1nngygmcdf2tj	1	2	201	21	0	Go	GAL	1	1	0.561	1	0.0	1	0.9995	0.9991422888511481	-0.0008600127354319131
3jbtztfuani1nngygmcdf2tj	1	2	207	22	0	Go	GAL	1	1	0.602	1	0.0	1	0.9992	0.9994194581067688	-0.0005816780482608807
3jbtztfuani1nngygmcdf2tj	1	2	212	23	0	Go	GAL	1	1	0.622	1	0.0	1	0.9996	0.9995465189271852	-0.00045419973361376736
3jbtztfuani1nngygmcdf2tj	1	2	214	24	0	Go	GAL	1	1	0.635	1	1.0	0	0.9998	0.9996124111118218	-0.00038812370704825673
3jbtztfuani1nngygmcdf2tj	1	2	218	25	0	Go	GAL	1	1	0.5	1	0.0	1	0.9768	0.9779438635415357	-0.022796946797351825
3jbtztfuani1nngygmcdf2tj	1	2	222	26	0	Go	GAL	1	1	0.522	1	0.0	1	0.9965	0.996285055748435	-0.0037428378990273185
3jbtztfuani1nngygmcdf2tj	1	2	228	27	0	Go	GAL	1	1	0.478	1	0.0	1	0.9986	0.9985926743901993	-0.0014125839348048518
3jbtztfuani1nngygmcdf2tj	1	2	230	28	0	Go	GAL	1	1	0.703	1	1.0	0	0.9997	0.9992140370091229	-0.0007878692562673107
3jbtztfuani1nngygmcdf2tj	1	2	236	29	0	Go	GAL	1	1	0.843	1	0.0	1	0.9691	0.9665509272565849	-0.03496977081915899
3jbtztfuani1nngygmcdf2tj	1	2	238	30	0	Go	GAL	1	1	0.629	1	0.0	1	0.9957	0.9950448617996291	-0.0050031211470721385
3jbtztfuani1nngygmcdf2tj	1	2	122	1	0	No-Go	NGAL	0	1	0.682	0	0.0	0	0.6536	0.6498999220990881	-0.442365671478511
3jbtztfuani1nngygmcdf2tj	1	2	128	2	0	No-Go	NGAL	0	0		1	0.0	1	0.1577	0.8411850390384289	-0.1803516084011835
3jbtztfuani1nngygmcdf2tj	1	2	130	3	0	No-Go	NGAL	0	0		1	0.0	1	0.0218	0.9765660794486183	-0.0243159969430939
3jbtztfuani1nngygmcdf2tj	1	2	135	4	0	No-Go	NGAL	0	0		1	0.0	1	0.0075	0.9930482030211287	-0.007062530229680633
3jbtztfuani1nngygmcdf2tj	1	2	137	5	0	No-Go	NGAL	0	0		1	1.0	0	0.0027	0.9968028705183583	-0.003223650904889412
3jbtztfuani1nngygmcdf2tj	1	2	142	6	0	No-Go	NGAL	0	0		1	0.0	1	0.0287	0.9701146778325432	-0.031241318791370005
3jbtztfuani1nngygmcdf2tj	1	2	146	7	0	No-Go	NGAL	0	0		1	1.0	0	0.0074	0.9933302409638424	-0.006738588618140131
3jbtztfuani1nngygmcdf2tj	1	2	151	8	0	No-Go	NGAL	0	0		1	0.0	1	0.0629	0.9348511646618526	-0.07400817567613541
3jbtztfuani1nngygmcdf2tj	1	2	155	9	0	No-Go	NGAL	0	0		1	0.0	1	0.0088	0.9899829004579198	-0.010174125402430519
3jbtztfuani1nngygmcdf2tj	1	2	160	10	0	No-Go	NGAL	0	0		1	0.0	1	0.0039	0.9963456332976764	-0.003678117878038632
3jbtztfuani1nngygmcdf2tj	1	2	163	11	0	No-Go	NGAL	0	0		1	0.0	1	0.0036	0.997957612807931	-0.0020507272585486773
3jbtztfuani1nngygmcdf2tj	1	2	167	12	0	No-Go	NGAL	0	0		1	1.0	0	0.0006	0.9985599229913947	-0.0014445515912422933
3jbtztfuani1nngygmcdf2tj	1	2	172	13	0	No-Go	NGAL	0	0		1	0.0	1	0.0204	0.9802791224811974	-0.020527597217882474
3jbtztfuani1nngygmcdf2tj	1	2	174	14	0	No-Go	NGAL	0	0		1	0.0	1	0.0044	0.995282810255058	-0.004753455167881643
3jbtztfuani1nngygmcdf2tj	1	2	180	15	0	No-Go	NGAL	0	0		1	0.0	1	0.0024	0.9977157914589403	-0.0022937026162078693
3jbtztfuani1nngygmcdf2tj	1	2	181	16	0	No-Go	NGAL	0	0		1	0.0	1	0.0014	0.9984818817533987	-0.0015227788258352164
3jbtztfuani1nngygmcdf2tj	1	2	187	17	0	No-Go	NGAL	0	0		1	0.0	1	0.0016	0.9988071793005437	-0.0011959171265549051
3jbtztfuani1nngygmcdf2tj	1	2	190	18	0	No-Go	NGAL	0	0		1	1.0	0	0.0011	0.9989690825955033	-0.0010333442735989417
3jbtztfuani1nngygmcdf2tj	1	2	194	19	0	No-Go	NGAL	0	0		1	0.0	1	0.0156	0.9844548681213849	-0.016083901334278287
3jbtztfuani1nngygmcdf2tj	1	2	199	20	0	No-Go	NGAL	0	0		1	0.0	1	0.0043	0.9960159298912867	-0.0040102496578197835
3jbtztfuani1nngygmcdf2tj	1	2	204	21	0	No-Go	NGAL	0	0		1	1.0	0	0.0017	0.9979585684119365	-0.002049050211682365
3jbtztfuani1nngygmcdf2tj	1	2	206	22	0	No-Go	NGAL	0	0		1	0.0	1	0.0272	0.9711948067888435	-0.030726383640154023
3jbtztfuani1nngygmcdf2tj	1	2	210	23	0	No-Go	NGAL	0	0		1	0.0	1	0.006	0.9943061834161981	-0.005747340958696945
3jbtztfuani1nngygmcdf2tj	1	2	215	24	0	No-Go	NGAL	0	0		1	0.0	1	0.0029	0.9974833832979948	-0.0025279375279679992
3jbtztfuani1nngygmcdf2tj	1	2	217	25	0	No-Go	NGAL	0	0		1	0.0	1	0.0014	0.9984005098024896	-0.0016045627736454228
3jbtztfuani1nngygmcdf2tj	1	2	224	26	0	No-Go	NGAL	0	0		1	1.0	0	0.0019	0.9987721558837355	-0.0012310765058301892
3jbtztfuani1nngygmcdf2tj	1	2	226	27	0	No-Go	NGAL	0	0		1	0.0	1	0.0196	0.9818812998876634	-0.01883741483686674
3jbtztfuani1nngygmcdf2tj	1	2	232	28	0	No-Go	NGAL	0	0		1	0.0	1	0.0048	0.9956159175010613	-0.004415817351191715
3jbtztfuani1nngygmcdf2tj	1	2	235	29	0	No-Go	NGAL	0	0		1	0.0	1	0.0016	0.9978371531869267	-0.002171360926177475
3jbtztfuani1nngygmcdf2tj	1	2	239	30	0	No-Go	NGAL	0	0		1	0.0	1	0.0011	0.9985393317093447	-0.0014649743275182198
3jbtztfuani1nngygmcdf2tj	1	2	123	1	1	No-Go	NGW	0	1	1.149	0	0.0	0	0.8896	0.8877194755697705	-0.12169050242326958
3jbtztfuani1nngygmcdf2tj	1	2	125	2	1	No-Go	NGW	0	1	1.203	0	0.0	0	0.4408	0.4409542434231581	-0.9104330174536621
3jbtztfuani1nngygmcdf2tj	1	2	129	3	1	No-Go	NGW	0	0		1	1.0	0	0.1715	0.825410350021277	-0.2043786248608885
3jbtztfuani1nngygmcdf2tj	1	2	134	4	1	No-Go	NGW	0	0		1	0.0	1	0.6587	0.33325627350787	-1.1649497217463791
3jbtztfuani1nngygmcdf2tj	1	2	138	5	1	No-Go	NGW	0	0		1	0.0	1	0.0911	0.9118855242547347	-0.09886983708011234
3jbtztfuani1nngygmcdf2tj	1	2	143	6	1	No-Go	NGW	0	0		1	0.0	1	0.0159	0.9822690960619784	-0.01844978378750398
3jbtztfuani1nngygmcdf2tj	1	2	147	7	1	No-Go	NGW	0	0		1	1.0	0	0.0078	0.9937950155377779	-0.0063145332252783236
3jbtztfuani1nngygmcdf2tj	1	2	150	8	1	No-Go	NGW	0	0		1	0.0	1	0.1574	0.8423766028647551	-0.17856544426084928
3jbtztfuani1nngygmcdf2tj	1	2	154	9	1	No-Go	NGW	0	0		1	0.0	1	0.0227	0.9772180274371125	-0.023539289780333993
3jbtztfuani1nngygmcdf2tj	1	2	157	10	1	No-Go	NGW	0	0		1	0.0	1	0.0078	0.9929608267212301	-0.007143741618370763
3jbtztfuani1nngygmcdf2tj	1	2	162	11	1	No-Go	NGW	0	0		1	0.0	1	0.0028	0.9966371931261309	-0.00339062808440571
3jbtztfuani1nngygmcdf2tj	1	2	165	12	1	No-Go	NGW	0	0		1	1.0	0	0.0024	0.9979002844654143	-0.002111070467293608
3jbtztfuani1nngygmcdf2tj	1	2	171	13	1	No-Go	NGW	0	0		1	0.0	1	0.0965	0.9074980037464943	-0.10075735641732754
3jbtztfuani1nngygmcdf2tj	1	2	175	14	1	No-Go	NGW	0	0		1	0.0	1	0.013	0.9852392165684756	-0.015054306133061326
3jbtztfuani1nngygmcdf2tj	1	2	178	15	1	No-Go	NGW	0	0		1	0.0	1	0.0038	0.9948235352846945	-0.00522670974609442
3jbtztfuani1nngygmcdf2tj	1	2	182	16	1	No-Go	NGW	0	0		1	0.0	1	0.003	0.9972696572321141	-0.0027468732003942974
3jbtztfuani1nngygmcdf2tj	1	2	186	17	1	No-Go	NGW	0	0		1	0.0	1	0.0021	0.9981707745305839	-0.001837236940170255
3jbtztfuani1nngygmcdf2tj	1	2	192	18	1	No-Go	NGW	0	0		1	0.0	1	0.0015	0.9985791438517561	-0.001425858074838708
3jbtztfuani1nngygmcdf2tj	1	2	193	19	1	No-Go	NGW	0	0		1	1.0	0	0.0013	0.9987890369533936	-0.0012146559599209644
3jbtztfuani1nngygmcdf2tj	1	2	200	20	1	No-Go	NGW	0	0		1	0.0	1	0.0691	0.9290471168502045	-0.07656140396867836
3jbtztfuani1nngygmcdf2tj	1	2	202	21	1	No-Go	NGW	0	0		1	0.0	1	0.0123	0.9881368434524517	-0.012052918931108478
3jbtztfuani1nngygmcdf2tj	1	2	205	22	1	No-Go	NGW	0	0		1	0.0	1	0.005	0.9955790703878243	-0.004456367728277759
3jbtztfuani1nngygmcdf2tj	1	2	209	23	1	No-Go	NGW	0	0		1	0.0	1	0.0023	0.9975507987624666	-0.002462050071612169
3jbtztfuani1nngygmcdf2tj	1	2	216	24	1	No-Go	NGW	0	0		1	0.0	1	0.0017	0.9982996209555093	-0.0017071279534844293
3jbtztfuani1nngygmcdf2tj	1	2	220	25	1	No-Go	NGW	0	0		1	1.0	0	0.0008	0.9986465115280037	-0.0013579567182652149
3jbtztfuani1nngygmcdf2tj	1	2	221	26	1	No-Go	NGW	0	0		1	0.0	1	0.0738	0.924445093273158	-0.08173299935837425
3jbtztfuani1nngygmcdf2tj	1	2	227	27	1	No-Go	NGW	0	0		1	0.0	1	0.0115	0.9875919483459619	-0.012614136431445799
3jbtztfuani1nngygmcdf2tj	1	2	231	28	1	No-Go	NGW	0	0		1	0.0	1	0.0039	0.9954479536453109	-0.004589495737562188
3jbtztfuani1nngygmcdf2tj	1	2	234	29	1	No-Go	NGW	0	0		1	0.0	1	0.0026	0.9975045438639545	-0.0025087729606885502
3jbtztfuani1nngygmcdf2tj	1	2	237	30	1	No-Go	NGW	0	0		1	1.0	0	0.0018	0.9982792337039887	-0.0017276721709117136
3jbtztfuani1nngygmcdf2tj	1	2	121	1	1	Go	GW	1	0		0	0.0	0	0.8832	0.11228052443022966	-2.3507750032661985
3jbtztfuani1nngygmcdf2tj	1	2	127	2	1	Go	GW	1	1	0.689	1	0.0	1	0.9855	0.9859326742603691	-0.014303506990063681
3jbtztfuani1nngygmcdf2tj	1	2	131	3	1	Go	GW	1	1	0.648	1	0.0	1	0.9994	0.9992829559551466	-0.0007184540228663968
3jbtztfuani1nngygmcdf2tj	1	2	136	4	1	Go	GW	1	1	0.631	1	0.0	1	0.9998	0.9997966778597178	-0.00020346117730860597
3jbtztfuani1nngygmcdf2tj	1	2	140	5	1	Go	GW	1	1	0.57	1	1.0	0	0.9999	0.9998859713310687	-0.00011407300314913672
3jbtztfuani1nngygmcdf2tj	1	2	141	6	1	Go	GW	1	1	0.411	1	0.0	1	0.995	0.9941275605472459	-0.005916814792390582
3jbtztfuani1nngygmcdf2tj	1	2	148	7	1	Go	GW	1	1	0.597	1	0.0	1	0.9996	0.9995591132520909	-0.0004413748372917848
3jbtztfuani1nngygmcdf2tj	1	2	152	8	1	Go	GW	1	1	0.541	1	1.0	0	0.9997	0.9998403811912282	-0.00015969847132747737
3jbtztfuani1nngygmcdf2tj	1	2	156	9	1	Go	GW	1	1	0.722	1	0.0	1	0.9916	0.9926672109852906	-0.007398759872044791
3jbtztfuani1nngygmcdf2tj	1	2	159	10	1	Go	GW	1	1	0.485	1	0.0	1	0.9996	0.9995041689753398	-0.0004964608881122043
3jbtztfuani1nngygmcdf2tj	1	2	161	11	1	Go	GW	1	1	0.373	1	0.0	1	0.9999	0.9998312189648292	-0.0001688711796326994
3jbtztfuani1nngygmcdf2tj	1	2	166	12	1	Go	GW	1	1	0.5	1	0.0	1	0.9999	0.999895629144496	-0.00010440716141082694
3jbtztfuani1nngygmcdf2tj	1	2	169	13	1	Go	GW	1	1	0.575	1	1.0	0	0.9998	0.9999159119252329	-8.411256514367193e-05
3jbtztfuani1nngygmcdf2tj	1	2	176	14	1	Go	GW	1	1	0.541	1	0.0	1	0.994	0.9949370831600532	-0.005099170072175757
3jbtztfuani1nngygmcdf2tj	1	2	179	15	1	Go	GW	1	1	0.486	1	0.0	1	0.9994	0.9996085150298625	-0.0003918573758655641
3jbtztfuani1nngygmcdf2tj	1	2	184	16	1	Go	GW	1	1	0.549	1	0.0	1	0.9998	0.9998504083719431	-0.00014965999049101997
3jbtztfuani1nngygmcdf2tj	1	2	188	17	1	Go	GW	1	1	0.433	1	1.0	0	1.0	0.9999015310817784	-9.850104223467874e-05
3jbtztfuani1nngygmcdf2tj	1	2	191	18	1	Go	GW	1	1	0.706	1	0.0	1	0.9935	0.9944410180406692	-0.005600758024303922
3jbtztfuani1nngygmcdf2tj	1	2	195	19	1	Go	GW	1	1	0.586	1	0.0	1	0.9998	0.9995842876066494	-0.0004161358320430391
3jbtztfuani1nngygmcdf2tj	1	2	198	20	1	Go	GW	1	1	0.502	1	0.0	1	0.9998	0.9998458477949971	-0.00015422512233645016
3jbtztfuani1nngygmcdf2tj	1	2	203	21	1	Go	GW	1	1	0.388	1	1.0	0	1.0	0.9999001081398081	-9.992490356637001e-05
3jbtztfuani1nngygmcdf2tj	1	2	208	22	1	Go	GW	1	1	0.704	1	0.0	1	0.9951	0.9944029605693305	-0.005639201930495223
3jbtztfuani1nngygmcdf2tj	1	2	211	23	1	Go	GW	1	1	0.622	1	0.0	1	0.9999	0.9995815055175488	-0.0004189251100875616
3jbtztfuani1nngygmcdf2tj	1	2	213	24	1	Go	GW	1	1	0.485	1	0.0	1	0.9999	0.9998452714138397	-0.00015480218782389974
3jbtztfuani1nngygmcdf2tj	1	2	219	25	1	Go	GW	1	1	0.388	1	0.0	1	1.0	0.9998999207282131	-0.00010011245161206134
3jbtztfuani1nngygmcdf2tj	1	2	223	26	1	Go	GW	1	1	0.571	1	0.0	1	0.9999	0.9999176168045336	-8.24067686382603e-05
3jbtztfuani1nngygmcdf2tj	1	2	225	27	1	Go	GW	1	1	0.552	1	0.0	1	1.0	0.99992469641682	-7.532393356685751e-05
3jbtztfuani1nngygmcdf2tj	1	2	229	28	1	Go	GW	1	1	0.469	1	0.0	1	0.9998	0.9999278929392486	-7.212611024820556e-05
3jbtztfuani1nngygmcdf2tj	1	2	233	29	1	Go	GW	1	1	0.402	1	1.0	0	1.0	0.9999294550874962	-7.056337470329439e-05
3jbtztfuani1nngygmcdf2tj	1	2	240	30	1	Go	GW	1	1	0.935	1	0.0	1	0.9955	0.9953813325797808	-0.0046511576573640585
3jijrkavuzibk5dbcpckeszy	1	1	3	1	1	No-Go	NGW	0	1	0.935	0	0.0	0	0.3447	0.35387236063066163	-1.0999527334058992
3jijrkavuzibk5dbcpckeszy	1	1	7	2	1	No-Go	NGW	0	1	0.726	0	1.0	1	0.3208	0.32556673822726534	-1.1858166612003793
3jijrkavuzibk5dbcpckeszy	1	1	11	3	1	No-Go	NGW	0	1	0.647	0	0.0	0	0.8012	0.7987686691685139	-0.23416812163134199
3jijrkavuzibk5dbcpckeszy	1	1	13	4	1	No-Go	NGW	0	1	0.62	0	0.0	0	0.7704	0.76860512245197	-0.2742639639196942
3jijrkavuzibk5dbcpckeszy	1	1	20	5	1	No-Go	NGW	0	1	1.009	0	0.0	0	0.7339	0.7361340911964955	-0.31934947899883803
3jijrkavuzibk5dbcpckeszy	1	1	21	6	1	No-Go	NGW	0	1	1.0	0	0.0	0	0.7034	0.7017382942290725	-0.3695451211729342
3jijrkavuzibk5dbcpckeszy	1	1	25	7	1	No-Go	NGW	0	1	0.614	0	0.0	0	0.6619	0.6658912085250717	-0.42486717973036714
3jijrkavuzibk5dbcpckeszy	1	1	32	8	1	No-Go	NGW	0	1	0.646	0	0.0	0	0.6189	0.6291227237480008	-0.48522205201762775
3jijrkavuzibk5dbcpckeszy	1	1	35	9	1	No-Go	NGW	0	1	0.779	0	1.0	1	0.5896	0.5919798033268002	-0.5504077610785979
3jijrkavuzibk5dbcpckeszy	1	1	39	10	1	No-Go	NGW	0	1	0.821	0	0.0	0	0.8663	0.8664372214028064	-0.1488709579895903
3jijrkavuzibk5dbcpckeszy	1	1	44	11	1	No-Go	NGW	0	1	0.804	0	0.0	0	0.8432	0.8424736903920249	-0.17847525041753323
3jijrkavuzibk5dbcpckeszy	1	1	46	12	1	No-Go	NGW	0	1	0.875	0	0.0	0	0.8202	0.8158187817108545	-0.21265892235650455
3jijrkavuzibk5dbcpckeszy	1	1	50	13	1	No-Go	NGW	0	1	0.644	0	1.0	1	0.7793	0.7866428783125945	-0.2517245213160733
3jijrkavuzibk5dbcpckeszy	1	1	53	14	1	No-Go	NGW	0	0		1	0.0	1	0.9137	0.08709845934984015	-2.6994531791428598
3jijrkavuzibk5dbcpckeszy	1	1	60	15	1	No-Go	NGW	0	1	0.729	0	0.0	0	0.9022	0.9023753058197667	-0.10574950365938371
3jijrkavuzibk5dbcpckeszy	1	1	61	16	1	No-Go	NGW	0	1	0.674	0	0.0	0	0.8808	0.8821319379086999	-0.12960620842943657
3jijrkavuzibk5dbcpckeszy	1	1	65	17	1	No-Go	NGW	0	1	0.843	0	0.0	0	0.8581	0.8590155535595689	-0.15782144530840922
3jijrkavuzibk5dbcpckeszy	1	1	72	18	1	No-Go	NGW	0	1	0.929	0	0.0	0	0.8361	0.833068210158122	-0.19082849788533318
3jijrkavuzibk5dbcpckeszy	1	1	76	19	1	No-Go	NGW	0	1	0.935	0	1.0	1	0.8023	0.8044559889664264	-0.22899924310615827
3jijrkavuzibk5dbcpckeszy	1	1	80	20	1	No-Go	NGW	0	0		1	0.0	1	0.9107	0.0856949040954569	-2.7198832745547787
3jijrkavuzibk5dbcpckeszy	1	1	83	21	1	No-Go	NGW	0	1	0.872	0	0.0	0	0.9023	0.9041337950596866	-0.10371747486875908
3jijrkavuzibk5dbcpckeszy	1	1	86	22	1	No-Go	NGW	0	1	0.492	0	0.0	0	0.88	0.8834207137143905	-0.12828226437825974
3jijrkavuzibk5dbcpckeszy	1	1	89	23	1	No-Go	NGW	0	1	0.974	0	1.0	1	0.8573	0.859726720383078	-0.1575204721362758
3jijrkavuzibk5dbcpckeszy	1	1	96	24	1	No-Go	NGW	0	1	1.154	0	0.0	0	0.9239	0.9254960618900128	-0.07916281023207299
3jijrkavuzibk5dbcpckeszy	1	1	98	25	1	No-Go	NGW	0	1	0.902	0	0.0	0	0.9079	0.9080238611474508	-0.09917807679852408
3jijrkavuzibk5dbcpckeszy	1	1	101	26	1	No-Go	NGW	0	1	0.973	0	1.0	1	0.889	0.887645157294084	-0.12336064524055784
3jijrkavuzibk5dbcpckeszy	1	1	106	27	1	No-Go	NGW	0	1	0.657	0	0.0	0	0.9349	0.9347051784057896	-0.06887424806479381
3jijrkavuzibk5dbcpckeszy	1	1	110	28	1	No-Go	NGW	0	1	0.821	0	0.0	0	0.9226	0.9187417270710426	-0.08692157111622134
3jijrkavuzibk5dbcpckeszy	1	1	113	29	1	No-Go	NGW	0	1	0.683	0	0.0	0	0.8976	0.8999527669695577	-0.10889306893758777
3jijrkavuzibk5dbcpckeszy	1	1	119	30	1	No-Go	NGW	0	1	0.714	0	0.0	0	0.8787	0.8782501604638335	-0.13532560099403002
3jijrkavuzibk5dbcpckeszy	1	1	4	1	0	No-Go	NGAL	0	0		1	0.0	1	0.5435	0.45592650074256125	-0.7947967473896489
3jijrkavuzibk5dbcpckeszy	1	1	6	2	0	No-Go	NGAL	0	0		1	0.0	1	0.5168	0.4878390528486344	-0.7253692204984336
3jijrkavuzibk5dbcpckeszy	1	1	10	3	0	No-Go	NGAL	0	0		1	0.0	1	0.475	0.5188415326088952	-0.6627272203838717
3jijrkavuzibk5dbcpckeszy	1	1	15	4	0	No-Go	NGAL	0	0		1	0.0	1	0.4529	0.5486940581624714	-0.6062152022710233
3jijrkavuzibk5dbcpckeszy	1	1	17	5	0	No-Go	NGAL	0	0		1	1.0	0	0.4187	0.5772172615227811	-0.5552334429786542
3jijrkavuzibk5dbcpckeszy	1	1	23	6	0	No-Go	NGAL	0	0		1	0.0	1	0.4231	0.577035426010152	-0.55553892541512
3jijrkavuzibk5dbcpckeszy	1	1	27	7	0	No-Go	NGAL	0	1	1.22	0	0.0	0	0.3879	0.3958819003582036	-0.9396875754888301
3jijrkavuzibk5dbcpckeszy	1	1	29	8	0	No-Go	NGAL	0	0		1	0.0	1	0.3659	0.6341011036586742	-0.4610978132013574
3jijrkavuzibk5dbcpckeszy	1	1	33	9	0	No-Go	NGAL	0	1	0.775	0	0.0	0	0.3372	0.3412882983301112	-1.0960375163498826
3jijrkavuzibk5dbcpckeszy	1	1	37	10	0	No-Go	NGAL	0	1	1.21	0	1.0	1	0.3097	0.31442581934495445	-1.1842760413597186
3jijrkavuzibk5dbcpckeszy	1	1	41	11	0	No-Go	NGAL	0	0		1	0.0	1	0.3409	0.6560008271524879	-0.42698244717653017
3jijrkavuzibk5dbcpckeszy	1	1	47	12	0	No-Go	NGAL	0	0		1	0.0	1	0.3251	0.6790804379673812	-0.39232049400978897
3jijrkavuzibk5dbcpckeszy	1	1	49	13	0	No-Go	NGAL	0	1	1.234	0	0.0	0	0.2976	0.2994423619814485	-1.2350073065813207
3jijrkavuzibk5dbcpckeszy	1	1	56	14	0	No-Go	NGAL	0	0		1	0.0	1	0.2725	0.7253921215494304	-0.3262412438937082
3jijrkavuzibk5dbcpckeszy	1	1	58	15	0	No-Go	NGAL	0	1	1.016	0	1.0	1	0.2599	0.2558295410488018	-1.407059394530903
3jijrkavuzibk5dbcpckeszy	1	1	62	16	0	No-Go	NGAL	0	1	0.809	0	0.0	0	0.2778	0.2817247989194845	-1.2999382435235944
3jijrkavuzibk5dbcpckeszy	1	1	66	17	0	No-Go	NGAL	0	0		1	0.0	1	0.2557	0.7421773241863062	-0.3031298027171025
3jijrkavuzibk5dbcpckeszy	1	1	70	18	0	No-Go	NGAL	0	0		1	0.0	1	0.2341	0.759598493201232	-0.2797306794292564
3jijrkavuzibk5dbcpckeszy	1	1	75	19	0	No-Go	NGAL	0	0		1	0.0	1	0.2266	0.7756483778873159	-0.2586036641210682
3jijrkavuzibk5dbcpckeszy	1	1	77	20	0	No-Go	NGAL	0	0		1	1.0	0	0.2069	0.790422807381675	-0.2395040300867592
3jijrkavuzibk5dbcpckeszy	1	1	81	21	0	No-Go	NGAL	0	1	1.149	0	0.0	0	0.2114	0.20970773145213134	-1.6243317411866371
3jijrkavuzibk5dbcpckeszy	1	1	85	22	0	No-Go	NGAL	0	1	0.965	0	0.0	0	0.1954	0.19124806061784463	-1.7299310291690537
3jijrkavuzibk5dbcpckeszy	1	1	90	23	0	No-Go	NGAL	0	0		1	1.0	0	0.1808	0.8253143459681079	-0.19595626805818428
3jijrkavuzibk5dbcpckeszy	1	1	93	24	0	No-Go	NGAL	0	0		1	0.0	1	0.1755	0.8252048590216673	-0.19608385361298128
3jijrkavuzibk5dbcpckeszy	1	1	99	25	0	No-Go	NGAL	0	0		1	0.0	1	0.1662	0.8368980618880015	-0.18175770725265897
3jijrkavuzibk5dbcpckeszy	1	1	102	26	0	No-Go	NGAL	0	1	0.888	0	0.0	0	0.1494	0.1523946419634627	-1.988768270008747
3jijrkavuzibk5dbcpckeszy	1	1	105	27	0	No-Go	NGAL	0	1	0.812	0	0.0	0	0.1392	0.1392045524636208	-2.0959689706811777
3jijrkavuzibk5dbcpckeszy	1	1	112	28	0	No-Go	NGAL	0	0		1	0.0	1	0.125	0.8725896172872882	-0.1393049650108555
3jijrkavuzibk5dbcpckeszy	1	1	116	29	0	No-Go	NGAL	0	1	0.641	0	1.0	1	0.1274	0.1190542603570568	-2.2794495285267
3jijrkavuzibk5dbcpckeszy	1	1	118	30	0	No-Go	NGAL	0	1	0.939	0	0.0	0	0.1287	0.13425932600151583	-2.130099368036793
3jijrkavuzibk5dbcpckeszy	1	1	2	1	0	Go	GAL	1	1	0.922	1	0.0	1	0.5439	0.5440734992574389	-0.6152141439786318
3jijrkavuzibk5dbcpckeszy	1	1	5	2	0	Go	GAL	1	0		0	1.0	1	0.574	0.4244484926627889	-0.8690606017887098
3jijrkavuzibk5dbcpckeszy	1	1	9	3	0	Go	GAL	1	0		0	0.0	0	0.5417	0.45592650074256125	-0.7947967473896489
3jijrkavuzibk5dbcpckeszy	1	1	14	4	0	Go	GAL	1	0		0	0.0	0	0.5504	0.4557557306368138	-0.7951832743311458
3jijrkavuzibk5dbcpckeszy	1	1	19	5	0	Go	GAL	1	0		0	0.0	0	0.5414	0.4555851186742062	-0.7955705333190048
3jijrkavuzibk5dbcpckeszy	1	1	22	6	0	Go	GAL	1	1	0.892	1	1.0	0	0.5438	0.5445853341207288	-0.6142733265333458
3jijrkavuzibk5dbcpckeszy	1	1	28	7	0	Go	GAL	1	0		0	0.0	0	0.5057	0.48836284661692764	-0.7242467626622776
3jijrkavuzibk5dbcpckeszy	1	1	30	8	0	Go	GAL	1	0		0	0.0	0	0.5087	0.4881908254049499	-0.7246043636820048
3jijrkavuzibk5dbcpckeszy	1	1	34	9	0	Go	GAL	1	1	0.63	1	0.0	1	0.5172	0.5119810731050592	-0.6763255147867158
3jijrkavuzibk5dbcpckeszy	1	1	38	10	0	Go	GAL	1	1	0.496	1	0.0	1	0.5476	0.5439337426323947	-0.6154515839847234
3jijrkavuzibk5dbcpckeszy	1	1	42	11	0	Go	GAL	1	1	1.341	1	0.0	1	0.5712	0.5744414627845401	-0.560810433124678
3jijrkavuzibk5dbcpckeszy	1	1	48	12	0	Go	GAL	1	1	1.448	1	1.0	0	0.6072	0.6033436435470702	-0.5117537891185654
3jijrkavuzibk5dbcpckeszy	1	1	51	13	0	Go	GAL	1	1	1.258	1	0.0	1	0.5703	0.5695943255940747	-0.5691279511318563
3jijrkavuzibk5dbcpckeszy	1	1	54	14	0	Go	GAL	1	0		0	0.0	0	0.5922	0.40120184753879823	-0.9274632754269836
3jijrkavuzibk5dbcpckeszy	1	1	59	15	0	Go	GAL	1	0		0	0.0	0	0.5946	0.4010388594512165	-0.9279049994082069
3jijrkavuzibk5dbcpckeszy	1	1	63	16	0	Go	GAL	1	1	0.516	1	0.0	1	0.5997	0.599123916108544	-0.5186025273855636
3jijrkavuzibk5dbcpckeszy	1	1	67	17	0	Go	GAL	1	0		0	0.0	0	0.6264	0.3733737349688117	-1.0033181431237805
3jijrkavuzibk5dbcpckeszy	1	1	69	18	0	Go	GAL	1	0		0	1.0	1	0.6263	0.37321675419909583	-1.0037899696759427
3jijrkavuzibk5dbcpckeszy	1	1	73	19	0	Go	GAL	1	0		0	0.0	0	0.5923	0.40243174304238677	-0.9241548029615273
3jijrkavuzibk5dbcpckeszy	1	1	79	20	0	Go	GAL	1	1	1.224	1	0.0	1	0.6102	0.5977361506749244	-0.5208751865173175
3jijrkavuzibk5dbcpckeszy	1	1	84	21	0	Go	GAL	1	1	1.069	1	1.0	0	0.6333	0.624419048418569	-0.4772068792211964
3jijrkavuzibk5dbcpckeszy	1	1	87	22	0	Go	GAL	1	0		0	0.0	0	0.5873	0.4102805646318583	-0.903399826310599
3jijrkavuzibk5dbcpckeszy	1	1	91	23	0	Go	GAL	1	1	0.869	1	0.0	1	0.5948	0.5898887651034922	-0.5338483781971094
3jijrkavuzibk5dbcpckeszy	1	1	95	24	0	Go	GAL	1	0		0	0.0	0	0.6143	0.3829124252862906	-0.9756472893414363
3jijrkavuzibk5dbcpckeszy	1	1	100	25	0	Go	GAL	1	1	0.766	1	0.0	1	0.6151	0.6172514534592026	-0.48850004418169996
3jijrkavuzibk5dbcpckeszy	1	1	104	26	0	Go	GAL	1	0		0	0.0	0	0.6491	0.35719305055065154	-1.0490905127599814
3jijrkavuzibk5dbcpckeszy	1	1	108	27	0	Go	GAL	1	1	0.796	1	0.0	1	0.6457	0.6429645288277698	-0.4476924058223535
3jijrkavuzibk5dbcpckeszy	1	1	109	28	0	Go	GAL	1	0		0	1.0	1	0.6692	0.33313676007174087	-1.1233848181907382
3jijrkavuzibk5dbcpckeszy	1	1	115	29	0	Go	GAL	1	0		0	0.0	0	0.6379	0.3599837897733241	-1.0405302223572956
3jijrkavuzibk5dbcpckeszy	1	1	120	30	0	Go	GAL	1	0		0	0.0	0	0.6418	0.35982086497733773	-1.0410463059759028
3jijrkavuzibk5dbcpckeszy	1	1	1	1	1	Go	GW	1	0		0	0.0	0	0.3588	0.6461276393693384	-0.4546629315514998
3jijrkavuzibk5dbcpckeszy	1	1	8	2	1	Go	GW	1	0		0	0.0	0	0.3862	0.6168223712253229	-0.5054707421268991
3jijrkavuzibk5dbcpckeszy	1	1	12	3	1	Go	GW	1	1	0.608	1	1.0	0	0.403	0.41225584534980997	-0.9430647507148213
3jijrkavuzibk5dbcpckeszy	1	1	16	4	1	Go	GW	1	0		0	0.0	0	0.3878	0.6177994643994145	-0.503634570628513
3jijrkavuzibk5dbcpckeszy	1	1	18	5	1	Go	GW	1	1	0.774	1	0.0	1	0.4053	0.41030265706993896	-0.9475708402854466
3jijrkavuzibk5dbcpckeszy	1	1	24	6	1	Go	GW	1	1	0.731	1	0.0	1	0.8512	0.8493627124370235	-0.1695399815323327
3jijrkavuzibk5dbcpckeszy	1	1	26	7	1	Go	GW	1	0		0	0.0	0	0.9377	0.06080142236586031	-3.0726179823295228
3jijrkavuzibk5dbcpckeszy	1	1	31	8	1	Go	GW	1	1	0.837	1	0.0	1	0.945	0.9451434380811523	-0.05744477127433532
3jijrkavuzibk5dbcpckeszy	1	1	36	9	1	Go	GW	1	1	0.723	1	0.0	1	0.9667	0.9672630533293268	-0.03362766996447742
3jijrkavuzibk5dbcpckeszy	1	1	40	10	1	Go	GW	1	1	0.583	1	1.0	0	0.9746	0.9752530909573115	-0.025262356268609603
3jijrkavuzibk5dbcpckeszy	1	1	43	11	1	Go	GW	1	1	0.957	1	0.0	1	0.9733	0.9689088536689067	-0.03188371211410459
3jijrkavuzibk5dbcpckeszy	1	1	45	12	1	Go	GW	1	1	1.239	1	0.0	1	0.9777	0.9762890817163985	-0.02419599015254363
3jijrkavuzibk5dbcpckeszy	1	1	52	13	1	Go	GW	1	1	0.883	1	0.0	1	0.9796	0.9793223566813284	-0.021066792319914148
3jijrkavuzibk5dbcpckeszy	1	1	55	14	1	Go	GW	1	1	0.586	1	0.0	1	0.9804	0.9807682897283317	-0.019583872546486927
3jijrkavuzibk5dbcpckeszy	1	1	57	15	1	Go	GW	1	1	0.871	1	1.0	0	0.982	0.9815235311303393	-0.018812555503934604
3jijrkavuzibk5dbcpckeszy	1	1	64	16	1	Go	GW	1	1	0.687	1	0.0	1	0.9771	0.9764325307466725	-0.024107337348856766
3jijrkavuzibk5dbcpckeszy	1	1	68	17	1	Go	GW	1	1	0.682	1	0.0	1	0.9795	0.979868667134499	-0.020526634993356697
3jijrkavuzibk5dbcpckeszy	1	1	71	18	1	Go	GW	1	1	1.017	1	1.0	0	0.9791	0.981216406731163	-0.019135373978210836
3jijrkavuzibk5dbcpckeszy	1	1	74	19	1	Go	GW	1	1	1.006	1	0.0	1	0.9763	0.9760395133078766	-0.024526174909615214
3jijrkavuzibk5dbcpckeszy	1	1	78	20	1	Go	GW	1	1	0.795	1	0.0	1	0.9819	0.9797623983983729	-0.02064062715186455
3jijrkavuzibk5dbcpckeszy	1	1	82	21	1	Go	GW	1	0		0	0.0	0	0.982	0.018805926028677113	-4.589278429165748
3jijrkavuzibk5dbcpckeszy	1	1	88	22	1	Go	GW	1	1	1.205	1	0.0	1	0.983	0.9830876359178888	-0.0172026210916087
3jijrkavuzibk5dbcpckeszy	1	1	92	23	1	Go	GW	1	1	1.052	1	0.0	1	0.9813	0.9836741012599648	-0.016601087865789656
3jijrkavuzibk5dbcpckeszy	1	1	94	24	1	Go	GW	1	0		0	1.0	1	0.9817	0.016030200586969568	-4.821807651201492
3jijrkavuzibk5dbcpckeszy	1	1	97	25	1	Go	GW	1	1	1.233	1	0.0	1	0.9824	0.9815140434817615	-0.01884008600034519
3jijrkavuzibk5dbcpckeszy	1	1	103	26	1	Go	GW	1	1	0.931	1	0.0	1	0.9835	0.9816978458086442	-0.018652236306542266
3jijrkavuzibk5dbcpckeszy	1	1	107	27	1	Go	GW	1	1	0.882	1	0.0	1	0.9824	0.9818024149604767	-0.018545674176952822
3jijrkavuzibk5dbcpckeszy	1	1	111	28	1	Go	GW	1	1	0.848	1	1.0	0	0.9823	0.9818645182103414	-0.018482549799473322
3jijrkavuzibk5dbcpckeszy	1	1	114	29	1	Go	GW	1	1	0.681	1	0.0	1	0.9785	0.9767851340526366	-0.0237783225866576
3jijrkavuzibk5dbcpckeszy	1	1	117	30	1	Go	GW	1	1	1.239	1	0.0	1	0.9792	0.979825506014753	-0.020591342137908062
3jijrkavuzibk5dbcpckeszy	1	2	123	1	0	Go	GAL	1	1	1.005	1	0.0	1	0.5439	0.5440734992574389	-0.6152141439786318
3jijrkavuzibk5dbcpckeszy	1	2	126	2	0	Go	GAL	1	0		0	1.0	1	0.5706	0.4244484926627889	-0.8690606017887098
3jijrkavuzibk5dbcpckeszy	1	2	130	3	0	Go	GAL	1	0		0	0.0	0	0.5444	0.45592650074256125	-0.7947967473896489
3jijrkavuzibk5dbcpckeszy	1	2	134	4	0	Go	GAL	1	0		0	0.0	0	0.5514	0.4557557306368138	-0.7951832743311458
3jijrkavuzibk5dbcpckeszy	1	2	137	5	0	Go	GAL	1	1	0.83	1	0.0	1	0.5415	0.5444148813257937	-0.6145859475371482
3jijrkavuzibk5dbcpckeszy	1	2	142	6	0	Go	GAL	1	0		0	1.0	1	0.5768	0.42512232156188384	-0.8673376383825132
3jijrkavuzibk5dbcpckeszy	1	2	148	7	0	Go	GAL	1	1	0.397	1	0.0	1	0.5425	0.5444032594621596	-0.6146069307040725
3jijrkavuzibk5dbcpckeszy	1	2	151	8	0	Go	GAL	1	1	1.372	1	0.0	1	0.5746	0.573893626637388	-0.561749140442002
3jijrkavuzibk5dbcpckeszy	1	2	155	9	0	Go	GAL	1	0		0	0.0	0	0.5977	0.3981342964226238	-0.9358259930077545
3jijrkavuzibk5dbcpckeszy	1	2	158	10	0	Go	GAL	1	0		0	0.0	0	0.5989	0.3979663090269998	-0.9362843415075023
3jijrkavuzibk5dbcpckeszy	1	2	161	11	0	Go	GAL	1	1	1.371	1	0.0	1	0.5957	0.6022014508829617	-0.5135984172492051
3jijrkavuzibk5dbcpckeszy	1	2	168	12	0	Go	GAL	1	1	1.385	1	1.0	0	0.6286	0.6285623692927315	-0.4707541047988437
3jijrkavuzibk5dbcpckeszy	1	2	170	13	0	Go	GAL	1	0		0	0.0	0	0.5871	0.40614009248787236	-0.9142240103999636
3jijrkavuzibk5dbcpckeszy	1	2	176	14	0	Go	GAL	1	1	0.603	1	0.0	1	0.5964	0.5940292581338287	-0.5269563057040642
3jijrkavuzibk5dbcpckeszy	1	2	180	15	0	Go	GAL	1	0		0	0.0	0	0.6171	0.37906256399812427	-0.9866058509966493
3jijrkavuzibk5dbcpckeszy	1	2	183	16	0	Go	GAL	1	1	0.625	1	0.0	1	0.6289	0.6211012525687174	-0.4823931151046828
3jijrkavuzibk5dbcpckeszy	1	2	188	17	0	Go	GAL	1	1	0.55	1	0.0	1	0.6523	0.6463671189955903	-0.4425103386524357
3jijrkavuzibk5dbcpckeszy	1	2	190	18	0	Go	GAL	1	1	0.587	1	1.0	0	0.6705	0.669990286013813	-0.40657008632672365
3jijrkavuzibk5dbcpckeszy	1	2	194	19	0	Go	GAL	1	1	0.548	1	0.0	1	0.6347	0.6358392985714608	-0.45856669868482053
3jijrkavuzibk5dbcpckeszy	1	2	200	20	0	Go	GAL	1	1	0.631	1	0.0	1	0.6635	0.6602326185589958	-0.42089964326215856
3jijrkavuzibk5dbcpckeszy	1	2	203	21	0	Go	GAL	1	1	0.5	1	1.0	0	0.673	0.6829854385547275	-0.3869665168135322
3jijrkavuzibk5dbcpckeszy	1	2	205	22	0	Go	GAL	1	1	0.545	1	0.0	1	0.6436	0.6491106330995716	-0.43758231394121255
3jijrkavuzibk5dbcpckeszy	1	2	211	23	0	Go	GAL	1	1	0.424	1	0.0	1	0.6723	0.6726937363386429	-0.40185940563749906
3jijrkavuzibk5dbcpckeszy	1	2	214	24	0	Go	GAL	1	1	0.519	1	0.0	1	0.6955	0.6946457331060089	-0.36968664266277085
3jijrkavuzibk5dbcpckeszy	1	2	220	25	0	Go	GAL	1	1	0.543	1	0.0	1	0.7178	0.7150199013980698	-0.3406822003667444
3jijrkavuzibk5dbcpckeszy	1	2	224	26	0	Go	GAL	1	1	0.526	1	0.0	1	0.7431	0.7338869141389875	-0.3145057298544134
3jijrkavuzibk5dbcpckeszy	1	2	227	27	0	Go	GAL	1	1	0.496	1	0.0	1	0.7479	0.7513284576335176	-0.29085416988242846
3jijrkavuzibk5dbcpckeszy	1	2	229	28	0	Go	GAL	1	1	0.51	1	1.0	0	0.7653	0.7674322587967936	-0.26945790571962447
3jijrkavuzibk5dbcpckeszy	1	2	236	29	0	Go	GAL	1	1	0.469	1	0.0	1	0.7342	0.7371651128767749	-0.3095959042283607
3jijrkavuzibk5dbcpckeszy	1	2	237	30	0	Go	GAL	1	1	0.484	1	0.0	1	0.7551	0.7544533212596384	-0.2862781046838734
3jijrkavuzibk5dbcpckeszy	1	2	121	1	1	No-Go	NGW	0	1	0.825	0	0.0	0	0.3548	0.35387236063066163	-1.0999527334058992
3jijrkavuzibk5dbcpckeszy	1	2	127	2	1	No-Go	NGW	0	0		1	1.0	0	0.3172	0.6744332617727347	-0.4083461251330414
3jijrkavuzibk5dbcpckeszy	1	2	132	3	1	No-Go	NGW	0	1	0.927	0	0.0	0	0.3532	0.35387236063066163	-1.0999527334058992
3jijrkavuzibk5dbcpckeszy	1	2	133	4	1	No-Go	NGW	0	0		1	0.0	1	0.3273	0.6735185551201923	-0.409849208084848
3jijrkavuzibk5dbcpckeszy	1	2	139	5	1	No-Go	NGW	0	0		1	0.0	1	0.2958	0.7015402134092564	-0.3662593965035373
3jijrkavuzibk5dbcpckeszy	1	2	141	6	1	No-Go	NGW	0	0		1	0.0	1	0.2697	0.7272575612546942	-0.3281751504380771
3jijrkavuzibk5dbcpckeszy	1	2	146	7	1	No-Go	NGW	0	0		1	0.0	1	0.2558	0.7507312192710489	-0.29483927053396797
3jijrkavuzibk5dbcpckeszy	1	2	150	8	1	No-Go	NGW	0	0		1	0.0	1	0.2275	0.7720683039621533	-0.26560219444176786
3jijrkavuzibk5dbcpckeszy	1	2	154	9	1	No-Go	NGW	0	0		1	1.0	0	0.2105	0.7914047676366217	-0.23990692996720658
3jijrkavuzibk5dbcpckeszy	1	2	160	10	1	No-Go	NGW	0	0		1	0.0	1	0.2396	0.7671571330186909	-0.2722882197230102
3jijrkavuzibk5dbcpckeszy	1	2	163	11	1	No-Go	NGW	0	0		1	0.0	1	0.2124	0.7869938567372147	-0.2457178497487001
3jijrkavuzibk5dbcpckeszy	1	2	167	12	1	No-Go	NGW	0	0		1	0.0	1	0.1953	0.8049372655851665	-0.2223421418972846
3jijrkavuzibk5dbcpckeszy	1	2	171	13	1	No-Go	NGW	0	0		1	1.0	0	0.1748	0.8211432356603982	-0.20173040984502852
3jijrkavuzibk5dbcpckeszy	1	2	174	14	1	No-Go	NGW	0	0		1	0.0	1	0.204	0.7986211679255723	-0.23052334342648909
3jijrkavuzibk5dbcpckeszy	1	2	179	15	1	No-Go	NGW	0	0		1	0.0	1	0.1805	0.8154856373964536	-0.20887326542038237
3jijrkavuzibk5dbcpckeszy	1	2	184	16	1	No-Go	NGW	0	0		1	0.0	1	0.1707	0.8307025144998983	-0.18976987137502277
3jijrkavuzibk5dbcpckeszy	1	2	187	17	1	No-Go	NGW	0	0		1	0.0	1	0.1635	0.8444254391047589	-0.17287306268411162
3jijrkavuzibk5dbcpckeszy	1	2	192	18	1	No-Go	NGW	0	0		1	0.0	1	0.1371	0.8568004113619034	-0.1578920640287746
3jijrkavuzibk5dbcpckeszy	1	2	196	19	1	No-Go	NGW	0	0		1	1.0	0	0.1335	0.867963457101148	-0.14457792309098003
3jijrkavuzibk5dbcpckeszy	1	2	199	20	1	No-Go	NGW	0	0		1	0.0	1	0.1637	0.8490424265047334	-0.16724155683903208
3jijrkavuzibk5dbcpckeszy	1	2	201	21	1	No-Go	NGW	0	0		1	0.0	1	0.1362	0.8610186286061695	-0.15281548197672137
3jijrkavuzibk5dbcpckeszy	1	2	207	22	1	No-Go	NGW	0	0		1	0.0	1	0.1217	0.8718166787861829	-0.13999704224252396
3jijrkavuzibk5dbcpckeszy	1	2	212	23	1	No-Go	NGW	0	0		1	1.0	0	0.1155	0.8815596089172321	-0.12857885673843347
3jijrkavuzibk5dbcpckeszy	1	2	213	24	1	No-Go	NGW	0	0		1	0.0	1	0.1316	0.8638642403062491	-0.1494187068002199
3jijrkavuzibk5dbcpckeszy	1	2	217	25	1	No-Go	NGW	0	0		1	0.0	1	0.1241	0.874435246052438	-0.13690281243349522
3jijrkavuzibk5dbcpckeszy	1	2	223	26	1	No-Go	NGW	0	0		1	1.0	0	0.117	0.8839683399097863	-0.125759800349408
3jijrkavuzibk5dbcpckeszy	1	2	228	27	1	No-Go	NGW	0	0		1	0.0	1	0.1325	0.8664582517738225	-0.14635099778822508
3jijrkavuzibk5dbcpckeszy	1	2	231	28	1	No-Go	NGW	0	0		1	0.0	1	0.1244	0.8768217905634678	-0.13410587691938183
3jijrkavuzibk5dbcpckeszy	1	2	235	29	1	No-Go	NGW	0	0		1	0.0	1	0.1145	0.8861634650313225	-0.12320947473699764
3jijrkavuzibk5dbcpckeszy	1	2	240	30	1	No-Go	NGW	0	0		1	0.0	1	0.1043	0.8945932372513403	-0.11348744613733262
3jijrkavuzibk5dbcpckeszy	1	2	122	1	0	No-Go	NGAL	0	0		1	0.0	1	0.5494	0.45592650074256125	-0.7947967473896489
3jijrkavuzibk5dbcpckeszy	1	2	128	2	0	No-Go	NGAL	0	1	1.024	0	0.0	0	0.5091	0.5121609471513656	-0.6759963267235475
3jijrkavuzibk5dbcpckeszy	1	2	131	3	0	No-Go	NGAL	0	0		1	0.0	1	0.4817	0.5198814061739157	-0.6607016945057703
3jijrkavuzibk5dbcpckeszy	1	2	136	4	0	No-Go	NGAL	0	0		1	0.0	1	0.4503	0.5507144665167225	-0.6025437831040088
3jijrkavuzibk5dbcpckeszy	1	2	138	5	0	No-Go	NGAL	0	1	1.346	0	1.0	1	0.4204	0.41986309191176485	-0.8789400749837368
3jijrkavuzibk5dbcpckeszy	1	2	144	6	0	No-Go	NGAL	0	1	0.689	0	0.0	0	0.4505	0.4523359065829057	-0.8021717151544083
3jijrkavuzibk5dbcpckeszy	1	2	147	7	0	No-Go	NGAL	0	1	0.822	0	0.0	0	0.4266	0.4208348262175096	-0.8764955664522267
3jijrkavuzibk5dbcpckeszy	1	2	149	8	0	No-Go	NGAL	0	0		1	0.0	1	0.3942	0.6089572623301907	-0.5016639205249889
3jijrkavuzibk5dbcpckeszy	1	2	156	9	0	No-Go	NGAL	0	0		1	0.0	1	0.3589	0.6360248354464333	-0.4581389954593855
3jijrkavuzibk5dbcpckeszy	1	2	157	10	0	No-Go	NGAL	0	0		1	1.0	0	0.3385	0.6613403805588792	-0.4190706496505196
3jijrkavuzibk5dbcpckeszy	1	2	164	11	0	No-Go	NGAL	0	0		1	0.0	1	0.3401	0.6611744330360123	-0.41930956794405017
3jijrkavuzibk5dbcpckeszy	1	2	165	12	0	No-Go	NGAL	0	0		1	0.0	1	0.3186	0.6847608382423919	-0.38419110853408595
3jijrkavuzibk5dbcpckeszy	1	2	169	13	0	No-Go	NGAL	0	0		1	0.0	1	0.2872	0.7066469708208155	-0.3526223585504334
3jijrkavuzibk5dbcpckeszy	1	2	175	14	0	No-Go	NGAL	0	0		1	0.0	1	0.2733	0.7268990358123086	-0.32421809626000203
3jijrkavuzibk5dbcpckeszy	1	2	178	15	0	No-Go	NGAL	0	0		1	1.0	0	0.2583	0.7455989904631646	-0.29863455196780575
3jijrkavuzibk5dbcpckeszy	1	2	181	16	0	No-Go	NGAL	0	0		1	0.0	1	0.2562	0.7454529061595767	-0.29882103000798826
3jijrkavuzibk5dbcpckeszy	1	2	186	17	0	No-Go	NGAL	0	0		1	0.0	1	0.2406	0.7627052089382285	-0.2757318755566621
3jijrkavuzibk5dbcpckeszy	1	2	191	18	0	No-Go	NGAL	0	0		1	0.0	1	0.2192	0.7785917288255402	-0.2548873161826816
3jijrkavuzibk5dbcpckeszy	1	2	195	19	0	No-Go	NGAL	0	0		1	0.0	1	0.2064	0.7932095103703412	-0.2360450961798063
3jijrkavuzibk5dbcpckeszy	1	2	197	20	0	No-Go	NGAL	0	0		1	1.0	0	0.196	0.8066540294428216	-0.21899020156827148
3jijrkavuzibk5dbcpckeszy	1	2	204	21	0	No-Go	NGAL	0	0		1	0.0	1	0.1903	0.8065310223524926	-0.21913640907292936
3jijrkavuzibk5dbcpckeszy	1	2	208	22	0	No-Go	NGAL	0	0		1	0.0	1	0.183	0.8189056053799609	-0.20366314875732652
3jijrkavuzibk5dbcpckeszy	1	2	209	23	0	No-Go	NGAL	0	0		1	1.0	0	0.1672	0.8302855780342007	-0.18961911142685087
3jijrkavuzibk5dbcpckeszy	1	2	216	24	0	No-Go	NGAL	0	0		1	0.0	1	0.1771	0.8301732865108031	-0.18974937674324036
3jijrkavuzibk5dbcpckeszy	1	2	219	25	0	No-Go	NGAL	0	0		1	0.0	1	0.161	0.840651296892708	-0.17697141272649733
3jijrkavuzibk5dbcpckeszy	1	2	222	26	0	No-Go	NGAL	0	0		1	0.0	1	0.1487	0.8502931241556977	-0.16534077164353114
3jijrkavuzibk5dbcpckeszy	1	2	225	27	0	No-Go	NGAL	0	0		1	0.0	1	0.1421	0.8591701471335559	-0.1547391086481882
3jijrkavuzibk5dbcpckeszy	1	2	230	28	0	No-Go	NGAL	0	0		1	0.0	1	0.1347	0.8673481621812403	-0.1450613920238726
3jijrkavuzibk5dbcpckeszy	1	2	234	29	0	No-Go	NGAL	0	0		1	1.0	0	0.1249	0.8748875772067324	-0.13621434540023397
3jijrkavuzibk5dbcpckeszy	1	2	239	30	0	No-Go	NGAL	0	0		1	0.0	1	0.1276	0.8747984438372154	-0.13631344004182683
3jijrkavuzibk5dbcpckeszy	1	2	124	1	1	Go	GW	1	1	1.153	1	0.0	1	0.3497	0.35387236063066163	-1.0999527334058992
3jijrkavuzibk5dbcpckeszy	1	2	125	2	1	Go	GW	1	1	0.909	1	0.0	1	0.8119	0.8089303567861245	-0.22037726222270526
3jijrkavuzibk5dbcpckeszy	1	2	129	3	1	Go	GW	1	1	0.69	1	1.0	0	0.9142	0.9184484758340532	-0.08684447554331738
3jijrkavuzibk5dbcpckeszy	1	2	135	4	1	Go	GW	1	1	0.732	1	0.0	1	0.8968	0.9012848347017313	-0.10623545833094583
3jijrkavuzibk5dbcpckeszy	1	2	140	5	1	Go	GW	1	1	0.559	1	0.0	1	0.9471	0.9444651774382444	-0.05793329932618782
3jijrkavuzibk5dbcpckeszy	1	2	143	6	1	Go	GW	1	1	0.653	1	0.0	1	0.9611	0.9592938483143943	-0.04203208493498258
3jijrkavuzibk5dbcpckeszy	1	2	145	7	1	Go	GW	1	1	0.552	1	0.0	1	0.9647	0.965522101571715	-0.03548616214450713
3jijrkavuzibk5dbcpckeszy	1	2	152	8	1	Go	GW	1	1	0.589	1	0.0	1	0.9695	0.9684931132402588	-0.03239902655875451
3jijrkavuzibk5dbcpckeszy	1	2	153	9	1	Go	GW	1	1	0.567	1	0.0	1	0.9701	0.970038890680598	-0.030804709185016634
3jijrkavuzibk5dbcpckeszy	1	2	159	10	1	Go	GW	1	1	0.526	1	1.0	0	0.9686	0.9708954798609654	-0.029925945774825033
3jijrkavuzibk5dbcpckeszy	1	2	162	11	1	Go	GW	1	1	0.682	1	0.0	1	0.9616	0.9627648874846096	-0.03859420863537451
3jijrkavuzibk5dbcpckeszy	1	2	166	12	1	Go	GW	1	1	0.602	1	0.0	1	0.9672	0.9680777304851372	-0.03290496588638817
3jijrkavuzibk5dbcpckeszy	1	2	172	13	1	Go	GW	1	1	0.374	1	0.0	1	0.9695	0.9701398804248019	-0.03073392041419286
3jijrkavuzibk5dbcpckeszy	1	2	173	14	1	Go	GW	1	1	0.628	1	0.0	1	0.9729	0.9710895480128081	-0.029743211041558196
3jijrkavuzibk5dbcpckeszy	1	2	177	15	1	Go	GW	1	1	0.63	1	1.0	0	0.9685	0.9715732522761031	-0.02924202617883635
3jijrkavuzibk5dbcpckeszy	1	2	182	16	1	Go	GW	1	1	0.63	1	0.0	1	0.9629	0.9635797256781078	-0.0377724232314302
3jijrkavuzibk5dbcpckeszy	1	2	185	17	1	Go	GW	1	1	0.432	1	0.0	1	0.967	0.9685809887649183	-0.03239684146460226
3jijrkavuzibk5dbcpckeszy	1	2	189	18	1	Go	GW	1	1	0.426	1	1.0	0	0.9712	0.9704615265873306	-0.030409690904358307
3jijrkavuzibk5dbcpckeszy	1	2	193	19	1	Go	GW	1	1	0.395	1	0.0	1	0.9598	0.9622040213079391	-0.039238513142682466
3jijrkavuzibk5dbcpckeszy	1	2	198	20	1	Go	GW	1	1	0.572	1	0.0	1	0.9686	0.9679914995782952	-0.03301642485297352
3jijrkavuzibk5dbcpckeszy	1	2	202	21	1	Go	GW	1	1	0.456	1	0.0	1	0.9717	0.9701757634101458	-0.03070805498293341
3jijrkavuzibk5dbcpckeszy	1	2	206	22	1	Go	GW	1	1	0.387	1	0.0	1	0.9728	0.9711527882571042	-0.029684569636344492
3jijrkavuzibk5dbcpckeszy	1	2	210	23	1	Go	GW	1	1	0.335	1	0.0	1	0.9711	0.9716352067424999	-0.029182412122142315
3jijrkavuzibk5dbcpckeszy	1	2	215	24	1	Go	GW	1	1	0.451	1	1.0	0	0.9734	0.9718904428544596	-0.028918102473266954
3jijrkavuzibk5dbcpckeszy	1	2	218	25	1	Go	GW	1	1	0.352	1	0.0	1	0.9677	0.963967154489912	-0.03737463306655356
3jijrkavuzibk5dbcpckeszy	1	2	221	26	1	Go	GW	1	1	1.167	1	0.0	1	0.9649	0.9688010766082618	-0.03217270033947258
3jijrkavuzibk5dbcpckeszy	1	2	226	27	1	Go	GW	1	1	0.324	1	0.0	1	0.9668	0.9705971790541107	-0.03027228666690967
3jijrkavuzibk5dbcpckeszy	1	2	232	28	1	Go	GW	1	1	0.309	1	1.0	0	0.9706	0.9713891682724216	-0.029441529629839015
3jijrkavuzibk5dbcpckeszy	1	2	233	29	1	Go	GW	1	1	0.388	1	0.0	1	0.9642	0.963347154832262	-0.038030222442579954
3jijrkavuzibk5dbcpckeszy	1	2	238	30	1	Go	GW	1	1	0.449	1	0.0	1	0.9682	0.9685161061776755	-0.0324705134484566
3wbvn159qj7euefwbye5hsa1	1	2	121	1	0	No-Go	NGAL	0	1	0.634	0	1.0	1	0.5077	0.5024102069381423	-0.7031908738724333
3wbvn159qj7euefwbye5hsa1	1	2	125	2	0	No-Go	NGAL	0	0		1	0.0	1	0.6177	0.3757508353053878	-1.0034967181314232
3wbvn159qj7euefwbye5hsa1	1	2	131	3	0	No-Go	NGAL	0	0		1	0.0	1	0.5042	0.49758979306185774	-0.7125335536641921
3wbvn159qj7euefwbye5hsa1	1	2	135	4	0	No-Go	NGAL	0	0		1	0.0	1	0.3817	0.6138935199169204	-0.49774781363010095
3wbvn159qj7euefwbye5hsa1	1	2	140	5	0	No-Go	NGAL	0	0		1	0.0	1	0.2929	0.713223123492057	-0.34481494631743403
3wbvn159qj7euefwbye5hsa1	1	2	142	6	0	No-Go	NGAL	0	0		1	0.0	1	0.2081	0.7913817316418235	-0.23863823915878674
3wbvn159qj7euefwbye5hsa1	1	2	146	7	0	No-Go	NGAL	0	0		1	1.0	0	0.1554	0.8496785392969799	-0.16595464853582176
3wbvn159qj7euefwbye5hsa1	1	2	151	8	0	No-Go	NGAL	0	0		1	0.0	1	0.2611	0.736048753287115	-0.3114355689001363
3wbvn159qj7euefwbye5hsa1	1	2	156	9	0	No-Go	NGAL	0	0		1	0.0	1	0.184	0.8097519927672678	-0.2140172661073316
3wbvn159qj7euefwbye5hsa1	1	2	158	10	0	No-Go	NGAL	0	0		1	0.0	1	0.1343	0.8639015111809089	-0.14817730452769826
3wbvn159qj7euefwbye5hsa1	1	2	161	11	0	No-Go	NGAL	0	0		1	0.0	1	0.0964	0.9025515467921811	-0.10372593128392026
3wbvn159qj7euefwbye5hsa1	1	2	166	12	0	No-Go	NGAL	0	0		1	0.0	1	0.0659	0.9297869436319208	-0.07356155042383059
3wbvn159qj7euefwbye5hsa1	1	2	171	13	0	No-Go	NGAL	0	0		1	1.0	0	0.0503	0.9489282626782533	-0.052907734198597844
3wbvn159qj7euefwbye5hsa1	1	2	175	14	0	No-Go	NGAL	0	0		1	0.0	1	0.1038	0.8952978009836121	-0.11218382634473843
3wbvn159qj7euefwbye5hsa1	1	2	180	15	0	No-Go	NGAL	0	0		1	0.0	1	0.0807	0.9252351046104975	-0.07856127761847023
3wbvn159qj7euefwbye5hsa1	1	2	181	16	0	No-Go	NGAL	0	0		1	0.0	1	0.0565	0.9460951459497022	-0.05590607046142419
3wbvn159qj7euefwbye5hsa1	1	2	185	17	0	No-Go	NGAL	0	0		1	0.0	1	0.0388	0.9606617975967032	-0.040433319247586016
3wbvn159qj7euefwbye5hsa1	1	2	189	18	0	No-Go	NGAL	0	0		1	1.0	0	0.0279	0.9709085601131666	-0.029712561763170654
3wbvn159qj7euefwbye5hsa1	1	2	193	19	0	No-Go	NGAL	0	0		1	0.0	1	0.063	0.9353579551465028	-0.06800111731234913
3wbvn159qj7euefwbye5hsa1	1	2	199	20	0	No-Go	NGAL	0	0		1	0.0	1	0.0471	0.9535061725096868	-0.0481902666779319
3wbvn159qj7euefwbye5hsa1	1	2	204	21	0	No-Go	NGAL	0	0		1	0.0	1	0.0327	0.9661028958233594	-0.03479794260674508
3wbvn159qj7euefwbye5hsa1	1	2	207	22	0	No-Go	NGAL	0	0		1	1.0	0	0.028	0.9749206434418264	-0.02558070772009324
3wbvn159qj7euefwbye5hsa1	1	2	212	23	0	No-Go	NGAL	0	0		1	0.0	1	0.0608	0.9417317058899375	-0.0617333897126892
3wbvn159qj7euefwbye5hsa1	1	2	213	24	0	No-Go	NGAL	0	0		1	0.0	1	0.043	0.9581961391155231	-0.043475861899129456
3wbvn159qj7euefwbye5hsa1	1	2	218	25	0	No-Go	NGAL	0	0		1	0.0	1	0.0329	0.969577224984122	-0.03127835255468266
3wbvn159qj7euefwbye5hsa1	1	2	223	26	0	No-Go	NGAL	0	0		1	0.0	1	0.0215	0.977509114422359	-0.022954040421362433
3wbvn159qj7euefwbye5hsa1	1	2	227	27	0	No-Go	NGAL	0	0		1	0.0	1	0.0195	0.9831049466041343	-0.01715909243910443
3wbvn159qj7euefwbye5hsa1	1	2	229	28	0	No-Go	NGAL	0	0		1	0.0	1	0.0142	0.9871077966667373	-0.013049984809666723
3wbvn159qj7euefwbye5hsa1	1	2	234	29	0	No-Go	NGAL	0	0		1	1.0	0	0.0114	0.9900122711914031	-0.01008615034600733
3wbvn159qj7euefwbye5hsa1	1	2	240	30	0	No-Go	NGAL	0	0		1	0.0	1	0.0274	0.9746428444025561	-0.026165380697571024
3wbvn159qj7euefwbye5hsa1	1	2	123	1	0	Go	GAL	1	1	0.668	1	0.0	1	0.5073	0.5024102069381423	-0.7031908738724333
3wbvn159qj7euefwbye5hsa1	1	2	126	2	0	Go	GAL	1	0		0	1.0	1	0.6249	0.3757508353053878	-1.0034967181314232
3wbvn159qj7euefwbye5hsa1	1	2	132	3	0	Go	GAL	1	0		0	0.0	0	0.5041	0.49758979306185774	-0.7125335536641921
3wbvn159qj7euefwbye5hsa1	1	2	133	4	0	Go	GAL	1	1	0.856	1	0.0	1	0.6469	0.6525281262061022	-0.4372769351278154
3wbvn159qj7euefwbye5hsa1	1	2	137	5	0	Go	GAL	1	1	0.493	1	0.0	1	0.7454	0.7493849511911344	-0.29565234259265344
3wbvn159qj7euefwbye5hsa1	1	2	141	6	0	Go	GAL	1	1	0.312	1	0.0	1	0.8217	0.8224486714541528	-0.20013977123546353
3wbvn159qj7euefwbye5hsa1	1	2	147	7	0	Go	GAL	1	1	0.344	1	0.0	1	0.877	0.8750080997734684	-0.13644234953207132
3wbvn159qj7euefwbye5hsa1	1	2	152	8	0	Go	GAL	1	1	0.372	1	0.0	1	0.9138	0.9118745344957837	-0.09403016217555883
3wbvn159qj7euefwbye5hsa1	1	2	154	9	0	Go	GAL	1	1	0.37	1	1.0	0	0.9381	0.9374596913909939	-0.0656495477570208
3wbvn159qj7euefwbye5hsa1	1	2	160	10	0	Go	GAL	1	1	0.437	1	0.0	1	0.8893	0.8928494227129752	-0.11542293966431029
3wbvn159qj7euefwbye5hsa1	1	2	162	11	0	Go	GAL	1	1	0.334	1	0.0	1	0.9214	0.9244796405758241	-0.07979784955527064
3wbvn159qj7euefwbye5hsa1	1	2	168	12	0	Go	GAL	1	1	0.377	1	0.0	1	0.9454	0.9463052937757875	-0.0559620999328643
3wbvn159qj7euefwbye5hsa1	1	2	169	13	0	Go	GAL	1	1	0.294	1	0.0	1	0.961	0.9613981464415395	-0.03983497705232543
3wbvn159qj7euefwbye5hsa1	1	2	176	14	0	Go	GAL	1	1	0.411	1	0.0	1	0.97	0.9719050116088301	-0.02878316691094328
3wbvn159qj7euefwbye5hsa1	1	2	178	15	0	Go	GAL	1	1	0.296	1	1.0	0	0.9814	0.979287220612895	-0.02110681320991765
3wbvn159qj7euefwbye5hsa1	1	2	183	16	0	Go	GAL	1	1	0.399	1	0.0	1	0.9595	0.9616296495597036	-0.03956017639604265
3wbvn159qj7euefwbye5hsa1	1	2	187	17	0	Go	GAL	1	1	0.261	1	0.0	1	0.9735	0.9721394272545772	-0.02852159175472162
3wbvn159qj7euefwbye5hsa1	1	2	191	18	0	Go	GAL	1	1	0.579	1	1.0	0	0.9787	0.9794915190568368	-0.02088653515862275
3wbvn159qj7euefwbye5hsa1	1	2	196	19	0	Go	GAL	1	1	0.36	1	0.0	1	0.9611	0.961627675151374	-0.039583745880365805
3wbvn159qj7euefwbye5hsa1	1	2	200	20	0	Go	GAL	1	1	0.404	1	0.0	1	0.9703	0.9722160404397054	-0.028448766054993656
3wbvn159qj7euefwbye5hsa1	1	2	203	21	0	Go	GAL	1	1	0.297	1	0.0	1	0.9786	0.9795893565525661	-0.02078807145032051
3wbvn159qj7euefwbye5hsa1	1	2	205	22	0	Go	GAL	1	1	0.313	1	1.0	0	0.9825	0.9847889856334743	-0.01543211062180391
3wbvn159qj7euefwbye5hsa1	1	2	211	23	0	Go	GAL	1	1	0.372	1	0.0	1	0.9697	0.9708378448267294	-0.029928260049308472
3wbvn159qj7euefwbye5hsa1	1	2	215	24	0	Go	GAL	1	1	0.275	1	0.0	1	0.979	0.9786860457908333	-0.021739474090672346
3wbvn159qj7euefwbye5hsa1	1	2	220	25	0	Go	GAL	1	1	0.289	1	0.0	1	0.9851	0.9841836408819028	-0.016061761334699123
3wbvn159qj7euefwbye5hsa1	1	2	224	26	0	Go	GAL	1	1	0.339	1	0.0	1	0.9877	0.988088654143046	-0.01205774359281736
3wbvn159qj7euefwbye5hsa1	1	2	226	27	0	Go	GAL	1	1	0.304	1	0.0	1	0.9916	0.9909010948274573	-0.00918899616821486
3wbvn159qj7euefwbye5hsa1	1	2	232	28	0	Go	GAL	1	1	0.254	1	0.0	1	0.9928	0.9929540610787213	-0.007103009821458208
3wbvn159qj7euefwbye5hsa1	1	2	236	29	0	Go	GAL	1	1	0.264	1	1.0	0	0.9958	0.9944721045351572	-0.005565052630149096
3wbvn159qj7euefwbye5hsa1	1	2	239	30	0	Go	GAL	1	1	0.502	1	0.0	1	0.9885	0.9887216624633703	-0.011428595312609676
3wbvn159qj7euefwbye5hsa1	1	2	124	1	1	Go	GW	1	1	0.569	1	0.0	1	0.5953	0.5958943094512837	-0.539532965511562
3wbvn159qj7euefwbye5hsa1	1	2	128	2	1	Go	GW	1	1	0.372	1	0.0	1	0.6907	0.6945401274921814	-0.37530236941916734
3wbvn159qj7euefwbye5hsa1	1	2	129	3	1	Go	GW	1	1	0.452	1	1.0	0	0.7792	0.7743787852077765	-0.26185535830367535
3wbvn159qj7euefwbye5hsa1	1	2	134	4	1	Go	GW	1	1	0.415	1	0.0	1	0.6667	0.668674947460829	-0.4131354695559932
3wbvn159qj7euefwbye5hsa1	1	2	139	5	1	Go	GW	1	1	0.451	1	0.0	1	0.7602	0.7533445312332445	-0.29015928850640266
3wbvn159qj7euefwbye5hsa1	1	2	144	6	1	Go	GW	1	1	0.359	1	0.0	1	0.8159	0.818618458701848	-0.20482697448648962
3wbvn159qj7euefwbye5hsa1	1	2	148	7	1	Go	GW	1	1	0.307	1	0.0	1	0.8655	0.8670808219230984	-0.1457911910561888
3wbvn159qj7euefwbye5hsa1	1	2	149	8	1	Go	GW	1	1	0.414	1	1.0	0	0.903	0.9023751992635535	-0.1048387313188136
3wbvn159qj7euefwbye5hsa1	1	2	153	9	1	Go	GW	1	1	0.324	1	0.0	1	0.8378	0.8394198928484226	-0.17977143895738973
3wbvn159qj7euefwbye5hsa1	1	2	157	10	1	Go	GW	1	1	0.274	1	0.0	1	0.8832	0.8818904288251437	-0.12887491818168087
3wbvn159qj7euefwbye5hsa1	1	2	163	11	1	Go	GW	1	1	0.334	1	1.0	0	0.9165	0.9128022542083045	-0.09335216373042554
3wbvn159qj7euefwbye5hsa1	1	2	165	12	1	Go	GW	1	1	0.291	1	0.0	1	0.8601	0.8547850483431293	-0.1620765522074914
3wbvn159qj7euefwbye5hsa1	1	2	172	13	1	Go	GW	1	1	0.275	1	0.0	1	0.8955	0.8927733877692292	-0.11682589943767566
3wbvn159qj7euefwbye5hsa1	1	2	174	14	1	Go	GW	1	1	0.3	1	0.0	1	0.9121	0.9204649578599204	-0.08509760173939508
3wbvn159qj7euefwbye5hsa1	1	2	177	15	1	Go	GW	1	1	0.304	1	0.0	1	0.9392	0.9406072176181307	-0.062673644117002
3wbvn159qj7euefwbye5hsa1	1	2	184	16	1	Go	GW	1	1	0.26	1	0.0	1	0.9552	0.9552929249322915	-0.04667606793638184
3wbvn159qj7euefwbye5hsa1	1	2	186	17	1	Go	GW	1	1	0.25	1	0.0	1	0.9657	0.9660547806571569	-0.03514706070179528
3wbvn159qj7euefwbye5hsa1	1	2	192	18	1	Go	GW	1	1	0.607	1	1.0	0	0.9738	0.9739940005180262	-0.026751713082396614
3wbvn159qj7euefwbye5hsa1	1	2	195	19	1	Go	GW	1	1	0.263	1	0.0	1	0.9498	0.9522615597641229	-0.05008866246842776
3wbvn159qj7euefwbye5hsa1	1	2	198	20	1	Go	GW	1	1	0.233	1	0.0	1	0.9661	0.963819935301948	-0.03760785306060302
3wbvn159qj7euefwbye5hsa1	1	2	202	21	1	Go	GW	1	1	0.284	1	0.0	1	0.9696	0.9723302236786472	-0.02855227817435853
3wbvn159qj7euefwbye5hsa1	1	2	208	22	1	Go	GW	1	1	0.337	1	0.0	1	0.9779	0.9786444696687479	-0.021910037006075925
3wbvn159qj7euefwbye5hsa1	1	2	210	23	1	Go	GW	1	1	0.235	1	0.0	1	0.9834	0.9833676378112487	-0.016986302926652645
3wbvn159qj7euefwbye5hsa1	1	2	214	24	1	Go	GW	1	1	0.234	1	0.0	1	0.9873	0.9869301362217436	-0.01329922681193742
3wbvn159qj7euefwbye5hsa1	1	2	219	25	1	Go	GW	1	1	0.261	1	1.0	0	0.9893	0.9896395795423785	-0.010511241791782635
3wbvn159qj7euefwbye5hsa1	1	2	221	26	1	Go	GW	1	1	0.254	1	1.0	0	0.9764	0.9797998731666914	-0.020728794164254046
3wbvn159qj7euefwbye5hsa1	1	2	225	27	1	Go	GW	1	1	0.297	1	0.0	1	0.9552	0.9618136592775445	-0.04001090913065737
3wbvn159qj7euefwbye5hsa1	1	2	230	28	1	Go	GW	1	1	0.231	1	0.0	1	0.9694	0.9709359083761143	-0.030166930886782378
3wbvn159qj7euefwbye5hsa1	1	2	235	29	1	Go	GW	1	1	0.284	1	0.0	1	0.9784	0.9776557967723546	-0.02302619530762106
3wbvn159qj7euefwbye5hsa1	1	2	237	30	1	Go	GW	1	1	0.383	1	0.0	1	0.9814	0.9826524767362145	-0.017777752608099
3wbvn159qj7euefwbye5hsa1	1	2	122	1	1	No-Go	NGW	0	1	0.618	0	0.0	0	0.5886	0.5958943094512837	-0.539532965511562
3wbvn159qj7euefwbye5hsa1	1	2	127	2	1	No-Go	NGW	0	0		1	0.0	1	0.4755	0.5255187129711568	-0.670267109229727
3wbvn159qj7euefwbye5hsa1	1	2	130	3	1	No-Go	NGW	0	0		1	0.0	1	0.3629	0.644181740412653	-0.455331648051282
3wbvn159qj7euefwbye5hsa1	1	2	136	4	1	No-Go	NGW	0	0		1	1.0	0	0.2676	0.7425289183391451	-0.30681379872639986
3wbvn159qj7euefwbye5hsa1	1	2	138	5	1	No-Go	NGW	0	0		1	0.0	1	0.3694	0.6279589407778458	-0.4817066069236626
3wbvn159qj7euefwbye5hsa1	1	2	143	6	1	No-Go	NGW	0	0		1	0.0	1	0.2777	0.7298695271135895	-0.324397944022782
3wbvn159qj7euefwbye5hsa1	1	2	145	7	1	No-Go	NGW	0	0		1	0.0	1	0.1938	0.8083137608441537	-0.21833614990164418
3wbvn159qj7euefwbye5hsa1	1	2	150	8	1	No-Go	NGW	0	0		1	0.0	1	0.1284	0.8653376005716991	-0.1478352580340174
3wbvn159qj7euefwbye5hsa1	1	2	155	9	1	No-Go	NGW	0	0		1	1.0	0	0.0962	0.9054739114487372	-0.10113921600727677
3wbvn159qj7euefwbye5hsa1	1	2	159	10	1	No-Go	NGW	0	0		1	0.0	1	0.1647	0.8426988263843148	-0.17484735813942257
3wbvn159qj7euefwbye5hsa1	1	2	164	11	1	No-Go	NGW	0	0		1	0.0	1	0.1102	0.8899162929231481	-0.1187594493548433
3wbvn159qj7euefwbye5hsa1	1	2	167	12	1	No-Go	NGW	0	0		1	0.0	1	0.0767	0.9226985416152349	-0.08168517498852311
3wbvn159qj7euefwbye5hsa1	1	2	170	13	1	No-Go	NGW	0	0		1	0.0	1	0.0542	0.9452792478307974	-0.056991623520246094
3wbvn159qj7euefwbye5hsa1	1	2	173	14	1	No-Go	NGW	0	0		1	0.0	1	0.0419	0.9608448407920314	-0.04036293676358196
3wbvn159qj7euefwbye5hsa1	1	2	179	15	1	No-Go	NGW	0	0		1	1.0	0	0.026	0.9716383449956757	-0.029021472349265012
3wbvn159qj7euefwbye5hsa1	1	2	182	16	1	No-Go	NGW	0	0		1	0.0	1	0.0547	0.9479801442786746	-0.05402578994738215
3wbvn159qj7euefwbye5hsa1	1	2	188	17	1	No-Go	NGW	0	0		1	0.0	1	0.0384	0.9628142733549423	-0.03825037359686011
3wbvn159qj7euefwbye5hsa1	1	2	190	18	1	No-Go	NGW	0	0		1	0.0	1	0.0279	0.9730660688613981	-0.027516351710567426
3wbvn159qj7euefwbye5hsa1	1	2	194	19	1	No-Go	NGW	0	0		1	1.0	0	0.0207	0.9802235734787978	-0.020104496130196922
3wbvn159qj7euefwbye5hsa1	1	2	197	20	1	No-Go	NGW	0	0		1	0.0	1	0.0348	0.9626498019519724	-0.03842962545951927
3wbvn159qj7euefwbye5hsa1	1	2	201	21	1	No-Go	NGW	0	0		1	0.0	1	0.0253	0.9730275822219492	-0.02755666363324035
3wbvn159qj7euefwbye5hsa1	1	2	206	22	1	No-Go	NGW	0	0		1	0.0	1	0.0197	0.9802384043584261	-0.020088690354461456
3wbvn159qj7euefwbye5hsa1	1	2	209	23	1	No-Go	NGW	0	0		1	0.0	1	0.014	0.9853118038870678	-0.014877186919172114
3wbvn159qj7euefwbye5hsa1	1	2	216	24	1	No-Go	NGW	0	0		1	1.0	0	0.0133	0.98892797892821	-0.011184509362736092
3wbvn159qj7euefwbye5hsa1	1	2	217	25	1	No-Go	NGW	0	0		1	0.0	1	0.0213	0.9782321474186916	-0.022179740712734392
3wbvn159qj7euefwbye5hsa1	1	2	222	26	1	No-Go	NGW	0	0		1	0.0	1	0.0162	0.9839407000045978	-0.016291478509600065
3wbvn159qj7euefwbye5hsa1	1	2	228	27	1	No-Go	NGW	0	0		1	0.0	1	0.0119	0.9879722110267621	-0.012163465919240182
3wbvn159qj7euefwbye5hsa1	1	2	231	28	1	No-Go	NGW	0	0		1	0.0	1	0.0092	0.9908598902689669	-0.009222035707802535
3wbvn159qj7euefwbye5hsa1	1	2	233	29	1	No-Go	NGW	0	0		1	0.0	1	0.0072	0.9929569280323767	-0.007094064992425162
3wbvn159qj7euefwbye5hsa1	1	2	238	30	1	No-Go	NGW	0	0		1	1.0	0	0.0052	0.9945000646350057	-0.005532591269344315
3wbvn159qj7euefwbye5hsa1	1	1	3	1	0	Go	GAL	1	1	0.553	1	0.0	1	0.5095	0.5024102069381423	-0.7031908738724333
3wbvn159qj7euefwbye5hsa1	1	1	6	2	0	Go	GAL	1	1	0.54	1	1.0	0	0.619	0.6242491646946122	-0.48033014515154004
3wbvn159qj7euefwbye5hsa1	1	1	12	3	0	Go	GAL	1	0		0	0.0	0	0.5059	0.5036642048471546	-0.7001405235966106
3wbvn159qj7euefwbye5hsa1	1	1	13	4	0	Go	GAL	1	1	0.724	1	0.0	1	0.6385	0.640614837710272	-0.4556069389293623
3wbvn159qj7euefwbye5hsa1	1	1	19	5	0	Go	GAL	1	1	1.284	1	0.0	1	0.7419	0.7444635548066859	-0.3021529471139739
3wbvn159qj7euefwbye5hsa1	1	1	22	6	0	Go	GAL	1	0		0	0.0	0	0.8173	0.17792787743109179	-1.833806961848538
3wbvn159qj7euefwbye5hsa1	1	1	27	7	0	Go	GAL	1	1	1.129	1	0.0	1	0.8824	0.8849220206583539	-0.12574645940528495
3wbvn159qj7euefwbye5hsa1	1	1	32	8	0	Go	GAL	1	1	0.888	1	0.0	1	0.9242	0.9215513512002858	-0.08369651480674023
3wbvn159qj7euefwbye5hsa1	1	1	36	9	0	Go	GAL	1	1	0.689	1	1.0	0	0.9482	0.9460866722223458	-0.05655553355545492
3wbvn159qj7euefwbye5hsa1	1	1	38	10	0	Go	GAL	1	1	1.262	1	0.0	1	0.9114	0.9109700144426163	-0.09549785081916735
3wbvn159qj7euefwbye5hsa1	1	1	42	11	0	Go	GAL	1	0		0	0.0	0	0.9372	0.06085940811515597	-3.1432334577965166
3wbvn159qj7euefwbye5hsa1	1	1	47	12	0	Go	GAL	1	1	0.418	1	0.0	1	0.9614	0.9601524659547931	-0.041501179869726755
3wbvn159qj7euefwbye5hsa1	1	1	51	13	0	Go	GAL	1	0		0	0.0	0	0.9744	0.027516276333586394	-4.2364184997016245
3wbvn159qj7euefwbye5hsa1	1	1	54	14	0	Go	GAL	1	1	0.616	1	0.0	1	0.9814	0.9813959788003618	-0.01907286953899221
3wbvn159qj7euefwbye5hsa1	1	1	58	15	0	Go	GAL	1	1	0.57	1	1.0	0	0.9896	0.9869444070910209	-0.013304801325752855
3wbvn159qj7euefwbye5hsa1	1	1	63	16	0	Go	GAL	1	1	0.738	1	0.0	1	0.9776	0.9777178081028766	-0.022908296815016188
3wbvn159qj7euefwbye5hsa1	1	1	66	17	0	Go	GAL	1	1	0.616	1	0.0	1	0.985	0.9845177877661193	-0.01580925581965397
3wbvn159qj7euefwbye5hsa1	1	1	72	18	0	Go	GAL	1	1	0.526	1	1.0	0	0.9883	0.9890695305126231	-0.011106281691912702
3wbvn159qj7euefwbye5hsa1	1	1	75	19	0	Go	GAL	1	1	0.514	1	0.0	1	0.9802	0.9811212269061305	-0.019332576854745195
3wbvn159qj7euefwbye5hsa1	1	1	78	20	0	Go	GAL	1	1	0.573	1	0.0	1	0.9883	0.9868192860131625	-0.013419648890568485
3wbvn159qj7euefwbye5hsa1	1	1	81	21	0	Go	GAL	1	1	0.474	1	0.0	1	0.9906	0.9906450021711484	-0.00948466380204852
3wbvn159qj7euefwbye5hsa1	1	1	86	22	0	Go	GAL	1	1	0.691	1	1.0	0	0.9937	0.9932546769480246	-0.006817694274778475
3wbvn159qj7euefwbye5hsa1	1	1	90	23	0	Go	GAL	1	1	0.476	1	0.0	1	0.9857	0.9880607430829529	-0.012134828288069662
3wbvn159qj7euefwbye5hsa1	1	1	94	24	0	Go	GAL	1	1	0.533	1	0.0	1	0.9911	0.9915094195286692	-0.008596946594649836
3wbvn159qj7euefwbye5hsa1	1	1	100	25	0	Go	GAL	1	1	0.633	1	0.0	1	0.9938	0.9938625820580209	-0.006197042574391151
3wbvn159qj7euefwbye5hsa1	1	1	104	26	0	Go	GAL	1	1	0.663	1	0.0	1	0.9956	0.9954944185736134	-0.004539948169869054
3wbvn159qj7euefwbye5hsa1	1	1	108	27	0	Go	GAL	1	1	0.44	1	0.0	1	0.9968	0.9966435035574818	-0.003376827497775765
3wbvn159qj7euefwbye5hsa1	1	1	110	28	0	Go	GAL	1	1	0.459	1	0.0	1	0.9973	0.9974644385536044	-0.002547889243596956
3wbvn159qj7euefwbye5hsa1	1	1	115	29	0	Go	GAL	1	1	0.502	1	1.0	0	0.9978	0.9980589986218833	-0.0019486545399071786
3wbvn159qj7euefwbye5hsa1	1	1	119	30	0	Go	GAL	1	1	0.463	1	0.0	1	0.9961	0.9963630951249798	-0.003659961057295687
3wbvn159qj7euefwbye5hsa1	1	1	1	1	1	No-Go	NGW	0	1	0.698	0	0.0	0	0.6037	0.5958943094512837	-0.539532965511562
3wbvn159qj7euefwbye5hsa1	1	1	7	2	1	No-Go	NGW	0	1	0.445	0	0.0	0	0.4785	0.4744812870288431	-0.7790061509379322
3wbvn159qj7euefwbye5hsa1	1	1	10	3	1	No-Go	NGW	0	1	0.413	0	0.0	0	0.3742	0.361278114737902	-1.0682756390260497
3wbvn159qj7euefwbye5hsa1	1	1	14	4	1	No-Go	NGW	0	1	0.434	0	1.0	1	0.27	0.26624975530165873	-1.3958467389580003
3wbvn159qj7euefwbye5hsa1	1	1	18	5	1	No-Go	NGW	0	1	0.417	0	0.0	0	0.3647	0.3710736894089375	-1.0310286143485958
3wbvn159qj7euefwbye5hsa1	1	1	23	6	1	No-Go	NGW	0	0		1	0.0	1	0.2686	0.7261173724471726	-0.32865189914619963
3wbvn159qj7euefwbye5hsa1	1	1	28	7	1	No-Go	NGW	0	0		1	0.0	1	0.181	0.8117057113153437	-0.21377731245493983
3wbvn159qj7euefwbye5hsa1	1	1	30	8	1	No-Go	NGW	0	0		1	0.0	1	0.1258	0.8719808623430793	-0.1400153569517826
3wbvn159qj7euefwbye5hsa1	1	1	34	9	1	No-Go	NGW	0	0		1	1.0	0	0.0858	0.912957119900755	-0.0928048396439659
3wbvn159qj7euefwbye5hsa1	1	1	40	10	1	No-Go	NGW	0	0		1	0.0	1	0.1368	0.8594504113405487	-0.1547023012308833
3wbvn159qj7euefwbye5hsa1	1	1	41	11	1	No-Go	NGW	0	0		1	0.0	1	0.0956	0.9046877300103211	-0.10203660596547143
3wbvn159qj7euefwbye5hsa1	1	1	45	12	1	No-Go	NGW	0	0		1	0.0	1	0.0668	0.9349836909844583	-0.06829436119029003
3wbvn159qj7euefwbye5hsa1	1	1	52	13	1	No-Go	NGW	0	0		1	0.0	1	0.0494	0.9551891976905563	-0.04645339551440174
3wbvn159qj7euefwbye5hsa1	1	1	53	14	1	No-Go	NGW	0	0		1	0.0	1	0.0318	0.9687210436877198	-0.03212539016833053
3wbvn159qj7euefwbye5hsa1	1	1	57	15	1	No-Go	NGW	0	0		1	1.0	0	0.0202	0.9778631001423651	-0.022585340056142864
3wbvn159qj7euefwbye5hsa1	1	1	64	16	1	No-Go	NGW	0	0		1	0.0	1	0.039	0.9607559418675157	-0.0404799201468969
3wbvn159qj7euefwbye5hsa1	1	1	68	17	1	No-Go	NGW	0	0		1	0.0	1	0.0268	0.972544335063317	-0.02809606447528909
3wbvn159qj7euefwbye5hsa1	1	1	70	18	1	No-Go	NGW	0	0		1	0.0	1	0.02	0.9805054955972632	-0.019836526952124286
3wbvn159qj7euefwbye5hsa1	1	1	74	19	1	No-Go	NGW	0	0		1	1.0	0	0.0166	0.9859508323918732	-0.014237178313952893
3wbvn159qj7euefwbye5hsa1	1	1	79	20	1	No-Go	NGW	0	0		1	0.0	1	0.0273	0.9743626044224711	-0.026187946579888915
3wbvn159qj7euefwbye5hsa1	1	1	83	21	1	No-Go	NGW	0	0		1	0.0	1	0.0174	0.9817935404161724	-0.01850027488596302
3wbvn159qj7euefwbye5hsa1	1	1	85	22	1	No-Go	NGW	0	0		1	0.0	1	0.0121	0.9868665268966601	-0.013295370350976225
3wbvn159qj7euefwbye5hsa1	1	1	91	23	1	No-Go	NGW	0	0		1	0.0	1	0.0097	0.990380537425082	-0.009711368425910232
3wbvn159qj7euefwbye5hsa1	1	1	95	24	1	No-Go	NGW	0	0		1	1.0	0	0.0078	0.9928499747449739	-0.007203685138747113
3wbvn159qj7euefwbye5hsa1	1	1	99	25	1	No-Go	NGW	0	0		1	0.0	1	0.014	0.986435524559293	-0.013736059908723959
3wbvn159qj7euefwbye5hsa1	1	1	101	26	1	No-Go	NGW	0	0		1	0.0	1	0.0082	0.9901082660828917	-0.00998799590101345
3wbvn159qj7euefwbye5hsa1	1	1	105	27	1	No-Go	NGW	0	0		1	0.0	1	0.0073	0.9926727126256019	-0.007383080984266173
3wbvn159qj7euefwbye5hsa1	1	1	112	28	1	No-Go	NGW	0	0		1	0.0	1	0.0066	0.9944908319610093	-0.0055424883950977635
3wbvn159qj7euefwbye5hsa1	1	1	116	29	1	No-Go	NGW	0	0		1	0.0	1	0.0038	0.9957986502416758	-0.00422181337229666
3wbvn159qj7euefwbye5hsa1	1	1	118	30	1	No-Go	NGW	0	0		1	1.0	0	0.0027	0.996752402488342	-0.0032605026829386446
3wbvn159qj7euefwbye5hsa1	1	1	4	1	1	Go	GW	1	1	0.504	1	0.0	1	0.5877	0.5958943094512837	-0.539532965511562
3wbvn159qj7euefwbye5hsa1	1	1	5	2	1	Go	GW	1	1	0.344	1	0.0	1	0.6969	0.6945401274921814	-0.37530236941916734
3wbvn159qj7euefwbye5hsa1	1	1	9	3	1	Go	GW	1	1	0.541	1	1.0	0	0.7803	0.7743787852077765	-0.26185535830367535
3wbvn159qj7euefwbye5hsa1	1	1	15	4	1	Go	GW	1	1	0.415	1	0.0	1	0.6719	0.668674947460829	-0.4131354695559932
3wbvn159qj7euefwbye5hsa1	1	1	17	5	1	Go	GW	1	1	0.417	1	0.0	1	0.7518	0.7533445312332445	-0.29015928850640266
3wbvn159qj7euefwbye5hsa1	1	1	21	6	1	Go	GW	1	1	0.771	1	0.0	1	0.8194	0.818618458701848	-0.20482697448648962
3wbvn159qj7euefwbye5hsa1	1	1	26	7	1	Go	GW	1	0		0	0.0	0	0.8667	0.1329191780769015	-2.168685763510676
3wbvn159qj7euefwbye5hsa1	1	1	31	8	1	Go	GW	1	0		0	1.0	1	0.9121	0.08631127299339607	-2.6452892642608714
3wbvn159qj7euefwbye5hsa1	1	1	33	9	1	Go	GW	1	0		0	0.0	0	0.8665	0.13560054410127947	-2.1452791916640757
3wbvn159qj7euefwbye5hsa1	1	1	39	10	1	Go	GW	1	0		0	0.0	0	0.9114	0.08800196897466808	-2.621272669717131
3wbvn159qj7euefwbye5hsa1	1	1	44	11	1	Go	GW	1	0		0	1.0	1	0.9481	0.05749475818670012	-3.0973324291608577
3wbvn159qj7euefwbye5hsa1	1	1	48	12	1	Go	GW	1	0		0	0.0	0	0.9103	0.09331489738321752	-2.549988034452009
3wbvn159qj7euefwbye5hsa1	1	1	49	13	1	Go	GW	1	1	0.735	1	0.0	1	0.9427	0.9391893131691086	-0.06361423827101854
3wbvn159qj7euefwbye5hsa1	1	1	55	14	1	Go	GW	1	1	0.675	1	0.0	1	0.9564	0.9562129454238024	-0.04532364725425144
3wbvn159qj7euefwbye5hsa1	1	1	60	15	1	Go	GW	1	1	0.499	1	0.0	1	0.9674	0.9681007427051179	-0.032765297009101156
3wbvn159qj7euefwbye5hsa1	1	1	61	16	1	Go	GW	1	1	0.437	1	0.0	1	0.9767	0.9764824865075591	-0.02401819993876317
3wbvn159qj7euefwbye5hsa1	1	1	65	17	1	Go	GW	1	1	0.592	1	0.0	1	0.9824	0.9824562712756965	-0.01784001363930519
3wbvn159qj7euefwbye5hsa1	1	1	69	18	1	Go	GW	1	1	0.418	1	1.0	0	0.9873	0.986761670003893	-0.013417463556108926
3wbvn159qj7euefwbye5hsa1	1	1	76	19	1	Go	GW	1	1	0.549	1	0.0	1	0.9765	0.9759454162732977	-0.024580869377267854
3wbvn159qj7euefwbye5hsa1	1	1	77	20	1	Go	GW	1	1	0.467	1	0.0	1	0.9824	0.982050292828055	-0.0182627219821124
3wbvn159qj7euefwbye5hsa1	1	1	84	21	1	Go	GW	1	1	0.46	1	0.0	1	0.9856	0.9864499589322911	-0.013740193524334938
3wbvn159qj7euefwbye5hsa1	1	1	88	22	1	Go	GW	1	1	0.462	1	0.0	1	0.9922	0.989657040046887	-0.010460754542768015
3wbvn159qj7euefwbye5hsa1	1	1	92	23	1	Go	GW	1	1	0.471	1	0.0	1	0.9909	0.9920207161077591	-0.00805359715064567
3wbvn159qj7euefwbye5hsa1	1	1	96	24	1	Go	GW	1	1	0.419	1	0.0	1	0.9929	0.9937813129735783	-0.006266381109053902
3wbvn159qj7euefwbye5hsa1	1	1	97	25	1	Go	GW	1	1	0.419	1	1.0	0	0.9944	0.9951060199489266	-0.004925093590957371
3wbvn159qj7euefwbye5hsa1	1	1	103	26	1	Go	GW	1	1	0.392	1	1.0	0	0.9911	0.9906034206391668	-0.009498289607399313
3wbvn159qj7euefwbye5hsa1	1	1	106	27	1	Go	GW	1	1	0.4	1	0.0	1	0.9846	0.9823279401065911	-0.01800564948386476
3wbvn159qj7euefwbye5hsa1	1	1	109	28	1	Go	GW	1	1	0.395	1	0.0	1	0.9854	0.9866796036138527	-0.01352100965389338
3wbvn159qj7euefwbye5hsa1	1	1	113	29	1	Go	GW	1	1	0.469	1	0.0	1	0.989	0.9898376521390263	-0.01028604111795773
3wbvn159qj7euefwbye5hsa1	1	1	117	30	1	Go	GW	1	1	0.417	1	0.0	1	0.9923	0.9921587741944718	-0.007919145727973373
3wbvn159qj7euefwbye5hsa1	1	1	2	1	0	No-Go	NGAL	0	1	0.489	0	1.0	1	0.4899	0.5024102069381423	-0.7031908738724333
3wbvn159qj7euefwbye5hsa1	1	1	8	2	0	No-Go	NGAL	0	1	0.682	0	0.0	0	0.6175	0.6242491646946122	-0.48033014515154004
3wbvn159qj7euefwbye5hsa1	1	1	11	3	0	No-Go	NGAL	0	0		1	0.0	1	0.4965	0.5036642048471546	-0.7001405235966106
3wbvn159qj7euefwbye5hsa1	1	1	16	4	0	No-Go	NGAL	0	0		1	0.0	1	0.3655	0.6252176348325085	-0.4794298485340439
3wbvn159qj7euefwbye5hsa1	1	1	20	5	0	No-Go	NGAL	0	0		1	0.0	1	0.2675	0.7271840603824139	-0.32543692190867335
3wbvn159qj7euefwbye5hsa1	1	1	24	6	0	No-Go	NGAL	0	0		1	0.0	1	0.1907	0.805590375264958	-0.2207900408399825
3wbvn159qj7euefwbye5hsa1	1	1	25	7	0	No-Go	NGAL	0	0		1	1.0	0	0.1345	0.8626877142248671	-0.15065510393761888
3wbvn159qj7euefwbye5hsa1	1	1	29	8	0	No-Go	NGAL	0	1	0.731	0	0.0	0	0.2329	0.2384056756629906	-1.4798879175599824
3wbvn159qj7euefwbye5hsa1	1	1	35	9	0	No-Go	NGAL	0	1	0.674	0	0.0	0	0.1608	0.16097644602865363	-1.9019451516946122
3wbvn159qj7euefwbye5hsa1	1	1	37	10	0	No-Go	NGAL	0	0		1	0.0	1	0.1013	0.8920092612873599	-0.1159002989655794
3wbvn159qj7euefwbye5hsa1	1	1	43	11	0	No-Go	NGAL	0	0		1	0.0	1	0.0754	0.9268309938627328	-0.07695837436926506
3wbvn159qj7euefwbye5hsa1	1	1	46	12	0	No-Go	NGAL	0	0		1	0.0	1	0.0467	0.9499216174063105	-0.05195252067797593
3wbvn159qj7euefwbye5hsa1	1	1	50	13	0	No-Go	NGAL	0	0		1	1.0	0	0.0332	0.9652795653536219	-0.03567672828213325
3wbvn159qj7euefwbye5hsa1	1	1	56	14	0	No-Go	NGAL	0	0		1	0.0	1	0.0634	0.9331399854592448	-0.0699652065538465
3wbvn159qj7euefwbye5hsa1	1	1	59	15	0	No-Go	NGAL	0	0		1	0.0	1	0.0425	0.9544740749650821	-0.04702047993825725
3wbvn159qj7euefwbye5hsa1	1	1	62	16	0	No-Go	NGAL	0	0		1	0.0	1	0.0298	0.9685447477052148	-0.032204155934228526
3wbvn159qj7euefwbye5hsa1	1	1	67	17	0	No-Go	NGAL	0	0		1	0.0	1	0.0232	0.9779234289337306	-0.022465974756941186
3wbvn159qj7euefwbye5hsa1	1	1	71	18	0	No-Go	NGAL	0	0		1	1.0	0	0.0128	0.9842581862262345	-0.01595131072255625
3wbvn159qj7euefwbye5hsa1	1	1	73	19	0	No-Go	NGAL	0	0		1	0.0	1	0.0313	0.9674865840696324	-0.03331550099401976
3wbvn159qj7euefwbye5hsa1	1	1	80	20	0	No-Go	NGAL	0	0		1	0.0	1	0.0238	0.9774130088319846	-0.022985768418209394
3wbvn159qj7euefwbye5hsa1	1	1	82	21	0	No-Go	NGAL	0	0		1	0.0	1	0.0155	0.9840311833243351	-0.016176360117880803
3wbvn159qj7euefwbye5hsa1	1	1	87	22	0	No-Go	NGAL	0	0		1	1.0	0	0.0126	0.988514972504228	-0.011597514526782024
3wbvn159qj7euefwbye5hsa1	1	1	89	23	0	No-Go	NGAL	0	0		1	0.0	1	0.0236	0.9751452219079332	-0.025374471188904606
3wbvn159qj7euefwbye5hsa1	1	1	93	24	0	No-Go	NGAL	0	0		1	0.0	1	0.0153	0.982666260252561	-0.017587540116026187
3wbvn159qj7euefwbye5hsa1	1	1	98	25	0	No-Go	NGAL	0	0		1	0.0	1	0.0114	0.9876794513204556	-0.012451524749193395
3wbvn159qj7euefwbye5hsa1	1	1	102	26	0	No-Go	NGAL	0	0		1	0.0	1	0.0101	0.9910817106987544	-0.00898919432680676
3wbvn159qj7euefwbye5hsa1	1	1	107	27	0	No-Go	NGAL	0	0		1	0.0	1	0.0057	0.9934320132584468	-0.006608027348035717
3wbvn159qj7euefwbye5hsa1	1	1	111	28	0	No-Go	NGAL	0	0		1	0.0	1	0.0041	0.9950834101170772	-0.004940075909722697
3wbvn159qj7euefwbye5hsa1	1	1	114	29	0	No-Go	NGAL	0	0		1	1.0	0	0.0042	0.9962624957428065	-0.0037517670876754654
3wbvn159qj7euefwbye5hsa1	1	1	120	30	0	No-Go	NGAL	0	0		1	0.0	1	0.0096	0.9913204729904843	-0.008754364462505987
49tag69y1779cq1xg8vbych8	1	1	4	1	0	No-Go	NGAL	0	1	1.014	0	1.0	1	0.5747	0.578996962919961	-0.5528459600757453
49tag69y1779cq1xg8vbych8	1	1	7	2	0	No-Go	NGAL	0	0		1	0.0	1	0.6271	0.37020078974507087	-1.0095303889887834
49tag69y1779cq1xg8vbych8	1	1	12	3	0	No-Go	NGAL	0	0		1	0.0	1	0.5793	0.42100303708003906	-0.8771904644706874
49tag69y1779cq1xg8vbych8	1	1	16	4	0	No-Go	NGAL	0	1	0.846	0	0.0	0	0.5354	0.5277905087332662	-0.6469838733863715
49tag69y1779cq1xg8vbych8	1	1	17	5	0	No-Go	NGAL	0	1	1.02	0	0.0	0	0.4764	0.47315465966154335	-0.7589878273382051
49tag69y1779cq1xg8vbych8	1	1	21	6	0	No-Go	NGAL	0	0		1	0.0	1	0.4242	0.5792753320433414	-0.553583436894549
49tag69y1779cq1xg8vbych8	1	1	26	7	0	No-Go	NGAL	0	0		1	0.0	1	0.3698	0.6272730046557494	-0.4732435969345451
49tag69y1779cq1xg8vbych8	1	1	29	8	0	No-Go	NGAL	0	0		1	0.0	1	0.3374	0.6715743584121024	-0.40429740568734174
49tag69y1779cq1xg8vbych8	1	1	36	9	0	No-Go	NGAL	0	1	0.736	0	1.0	1	0.2839	0.28815791593633167	-1.279211027322373
49tag69y1779cq1xg8vbych8	1	1	40	10	0	No-Go	NGAL	0	1	0.608	0	0.0	0	0.3352	0.3343375785864845	-1.1200622161585434
49tag69y1779cq1xg8vbych8	1	1	43	11	0	No-Go	NGAL	0	0		1	0.0	1	0.2884	0.7106916212158522	-0.3469487672303585
49tag69y1779cq1xg8vbych8	1	1	45	12	0	No-Go	NGAL	0	1	1.399	0	0.0	0	0.257	0.2530649583851398	-1.4173068537279943
49tag69y1779cq1xg8vbych8	1	1	51	13	0	No-Go	NGAL	0	1	1.086	0	0.0	0	0.2149	0.21676098703813304	-1.5862243819633681
49tag69y1779cq1xg8vbych8	1	1	56	14	0	No-Go	NGAL	0	0		1	1.0	0	0.1859	0.8146608469961427	-0.20856962161402418
49tag69y1779cq1xg8vbych8	1	1	57	15	0	No-Go	NGAL	0	0		1	0.0	1	0.1988	0.8045468443580687	-0.22111510752971988
49tag69y1779cq1xg8vbych8	1	1	64	16	0	No-Go	NGAL	0	1	1.087	0	1.0	1	0.1627	0.1688779755897896	-1.8569203347107568
49tag69y1779cq1xg8vbych8	1	1	65	17	0	No-Go	NGAL	0	1	0.871	0	0.0	0	0.2021	0.202275789931944	-1.6553430047656246
49tag69y1779cq1xg8vbych8	1	1	70	18	0	No-Go	NGAL	0	0		1	0.0	1	0.1783	0.8276572670691436	-0.19221138972560892
49tag69y1779cq1xg8vbych8	1	1	75	19	0	No-Go	NGAL	0	0		1	0.0	1	0.1478	0.8510601367576371	-0.1638461913956683
49tag69y1779cq1xg8vbych8	1	1	80	20	0	No-Go	NGAL	0	0		1	0.0	1	0.1274	0.8712378930759364	-0.13998950785456601
49tag69y1779cq1xg8vbych8	1	1	83	21	0	No-Go	NGAL	0	0		1	0.0	1	0.1116	0.8885842666356076	-0.1199090834822242
49tag69y1779cq1xg8vbych8	1	1	88	22	0	No-Go	NGAL	0	0		1	1.0	0	0.0959	0.9034685552120849	-0.10298687843229068
49tag69y1779cq1xg8vbych8	1	1	90	23	0	No-Go	NGAL	0	1	1.201	0	0.0	0	0.1071	0.10280767632072016	-2.395229353791236
49tag69y1779cq1xg8vbych8	1	1	95	24	0	No-Go	NGAL	0	0		1	0.0	1	0.0832	0.9133352654508262	-0.0919154160701668
49tag69y1779cq1xg8vbych8	1	1	98	25	0	No-Go	NGAL	0	0		1	0.0	1	0.0761	0.925010394906631	-0.0789848924491577
49tag69y1779cq1xg8vbych8	1	1	104	26	0	No-Go	NGAL	0	0		1	0.0	1	0.062	0.9349728515907615	-0.06808413927457425
49tag69y1779cq1xg8vbych8	1	1	106	27	0	No-Go	NGAL	0	0		1	0.0	1	0.0644	0.9434796898429957	-0.058872710476375566
49tag69y1779cq1xg8vbych8	1	1	110	28	0	No-Go	NGAL	0	0		1	0.0	1	0.0477	0.950751257573148	-0.051069523964490986
49tag69y1779cq1xg8vbych8	1	1	113	29	0	No-Go	NGAL	0	0		1	0.0	1	0.0442	0.9569753599857915	-0.044442364549126395
49tag69y1779cq1xg8vbych8	1	1	117	30	0	No-Go	NGAL	0	0		1	1.0	0	0.0386	0.9623113886749023	-0.038799246150724616
49tag69y1779cq1xg8vbych8	1	1	3	1	0	Go	GAL	1	0		0	0.0	0	0.5745	0.42100303708003906	-0.8771904644706874
49tag69y1779cq1xg8vbych8	1	1	5	2	0	Go	GAL	1	1	0.865	1	0.0	1	0.5888	0.5936301914727753	-0.5273054658979622
49tag69y1779cq1xg8vbych8	1	1	11	3	0	Go	GAL	1	0		0	0.0	0	0.6345	0.35627214124706014	-1.048646716859119
49tag69y1779cq1xg8vbych8	1	1	14	4	0	Go	GAL	1	0		0	0.0	0	0.6547	0.3427664818940742	-1.0888654457915774
49tag69y1779cq1xg8vbych8	1	1	19	5	0	Go	GAL	1	0		0	1.0	1	0.6701	0.3297021177167376	-1.1301715973705087
49tag69y1779cq1xg8vbych8	1	1	24	6	0	Go	GAL	1	0		0	0.0	0	0.6177	0.37922004639141704	-0.9845794274325979
49tag69y1779cq1xg8vbych8	1	1	27	7	0	Go	GAL	1	1	0.869	1	0.0	1	0.6375	0.6347215853037951	-0.4602654737715356
49tag69y1779cq1xg8vbych8	1	1	32	8	0	Go	GAL	1	0		0	1.0	1	0.6835	0.3189312051809294	-1.1659102704333268
49tag69y1779cq1xg8vbych8	1	1	35	9	0	Go	GAL	1	0		0	0.0	0	0.6413	0.3666628489092022	-1.020425568366429
49tag69y1779cq1xg8vbych8	1	1	37	10	0	Go	GAL	1	0		0	0.0	0	0.6452	0.35276262532165165	-1.0626548411706715
49tag69y1779cq1xg8vbych8	1	1	42	11	0	Go	GAL	1	1	1.316	1	0.0	1	0.6615	0.6606705649034987	-0.42081671878281124
49tag69y1779cq1xg8vbych8	1	1	46	12	0	Go	GAL	1	1	0.83	1	1.0	0	0.6928	0.703959243442308	-0.3564082083152936
49tag69y1779cq1xg8vbych8	1	1	49	13	0	Go	GAL	1	0		0	0.0	0	0.6521	0.34547352738106063	-1.086802437897477
49tag69y1779cq1xg8vbych8	1	1	55	14	0	Go	GAL	1	1	1.234	1	0.0	1	0.6655	0.6676291310691036	-0.4107985194365355
49tag69y1779cq1xg8vbych8	1	1	59	15	0	Go	GAL	1	0		0	0.0	0	0.7115	0.28942489191903376	-1.2766336310441244
49tag69y1779cq1xg8vbych8	1	1	63	16	0	Go	GAL	1	1	1.468	1	1.0	0	0.7252	0.7221364551249926	-0.33152837073566294
49tag69y1779cq1xg8vbych8	1	1	67	17	0	Go	GAL	1	0		0	0.0	0	0.6708	0.32526148059455917	-1.1578394549662385
49tag69y1779cq1xg8vbych8	1	1	72	18	0	Go	GAL	1	1	0.658	1	0.0	1	0.6858	0.6870277537607777	-0.383160784218131
49tag69y1779cq1xg8vbych8	1	1	73	19	0	Go	GAL	1	0		0	0.0	0	0.7273	0.27152366240943154	-1.3550664482258403
49tag69y1779cq1xg8vbych8	1	1	78	20	0	Go	GAL	1	0		0	0.0	0	0.7352	0.2607912650979236	-1.4052542047875585
49tag69y1779cq1xg8vbych8	1	1	82	21	0	Go	GAL	1	1	0.902	1	0.0	1	0.7468	0.749474314967819	-0.2952899962663538
49tag69y1779cq1xg8vbych8	1	1	85	22	0	Go	GAL	1	1	1.327	1	0.0	1	0.7918	0.7840218452356037	-0.2489112794075029
49tag69y1779cq1xg8vbych8	1	1	92	23	0	Go	GAL	1	1	0.881	1	1.0	0	0.8062	0.8141245524707474	-0.2101735594191266
49tag69y1779cq1xg8vbych8	1	1	94	24	0	Go	GAL	1	1	0.999	1	0.0	1	0.7817	0.7766522128861608	-0.25853286330582864
49tag69y1779cq1xg8vbych8	1	1	97	25	0	Go	GAL	1	1	1.009	1	0.0	1	0.8122	0.8078258405576715	-0.2180664255846016
49tag69y1779cq1xg8vbych8	1	1	102	26	0	Go	GAL	1	1	0.598	1	0.0	1	0.8359	0.8347989100145531	-0.18433065638895835
49tag69y1779cq1xg8vbych8	1	1	108	27	0	Go	GAL	1	1	0.784	1	0.0	1	0.8616	0.8580051838284415	-0.15618952302766317
49tag69y1779cq1xg8vbych8	1	1	111	28	0	Go	GAL	1	1	0.571	1	1.0	0	0.8775	0.877888133635153	-0.13269505655283764
49tag69y1779cq1xg8vbych8	1	1	116	29	0	Go	GAL	1	1	0.645	1	0.0	1	0.8469	0.8496163864774575	-0.16619795719583733
49tag69y1779cq1xg8vbych8	1	1	118	30	0	Go	GAL	1	1	0.759	1	0.0	1	0.8714	0.8708097791144619	-0.14092916296656044
49tag69y1779cq1xg8vbych8	1	1	1	1	1	Go	GW	1	1	1.031	1	1.0	0	0.5737	0.5779986012773607	-0.572260618491797
49tag69y1779cq1xg8vbych8	1	1	6	2	1	Go	GW	1	1	1.305	1	0.0	1	0.5296	0.5265097038922008	-0.6706320084124523
49tag69y1779cq1xg8vbych8	1	1	9	3	1	Go	GW	1	1	0.997	1	0.0	1	0.6878	0.6852823949059637	-0.3860816097879551
49tag69y1779cq1xg8vbych8	1	1	13	4	1	Go	GW	1	1	0.915	1	0.0	1	0.791	0.798877398141838	-0.2293770282224639
49tag69y1779cq1xg8vbych8	1	1	20	5	1	Go	GW	1	1	0.607	1	0.0	1	0.8675	0.8710553752372705	-0.1412689820100664
49tag69y1779cq1xg8vbych8	1	1	22	6	1	Go	GW	1	1	0.589	1	0.0	1	0.914	0.9155823349599331	-0.09024148023148357
49tag69y1779cq1xg8vbych8	1	1	25	7	1	Go	GW	1	1	0.545	1	0.0	1	0.9464	0.9432525993519856	-0.0596827686199383
49tag69y1779cq1xg8vbych8	1	1	30	8	1	Go	GW	1	1	0.519	1	1.0	0	0.962	0.9607998434416524	-0.040761703068191296
49tag69y1779cq1xg8vbych8	1	1	33	9	1	Go	GW	1	1	0.601	1	0.0	1	0.9495	0.949440424365738	-0.05302788877370634
49tag69y1779cq1xg8vbych8	1	1	39	10	1	Go	GW	1	1	0.569	1	0.0	1	0.9616	0.9647716679223292	-0.036564754536116316
49tag69y1779cq1xg8vbych8	1	1	41	11	1	Go	GW	1	1	0.478	1	0.0	1	0.9756	0.9747844415056975	-0.025976545306882023
49tag69y1779cq1xg8vbych8	1	1	47	12	1	Go	GW	1	1	0.419	1	0.0	1	0.981	0.9814987168169415	-0.01895310557338966
49tag69y1779cq1xg8vbych8	1	1	50	13	1	Go	GW	1	1	0.496	1	0.0	1	0.9852	0.9861056408249482	-0.014173603082331947
49tag69y1779cq1xg8vbych8	1	1	53	14	1	Go	GW	1	1	0.543	1	1.0	0	0.9879	0.9893332812389486	-0.010846364846284125
49tag69y1779cq1xg8vbych8	1	1	60	15	1	Go	GW	1	1	0.527	1	0.0	1	0.9863	0.9855140752110164	-0.014824665384622156
49tag69y1779cq1xg8vbych8	1	1	61	16	1	Go	GW	1	1	0.621	1	0.0	1	0.9885	0.9889637722412213	-0.011240472096724867
49tag69y1779cq1xg8vbych8	1	1	66	17	1	Go	GW	1	1	0.509	1	0.0	1	0.993	0.9913826805295228	-0.008752465880536174
49tag69y1779cq1xg8vbych8	1	1	69	18	1	Go	GW	1	1	0.535	1	0.0	1	0.9932	0.9931276810263316	-0.0069660891155514885
49tag69y1779cq1xg8vbych8	1	1	74	19	1	Go	GW	1	1	0.461	1	0.0	1	0.9935	0.9944103599679774	-0.0056576865538533454
49tag69y1779cq1xg8vbych8	1	1	77	20	1	Go	GW	1	1	0.687	1	1.0	0	0.9944	0.9953685193079098	-0.0046830798921426685
49tag69y1779cq1xg8vbych8	1	1	81	21	1	Go	GW	1	1	0.762	1	0.0	1	0.9937	0.9933800455374747	-0.006750976412663559
49tag69y1779cq1xg8vbych8	1	1	86	22	1	Go	GW	1	1	0.55	1	0.0	1	0.9944	0.9946632268776869	-0.005414956764532855
49tag69y1779cq1xg8vbych8	1	1	91	23	1	Go	GW	1	1	0.559	1	1.0	0	0.9946	0.9955817161512991	-0.004475100156862235
49tag69y1779cq1xg8vbych8	1	1	93	24	1	Go	GW	1	1	0.556	1	0.0	1	0.9937	0.9936002091828899	-0.006551844561985564
49tag69y1779cq1xg8vbych8	1	1	99	25	1	Go	GW	1	1	0.618	1	0.0	1	0.9961	0.9948676727771417	-0.005218520623892252
49tag69y1779cq1xg8vbych8	1	1	101	26	1	Go	GW	1	1	0.7	1	0.0	1	0.9949	0.9957553384152567	-0.004305373263117807
49tag69y1779cq1xg8vbych8	1	1	107	27	1	Go	GW	1	1	0.623	1	1.0	0	0.996	0.9964111789680096	-0.003635010947419261
49tag69y1779cq1xg8vbych8	1	1	112	28	1	Go	GW	1	1	0.56	1	0.0	1	0.9943	0.9946983653543248	-0.005433915500096217
49tag69y1779cq1xg8vbych8	1	1	114	29	1	Go	GW	1	1	0.65	1	0.0	1	0.9961	0.9956964678559125	-0.004378481069920664
49tag69y1779cq1xg8vbych8	1	1	119	30	1	Go	GW	1	1	0.545	1	0.0	1	0.9968	0.9963913456629323	-0.003662231026715325
49tag69y1779cq1xg8vbych8	1	1	2	1	1	No-Go	NGW	0	1	1.295	0	1.0	1	0.5793	0.5779986012773607	-0.572260618491797
49tag69y1779cq1xg8vbych8	1	1	8	2	1	No-Go	NGW	0	1	0.778	0	0.0	0	0.7171	0.7251170125495814	-0.32841835418715815
49tag69y1779cq1xg8vbych8	1	1	10	3	1	No-Go	NGW	0	1	0.92	0	0.0	0	0.6708	0.6778440486214334	-0.39705853365428456
49tag69y1779cq1xg8vbych8	1	1	15	4	1	No-Go	NGW	0	1	0.71	0	0.0	0	0.6212	0.627712656799963	-0.47548800253175977
49tag69y1779cq1xg8vbych8	1	1	18	5	1	No-Go	NGW	0	1	0.562	0	0.0	0	0.569	0.5759338113841229	-0.5637258472565704
49tag69y1779cq1xg8vbych8	1	1	23	6	1	No-Go	NGW	0	1	0.948	0	0.0	0	0.5215	0.5237925454417696	-0.6615005088983279
49tag69y1779cq1xg8vbych8	1	1	28	7	1	No-Go	NGW	0	1	0.861	0	0.0	0	0.4777	0.4725220621311522	-0.7682634833600548
49tag69y1779cq1xg8vbych8	1	1	31	8	1	No-Go	NGW	0	1	0.749	0	0.0	0	0.432	0.42319426881476374	-0.8832289425801307
49tag69y1779cq1xg8vbych8	1	1	34	9	1	No-Go	NGW	0	1	1.259	0	0.0	0	0.372	0.3766507102135527	-1.005437993951403
49tag69y1779cq1xg8vbych8	1	1	38	10	1	No-Go	NGW	0	1	0.542	0	1.0	1	0.3392	0.3334764947456058	-1.1338312114146818
49tag69y1779cq1xg8vbych8	1	1	44	11	1	No-Go	NGW	0	1	0.592	0	0.0	0	0.5137	0.5100234685123467	-0.6912919685479999
49tag69y1779cq1xg8vbych8	1	1	48	12	1	No-Go	NGW	0	1	0.866	0	0.0	0	0.4482	0.4589569224179076	-0.7998843515638366
49tag69y1779cq1xg8vbych8	1	1	52	13	1	No-Go	NGW	0	0		1	0.0	1	0.405	0.5899875201030786	-0.5397131567061674
49tag69y1779cq1xg8vbych8	1	1	54	14	1	No-Go	NGW	0	1	0.818	0	1.0	1	0.3582	0.3601309990323897	-1.052507339468177
49tag69y1779cq1xg8vbych8	1	1	58	15	1	No-Go	NGW	0	1	0.699	0	0.0	0	0.5353	0.5303905629109251	-0.6656086403412141
49tag69y1779cq1xg8vbych8	1	1	62	16	1	No-Go	NGW	0	1	0.688	0	0.0	0	0.4758	0.4781441603618499	-0.7743601982542591
49tag69y1779cq1xg8vbych8	1	1	68	17	1	No-Go	NGW	0	1	1.002	0	0.0	0	0.4306	0.42755612477528965	-0.891903170424025
49tag69y1779cq1xg8vbych8	1	1	71	18	1	No-Go	NGW	0	0		1	0.0	1	0.3773	0.62037274755257	-0.4965179422856507
49tag69y1779cq1xg8vbych8	1	1	76	19	1	No-Go	NGW	0	0		1	1.0	0	0.3335	0.6667557147029063	-0.4207865528538084
49tag69y1779cq1xg8vbych8	1	1	79	20	1	No-Go	NGW	0	0		1	0.0	1	0.388	0.6164639088704733	-0.5031698213254867
49tag69y1779cq1xg8vbych8	1	1	84	21	1	No-Go	NGW	0	0		1	0.0	1	0.3334	0.663236651165966	-0.4262832474735111
49tag69y1779cq1xg8vbych8	1	1	87	22	1	No-Go	NGW	0	0		1	0.0	1	0.2956	0.7057761734588427	-0.3611369496128207
49tag69y1779cq1xg8vbych8	1	1	89	23	1	No-Go	NGW	0	0		1	0.0	1	0.254	0.7439131007190545	-0.30610064855413327
49tag69y1779cq1xg8vbych8	1	1	96	24	1	No-Go	NGW	0	0		1	1.0	0	0.2198	0.7777054243521611	-0.2597141740358225
49tag69y1779cq1xg8vbych8	1	1	100	25	1	No-Go	NGW	0	0		1	0.0	1	0.2672	0.7351751634531026	-0.31832630818474905
49tag69y1779cq1xg8vbych8	1	1	103	26	1	No-Go	NGW	0	0		1	0.0	1	0.2377	0.7701202145718881	-0.26981098234986317
49tag69y1779cq1xg8vbych8	1	1	105	27	1	No-Go	NGW	0	0		1	0.0	1	0.2077	0.8008270022647419	-0.22904519858759695
49tag69y1779cq1xg8vbych8	1	1	109	28	1	No-Go	NGW	0	0		1	1.0	0	0.1725	0.8276071564872324	-0.19480407030791316
49tag69y1779cq1xg8vbych8	1	1	115	29	1	No-Go	NGW	0	0		1	0.0	1	0.2048	0.7909269266184086	-0.24195060181792752
49tag69y1779cq1xg8vbych8	1	1	120	30	1	No-Go	NGW	0	0		1	0.0	1	0.1778	0.8191166293606744	-0.20545288458589056
49tag69y1779cq1xg8vbych8	1	2	122	1	0	No-Go	NGAL	0	0		1	1.0	0	0.5703	0.42100303708003906	-0.8771904644706874
49tag69y1779cq1xg8vbych8	1	2	128	2	0	No-Go	NGAL	0	0		1	0.0	1	0.6002	0.4063698085272247	-0.9129192555736119
49tag69y1779cq1xg8vbych8	1	2	129	3	0	No-Go	NGAL	0	0		1	0.0	1	0.5499	0.4590182282526997	-0.7885497622838586
49tag69y1779cq1xg8vbych8	1	2	133	4	0	No-Go	NGAL	0	0		1	0.0	1	0.4906	0.5111724849549473	-0.6794623098618311
49tag69y1779cq1xg8vbych8	1	2	138	5	0	No-Go	NGAL	0	0		1	0.0	1	0.4397	0.5616497710966737	-0.5843231605947034
49tag69y1779cq1xg8vbych8	1	2	142	6	0	No-Go	NGAL	0	0		1	0.0	1	0.3892	0.6094988864239824	-0.5018084196565297
49tag69y1779cq1xg8vbych8	1	2	147	7	0	No-Go	NGAL	0	0		1	0.0	1	0.3567	0.6540392629307071	-0.4305983211981699
49tag69y1779cq1xg8vbych8	1	2	150	8	0	No-Go	NGAL	0	1	1.199	0	0.0	0	0.2982	0.30514128438741117	-1.2156521045005713
49tag69y1779cq1xg8vbych8	1	2	155	9	0	No-Go	NGAL	0	0		1	1.0	0	0.2623	0.7373713507360479	-0.3094994099185938
49tag69y1779cq1xg8vbych8	1	2	158	10	0	No-Go	NGAL	0	0		1	0.0	1	0.2733	0.7242119724841496	-0.3275864192325663
49tag69y1779cq1xg8vbych8	1	2	162	11	0	No-Go	NGAL	0	0		1	0.0	1	0.235	0.7590370380044946	-0.27999974904195657
49tag69y1779cq1xg8vbych8	1	2	166	12	0	No-Go	NGAL	0	0		1	0.0	1	0.2127	0.7898722608266536	-0.2395904352240863
49tag69y1779cq1xg8vbych8	1	2	170	13	0	No-Go	NGAL	0	0		1	0.0	1	0.1807	0.8169675172729134	-0.20532010028558068
49tag69y1779cq1xg8vbych8	1	2	176	14	0	No-Go	NGAL	0	0		1	1.0	0	0.1559	0.8406360684944679	-0.17627414491650759
49tag69y1779cq1xg8vbych8	1	2	180	15	0	No-Go	NGAL	0	0		1	0.0	1	0.165	0.8309778315471276	-0.18797094905117712
49tag69y1779cq1xg8vbych8	1	2	182	16	0	No-Go	NGAL	0	0		1	1.0	0	0.1501	0.852868167597721	-0.16152370331986293
49tag69y1779cq1xg8vbych8	1	2	185	17	0	No-Go	NGAL	0	1	0.634	0	0.0	0	0.1545	0.15634261601714305	-1.9331755500581098
49tag69y1779cq1xg8vbych8	1	2	190	18	0	No-Go	NGAL	0	0		1	0.0	1	0.1293	0.8682787279809665	-0.14337613567061971
49tag69y1779cq1xg8vbych8	1	2	193	19	0	No-Go	NGAL	0	1	1.407	0	0.0	0	0.1074	0.11429429705170994	-2.2785157602231982
49tag69y1779cq1xg8vbych8	1	2	199	20	0	No-Go	NGAL	0	0		1	0.0	1	0.0977	0.9038580912962938	-0.10252256438822033
49tag69y1779cq1xg8vbych8	1	2	204	21	0	No-Go	NGAL	0	1	1.012	0	0.0	0	0.0913	0.08334838290151997	-2.630941697243684
49tag69y1779cq1xg8vbych8	1	2	206	22	0	No-Go	NGAL	0	0		1	1.0	0	0.0717	0.9298648997137005	-0.0736643460566123
49tag69y1779cq1xg8vbych8	1	2	211	23	0	No-Go	NGAL	0	0		1	0.0	1	0.0797	0.925016962431251	-0.078985209106953
49tag69y1779cq1xg8vbych8	1	2	213	24	0	No-Go	NGAL	0	1	1.274	0	0.0	0	0.069	0.06494799668470921	-2.912979155648935
49tag69y1779cq1xg8vbych8	1	2	217	25	0	No-Go	NGAL	0	0		1	0.0	1	0.0617	0.9452410447311212	-0.05698799244882554
49tag69y1779cq1xg8vbych8	1	2	221	26	0	No-Go	NGAL	0	1	0.879	0	0.0	0	0.0463	0.04749591496679857	-3.2675095472902282
49tag69y1779cq1xg8vbych8	1	2	226	27	0	No-Go	NGAL	0	0		1	0.0	1	0.0401	0.9598596932585984	-0.041399076722251356
49tag69y1779cq1xg8vbych8	1	2	229	28	0	No-Go	NGAL	0	0		1	0.0	1	0.0356	0.9651105610591221	-0.03586101107518153
49tag69y1779cq1xg8vbych8	1	2	236	29	0	No-Go	NGAL	0	0		1	0.0	1	0.0317	0.9695861464348878	-0.031168453142084655
49tag69y1779cq1xg8vbych8	1	2	239	30	0	No-Go	NGAL	0	0		1	1.0	0	0.0261	0.9734093592919304	-0.027180407230691286
49tag69y1779cq1xg8vbych8	1	2	124	1	1	Go	GW	1	0		0	1.0	1	0.5767	0.42200139872263925	-0.9054174456290226
49tag69y1779cq1xg8vbych8	1	2	125	2	1	Go	GW	1	0		0	0.0	0	0.5202	0.47349029610779925	-0.7818140262265588
49tag69y1779cq1xg8vbych8	1	2	131	3	1	Go	GW	1	1	1.291	1	0.0	1	0.5749	0.5793548666387551	-0.5698255521197915
49tag69y1779cq1xg8vbych8	1	2	134	4	1	Go	GW	1	1	0.588	1	0.0	1	0.7286	0.7261924669274318	-0.32695229126543573
49tag69y1779cq1xg8vbych8	1	2	139	5	1	Go	GW	1	1	0.567	1	0.0	1	0.8252	0.8263860442882615	-0.19459876457350428
49tag69y1779cq1xg8vbych8	1	2	141	6	1	Go	GW	1	1	0.659	1	0.0	1	0.8859	0.8887451846217101	-0.12043183300552283
49tag69y1779cq1xg8vbych8	1	2	146	7	1	Go	GW	1	1	1.035	1	0.0	1	0.9306	0.9269411254284939	-0.07741770114032717
49tag69y1779cq1xg8vbych8	1	2	151	8	1	Go	GW	1	1	0.555	1	1.0	0	0.9497	0.9506551376585941	-0.05155681592662082
49tag69y1779cq1xg8vbych8	1	2	154	9	1	Go	GW	1	1	0.769	1	0.0	1	0.9399	0.9368428900582422	-0.0666016516226689
49tag69y1779cq1xg8vbych8	1	2	157	10	1	Go	GW	1	1	0.615	1	0.0	1	0.9598	0.956843437306557	-0.04495789629043479
49tag69y1779cq1xg8vbych8	1	2	161	11	1	Go	GW	1	1	0.57	1	0.0	1	0.9724	0.9696659998666995	-0.031326746397245156
49tag69y1779cq1xg8vbych8	1	2	167	12	1	Go	GW	1	1	0.585	1	0.0	1	0.979	0.9781125122694481	-0.02245986858776766
49tag69y1779cq1xg8vbych8	1	2	169	13	1	Go	GW	1	1	0.583	1	0.0	1	0.983	0.9838145834022571	-0.016529615563983
49tag69y1779cq1xg8vbych8	1	2	174	14	1	Go	GW	1	1	0.584	1	1.0	0	0.986	0.987751394769742	-0.012464246400495996
49tag69y1779cq1xg8vbych8	1	2	178	15	1	Go	GW	1	1	0.713	1	0.0	1	0.9815	0.9834805559738136	-0.01690681510737465
49tag69y1779cq1xg8vbych8	1	2	183	16	1	Go	GW	1	1	0.581	1	0.0	1	0.987	0.9875563394043555	-0.012678971890891599
49tag69y1779cq1xg8vbych8	1	2	186	17	1	Go	GW	1	1	0.5	1	0.0	1	0.9885	0.9903932704827494	-0.009759530530753187
49tag69y1779cq1xg8vbych8	1	2	189	18	1	Go	GW	1	1	0.615	1	0.0	1	0.9924	0.9924210154585815	-0.007682810089655596
49tag69y1779cq1xg8vbych8	1	2	194	19	1	Go	GW	1	1	0.548	1	0.0	1	0.9938	0.9938985625926567	-0.006175150830874606
49tag69y1779cq1xg8vbych8	1	2	200	20	1	Go	GW	1	1	0.624	1	1.0	0	0.9945	0.9949934128182615	-0.005061258551901685
49tag69y1779cq1xg8vbych8	1	2	201	21	1	Go	GW	1	1	0.66	1	0.0	1	0.9933	0.9928977572897593	-0.007229287230405862
49tag69y1779cq1xg8vbych8	1	2	205	22	1	Go	GW	1	1	0.644	1	0.0	1	0.9943	0.9943072252267419	-0.005772802851652363
49tag69y1779cq1xg8vbych8	1	2	212	23	1	Go	GW	1	1	0.558	1	1.0	0	0.9958	0.9953195130658494	-0.004738188927922855
49tag69y1779cq1xg8vbych8	1	2	216	24	1	Go	GW	1	1	0.604	1	0.0	1	0.9921	0.9932668886693744	-0.0068767053364002595
49tag69y1779cq1xg8vbych8	1	2	219	25	1	Go	GW	1	1	0.666	1	0.0	1	0.996	0.9946188495952776	-0.0054668963811466235
49tag69y1779cq1xg8vbych8	1	2	223	26	1	Go	GW	1	1	0.861	1	0.0	1	0.9943	0.9955716595287216	-0.004488585970026102
49tag69y1779cq1xg8vbych8	1	2	228	27	1	Go	GW	1	1	0.539	1	1.0	0	0.9964	0.9962752186927925	-0.003770282504553096
49tag69y1779cq1xg8vbych8	1	2	231	28	1	Go	GW	1	1	0.712	1	0.0	1	0.9935	0.9945314650597713	-0.005589915107701689
49tag69y1779cq1xg8vbych8	1	2	233	29	1	Go	GW	1	1	0.75	1	0.0	1	0.9953	0.9955684004857636	-0.004504413616633418
49tag69y1779cq1xg8vbych8	1	2	238	30	1	Go	GW	1	1	0.839	1	0.0	1	0.9963	0.9962966260047722	-0.0037553909148682367
49tag69y1779cq1xg8vbych8	1	2	121	1	0	Go	GAL	1	1	0.793	1	0.0	1	0.5859	0.578996962919961	-0.5528459600757453
49tag69y1779cq1xg8vbych8	1	2	127	2	0	Go	GAL	1	1	0.817	1	0.0	1	0.6256	0.6297992102549291	-0.46775941538165255
49tag69y1779cq1xg8vbych8	1	2	130	3	0	Go	GAL	1	1	0.933	1	0.0	1	0.6733	0.676494920678195	-0.3955356556969547
49tag69y1779cq1xg8vbych8	1	2	136	4	0	Go	GAL	1	0		0	0.0	0	0.7199	0.2813270133335733	-1.2959961779261524
49tag69y1779cq1xg8vbych8	1	2	137	5	0	Go	GAL	1	1	0.641	1	1.0	0	0.7317	0.7306038449173948	-0.31777070146233694
49tag69y1779cq1xg8vbych8	1	2	144	6	0	Go	GAL	1	1	1.241	1	0.0	1	0.6858	0.6836739460104846	-0.3845621866506829
49tag69y1779cq1xg8vbych8	1	2	145	7	0	Go	GAL	1	1	0.85	1	0.0	1	0.7209	0.7255139373816848	-0.3246602935300423
49tag69y1779cq1xg8vbych8	1	2	149	8	0	Go	GAL	1	1	0.986	1	1.0	0	0.7639	0.7626262908157654	-0.27430985157827664
49tag69y1779cq1xg8vbych8	1	2	153	9	0	Go	GAL	1	1	0.678	1	0.0	1	0.7185	0.7184223044565556	-0.3343957739114482
49tag69y1779cq1xg8vbych8	1	2	159	10	0	Go	GAL	1	1	0.686	1	0.0	1	0.7577	0.7564755631897598	-0.2823324001236927
49tag69y1779cq1xg8vbych8	1	2	163	11	0	Go	GAL	1	1	0.692	1	0.0	1	0.7892	0.7898917797042632	-0.23869094421246717
49tag69y1779cq1xg8vbych8	1	2	168	12	0	Go	GAL	1	1	0.831	1	1.0	0	0.8236	0.8189777174518331	-0.20213912450282287
49tag69y1779cq1xg8vbych8	1	2	172	13	0	Go	GAL	1	1	0.863	1	0.0	1	0.7772	0.7811166424911009	-0.24981512127364838
49tag69y1779cq1xg8vbych8	1	2	173	14	0	Go	GAL	1	0		0	0.0	0	0.8129	0.1885183702225094	-1.7134483514277938
49tag69y1779cq1xg8vbych8	1	2	177	15	0	Go	GAL	1	1	0.845	1	0.0	1	0.8205	0.8202348703611977	-0.20050177479578937
49tag69y1779cq1xg8vbych8	1	2	184	16	0	Go	GAL	1	1	0.668	1	1.0	0	0.8469	0.8454662013615243	-0.1698661989064307
49tag69y1779cq1xg8vbych8	1	2	188	17	0	Go	GAL	1	1	0.712	1	0.0	1	0.8124	0.8115058426514931	-0.2112186793443779
49tag69y1779cq1xg8vbych8	1	2	191	18	0	Go	GAL	1	1	0.612	1	0.0	1	0.8434	0.8380597925053173	-0.17867750402235552
49tag69y1779cq1xg8vbych8	1	2	196	19	0	Go	GAL	1	1	0.763	1	0.0	1	0.8619	0.8608493903671673	-0.15154577975054495
49tag69y1779cq1xg8vbych8	1	2	198	20	0	Go	GAL	1	1	1.195	1	0.0	1	0.8791	0.8803410254128444	-0.128888494166215
49tag69y1779cq1xg8vbych8	1	2	202	21	0	Go	GAL	1	1	1.22	1	0.0	1	0.8977	0.8969732731244862	-0.10993779082928824
49tag69y1779cq1xg8vbych8	1	2	208	22	0	Go	GAL	1	1	0.783	1	0.0	1	0.9066	0.9111469035573256	-0.09405813325486104
49tag69y1779cq1xg8vbych8	1	2	209	23	0	Go	GAL	1	1	0.581	1	1.0	0	0.919	0.923219411886526	-0.08072404387962209
49tag69y1779cq1xg8vbych8	1	2	215	24	0	Go	GAL	1	1	0.668	1	0.0	1	0.8985	0.9030515749401183	-0.10305925587541519
49tag69y1779cq1xg8vbych8	1	2	220	25	0	Go	GAL	1	1	0.746	1	0.0	1	0.9171	0.916408438258037	-0.08819001384864399
49tag69y1779cq1xg8vbych8	1	2	224	26	0	Go	GAL	1	1	0.941	1	0.0	1	0.9301	0.9277572832179328	-0.0757296651311372
49tag69y1779cq1xg8vbych8	1	2	225	27	0	Go	GAL	1	1	0.691	1	0.0	1	0.9415	0.9374109684868052	-0.06525114663167708
49tag69y1779cq1xg8vbych8	1	2	232	28	0	Go	GAL	1	0		0	1.0	1	0.9477	0.05436713705775217	-3.0620586986829195
49tag69y1779cq1xg8vbych8	1	2	235	29	0	Go	GAL	1	1	0.834	1	0.0	1	0.9344	0.9339082929530339	-0.06903991162543283
49tag69y1779cq1xg8vbych8	1	2	240	30	0	Go	GAL	1	1	0.59	1	0.0	1	0.9429	0.9423648368828259	-0.059917397983385155
49tag69y1779cq1xg8vbych8	1	2	123	1	1	No-Go	NGW	0	1	0.717	0	1.0	1	0.5807	0.5779986012773607	-0.572260618491797
49tag69y1779cq1xg8vbych8	1	2	126	2	1	No-Go	NGW	0	1	1.317	0	0.0	0	0.7211	0.7251170125495814	-0.32841835418715815
49tag69y1779cq1xg8vbych8	1	2	132	3	1	No-Go	NGW	0	1	0.73	0	0.0	0	0.6772	0.6778440486214334	-0.39705853365428456
49tag69y1779cq1xg8vbych8	1	2	135	4	1	No-Go	NGW	0	0		1	0.0	1	0.6222	0.372287343200037	-1.0158820895323195
49tag69y1779cq1xg8vbych8	1	2	140	5	1	No-Go	NGW	0	0		1	0.0	1	0.5798	0.4228100330651285	-0.8828066072284981
49tag69y1779cq1xg8vbych8	1	2	143	6	1	No-Go	NGW	0	0		1	0.0	1	0.5261	0.4736858024321358	-0.7649652508997924
49tag69y1779cq1xg8vbych8	1	2	148	7	1	No-Go	NGW	0	0		1	0.0	1	0.484	0.5237777024925536	-0.6612658845712919
49tag69y1779cq1xg8vbych8	1	2	152	8	1	No-Go	NGW	0	0		1	0.0	1	0.4325	0.5720854463886372	-0.5705631572731761
49tag69y1779cq1xg8vbych8	1	2	156	9	1	No-Go	NGW	0	0		1	0.0	1	0.376	0.6178101111561718	-0.4916677921206695
49tag69y1779cq1xg8vbych8	1	2	160	10	1	No-Go	NGW	0	0		1	1.0	0	0.3436	0.6603817894795543	-0.42337671234730806
49tag69y1779cq1xg8vbych8	1	2	164	11	1	No-Go	NGW	0	0		1	0.0	1	0.3984	0.6043031448871862	-0.5137924926760122
49tag69y1779cq1xg8vbych8	1	2	165	12	1	No-Go	NGW	0	0		1	0.0	1	0.3458	0.6480627095962739	-0.4421901816132379
49tag69y1779cq1xg8vbych8	1	2	171	13	1	No-Go	NGW	0	0		1	0.0	1	0.3067	0.6883541464614923	-0.38049799393919104
49tag69y1779cq1xg8vbych8	1	2	175	14	1	No-Go	NGW	0	0		1	1.0	0	0.2839	0.7249826452476331	-0.32750673995469404
49tag69y1779cq1xg8vbych8	1	2	179	15	1	No-Go	NGW	0	0		1	0.0	1	0.33	0.6728173909052918	-0.4036224409396261
49tag69y1779cq1xg8vbych8	1	2	181	16	1	No-Go	NGW	0	0		1	0.0	1	0.2864	0.7110848055551227	-0.3470541336234951
49tag69y1779cq1xg8vbych8	1	2	187	17	1	No-Go	NGW	0	0		1	0.0	1	0.2537	0.7456039711174617	-0.29864767079151566
49tag69y1779cq1xg8vbych8	1	2	192	18	1	No-Go	NGW	0	0		1	0.0	1	0.2245	0.7764473471763923	-0.25728276371958236
49tag69y1779cq1xg8vbych8	1	2	195	19	1	No-Go	NGW	0	0		1	1.0	0	0.2028	0.8037937973571334	-0.22197477145380187
49tag69y1779cq1xg8vbych8	1	2	197	20	1	No-Go	NGW	0	0		1	0.0	1	0.2432	0.7598853054162997	-0.27934990011852634
49tag69y1779cq1xg8vbych8	1	2	203	21	1	No-Go	NGW	0	0		1	0.0	1	0.2034	0.7892898100760475	-0.24054626598471657
49tag69y1779cq1xg8vbych8	1	2	207	22	1	No-Go	NGW	0	0		1	0.0	1	0.184	0.815245002834281	-0.20753307865608434
49tag69y1779cq1xg8vbych8	1	2	210	23	1	No-Go	NGW	0	0		1	0.0	1	0.1607	0.8380342500294371	-0.17942580077272277
49tag69y1779cq1xg8vbych8	1	2	214	24	1	No-Go	NGW	0	0		1	1.0	0	0.1444	0.8579624974397823	-0.15548143744719198
49tag69y1779cq1xg8vbych8	1	2	218	25	1	No-Go	NGW	0	0		1	0.0	1	0.1821	0.822176145220638	-0.19920527320480616
49tag69y1779cq1xg8vbych8	1	2	222	26	1	No-Go	NGW	0	0		1	0.0	1	0.1617	0.8442280038022983	-0.17210266511235503
49tag69y1779cq1xg8vbych8	1	2	227	27	1	No-Go	NGW	0	0		1	0.0	1	0.1372	0.8634587115652114	-0.1491006708183476
49tag69y1779cq1xg8vbych8	1	2	230	28	1	No-Go	NGW	0	0		1	1.0	0	0.1177	0.8801893425032191	-0.12952922653299168
49tag69y1779cq1xg8vbych8	1	2	234	29	1	No-Go	NGW	0	0		1	0.0	1	0.1526	0.8483229074722538	-0.16764274230999973
49tag69y1779cq1xg8vbych8	1	2	237	30	1	No-Go	NGW	0	0		1	0.0	1	0.1314	0.8671243014440494	-0.14508451026372954
4czoxtp58q3xntzt3xinuxym	1	2	124	1	1	Go	GW	1	1	0.664	1	1.0	0	0.7733	0.7684774443180327	-0.26976481562495286
4czoxtp58q3xntzt3xinuxym	1	2	125	2	1	Go	GW	1	0		0	0.0	0	0.6391	0.3519726223635801	-1.077439217300918
4czoxtp58q3xntzt3xinuxym	1	2	130	3	1	Go	GW	1	1	0.753	1	0.0	1	0.7674	0.7684774443180327	-0.26976481562495286
4czoxtp58q3xntzt3xinuxym	1	2	135	4	1	Go	GW	1	1	0.543	1	0.0	1	0.9089	0.906386192144744	-0.09995329735108255
4czoxtp58q3xntzt3xinuxym	1	2	140	5	1	Go	GW	1	0		0	0.0	0	0.9381	0.06288594819140228	-2.946846509789057
4czoxtp58q3xntzt3xinuxym	1	2	144	6	1	Go	GW	1	1	1.013	1	0.0	1	0.9546	0.9530318889508217	-0.04865442769030445
4czoxtp58q3xntzt3xinuxym	1	2	146	7	1	Go	GW	1	1	0.608	1	0.0	1	0.9633	0.9613517954391897	-0.03978867549936004
4czoxtp58q3xntzt3xinuxym	1	2	150	8	1	Go	GW	1	1	0.802	1	1.0	0	0.9646	0.9650475390233689	-0.03589049932136637
4czoxtp58q3xntzt3xinuxym	1	2	155	9	1	Go	GW	1	0		0	0.0	0	0.8952	0.09692705697477334	-2.438494740872724
4czoxtp58q3xntzt3xinuxym	1	2	158	10	1	Go	GW	1	0		0	0.0	0	0.9148	0.0828631240237332	-2.6176761875410106
4czoxtp58q3xntzt3xinuxym	1	2	164	11	1	Go	GW	1	1	0.767	1	0.0	1	0.925	0.9243046966347592	-0.07973962071958267
4czoxtp58q3xntzt3xinuxym	1	2	167	12	1	Go	GW	1	1	0.704	1	0.0	1	0.9613	0.9612004411359916	-0.039846897598633246
4czoxtp58q3xntzt3xinuxym	1	2	170	13	1	Go	GW	1	1	0.731	1	1.0	0	0.974	0.9699454868379884	-0.030717970555650346
4czoxtp58q3xntzt3xinuxym	1	2	175	14	1	Go	GW	1	1	0.665	1	0.0	1	0.9217	0.9190934746577586	-0.08542145147341806
4czoxtp58q3xntzt3xinuxym	1	2	179	15	1	Go	GW	1	1	0.785	1	0.0	1	0.9569	0.9596981619551218	-0.041427410846787284
4czoxtp58q3xntzt3xinuxym	1	2	184	16	1	Go	GW	1	1	0.525	1	0.0	1	0.9701	0.9693130729885222	-0.031375272769976745
4czoxtp58q3xntzt3xinuxym	1	2	187	17	1	Go	GW	1	1	0.489	1	0.0	1	0.9722	0.9729529840958304	-0.027601644918707195
4czoxtp58q3xntzt3xinuxym	1	2	192	18	1	Go	GW	1	1	0.683	1	0.0	1	0.9745	0.9746331137351973	-0.02586832958840798
4czoxtp58q3xntzt3xinuxym	1	2	194	19	1	Go	GW	1	1	0.502	1	0.0	1	0.974	0.9755072909465704	-0.024969711238876736
4czoxtp58q3xntzt3xinuxym	1	2	197	20	1	Go	GW	1	1	0.538	1	1.0	0	0.9767	0.9760017530900779	-0.024462869662492615
4czoxtp58q3xntzt3xinuxym	1	2	202	21	1	Go	GW	1	1	0.459	1	0.0	1	0.9304	0.9281713610527073	-0.0756467578218604
4czoxtp58q3xntzt3xinuxym	1	2	208	22	1	Go	GW	1	1	0.485	1	0.0	1	0.9622	0.9628234774151567	-0.03814265216735156
4czoxtp58q3xntzt3xinuxym	1	2	212	23	1	Go	GW	1	1	0.436	1	0.0	1	0.9729	0.9707938524393273	-0.0298345075712464
4czoxtp58q3xntzt3xinuxym	1	2	215	24	1	Go	GW	1	1	0.522	1	0.0	1	0.9741	0.9737670573516778	-0.0267598911255775
4czoxtp58q3xntzt3xinuxym	1	2	219	25	1	Go	GW	1	1	0.6	1	1.0	0	0.9726	0.9751222955997473	-0.02536476591289874
4czoxtp58q3xntzt3xinuxym	1	2	222	26	1	Go	GW	1	1	0.717	1	0.0	1	0.9257	0.9267448409060115	-0.07716638241626256
4czoxtp58q3xntzt3xinuxym	1	2	225	27	1	Go	GW	1	1	0.589	1	0.0	1	0.9633	0.9623018398353189	-0.038688547897568266
4czoxtp58q3xntzt3xinuxym	1	2	231	28	1	Go	GW	1	1	0.622	1	0.0	1	0.9694	0.9705458514552602	-0.030091495138882183
4czoxtp58q3xntzt3xinuxym	1	2	235	29	1	Go	GW	1	1	0.565	1	1.0	0	0.9721	0.9736326288351899	-0.026898338354851385
4czoxtp58q3xntzt3xinuxym	1	2	240	30	1	Go	GW	1	1	0.446	1	0.0	1	0.9248	0.9244406621834705	-0.07963601674934305
4czoxtp58q3xntzt3xinuxym	1	2	123	1	0	Go	GAL	1	1	0.61	1	0.0	1	0.6571	0.659223833532757	-0.42238048516251253
4czoxtp58q3xntzt3xinuxym	1	2	128	2	0	Go	GAL	1	1	0.656	1	0.0	1	0.776	0.777828349289094	-0.2549155899504813
4czoxtp58q3xntzt3xinuxym	1	2	131	3	0	Go	GAL	1	1	0.846	1	1.0	0	0.8259	0.8278443144587997	-0.19156207933889347
4czoxtp58q3xntzt3xinuxym	1	2	133	4	0	Go	GAL	1	1	0.78	1	0.0	1	0.6417	0.6363305049573451	-0.46288509470471395
4czoxtp58q3xntzt3xinuxym	1	2	138	5	0	Go	GAL	1	1	0.621	1	0.0	1	0.779	0.7728212519147406	-0.2606730932751238
4czoxtp58q3xntzt3xinuxym	1	2	143	6	0	Go	GAL	1	1	0.481	1	0.0	1	0.8281	0.827218944041132	-0.19191061621142577
4czoxtp58q3xntzt3xinuxym	1	2	145	7	0	Go	GAL	1	1	0.511	1	0.0	1	0.8502	0.8526203666708825	-0.16118237256747012
4czoxtp58q3xntzt3xinuxym	1	2	149	8	0	Go	GAL	1	1	0.692	1	0.0	1	0.8645	0.8659284693386551	-0.14540975014215343
4czoxtp58q3xntzt3xinuxym	1	2	153	9	0	Go	GAL	1	1	0.595	1	1.0	0	0.8791	0.8734728035770327	-0.13658279317000174
4czoxtp58q3xntzt3xinuxym	1	2	160	10	0	Go	GAL	1	0		0	0.0	0	0.6812	0.316886965089701	-1.2139214833109326
4czoxtp58q3xntzt3xinuxym	1	2	163	11	0	Go	GAL	1	1	0.541	1	0.0	1	0.7748	0.7778561301737366	-0.25518453522090273
4czoxtp58q3xntzt3xinuxym	1	2	168	12	0	Go	GAL	1	1	0.926	1	0.0	1	0.8589	0.8614729699082374	-0.15104445609607992
4czoxtp58q3xntzt3xinuxym	1	2	172	13	0	Go	GAL	1	1	1.199	1	0.0	1	0.8932	0.89208839757188	-0.11580609380531963
4czoxtp58q3xntzt3xinuxym	1	2	174	14	0	Go	GAL	1	1	0.653	1	0.0	1	0.9079	0.9062382971536516	-0.09979792171236174
4czoxtp58q3xntzt3xinuxym	1	2	178	15	0	Go	GAL	1	1	0.827	1	1.0	0	0.9129	0.9136818949393566	-0.09142741144409527
4czoxtp58q3xntzt3xinuxym	1	2	181	16	0	Go	GAL	1	1	0.717	1	1.0	0	0.7734	0.7762703830197726	-0.25738483149634445
4czoxtp58q3xntzt3xinuxym	1	2	185	17	0	Go	GAL	1	1	0.837	1	0.0	1	0.6556	0.6543940000791999	-0.43287551534883995
4czoxtp58q3xntzt3xinuxym	1	2	189	18	0	Go	GAL	1	1	0.648	1	0.0	1	0.8125	0.8156715145813855	-0.20685999888934978
4czoxtp58q3xntzt3xinuxym	1	2	193	19	0	Go	GAL	1	1	0.538	1	0.0	1	0.8733	0.8711434821030632	-0.14033553309101482
4czoxtp58q3xntzt3xinuxym	1	2	200	20	0	Go	GAL	1	0		0	0.0	0	0.8962	0.10482881200720995	-2.3945643732375035
4czoxtp58q3xntzt3xinuxym	1	2	203	21	0	Go	GAL	1	1	0.803	1	0.0	1	0.9141	0.9150759145525476	-0.09051820884553115
4czoxtp58q3xntzt3xinuxym	1	2	206	22	0	Go	GAL	1	1	0.736	1	1.0	0	0.9257	0.9250171647823269	-0.0793402839479073
4czoxtp58q3xntzt3xinuxym	1	2	210	23	0	Go	GAL	1	1	0.762	1	0.0	1	0.8095	0.8105317293895489	-0.2133302347009646
4czoxtp58q3xntzt3xinuxym	1	2	214	24	0	Go	GAL	1	1	0.528	1	0.0	1	0.8861	0.8844443413355638	-0.12487309868824753
4czoxtp58q3xntzt3xinuxym	1	2	220	25	0	Go	GAL	1	1	0.62	1	0.0	1	0.9085	0.911034597508775	-0.09484307530269513
4czoxtp58q3xntzt3xinuxym	1	2	221	26	0	Go	GAL	1	1	0.639	1	1.0	0	0.9233	0.9233349300761636	-0.0811134886503996
4czoxtp58q3xntzt3xinuxym	1	2	226	27	0	Go	GAL	1	1	0.605	1	0.0	1	0.8062	0.8083120669375249	-0.21612948650173008
4czoxtp58q3xntzt3xinuxym	1	2	229	28	0	Go	GAL	1	1	0.703	1	0.0	1	0.8811	0.8838454056381477	-0.12552519099229187
4czoxtp58q3xntzt3xinuxym	1	2	233	29	0	Go	GAL	1	1	0.612	1	0.0	1	0.9111	0.9108675842694629	-0.09500269545008606
4czoxtp58q3xntzt3xinuxym	1	2	239	30	0	Go	GAL	1	1	0.653	1	0.0	1	0.9209	0.9233108549800175	-0.0811215055633516
4czoxtp58q3xntzt3xinuxym	1	2	121	1	0	No-Go	NGAL	0	1	0.695	0	0.0	0	0.6508	0.659223833532757	-0.42238048516251253
4czoxtp58q3xntzt3xinuxym	1	2	127	2	0	No-Go	NGAL	0	1	0.685	0	0.0	0	0.5086	0.5151013384497586	-0.6817401858567371
4czoxtp58q3xntzt3xinuxym	1	2	129	3	0	No-Go	NGAL	0	0		1	0.0	1	0.4505	0.5641117761506964	-0.590218597405138
4czoxtp58q3xntzt3xinuxym	1	2	136	4	0	No-Go	NGAL	0	0		1	0.0	1	0.2942	0.6973409727902851	-0.3787563576791957
4czoxtp58q3xntzt3xinuxym	1	2	137	5	0	No-Go	NGAL	0	0		1	1.0	0	0.2457	0.7579440390695098	-0.29124956548968195
4czoxtp58q3xntzt3xinuxym	1	2	141	6	0	No-Go	NGAL	0	0		1	1.0	0	0.4081	0.5890439842814253	-0.54299530481149
4czoxtp58q3xntzt3xinuxym	1	2	148	7	0	No-Go	NGAL	0	0		1	0.0	1	0.5175	0.48052092041022504	-0.7664154158963419
4czoxtp58q3xntzt3xinuxym	1	2	152	8	0	No-Go	NGAL	0	0		1	0.0	1	0.3336	0.6679818367515846	-0.4122176746118038
4czoxtp58q3xntzt3xinuxym	1	2	156	9	0	No-Go	NGAL	0	0		1	0.0	1	0.2446	0.7488608734473905	-0.29723864437887193
4czoxtp58q3xntzt3xinuxym	1	2	159	10	0	No-Go	NGAL	0	0		1	0.0	1	0.2169	0.7867236637990692	-0.24686594576372034
4czoxtp58q3xntzt3xinuxym	1	2	161	11	0	No-Go	NGAL	0	0		1	1.0	0	0.1913	0.8065245115867232	-0.2210801745613571
4czoxtp58q3xntzt3xinuxym	1	2	165	12	0	No-Go	NGAL	0	1	1.092	0	0.0	0	0.3649	0.3647010219891465	-1.0563127540591732
4czoxtp58q3xntzt3xinuxym	1	2	169	13	0	No-Go	NGAL	0	0		1	0.0	1	0.3295	0.6750933790313295	-0.4082423333186183
4czoxtp58q3xntzt3xinuxym	1	2	173	14	0	No-Go	NGAL	0	1	0.56	0	0.0	0	0.2227	0.22344742311319404	-1.5437556400818309
4czoxtp58q3xntzt3xinuxym	1	2	177	15	0	No-Go	NGAL	0	0		1	0.0	1	0.203	0.7943784561635843	-0.23351310537111847
4czoxtp58q3xntzt3xinuxym	1	2	183	16	0	No-Go	NGAL	0	0		1	0.0	1	0.1673	0.8321913254570865	-0.18674035173769998
4czoxtp58q3xntzt3xinuxym	1	2	186	17	0	No-Go	NGAL	0	0		1	1.0	0	0.1543	0.8496329241107978	-0.16596714137024973
4czoxtp58q3xntzt3xinuxym	1	2	190	18	0	No-Go	NGAL	0	0		1	0.0	1	0.2992	0.6998936510507692	-0.37408111036240443
4czoxtp58q3xntzt3xinuxym	1	2	196	19	0	No-Go	NGAL	0	0		1	0.0	1	0.2059	0.7972239311460733	-0.22992034216089968
4czoxtp58q3xntzt3xinuxym	1	2	198	20	0	No-Go	NGAL	0	0		1	0.0	1	0.1683	0.834569721921943	-0.1836742941229102
4czoxtp58q3xntzt3xinuxym	1	2	201	21	0	No-Go	NGAL	0	0		1	0.0	1	0.146	0.8515413467866558	-0.16353077426654666
4czoxtp58q3xntzt3xinuxym	1	2	205	22	0	No-Go	NGAL	0	0		1	0.0	1	0.1389	0.8602140361190801	-0.1534013633756716
4czoxtp58q3xntzt3xinuxym	1	2	211	23	0	No-Go	NGAL	0	0		1	1.0	0	0.1351	0.8650096578316683	-0.14784345856556932
4czoxtp58q3xntzt3xinuxym	1	2	216	24	0	No-Go	NGAL	0	0		1	0.0	1	0.2861	0.7164667462958428	-0.3510728879904477
4czoxtp58q3xntzt3xinuxym	1	2	218	25	0	No-Go	NGAL	0	0		1	0.0	1	0.1942	0.8058532232290505	-0.2191854729000713
4czoxtp58q3xntzt3xinuxym	1	2	223	26	0	No-Go	NGAL	0	0		1	0.0	1	0.1616	0.8396825743254409	-0.1774842984750564
4czoxtp58q3xntzt3xinuxym	1	2	227	27	0	No-Go	NGAL	0	0		1	0.0	1	0.1485	0.8548804123048216	-0.15953304880806246
4czoxtp58q3xntzt3xinuxym	1	2	232	28	0	No-Go	NGAL	0	0		1	0.0	1	0.133	0.8625415051466764	-0.15063457052590146
4czoxtp58q3xntzt3xinuxym	1	2	236	29	0	No-Go	NGAL	0	0		1	1.0	0	0.128	0.866708624099329	-0.1458360050060768
4czoxtp58q3xntzt3xinuxym	1	2	238	30	0	No-Go	NGAL	0	0		1	0.0	1	0.2872	0.7183311398095665	-0.3489882387457894
4czoxtp58q3xntzt3xinuxym	1	2	122	1	1	No-Go	NGW	0	0		1	0.0	1	0.7648	0.2315225556819674	-1.5254707382243031
4czoxtp58q3xntzt3xinuxym	1	2	126	2	1	No-Go	NGW	0	1	0.556	0	0.0	0	0.6455	0.6480273776364199	-0.44353152341246505
4czoxtp58q3xntzt3xinuxym	1	2	132	3	1	No-Go	NGW	0	0		1	1.0	0	0.5002	0.4961228177520563	-0.7274927486595156
4czoxtp58q3xntzt3xinuxym	1	2	134	4	1	No-Go	NGW	0	1	0.683	0	0.0	0	0.716	0.7077638118764423	-0.3539541708519113
4czoxtp58q3xntzt3xinuxym	1	2	139	5	1	No-Go	NGW	0	1	0.488	0	0.0	0	0.6429	0.6380877210089275	-0.46012809816337
4czoxtp58q3xntzt3xinuxym	1	2	142	6	1	No-Go	NGW	0	1	0.522	0	0.0	0	0.5976	0.5954984581190045	-0.5325215459178131
4czoxtp58q3xntzt3xinuxym	1	2	147	7	1	No-Go	NGW	0	0		1	1.0	0	0.578	0.43044830105589255	-0.8729760720137425
4czoxtp58q3xntzt3xinuxym	1	2	151	8	1	No-Go	NGW	0	0		1	0.0	1	0.6753	0.32449274744375717	-1.178454442230597
4czoxtp58q3xntzt3xinuxym	1	2	154	9	1	No-Go	NGW	0	0		1	0.0	1	0.4541	0.549019244632604	-0.6162334742255569
4czoxtp58q3xntzt3xinuxym	1	2	157	10	1	No-Go	NGW	0	1	1.147	0	0.0	0	0.332	0.33532939165602815	-1.1387952356861546
4czoxtp58q3xntzt3xinuxym	1	2	162	11	1	No-Go	NGW	0	1	0.601	0	0.0	0	0.3171	0.32065251160361247	-1.1817270024720063
4czoxtp58q3xntzt3xinuxym	1	2	166	12	1	No-Go	NGW	0	0		1	0.0	1	0.3107	0.6885905801027069	-0.38202753599575395
4czoxtp58q3xntzt3xinuxym	1	2	171	13	1	No-Go	NGW	0	0		1	1.0	0	0.2555	0.7432421960232074	-0.30333814454184427
4czoxtp58q3xntzt3xinuxym	1	2	176	14	1	No-Go	NGW	0	0		1	0.0	1	0.4875	0.5080793820962787	-0.709905132764209
4czoxtp58q3xntzt3xinuxym	1	2	180	15	1	No-Go	NGW	0	0		1	0.0	1	0.338	0.6634527733563249	-0.41939840583377663
4czoxtp58q3xntzt3xinuxym	1	2	182	16	1	No-Go	NGW	0	1	0.563	0	1.0	1	0.2652	0.26610423404040967	-1.373172690309949
4czoxtp58q3xntzt3xinuxym	1	2	188	17	1	No-Go	NGW	0	0		1	0.0	1	0.6197	0.3902183128710481	-1.0073531729189495
4czoxtp58q3xntzt3xinuxym	1	2	191	18	1	No-Go	NGW	0	0		1	0.0	1	0.5581	0.4343721526546262	-0.8952205822331392
4czoxtp58q3xntzt3xinuxym	1	2	195	19	1	No-Go	NGW	0	1	0.555	0	0.0	0	0.542	0.5396325078854785	-0.6638098685565192
4czoxtp58q3xntzt3xinuxym	1	2	199	20	1	No-Go	NGW	0	1	0.689	0	0.0	0	0.3777	0.3741128820554314	-1.0271752614208198
4czoxtp58q3xntzt3xinuxym	1	2	204	21	1	No-Go	NGW	0	1	0.535	0	0.0	0	0.2888	0.29523347395703947	-1.2732303854504192
4czoxtp58q3xntzt3xinuxym	1	2	207	22	1	No-Go	NGW	0	0		1	1.0	0	0.2597	0.7440549606743307	-0.30270812477527903
4czoxtp58q3xntzt3xinuxym	1	2	209	23	1	No-Go	NGW	0	0		1	0.0	1	0.5102	0.4870479523621744	-0.7501470510152919
4czoxtp58q3xntzt3xinuxym	1	2	213	24	1	No-Go	NGW	0	1	1.158	0	0.0	0	0.3682	0.3679709565810387	-1.0284053474760453
4czoxtp58q3xntzt3xinuxym	1	2	217	25	1	No-Go	NGW	0	1	0.522	0	0.0	0	0.3377	0.3417933764864003	-1.1061177409869056
4czoxtp58q3xntzt3xinuxym	1	2	224	26	1	No-Go	NGW	0	0		1	0.0	1	0.3254	0.673537874869866	-0.40389632805404035
4czoxtp58q3xntzt3xinuxym	1	2	228	27	1	No-Go	NGW	0	0		1	0.0	1	0.2609	0.7366081350953649	-0.3119225215086784
4czoxtp58q3xntzt3xinuxym	1	2	230	28	1	No-Go	NGW	0	0		1	0.0	1	0.2345	0.7671466178523538	-0.2704441000014013
4czoxtp58q3xntzt3xinuxym	1	2	234	29	1	No-Go	NGW	0	0		1	0.0	1	0.2166	0.7833066209384381	-0.24921884609224443
4czoxtp58q3xntzt3xinuxym	1	2	237	30	1	No-Go	NGW	0	0		1	1.0	0	0.2095	0.7924584188910243	-0.2374541377519656
4czoxtp58q3xntzt3xinuxym	1	1	4	1	1	Go	GW	1	0		0	1.0	1	0.7772	0.2315225556819674	-1.5254707382243031
4czoxtp58q3xntzt3xinuxym	1	1	5	2	1	Go	GW	1	0		0	0.0	0	0.6451	0.3519726223635801	-1.077439217300918
4czoxtp58q3xntzt3xinuxym	1	1	12	3	1	Go	GW	1	1	0.699	1	0.0	1	0.811	0.8113665218357782	-0.21610702183774932
4czoxtp58q3xntzt3xinuxym	1	1	15	4	1	Go	GW	1	1	0.874	1	0.0	1	0.9024	0.9016701337306265	-0.1052841457552317
4czoxtp58q3xntzt3xinuxym	1	1	20	5	1	Go	GW	1	1	0.633	1	0.0	1	0.9236	0.9259409351747808	-0.07792613818153592
4czoxtp58q3xntzt3xinuxym	1	1	24	6	1	Go	GW	1	1	1.04	1	0.0	1	0.9359	0.9354024995611974	-0.0675187214164247
4czoxtp58q3xntzt3xinuxym	1	1	26	7	1	Go	GW	1	1	0.729	1	0.0	1	0.9413	0.9398218523122139	-0.0627228026695072
4czoxtp58q3xntzt3xinuxym	1	1	29	8	1	Go	GW	1	1	0.443	1	1.0	0	0.9406	0.9421322965794737	-0.0602388336625946
4czoxtp58q3xntzt3xinuxym	1	1	35	9	1	Go	GW	1	1	0.493	1	0.0	1	0.8382	0.839030847978382	-0.17830149488074837
4czoxtp58q3xntzt3xinuxym	1	1	37	10	1	Go	GW	1	1	0.446	1	0.0	1	0.907	0.911770161112371	-0.093287469915578
4czoxtp58q3xntzt3xinuxym	1	1	43	11	1	Go	GW	1	1	0.439	1	0.0	1	0.9314	0.9304294528005763	-0.07281893486724927
4czoxtp58q3xntzt3xinuxym	1	1	47	12	1	Go	GW	1	1	0.418	1	0.0	1	0.9419	0.9376953995093094	-0.06496733075745702
4czoxtp58q3xntzt3xinuxym	1	1	52	13	1	Go	GW	1	1	0.631	1	1.0	0	0.9413	0.9411028512669485	-0.0613176867718121
4czoxtp58q3xntzt3xinuxym	1	1	55	14	1	Go	GW	1	0		0	0.0	0	0.8424	0.1624904084090619	-1.897212928300843
4czoxtp58q3xntzt3xinuxym	1	1	60	15	1	Go	GW	1	1	0.688	1	0.0	1	0.8896	0.8904771135724561	-0.11749073030068541
4czoxtp58q3xntzt3xinuxym	1	1	64	16	1	Go	GW	1	1	0.676	1	0.0	1	0.9415	0.9413844090875911	-0.060948146331076675
4czoxtp58q3xntzt3xinuxym	1	1	66	17	1	Go	GW	1	1	0.494	1	0.0	1	0.956	0.9539680333936865	-0.04755076622717207
4czoxtp58q3xntzt3xinuxym	1	1	70	18	1	Go	GW	1	1	0.431	1	0.0	1	0.9598	0.9588204628427517	-0.042435605587912414
4czoxtp58q3xntzt3xinuxym	1	1	73	19	1	Go	GW	1	1	0.54	1	0.0	1	0.9603	0.9610847368304257	-0.040062790739924074
4czoxtp58q3xntzt3xinuxym	1	1	78	20	1	Go	GW	1	1	0.583	1	1.0	0	0.9602	0.9622716189367136	-0.03882449893176844
4czoxtp58q3xntzt3xinuxym	1	1	84	21	1	Go	GW	1	0		0	0.0	0	0.8958	0.10776743578028432	-2.3353950814569724
4czoxtp58q3xntzt3xinuxym	1	1	85	22	1	Go	GW	1	1	0.429	1	0.0	1	0.9121	0.9135983702398113	-0.09156824647428707
4czoxtp58q3xntzt3xinuxym	1	1	92	23	1	Go	GW	1	0		0	0.0	0	0.955	0.045673563559575976	-3.2448465724871824
4czoxtp58q3xntzt3xinuxym	1	1	95	24	1	Go	GW	1	1	0.519	1	0.0	1	0.9607	0.9602806108516688	-0.04081867771518038
4czoxtp58q3xntzt3xinuxym	1	1	99	25	1	Go	GW	1	1	0.534	1	1.0	0	0.9693	0.9687910664591002	-0.03192747506283225
4czoxtp58q3xntzt3xinuxym	1	1	103	26	1	Go	GW	1	0		0	0.0	0	0.9186	0.08426717431699615	-2.6017717871732526
4czoxtp58q3xntzt3xinuxym	1	1	108	27	1	Go	GW	1	1	0.602	1	0.0	1	0.9209	0.9217521720071891	-0.08255248341307632
4czoxtp58q3xntzt3xinuxym	1	1	110	28	1	Go	GW	1	1	0.64	1	0.0	1	0.9647	0.961090880375089	-0.03995932446874943
4czoxtp58q3xntzt3xinuxym	1	1	116	29	1	Go	GW	1	1	0.535	1	1.0	0	0.9681	0.9702819033588552	-0.030364134476469653
4czoxtp58q3xntzt3xinuxym	1	1	120	30	1	Go	GW	1	1	0.506	1	0.0	1	0.92	0.9202428171131797	-0.08416847356855167
4czoxtp58q3xntzt3xinuxym	1	1	3	1	1	No-Go	NGW	0	1	0.514	0	0.0	0	0.7695	0.7684774443180327	-0.26976481562495286
4czoxtp58q3xntzt3xinuxym	1	1	6	2	1	No-Go	NGW	0	1	0.495	0	0.0	0	0.6348	0.6480273776364199	-0.44353152341246505
4czoxtp58q3xntzt3xinuxym	1	1	9	3	1	No-Go	NGW	0	1	0.515	0	1.0	1	0.5667	0.572377529797861	-0.5709526387606628
4czoxtp58q3xntzt3xinuxym	1	1	16	4	1	No-Go	NGW	0	1	0.537	0	0.0	0	0.8255	0.824611157248161	-0.19679551224659672
4czoxtp58q3xntzt3xinuxym	1	1	17	5	1	No-Go	NGW	0	1	0.429	0	0.0	0	0.6906	0.6923078228705711	-0.3740181008746306
4czoxtp58q3xntzt3xinuxym	1	1	23	6	1	No-Go	NGW	0	0		1	0.0	1	0.6007	0.3985253252218789	-0.9437391102149502
4czoxtp58q3xntzt3xinuxym	1	1	25	7	1	No-Go	NGW	0	0		1	1.0	0	0.4628	0.5455498023985833	-0.6332251919033286
4czoxtp58q3xntzt3xinuxym	1	1	30	8	1	No-Go	NGW	0	1	1.007	0	0.0	0	0.6739	0.6659789587950947	-0.41255240964716816
4czoxtp58q3xntzt3xinuxym	1	1	34	9	1	No-Go	NGW	0	1	0.884	0	0.0	0	0.6124	0.6143728467223102	-0.49582872712903714
4czoxtp58q3xntzt3xinuxym	1	1	39	10	1	No-Go	NGW	0	0		1	0.0	1	0.5756	0.41734856383595453	-0.8977488908132761
4czoxtp58q3xntzt3xinuxym	1	1	42	11	1	No-Go	NGW	0	1	1.038	0	0.0	0	0.402	0.40187058746310894	-0.941132064570989
4czoxtp58q3xntzt3xinuxym	1	1	48	12	1	No-Go	NGW	0	1	0.835	0	0.0	0	0.3849	0.38258898629571714	-0.9895871370344104
4czoxtp58q3xntzt3xinuxym	1	1	50	13	1	No-Go	NGW	0	1	0.847	0	1.0	1	0.3698	0.3704126984634662	-1.0218007878268154
4czoxtp58q3xntzt3xinuxym	1	1	54	14	1	No-Go	NGW	0	0		1	0.0	1	0.71	0.2873777308630564	-1.3322837490235906
4czoxtp58q3xntzt3xinuxym	1	1	57	15	1	No-Go	NGW	0	0		1	0.0	1	0.6299	0.370568614967661	-1.0611651953672832
4czoxtp58q3xntzt3xinuxym	1	1	61	16	1	No-Go	NGW	0	1	1.114	0	1.0	1	0.5799	0.5794579680742887	-0.5817178719336747
4czoxtp58q3xntzt3xinuxym	1	1	67	17	1	No-Go	NGW	0	1	0.821	0	0.0	0	0.7129	0.7109325611605547	-0.3572852237975506
4czoxtp58q3xntzt3xinuxym	1	1	71	18	1	No-Go	NGW	0	1	0.632	0	0.0	0	0.496	0.4949710540971674	-0.7387440048732963
4czoxtp58q3xntzt3xinuxym	1	1	76	19	1	No-Go	NGW	0	1	0.543	0	0.0	0	0.3835	0.3769164197630794	-1.0355271864789397
4czoxtp58q3xntzt3xinuxym	1	1	79	20	1	No-Go	NGW	0	1	0.633	0	0.0	0	0.314	0.315939109257152	-1.2199995740131084
4czoxtp58q3xntzt3xinuxym	1	1	83	21	1	No-Go	NGW	0	1	0.534	0	0.0	0	0.2839	0.28237118747099255	-1.3315792927717545
4czoxtp58q3xntzt3xinuxym	1	1	87	22	1	No-Go	NGW	0	0		1	1.0	0	0.2587	0.7373178619633092	-0.31400990149970726
4czoxtp58q3xntzt3xinuxym	1	1	91	23	1	No-Go	NGW	0	1	0.601	0	0.0	0	0.5162	0.5063445759020103	-0.7045513378722839
4czoxtp58q3xntzt3xinuxym	1	1	96	24	1	No-Go	NGW	0	1	0.52	0	0.0	0	0.4934	0.49098431163153017	-0.7417591972701899
4czoxtp58q3xntzt3xinuxym	1	1	97	25	1	No-Go	NGW	0	1	0.423	0	0.0	0	0.4798	0.48095709425693656	-0.7688193347507055
4czoxtp58q3xntzt3xinuxym	1	1	101	26	1	No-Go	NGW	0	0		1	0.0	1	0.4813	0.5257970115547949	-0.6779632469888109
4czoxtp58q3xntzt3xinuxym	1	1	105	27	1	No-Go	NGW	0	1	0.568	0	0.0	0	0.3262	0.32500276814443185	-1.1617784237683744
4czoxtp58q3xntzt3xinuxym	1	1	109	28	1	No-Go	NGW	0	0		1	0.0	1	0.3235	0.6791846941692656	-0.39582869046250296
4czoxtp58q3xntzt3xinuxym	1	1	115	29	1	No-Go	NGW	0	0		1	0.0	1	0.2602	0.7454468006240973	-0.2999307104189885
4czoxtp58q3xntzt3xinuxym	1	1	119	30	1	No-Go	NGW	0	1	0.831	0	1.0	1	0.2248	0.22261784599986117	-1.5658129838214174
4czoxtp58q3xntzt3xinuxym	1	1	1	1	0	No-Go	NGAL	0	0		1	0.0	1	0.6566	0.34077616646724285	-1.0977955353123907
4czoxtp58q3xntzt3xinuxym	1	1	8	2	0	No-Go	NGAL	0	0		1	0.0	1	0.5128	0.48489866155024136	-0.7445912151515744
4czoxtp58q3xntzt3xinuxym	1	1	10	3	0	No-Go	NGAL	0	0		1	0.0	1	0.4337	0.5641117761506964	-0.590218597405138
4czoxtp58q3xntzt3xinuxym	1	1	13	4	0	No-Go	NGAL	0	0		1	0.0	1	0.3953	0.6075918195931845	-0.5125291989239736
4czoxtp58q3xntzt3xinuxym	1	1	18	5	0	No-Go	NGAL	0	0		1	1.0	0	0.3634	0.6326025695105701	-0.46985673349324936
4czoxtp58q3xntzt3xinuxym	1	1	22	6	0	No-Go	NGAL	0	0		1	1.0	0	0.5903	0.4137929309162344	-0.9458117017055256
4czoxtp58q3xntzt3xinuxym	1	1	28	7	0	No-Go	NGAL	0	1	0.974	0	0.0	0	0.6866	0.691527393100129	-0.39968678517199047
4czoxtp58q3xntzt3xinuxym	1	1	32	8	0	No-Go	NGAL	0	0		1	0.0	1	0.5645	0.4387025527826789	-0.8857328099410366
4czoxtp58q3xntzt3xinuxym	1	1	36	9	0	No-Go	NGAL	0	1	1.117	0	0.0	0	0.38	0.38343704057731587	-0.983198076550701
4czoxtp58q3xntzt3xinuxym	1	1	40	10	0	No-Go	NGAL	0	1	0.836	0	0.0	0	0.3115	0.3111806619514464	-1.2003776284729082
4czoxtp58q3xntzt3xinuxym	1	1	41	11	0	No-Go	NGAL	0	0		1	1.0	0	0.2739	0.726206362151056	-0.3250729436836937
4czoxtp58q3xntzt3xinuxym	1	1	46	12	0	No-Go	NGAL	0	0		1	0.0	1	0.4198	0.58660255924147	-0.5582060070071939
4czoxtp58q3xntzt3xinuxym	1	1	49	13	0	No-Go	NGAL	0	0		1	0.0	1	0.2637	0.7365467212766332	-0.3109552449907364
4czoxtp58q3xntzt3xinuxym	1	1	56	14	0	No-Go	NGAL	0	0		1	0.0	1	0.2071	0.7969444773449326	-0.23130759351654764
4czoxtp58q3xntzt3xinuxym	1	1	59	15	0	No-Go	NGAL	0	0		1	0.0	1	0.1756	0.8246602801035012	-0.19678243473773277
4czoxtp58q3xntzt3xinuxym	1	1	62	16	0	No-Go	NGAL	0	0		1	0.0	1	0.1613	0.8389515181135224	-0.1793468257290184
4czoxtp58q3xntzt3xinuxym	1	1	68	17	0	No-Go	NGAL	0	0		1	1.0	0	0.1584	0.8469504376703985	-0.16967499695281374
4czoxtp58q3xntzt3xinuxym	1	1	69	18	0	No-Go	NGAL	0	1	0.545	0	0.0	0	0.3085	0.31000626537352927	-1.247947347010639
4czoxtp58q3xntzt3xinuxym	1	1	75	19	0	No-Go	NGAL	0	1	0.761	0	0.0	0	0.2822	0.2890012556398635	-1.3349729534208743
4czoxtp58q3xntzt3xinuxym	1	1	77	20	0	No-Go	NGAL	0	0		1	0.0	1	0.2689	0.7230325831869213	-0.3413886807756643
4czoxtp58q3xntzt3xinuxym	1	1	81	21	0	No-Go	NGAL	0	0		1	0.0	1	0.1825	0.8122163934842735	-0.211200459447135
4czoxtp58q3xntzt3xinuxym	1	1	86	22	0	No-Go	NGAL	0	0		1	0.0	1	0.1562	0.8458584825861571	-0.17003811487370543
4czoxtp58q3xntzt3xinuxym	1	1	89	23	0	No-Go	NGAL	0	0		1	1.0	0	0.1371	0.8610038601008931	-0.1522621230219844
4czoxtp58q3xntzt3xinuxym	1	1	94	24	0	No-Go	NGAL	0	1	0.685	0	0.0	0	0.2705	0.28423055510865397	-1.3787467189653755
4czoxtp58q3xntzt3xinuxym	1	1	98	25	0	No-Go	NGAL	0	1	0.621	0	0.0	0	0.2726	0.276978382111335	-1.4211316183904505
4czoxtp58q3xntzt3xinuxym	1	1	102	26	0	No-Go	NGAL	0	0		1	0.0	1	0.2663	0.7275228960721414	-0.3378170266459726
4czoxtp58q3xntzt3xinuxym	1	1	106	27	0	No-Go	NGAL	0	0		1	0.0	1	0.1755	0.8193392794276546	-0.20282793522727127
4czoxtp58q3xntzt3xinuxym	1	1	111	28	0	No-Go	NGAL	0	0		1	0.0	1	0.1463	0.8534394085773153	-0.16111329576880215
4czoxtp58q3xntzt3xinuxym	1	1	114	29	0	No-Go	NGAL	0	0		1	1.0	0	0.134	0.8685386412216441	-0.14346309045051583
4czoxtp58q3xntzt3xinuxym	1	1	117	30	0	No-Go	NGAL	0	1	1.022	0	0.0	0	0.2794	0.27280882420235236	-1.4588668090872037
4czoxtp58q3xntzt3xinuxym	1	1	2	1	0	Go	GAL	1	1	0.556	1	0.0	1	0.6618	0.659223833532757	-0.42238048516251253
4czoxtp58q3xntzt3xinuxym	1	1	7	2	0	Go	GAL	1	1	0.579	1	0.0	1	0.7762	0.777828349289094	-0.2549155899504813
4czoxtp58q3xntzt3xinuxym	1	1	11	3	0	Go	GAL	1	1	0.581	1	1.0	0	0.8253	0.8278443144587997	-0.19156207933889347
4czoxtp58q3xntzt3xinuxym	1	1	14	4	0	Go	GAL	1	1	0.587	1	0.0	1	0.6453	0.6363305049573451	-0.46288509470471395
4czoxtp58q3xntzt3xinuxym	1	1	19	5	0	Go	GAL	1	1	0.491	1	0.0	1	0.7711	0.7728212519147406	-0.2606730932751238
4czoxtp58q3xntzt3xinuxym	1	1	21	6	0	Go	GAL	1	1	0.975	1	0.0	1	0.8308	0.827218944041132	-0.19191061621142577
4czoxtp58q3xntzt3xinuxym	1	1	27	7	0	Go	GAL	1	1	0.711	1	0.0	1	0.8598	0.8526203666708825	-0.16118237256747012
4czoxtp58q3xntzt3xinuxym	1	1	31	8	0	Go	GAL	1	1	0.762	1	0.0	1	0.8629	0.8659284693386551	-0.14540975014215343
4czoxtp58q3xntzt3xinuxym	1	1	33	9	0	Go	GAL	1	1	0.884	1	1.0	0	0.865	0.8734728035770327	-0.13658279317000174
4czoxtp58q3xntzt3xinuxym	1	1	38	10	0	Go	GAL	1	1	0.864	1	0.0	1	0.6839	0.683113034910299	-0.39491464434713797
4czoxtp58q3xntzt3xinuxym	1	1	44	11	0	Go	GAL	1	1	0.842	1	0.0	1	0.7947	0.7964532493432889	-0.2301034948846574
4czoxtp58q3xntzt3xinuxym	1	1	45	12	0	Go	GAL	1	1	0.763	1	0.0	1	0.8448	0.8404997658438728	-0.17546619019287057
4czoxtp58q3xntzt3xinuxym	1	1	51	13	0	Go	GAL	1	1	0.811	1	0.0	1	0.8631	0.860796717457022	-0.15131851118018794
4czoxtp58q3xntzt3xinuxym	1	1	53	14	0	Go	GAL	1	1	0.701	1	0.0	1	0.8736	0.8712946496483226	-0.13905933455269956
4czoxtp58q3xntzt3xinuxym	1	1	58	15	0	Go	GAL	1	1	0.705	1	1.0	0	0.878	0.8771629083941967	-0.1322840495425118
4czoxtp58q3xntzt3xinuxym	1	1	63	16	0	Go	GAL	1	1	0.806	1	1.0	0	0.6931	0.6874501493993865	-0.38983603102796127
4czoxtp58q3xntzt3xinuxym	1	1	65	17	0	Go	GAL	1	0		0	0.0	0	0.5401	0.4555992958170299	-0.8518817827633131
4czoxtp58q3xntzt3xinuxym	1	1	72	18	0	Go	GAL	1	1	0.575	1	0.0	1	0.6577	0.658979628657899	-0.42634989679485963
4czoxtp58q3xntzt3xinuxym	1	1	74	19	0	Go	GAL	1	1	0.63	1	0.0	1	0.8189	0.817954855614527	-0.20392270538586185
4czoxtp58q3xntzt3xinuxym	1	1	80	20	0	Go	GAL	1	1	0.597	1	0.0	1	0.8731	0.8724335243987335	-0.13873722468428945
4czoxtp58q3xntzt3xinuxym	1	1	82	21	0	Go	GAL	1	1	0.749	1	0.0	1	0.8995	0.8959823268486864	-0.11155670989235004
4czoxtp58q3xntzt3xinuxym	1	1	88	22	0	Go	GAL	1	1	0.629	1	1.0	0	0.9026	0.9078290944282313	-0.09807359746988929
4czoxtp58q3xntzt3xinuxym	1	1	90	23	0	Go	GAL	1	1	0.477	1	0.0	1	0.7729	0.7689921196584895	-0.26658144422363134
4czoxtp58q3xntzt3xinuxym	1	1	93	24	0	Go	GAL	1	1	0.499	1	0.0	1	0.8617	0.8577099186632333	-0.15553048677590278
4czoxtp58q3xntzt3xinuxym	1	1	100	25	0	Go	GAL	1	1	0.622	1	0.0	1	0.8902	0.8902748783551444	-0.11788941846772336
4czoxtp58q3xntzt3xinuxym	1	1	104	26	0	Go	GAL	1	1	0.63	1	1.0	0	0.9034	0.9053003132439764	-0.10084902100239723
4czoxtp58q3xntzt3xinuxym	1	1	107	27	0	Go	GAL	1	1	0.939	1	0.0	1	0.7592	0.7659221665135849	-0.2707059166703282
4czoxtp58q3xntzt3xinuxym	1	1	112	28	0	Go	GAL	1	1	1.043	1	0.0	1	0.8537	0.8566812109517381	-0.15673920879769554
4czoxtp58q3xntzt3xinuxym	1	1	113	29	0	Go	GAL	1	1	0.932	1	0.0	1	0.8898	0.8898684917243099	-0.11834477381547352
4czoxtp58q3xntzt3xinuxym	1	1	118	30	0	Go	GAL	1	1	0.429	1	0.0	1	0.9032	0.9051281423162125	-0.10103613548549047
4dymnxa4iq2lis85044q2d18	1	2	123	1	1	Go	GW	1	1	0.608	1	1.0	0	0.5834	0.5863373108600923	-0.5605124543714514
4dymnxa4iq2lis85044q2d18	1	2	128	2	1	Go	GW	1	1	0.972	1	0.0	1	0.496	0.5015382761710984	-0.7259056678723761
4dymnxa4iq2lis85044q2d18	1	2	132	3	1	Go	GW	1	1	0.496	1	0.0	1	0.8231	0.8222448502028358	-0.20176176341015653
4dymnxa4iq2lis85044q2d18	1	2	135	4	1	Go	GW	1	1	0.483	1	0.0	1	0.9364	0.9355998585839123	-0.06866571201692769
4dymnxa4iq2lis85044q2d18	1	2	139	5	1	Go	GW	1	1	0.413	1	0.0	1	0.9716	0.9726666911167112	-0.028427306247397855
4dymnxa4iq2lis85044q2d18	1	2	141	6	1	Go	GW	1	1	0.497	1	0.0	1	0.9893	0.9866161220724323	-0.01374078862136566
4dymnxa4iq2lis85044q2d18	1	2	145	7	1	Go	GW	1	1	0.336	1	1.0	0	0.9915	0.9926313943286723	-0.007507012446887466
4dymnxa4iq2lis85044q2d18	1	2	149	8	1	Go	GW	1	1	0.294	1	0.0	1	0.9884	0.9879853934973711	-0.012328408617824721
4dymnxa4iq2lis85044q2d18	1	2	155	9	1	Go	GW	1	1	0.321	1	0.0	1	0.994	0.9932592441112418	-0.006867491372381701
4dymnxa4iq2lis85044q2d18	1	2	158	10	1	Go	GW	1	1	0.749	1	0.0	1	0.9958	0.9958330122502425	-0.004225347514168033
4dymnxa4iq2lis85044q2d18	1	2	161	11	1	Go	GW	1	1	0.348	1	0.0	1	0.9979	0.9972081275646302	-0.0028217941965683357
4dymnxa4iq2lis85044q2d18	1	2	166	12	1	Go	GW	1	1	0.314	1	0.0	1	0.9987	0.9979958972091059	-0.0020210428845984854
4dymnxa4iq2lis85044q2d18	1	2	172	13	1	Go	GW	1	1	0.321	1	0.0	1	0.9983	0.9984730715595357	-0.001537497013113892
4dymnxa4iq2lis85044q2d18	1	2	174	14	1	Go	GW	1	1	0.379	1	0.0	1	0.9984	0.9987755998829989	-0.0012316521374243438
4dymnxa4iq2lis85044q2d18	1	2	177	15	1	Go	GW	1	1	0.36	1	1.0	0	0.9989	0.9989748208224865	-0.0010306179270436289
4dymnxa4iq2lis85044q2d18	1	2	183	16	1	Go	GW	1	1	0.313	1	0.0	1	0.9977	0.998001297752327	-0.0020202417152540746
4dymnxa4iq2lis85044q2d18	1	2	187	17	1	Go	GW	1	1	0.339	1	0.0	1	0.9988	0.9985324634523473	-0.001478626253014375
4dymnxa4iq2lis85044q2d18	1	2	189	18	1	Go	GW	1	1	0.446	1	1.0	0	0.9988	0.9988351337906115	-0.0011720991029831893
4dymnxa4iq2lis85044q2d18	1	2	195	19	1	Go	GW	1	1	0.343	1	0.0	1	0.9978	0.9977005842469658	-0.0023302297535662147
4dymnxa4iq2lis85044q2d18	1	2	200	20	1	Go	GW	1	1	0.542	1	0.0	1	0.9987	0.9983924259694117	-0.0016212501489548067
4dymnxa4iq2lis85044q2d18	1	2	201	21	1	Go	GW	1	1	0.357	1	0.0	1	0.9989	0.9987601195542557	-0.0012481549398468536
4dymnxa4iq2lis85044q2d18	1	2	205	22	1	Go	GW	1	1	0.352	1	1.0	0	0.9992	0.998980751002581	-0.0010251285781826649
4dymnxa4iq2lis85044q2d18	1	2	210	23	1	Go	GW	1	1	0.33	1	0.0	1	0.9978	0.9979489931764638	-0.0020773229150758254
4dymnxa4iq2lis85044q2d18	1	2	213	24	1	Go	GW	1	1	0.276	1	0.0	1	0.9983	0.9985427343997609	-0.0014692936901972216
4dymnxa4iq2lis85044q2d18	1	2	218	25	1	Go	GW	1	1	0.331	1	0.0	1	0.9989	0.9988588109182684	-0.001148637790258256
4dymnxa4iq2lis85044q2d18	1	2	221	26	1	Go	GW	1	1	0.307	1	1.0	0	0.9989	0.9990486084936254	-0.0009568096117141343
4dymnxa4iq2lis85044q2d18	1	2	226	27	1	Go	GW	1	1	0.349	1	0.0	1	0.9978	0.9980624337690785	-0.0019625854020549837
4dymnxa4iq2lis85044q2d18	1	2	232	28	1	Go	GW	1	1	0.31	1	0.0	1	0.9983	0.9986172340301901	-0.0013941692542038752
4dymnxa4iq2lis85044q2d18	1	2	236	29	1	Go	GW	1	1	0.33	1	0.0	1	0.9993	0.9989101866480818	-0.0010969119473880481
4dymnxa4iq2lis85044q2d18	1	2	240	30	1	Go	GW	1	1	0.357	1	0.0	1	0.9988	0.9990852183870591	-0.0009199912786344839
4dymnxa4iq2lis85044q2d18	1	2	122	1	0	Go	GAL	1	0		0	1.0	1	0.6415	0.3557398131220376	-1.0527556750325482
4dymnxa4iq2lis85044q2d18	1	2	127	2	0	Go	GAL	1	0		0	0.0	0	0.5587	0.43962286565018305	-0.8357505234142413
4dymnxa4iq2lis85044q2d18	1	2	129	3	0	Go	GAL	1	1	0.649	1	0.0	1	0.5736	0.5745764988719675	-0.5618711763599655
4dymnxa4iq2lis85044q2d18	1	2	136	4	0	Go	GAL	1	1	0.801	1	0.0	1	0.6531	0.657377110503683	-0.42485890934940523
4dymnxa4iq2lis85044q2d18	1	2	137	5	0	Go	GAL	1	1	0.429	1	0.0	1	0.7267	0.7283629449001437	-0.3209744573130899
4dymnxa4iq2lis85044q2d18	1	2	144	6	0	Go	GAL	1	1	0.387	1	0.0	1	0.7838	0.7866987416666189	-0.2429657985245057
4dymnxa4iq2lis85044q2d18	1	2	146	7	0	Go	GAL	1	1	0.59	1	0.0	1	0.8356	0.8332693494776231	-0.18469233623884446
4dymnxa4iq2lis85044q2d18	1	2	150	8	0	Go	GAL	1	1	0.374	1	0.0	1	0.871	0.8697653904112145	-0.14122301816492921
4dymnxa4iq2lis85044q2d18	1	2	154	9	0	Go	GAL	1	1	0.375	1	1.0	0	0.9024	0.8980600742823086	-0.10874665279614618
4dymnxa4iq2lis85044q2d18	1	2	157	10	0	Go	GAL	1	1	0.53	1	0.0	1	0.8527	0.853175461933272	-0.1605099404263658
4dymnxa4iq2lis85044q2d18	1	2	162	11	0	Go	GAL	1	1	0.338	1	0.0	1	0.8836	0.8854257520445663	-0.12295901599599438
4dymnxa4iq2lis85044q2d18	1	2	168	12	0	Go	GAL	1	1	0.404	1	0.0	1	0.9077	0.9102752445589154	-0.09493983885088035
4dymnxa4iq2lis85044q2d18	1	2	170	13	0	Go	GAL	1	1	0.291	1	0.0	1	0.93	0.9293718841399583	-0.07392316001900456
4dymnxa4iq2lis85044q2d18	1	2	176	14	0	Go	GAL	1	1	0.336	1	1.0	0	0.9463	0.9440568700523374	-0.058058772150815216
4dymnxa4iq2lis85044q2d18	1	2	179	15	0	Go	GAL	1	1	0.414	1	0.0	1	0.9181	0.9157517507415285	-0.08881644798751691
4dymnxa4iq2lis85044q2d18	1	2	184	16	0	Go	GAL	1	1	0.411	1	0.0	1	0.9327	0.9337076672544439	-0.06917494017540356
4dymnxa4iq2lis85044q2d18	1	2	188	17	0	Go	GAL	1	1	0.316	1	1.0	0	0.9472	0.9474756350014026	-0.05437752134067578
4dymnxa4iq2lis85044q2d18	1	2	191	18	0	Go	GAL	1	1	0.323	1	0.0	1	0.9226	0.920276694417038	-0.08387971009630922
4dymnxa4iq2lis85044q2d18	1	2	194	19	0	Go	GAL	1	1	0.357	1	0.0	1	0.9407	0.937291475895718	-0.06531845460945987
4dymnxa4iq2lis85044q2d18	1	2	199	20	0	Go	GAL	1	1	0.542	1	0.0	1	0.9478	0.9503054687642493	-0.051369816783691666
4dymnxa4iq2lis85044q2d18	1	2	202	21	0	Go	GAL	1	1	0.343	1	0.0	1	0.9609	0.9603063739712546	-0.04079107978109253
4dymnxa4iq2lis85044q2d18	1	2	208	22	0	Go	GAL	1	1	0.293	1	0.0	1	0.9658	0.9680368150116087	-0.03269610428519197
4dymnxa4iq2lis85044q2d18	1	2	211	23	0	Go	GAL	1	1	0.764	1	1.0	0	0.9739	0.9740510646225612	-0.026447549474832747
4dymnxa4iq2lis85044q2d18	1	2	215	24	0	Go	GAL	1	1	0.318	1	0.0	1	0.9552	0.9588412142968115	-0.04238813288193849
4dymnxa4iq2lis85044q2d18	1	2	217	25	0	Go	GAL	1	1	0.342	1	0.0	1	0.9683	0.9669713366423359	-0.0338374226757149
4dymnxa4iq2lis85044q2d18	1	2	222	26	0	Go	GAL	1	1	0.303	1	0.0	1	0.9731	0.9732632158512613	-0.027281408465125223
4dymnxa4iq2lis85044q2d18	1	2	227	27	0	Go	GAL	1	1	0.304	1	1.0	0	0.9784	0.978169680448377	-0.022204904325553505
4dymnxa4iq2lis85044q2d18	1	2	229	28	0	Go	GAL	1	1	0.349	1	0.0	1	0.9639	0.964846102689625	-0.03614345498299153
4dymnxa4iq2lis85044q2d18	1	2	235	29	0	Go	GAL	1	1	0.397	1	0.0	1	0.9691	0.9716780277787286	-0.02897185943289058
4dymnxa4iq2lis85044q2d18	1	2	237	30	0	Go	GAL	1	1	0.327	1	0.0	1	0.98	0.9769706989779632	-0.02346831355057209
4dymnxa4iq2lis85044q2d18	1	2	121	1	1	No-Go	NGW	0	1	0.805	0	0.0	0	0.593	0.5863373108600923	-0.5605124543714514
4dymnxa4iq2lis85044q2d18	1	2	126	2	1	No-Go	NGW	0	0		1	1.0	0	0.4981	0.49846172382890164	-0.7314752498143107
4dymnxa4iq2lis85044q2d18	1	2	130	3	1	No-Go	NGW	0	0		1	0.0	1	0.5977	0.4136626891399078	-0.9346233324790136
4dymnxa4iq2lis85044q2d18	1	2	134	4	1	No-Go	NGW	0	0		1	0.0	1	0.496	0.5021034596111997	-0.7236084421113789
4dymnxa4iq2lis85044q2d18	1	2	138	5	1	No-Go	NGW	0	0		1	0.0	1	0.4121	0.5869640247364722	-0.5563171142374276
4dymnxa4iq2lis85044q2d18	1	2	142	6	1	No-Go	NGW	0	0		1	0.0	1	0.3314	0.6636971467953581	-0.42599918538360576
4dymnxa4iq2lis85044q2d18	1	2	148	7	1	No-Go	NGW	0	0		1	0.0	1	0.2703	0.7298539340962756	-0.325879200929704
4dymnxa4iq2lis85044q2d18	1	2	152	8	1	No-Go	NGW	0	0		1	1.0	0	0.2129	0.7848751581274688	-0.2496903778269056
4dymnxa4iq2lis85044q2d18	1	2	156	9	1	No-Go	NGW	0	0		1	0.0	1	0.2854	0.7106563664678959	-0.35336601204788065
4dymnxa4iq2lis85044q2d18	1	2	159	10	1	No-Go	NGW	0	0		1	0.0	1	0.2288	0.7693588405017643	-0.2701654425355359
4dymnxa4iq2lis85044q2d18	1	2	163	11	1	No-Go	NGW	0	0		1	0.0	1	0.1772	0.8171937530524243	-0.20727166932560007
4dymnxa4iq2lis85044q2d18	1	2	167	12	1	No-Go	NGW	0	0		1	0.0	1	0.14	0.855399733259613	-0.1598411920969207
4dymnxa4iq2lis85044q2d18	1	2	169	13	1	No-Go	NGW	0	0		1	0.0	1	0.1121	0.8855292936974811	-0.12405270699534994
4dymnxa4iq2lis85044q2d18	1	2	175	14	1	No-Go	NGW	0	0		1	1.0	0	0.0924	0.9091186832816653	-0.09697358760984655
4dymnxa4iq2lis85044q2d18	1	2	180	15	1	No-Go	NGW	0	0		1	0.0	1	0.14	0.8665009173242771	-0.1463113295337363
4dymnxa4iq2lis85044q2d18	1	2	181	16	1	No-Go	NGW	0	0		1	1.0	0	0.0998	0.8944321142955941	-0.11360919701234591
4dymnxa4iq2lis85044q2d18	1	2	186	17	1	No-Go	NGW	0	0		1	0.0	1	0.1548	0.8464357085724205	-0.17064741187133492
4dymnxa4iq2lis85044q2d18	1	2	192	18	1	No-Go	NGW	0	0		1	0.0	1	0.1146	0.8789164451515963	-0.13163800046566243
4dymnxa4iq2lis85044q2d18	1	2	196	19	1	No-Go	NGW	0	0		1	0.0	1	0.093	0.9042419100828875	-0.1023855516887731
4dymnxa4iq2lis85044q2d18	1	2	197	20	1	No-Go	NGW	0	0		1	0.0	1	0.0728	0.9239136956091656	-0.08031660164893446
4dymnxa4iq2lis85044q2d18	1	2	203	21	1	No-Go	NGW	0	0		1	0.0	1	0.0594	0.9391902662173306	-0.06355504821311654
4dymnxa4iq2lis85044q2d18	1	2	206	22	1	No-Go	NGW	0	0		1	0.0	1	0.0486	0.9510788823609053	-0.05073278450352411
4dymnxa4iq2lis85044q2d18	1	2	209	23	1	No-Go	NGW	0	0		1	0.0	1	0.0416	0.9603651921271761	-0.04085064198589524
4dymnxa4iq2lis85044q2d18	1	2	214	24	1	No-Go	NGW	0	0		1	0.0	1	0.032	0.9676532188202804	-0.03317665066806884
4dymnxa4iq2lis85044q2d18	1	2	219	25	1	No-Go	NGW	0	0		1	1.0	0	0.0264	0.9734038881815097	-0.027172225847832125
4dymnxa4iq2lis85044q2d18	1	2	223	26	1	No-Go	NGW	0	0		1	1.0	0	0.0414	0.9573293840210767	-0.04414771562225424
4dymnxa4iq2lis85044q2d18	1	2	228	27	1	No-Go	NGW	0	0		1	0.0	1	0.0642	0.9330705692569187	-0.07076822239304435
4dymnxa4iq2lis85044q2d18	1	2	230	28	1	No-Go	NGW	0	0		1	0.0	1	0.0511	0.946561904677221	-0.05584516654569954
4dymnxa4iq2lis85044q2d18	1	2	234	29	1	No-Go	NGW	0	0		1	0.0	1	0.0414	0.9569977481400948	-0.04456436952660456
4dymnxa4iq2lis85044q2d18	1	2	238	30	1	No-Go	NGW	0	0		1	0.0	1	0.0347	0.9651114496910499	-0.03593064974258238
4dymnxa4iq2lis85044q2d18	1	2	124	1	0	No-Go	NGAL	0	1	0.898	0	1.0	1	0.6391	0.6442601868779623	-0.4453807592079719
4dymnxa4iq2lis85044q2d18	1	2	125	2	0	No-Go	NGAL	0	1	0.456	0	0.0	0	0.7113	0.7198096968402217	-0.3330295820457954
4dymnxa4iq2lis85044q2d18	1	2	131	3	0	No-Go	NGAL	0	0		1	0.0	1	0.634	0.35914407837835627	-1.0427727479281634
4dymnxa4iq2lis85044q2d18	1	2	133	4	0	No-Go	NGAL	0	0		1	0.0	1	0.5575	0.4433007732561821	-0.8273312422743537
4dymnxa4iq2lis85044q2d18	1	2	140	5	0	No-Go	NGAL	0	0		1	0.0	1	0.462	0.5270781157545184	-0.6516050078223606
4dymnxa4iq2lis85044q2d18	1	2	143	6	0	No-Go	NGAL	0	0		1	0.0	1	0.3935	0.6056758608403545	-0.5107145517539403
4dymnxa4iq2lis85044q2d18	1	2	147	7	0	No-Go	NGAL	0	0		1	0.0	1	0.3221	0.6758701470109556	-0.3993711120970537
4dymnxa4iq2lis85044q2d18	1	2	151	8	0	No-Go	NGAL	0	0		1	0.0	1	0.261	0.7361884925532526	-0.3123352084823677
4dymnxa4iq2lis85044q2d18	1	2	153	9	0	No-Go	NGAL	0	0		1	0.0	1	0.2133	0.7865544354529264	-0.24479743659189374
4dymnxa4iq2lis85044q2d18	1	2	160	10	0	No-Go	NGAL	0	0		1	1.0	0	0.1725	0.8277631032263831	-0.1926001871822423
4dymnxa4iq2lis85044q2d18	1	2	164	11	0	No-Go	NGAL	0	0		1	1.0	0	0.1842	0.8180776648185599	-0.20448992005416883
4dymnxa4iq2lis85044q2d18	1	2	165	12	0	No-Go	NGAL	0	0		1	0.0	1	0.1987	0.8078255258837551	-0.21739438485823065
4dymnxa4iq2lis85044q2d18	1	2	171	13	0	No-Go	NGAL	0	0		1	0.0	1	0.1537	0.8450744012300776	-0.17131720794909985
4dymnxa4iq2lis85044q2d18	1	2	173	14	0	No-Go	NGAL	0	0		1	0.0	1	0.1291	0.8749691974290082	-0.13578679294345714
4dymnxa4iq2lis85044q2d18	1	2	178	15	0	No-Go	NGAL	0	0		1	0.0	1	0.0975	0.8988089841099114	-0.10832786958405753
4dymnxa4iq2lis85044q2d18	1	2	182	16	0	No-Go	NGAL	0	0		1	0.0	1	0.0801	0.9177642473239881	-0.08702999936248797
4dymnxa4iq2lis85044q2d18	1	2	185	17	0	No-Go	NGAL	0	0		1	0.0	1	0.065	0.932829422470852	-0.07043420292534225
4dymnxa4iq2lis85044q2d18	1	2	190	18	0	No-Go	NGAL	0	0		1	0.0	1	0.0529	0.9448197430831838	-0.05743328200736941
4dymnxa4iq2lis85044q2d18	1	2	193	19	0	No-Go	NGAL	0	0		1	1.0	0	0.0454	0.954388816433077	-0.04718942413239394
4dymnxa4iq2lis85044q2d18	1	2	198	20	0	No-Go	NGAL	0	0		1	0.0	1	0.0477	0.9509359140298947	-0.05087987828618162
4dymnxa4iq2lis85044q2d18	1	2	204	21	0	No-Go	NGAL	0	0		1	0.0	1	0.0409	0.9592988909041392	-0.04198266294383174
4dymnxa4iq2lis85044q2d18	1	2	207	22	0	No-Go	NGAL	0	0		1	0.0	1	0.0383	0.9660097906751048	-0.03490942906248085
4dymnxa4iq2lis85044q2d18	1	2	212	23	0	No-Go	NGAL	0	0		1	0.0	1	0.0296	0.971420419146151	-0.029249704851676873
4dymnxa4iq2lis85044q2d18	1	2	216	24	0	No-Go	NGAL	0	0		1	1.0	0	0.0255	0.9758046623326154	-0.024691949369296275
4dymnxa4iq2lis85044q2d18	1	2	220	25	0	No-Go	NGAL	0	0		1	0.0	1	0.0263	0.9737640286953023	-0.026825684838991098
4dymnxa4iq2lis85044q2d18	1	2	224	26	0	No-Go	NGAL	0	0		1	1.0	0	0.0198	0.9777205626145298	-0.02271790880067345
4dymnxa4iq2lis85044q2d18	1	2	225	27	0	No-Go	NGAL	0	0		1	0.0	1	0.0235	0.9757453213318215	-0.02479705905292231
4dymnxa4iq2lis85044q2d18	1	2	231	28	0	No-Go	NGAL	0	0		1	0.0	1	0.0205	0.9793478686001658	-0.02105247447425932
4dymnxa4iq2lis85044q2d18	1	2	233	29	0	No-Go	NGAL	0	0		1	0.0	1	0.0185	0.9822905860380653	-0.01801281366920938
4dymnxa4iq2lis85044q2d18	1	2	239	30	0	No-Go	NGAL	0	0		1	0.0	1	0.0145	0.984708308260512	-0.015526525472475355
4dymnxa4iq2lis85044q2d18	1	1	1	1	0	No-Go	NGAL	0	1	0.518	0	1.0	1	0.641	0.6442601868779623	-0.4453807592079719
4dymnxa4iq2lis85044q2d18	1	1	8	2	0	No-Go	NGAL	0	1	0.6	0	0.0	0	0.7192	0.7198096968402217	-0.3330295820457954
4dymnxa4iq2lis85044q2d18	1	1	11	3	0	No-Go	NGAL	0	0		1	0.0	1	0.6367	0.35914407837835627	-1.0427727479281634
4dymnxa4iq2lis85044q2d18	1	1	15	4	0	No-Go	NGAL	0	1	0.937	0	0.0	0	0.5608	0.5566992267438179	-0.5944074161492641
4dymnxa4iq2lis85044q2d18	1	1	20	5	0	No-Go	NGAL	0	0		1	0.0	1	0.4649	0.5305872172243887	-0.6450308564363864
4dymnxa4iq2lis85044q2d18	1	1	22	6	0	No-Go	NGAL	0	1	0.847	0	0.0	0	0.3865	0.3877069647691784	-0.9718378475334316
4dymnxa4iq2lis85044q2d18	1	1	26	7	0	No-Go	NGAL	0	1	0.731	0	0.0	0	0.3114	0.31256692703264294	-1.202761836392418
4dymnxa4iq2lis85044q2d18	1	1	31	8	0	No-Go	NGAL	0	0		1	0.0	1	0.2471	0.750812443682731	-0.2928178899519594
4dymnxa4iq2lis85044q2d18	1	1	33	9	0	No-Go	NGAL	0	0		1	0.0	1	0.1982	0.8046499426807487	-0.22211302077183256
4dymnxa4iq2lis85044q2d18	1	1	40	10	0	No-Go	NGAL	0	0		1	1.0	0	0.1528	0.8472771262537805	-0.16925438508719187
4dymnxa4iq2lis85044q2d18	1	1	44	11	0	No-Go	NGAL	0	1	0.843	0	1.0	1	0.163	0.16070611935077903	-1.93465075117996
4dymnxa4iq2lis85044q2d18	1	1	47	12	0	No-Go	NGAL	0	0		1	0.0	1	0.2232	0.7815111838744111	-0.25134000177936927
4dymnxa4iq2lis85044q2d18	1	1	51	13	0	No-Go	NGAL	0	0		1	0.0	1	0.1705	0.8270846996068423	-0.19349823736665286
4dymnxa4iq2lis85044q2d18	1	1	55	14	0	No-Go	NGAL	0	0		1	0.0	1	0.1368	0.863238177771289	-0.14976766957365356
4dymnxa4iq2lis85044q2d18	1	1	60	15	0	No-Go	NGAL	0	1	1.181	0	0.0	0	0.105	0.10836653161184004	-2.3597720088612673
4dymnxa4iq2lis85044q2d18	1	1	63	16	0	No-Go	NGAL	0	1	0.804	0	0.0	0	0.0842	0.08191168281259117	-2.6810382812809217
4dymnxa4iq2lis85044q2d18	1	1	68	17	0	No-Go	NGAL	0	1	0.758	0	0.0	0	0.0607	0.062305806649462954	-2.997618073528887
4dymnxa4iq2lis85044q2d18	1	1	72	18	0	No-Go	NGAL	0	0		1	0.0	1	0.0503	0.9522558050310541	-0.04957817566175447
4dymnxa4iq2lis85044q2d18	1	1	73	19	0	No-Go	NGAL	0	0		1	1.0	0	0.0357	0.9624172852357866	-0.03876330261674269
4dymnxa4iq2lis85044q2d18	1	1	79	20	0	No-Go	NGAL	0	0		1	0.0	1	0.043	0.9599941310248187	-0.04131985528912117
4dymnxa4iq2lis85044q2d18	1	1	81	21	0	No-Go	NGAL	0	1	0.688	0	0.0	0	0.034	0.031654735994437855	-3.773057841875088
4dymnxa4iq2lis85044q2d18	1	1	88	22	0	No-Go	NGAL	0	1	0.603	0	0.0	0	0.0274	0.02439285783252693	-4.079419524592855
4dymnxa4iq2lis85044q2d18	1	1	91	23	0	No-Go	NGAL	0	0		1	0.0	1	0.0181	0.9810281446492126	-0.01931152579534165
4dymnxa4iq2lis85044q2d18	1	1	95	24	0	No-Go	NGAL	0	0		1	1.0	0	0.0153	0.9848852887810681	-0.015339519409091883
4dymnxa4iq2lis85044q2d18	1	1	98	25	0	No-Go	NGAL	0	0		1	0.0	1	0.0138	0.98384466137479	-0.016407353862309317
4dymnxa4iq2lis85044q2d18	1	1	104	26	0	No-Go	NGAL	0	0		1	1.0	0	0.0141	0.9870594033123181	-0.013108904232856019
4dymnxa4iq2lis85044q2d18	1	1	107	27	0	No-Go	NGAL	0	0		1	0.0	1	0.0144	0.9861270720922033	-0.014063899054276552
4dymnxa4iq2lis85044q2d18	1	1	109	28	0	No-Go	NGAL	0	0		1	0.0	1	0.0105	0.9888308468247146	-0.011297636400479892
4dymnxa4iq2lis85044q2d18	1	1	116	29	0	No-Go	NGAL	0	0		1	0.0	1	0.0091	0.9909320617529074	-0.009155788379663604
4dymnxa4iq2lis85044q2d18	1	1	120	30	0	No-Go	NGAL	0	0		1	0.0	1	0.0056	0.9925778236312717	-0.007483176969465137
4dymnxa4iq2lis85044q2d18	1	1	4	1	1	No-Go	NGW	0	1	0.584	0	0.0	0	0.5817	0.5863373108600923	-0.5605124543714514
4dymnxa4iq2lis85044q2d18	1	1	7	2	1	No-Go	NGW	0	1	0.694	0	1.0	1	0.5042	0.5015382761710984	-0.7259056678723761
4dymnxa4iq2lis85044q2d18	1	1	9	3	1	No-Go	NGW	0	1	0.531	0	0.0	0	0.8255	0.8222448502028358	-0.20176176341015653
4dymnxa4iq2lis85044q2d18	1	1	13	4	1	No-Go	NGW	0	1	0.478	0	0.0	0	0.7581	0.7591516567657771	-0.2842483028130293
4dymnxa4iq2lis85044q2d18	1	1	19	5	1	No-Go	NGW	0	1	0.58	0	0.0	0	0.6834	0.6846069771802515	-0.39111399053389284
4dymnxa4iq2lis85044q2d18	1	1	21	6	1	No-Go	NGW	0	0		1	0.0	1	0.6079	0.39792341527409125	-0.9604130234698873
4dymnxa4iq2lis85044q2d18	1	1	25	7	1	No-Go	NGW	0	0		1	0.0	1	0.5152	0.48300187390251975	-0.7554534809326613
4dymnxa4iq2lis85044q2d18	1	1	32	8	1	No-Go	NGW	0	0		1	1.0	0	0.4403	0.565457998805467	-0.5901109146557549
4dymnxa4iq2lis85044q2d18	1	1	35	9	1	No-Go	NGW	0	1	0.576	0	0.0	0	0.5228	0.5278014410844138	-0.6619267562211033
4dymnxa4iq2lis85044q2d18	1	1	39	10	1	No-Go	NGW	0	1	0.787	0	0.0	0	0.4445	0.44106333765625066	-0.8498659428255076
4dymnxa4iq2lis85044q2d18	1	1	43	11	1	No-Go	NGW	0	1	0.726	0	0.0	0	0.3553	0.3611573404139049	-1.0606824761905433
4dymnxa4iq2lis85044q2d18	1	1	45	12	1	No-Go	NGW	0	1	0.732	0	0.0	0	0.3033	0.29125318207640416	-1.2892300562335952
4dymnxa4iq2lis85044q2d18	1	1	52	13	1	No-Go	NGW	0	0		1	0.0	1	0.2337	0.767502871052579	-0.27093933407800685
4dymnxa4iq2lis85044q2d18	1	1	54	14	1	No-Go	NGW	0	0		1	1.0	0	0.1852	0.8209754511402669	-0.20172695766365353
4dymnxa4iq2lis85044q2d18	1	1	58	15	1	No-Go	NGW	0	1	1.031	0	0.0	0	0.2367	0.2392993357842598	-1.496122872540119
4dymnxa4iq2lis85044q2d18	1	1	62	16	1	No-Go	NGW	0	1	0.91	0	1.0	1	0.1869	0.19021147233460728	-1.7418060372874495
4dymnxa4iq2lis85044q2d18	1	1	65	17	1	No-Go	NGW	0	1	0.592	0	0.0	0	0.5699	0.569337637515397	-0.6348675550832313
4dymnxa4iq2lis85044q2d18	1	1	69	18	1	No-Go	NGW	0	0		1	0.0	1	0.4922	0.5141018541927374	-0.7462545272430912
4dymnxa4iq2lis85044q2d18	1	1	74	19	1	No-Go	NGW	0	1	0.786	0	0.0	0	0.4046	0.40709906916970817	-1.0181606696252063
4dymnxa4iq2lis85044q2d18	1	1	78	20	1	No-Go	NGW	0	0		1	0.0	1	0.3316	0.6693954172554898	-0.43521532286129055
4dymnxa4iq2lis85044q2d18	1	1	84	21	1	No-Go	NGW	0	0		1	0.0	1	0.2647	0.7338556284225118	-0.33207918359720157
4dymnxa4iq2lis85044q2d18	1	1	87	22	1	No-Go	NGW	0	0		1	0.0	1	0.2135	0.7875586345284142	-0.25389284217203256
4dymnxa4iq2lis85044q2d18	1	1	90	23	1	No-Go	NGW	0	0		1	0.0	1	0.1698	0.831194135041431	-0.19491535091041667
4dymnxa4iq2lis85044q2d18	1	1	94	24	1	No-Go	NGW	0	0		1	0.0	1	0.1328	0.8660451030663766	-0.15049239166201378
4dymnxa4iq2lis85044q2d18	1	1	99	25	1	No-Go	NGW	0	0		1	1.0	0	0.1057	0.893575482754075	-0.116987518222174
4dymnxa4iq2lis85044q2d18	1	1	103	26	1	No-Go	NGW	0	0		1	1.0	0	0.1559	0.8472197342138433	-0.17411973165167974
4dymnxa4iq2lis85044q2d18	1	1	106	27	1	No-Go	NGW	0	0		1	0.0	1	0.2148	0.7880270665905675	-0.253618046405139
4dymnxa4iq2lis85044q2d18	1	1	112	28	1	No-Go	NGW	0	0		1	0.0	1	0.1726	0.832026870655535	-0.19387067438011266
4dymnxa4iq2lis85044q2d18	1	1	114	29	1	No-Go	NGW	0	0		1	0.0	1	0.1382	0.8670424596185545	-0.149207914095249
4dymnxa4iq2lis85044q2d18	1	1	118	30	1	No-Go	NGW	0	0		1	0.0	1	0.1047	0.8945939280930759	-0.11571847031746467
4dymnxa4iq2lis85044q2d18	1	1	3	1	1	Go	GW	1	1	0.827	1	1.0	0	0.5906	0.5863373108600923	-0.5605124543714514
4dymnxa4iq2lis85044q2d18	1	1	5	2	1	Go	GW	1	0		0	0.0	0	0.5001	0.49846172382890164	-0.7314752498143107
4dymnxa4iq2lis85044q2d18	1	1	12	3	1	Go	GW	1	1	0.928	1	0.0	1	0.5868	0.5863373108600923	-0.5605124543714514
4dymnxa4iq2lis85044q2d18	1	1	14	4	1	Go	GW	1	1	0.583	1	0.0	1	0.8717	0.8659355844640034	-0.1480198436122912
4dymnxa4iq2lis85044q2d18	1	1	17	5	1	Go	GW	1	1	0.686	1	0.0	1	0.9539	0.9526558135005656	-0.049759550313193096
4dymnxa4iq2lis85044q2d18	1	1	24	6	1	Go	GW	1	1	0.665	1	0.0	1	0.9815	0.9800718627757505	-0.0205401711460628
4dymnxa4iq2lis85044q2d18	1	1	28	7	1	Go	GW	1	1	0.703	1	1.0	0	0.9892	0.9902833004336835	-0.00991479184602332
4dymnxa4iq2lis85044q2d18	1	1	30	8	1	Go	GW	1	1	0.673	1	0.0	1	0.9849	0.9846920217635649	-0.015730214833722993
4dymnxa4iq2lis85044q2d18	1	1	36	9	1	Go	GW	1	1	0.493	1	0.0	1	0.9918	0.992163579506987	-0.007986855040975429
4dymnxa4iq2lis85044q2d18	1	1	37	10	1	Go	GW	1	1	0.992	1	0.0	1	0.9948	0.995520431817666	-0.0045418053955458195
4dymnxa4iq2lis85044q2d18	1	1	42	11	1	Go	GW	1	1	0.499	1	0.0	1	0.9978	0.9971977222368948	-0.0028311987489819646
4dymnxa4iq2lis85044q2d18	1	1	46	12	1	Go	GW	1	1	0.455	1	0.0	1	0.9981	0.9981074693881569	-0.0019073814145214205
4dymnxa4iq2lis85044q2d18	1	1	49	13	1	Go	GW	1	1	0.753	1	0.0	1	0.9989	0.9986342076323592	-0.0013741671909160852
4dymnxa4iq2lis85044q2d18	1	1	56	14	1	Go	GW	1	1	0.497	1	0.0	1	0.9992	0.9989558143337699	-0.001049367805588852
4dymnxa4iq2lis85044q2d18	1	1	57	15	1	Go	GW	1	1	0.466	1	1.0	0	0.999	0.9991609822410285	-0.0008425343177427953
4dymnxa4iq2lis85044q2d18	1	1	61	16	1	Go	GW	1	1	0.432	1	0.0	1	0.999	0.9984166584413928	-0.001595221711137596
4dymnxa4iq2lis85044q2d18	1	1	67	17	1	Go	GW	1	1	0.442	1	0.0	1	0.9981	0.9988546601051368	-0.0011516212954362488
4dymnxa4iq2lis85044q2d18	1	1	70	18	1	Go	GW	1	1	0.577	1	1.0	0	0.9992	0.9991075614815594	-0.0008964476636260113
4dymnxa4iq2lis85044q2d18	1	1	75	19	1	Go	GW	1	1	0.499	1	0.0	1	0.9972	0.9982813000537746	-0.0017338062207903097
4dymnxa4iq2lis85044q2d18	1	1	80	20	1	Go	GW	1	1	0.594	1	0.0	1	0.9988	0.9988018814393829	-0.0012051849762887712
4dymnxa4iq2lis85044q2d18	1	1	82	21	1	Go	GW	1	1	0.491	1	0.0	1	0.9993	0.9990839528547194	-0.0009203352669044108
4dymnxa4iq2lis85044q2d18	1	1	85	22	1	Go	GW	1	1	0.549	1	1.0	0	0.9995	0.9992548553754194	-0.0007481426947836083
4dymnxa4iq2lis85044q2d18	1	1	92	23	1	Go	GW	1	1	0.488	1	0.0	1	0.9988	0.9985286099081235	-0.0014836060315060536
4dymnxa4iq2lis85044q2d18	1	1	96	24	1	Go	GW	1	1	0.51	1	0.0	1	0.9989	0.9989531116918885	-0.0010527226480041905
4dymnxa4iq2lis85044q2d18	1	1	100	25	1	Go	GW	1	1	0.458	1	0.0	1	0.9991	0.9991830245939893	-0.0008206191735353529
4dymnxa4iq2lis85044q2d18	1	1	101	26	1	Go	GW	1	1	0.61	1	1.0	0	0.9996	0.9993225669285399	-0.0006800671732141101
4dymnxa4iq2lis85044q2d18	1	1	108	27	1	Go	GW	1	1	0.429	1	0.0	1	0.9989	0.9986410417066723	-0.0013702254032700284
4dymnxa4iq2lis85044q2d18	1	1	110	28	1	Go	GW	1	1	0.425	1	0.0	1	0.9991	0.9990266758367461	-0.0009786730924982517
4dymnxa4iq2lis85044q2d18	1	1	113	29	1	Go	GW	1	1	0.468	1	0.0	1	0.9992	0.9992334050557109	-0.0007699639907296414
4dymnxa4iq2lis85044q2d18	1	1	117	30	1	Go	GW	1	1	0.389	1	0.0	1	0.9995	0.9993582023854167	-0.0006442684846754455
4dymnxa4iq2lis85044q2d18	1	1	2	1	0	Go	GAL	1	1	0.556	1	1.0	0	0.6471	0.6442601868779623	-0.4453807592079719
4dymnxa4iq2lis85044q2d18	1	1	6	2	0	Go	GAL	1	0		0	0.0	0	0.5538	0.43962286565018305	-0.8357505234142413
4dymnxa4iq2lis85044q2d18	1	1	10	3	0	Go	GAL	1	0		0	0.0	0	0.5699	0.4259932662039002	-0.8676130807835245
4dymnxa4iq2lis85044q2d18	1	1	16	4	0	Go	GAL	1	1	0.818	1	0.0	1	0.5901	0.587336909361828	-0.5397700329521741
4dymnxa4iq2lis85044q2d18	1	1	18	5	0	Go	GAL	1	0		0	0.0	0	0.6745	0.3277394904643238	-1.1387146324668211
4dymnxa4iq2lis85044q2d18	1	1	23	6	0	Go	GAL	1	1	0.646	1	0.0	1	0.6839	0.6838789967022825	-0.3854373677643326
4dymnxa4iq2lis85044q2d18	1	1	27	7	0	Go	GAL	1	1	1.386	1	0.0	1	0.757	0.7537443010115933	-0.28678281573147707
4dymnxa4iq2lis85044q2d18	1	1	29	8	0	Go	GAL	1	1	1.378	1	0.0	1	0.8036	0.8097873655291479	-0.21403536436940673
4dymnxa4iq2lis85044q2d18	1	1	34	9	0	Go	GAL	1	1	0.763	1	1.0	0	0.8519	0.8535484161907354	-0.16059132162467435
4dymnxa4iq2lis85044q2d18	1	1	38	10	0	Go	GAL	1	1	0.893	1	0.0	1	0.8053	0.7988868393885378	-0.2275454623359557
4dymnxa4iq2lis85044q2d18	1	1	41	11	0	Go	GAL	1	0		0	0.0	0	0.8427	0.15472246499637257	-1.9371763130558999
4dymnxa4iq2lis85044q2d18	1	1	48	12	0	Go	GAL	1	1	0.751	1	0.0	1	0.8554	0.8517248321000452	-0.16273370651852578
4dymnxa4iq2lis85044q2d18	1	1	50	13	0	Go	GAL	1	1	0.769	1	0.0	1	0.8905	0.8860627144786954	-0.12257672703776684
4dymnxa4iq2lis85044q2d18	1	1	53	14	0	Go	GAL	1	1	0.71	1	1.0	0	0.913	0.9121552145213909	-0.09308481542713763
4dymnxa4iq2lis85044q2d18	1	1	59	15	0	Go	GAL	1	0		0	0.0	0	0.8691	0.1255456931028752	-2.161759404671264
4dymnxa4iq2lis85044q2d18	1	1	64	16	0	Go	GAL	1	1	0.335	1	0.0	1	0.8798	0.8797016369204707	-0.1298507628319872
4dymnxa4iq2lis85044q2d18	1	1	66	17	0	Go	GAL	1	1	0.957	1	1.0	0	0.9097	0.9076135842560216	-0.09812269685233035
4dymnxa4iq2lis85044q2d18	1	1	71	18	0	Go	GAL	1	1	0.971	1	0.0	1	0.8679	0.868486757282343	-0.14280518996027974
4dymnxa4iq2lis85044q2d18	1	1	76	19	0	Go	GAL	1	1	0.785	1	0.0	1	0.8973	0.8992638924142413	-0.10744694444321774
4dymnxa4iq2lis85044q2d18	1	1	77	20	0	Go	GAL	1	1	0.558	1	0.0	1	0.9219	0.9224649098162495	-0.08159833374511075
4dymnxa4iq2lis85044q2d18	1	1	83	21	0	Go	GAL	1	1	0.87	1	0.0	1	0.9391	0.9399412849505652	-0.06256449589798335
4dymnxa4iq2lis85044q2d18	1	1	86	22	0	Go	GAL	1	1	0.711	1	0.0	1	0.9566	0.9531378456958011	-0.04843548569566922
4dymnxa4iq2lis85044q2d18	1	1	89	23	0	Go	GAL	1	1	0.517	1	1.0	0	0.9628	0.9631474231693763	-0.037857923956542645
4dymnxa4iq2lis85044q2d18	1	1	93	24	0	Go	GAL	1	1	0.629	1	0.0	1	0.9447	0.9444853900428151	-0.05764139681778347
4dymnxa4iq2lis85044q2d18	1	1	97	25	0	Go	GAL	1	1	0.458	1	0.0	1	0.9559	0.9566598178000346	-0.04467665815360517
4dymnxa4iq2lis85044q2d18	1	1	102	26	0	Go	GAL	1	1	0.598	1	0.0	1	0.9663	0.9658791364895707	-0.03497717428361609
4dymnxa4iq2lis85044q2d18	1	1	105	27	0	Go	GAL	1	1	0.491	1	1.0	0	0.9713	0.9729072449636916	-0.027651636271672924
4dymnxa4iq2lis85044q2d18	1	1	111	28	0	Go	GAL	1	1	0.521	1	0.0	1	0.9572	0.9584045891458544	-0.04283104281067162
4dymnxa4iq2lis85044q2d18	1	1	115	29	0	Go	GAL	1	1	0.627	1	0.0	1	0.9656	0.9672702192200321	-0.03351878723556622
4dymnxa4iq2lis85044q2d18	1	1	119	30	0	Go	GAL	1	1	0.498	1	0.0	1	0.9754	0.9740124399823621	-0.026502042887413882
4h35z4tknl9w66kawo0m99q7	1	1	2	1	1	Go	GW	1	1	0.252	1	0.0	1	0.7742	0.777640747040848	-0.25515821634445535
4h35z4tknl9w66kawo0m99q7	1	1	6	2	1	Go	GW	1	1	0.32	1	0.0	1	0.8573	0.8481789672575183	-0.1665125096751288
4h35z4tknl9w66kawo0m99q7	1	1	10	3	1	Go	GW	1	1	0.66	1	1.0	0	0.8641	0.8634724562876414	-0.14838861931016056
4h35z4tknl9w66kawo0m99q7	1	1	15	4	1	Go	GW	1	1	0.443	1	0.0	1	0.7639	0.7619017777701418	-0.2755692706481176
4h35z4tknl9w66kawo0m99q7	1	1	20	5	1	Go	GW	1	1	0.528	1	0.0	1	0.8452	0.8447744346082471	-0.17040216437914485
4h35z4tknl9w66kawo0m99q7	1	1	22	6	1	Go	GW	1	1	0.579	1	0.0	1	0.8605	0.8618562009293859	-0.1502111333834528
4h35z4tknl9w66kawo0m99q7	1	1	28	7	1	Go	GW	1	1	0.358	1	1.0	0	0.8684	0.8678468389527523	-0.14326285098537242
4h35z4tknl9w66kawo0m99q7	1	1	32	8	1	Go	GW	1	1	0.41	1	0.0	1	0.7663	0.7654718059696896	-0.2710544805399739
4h35z4tknl9w66kawo0m99q7	1	1	33	9	1	Go	GW	1	1	0.949	1	0.0	1	0.8494	0.8459818587797545	-0.16894604533818852
4h35z4tknl9w66kawo0m99q7	1	1	39	10	1	Go	GW	1	1	0.545	1	0.0	1	0.8581	0.8623603825119719	-0.1496213423156018
4h35z4tknl9w66kawo0m99q7	1	1	41	11	1	Go	GW	1	1	0.39	1	0.0	1	0.8669	0.8680726556633456	-0.14300444873231305
4h35z4tknl9w66kawo0m99q7	1	1	48	12	1	Go	GW	1	1	0.468	1	1.0	0	0.875	0.8706662235185535	-0.14004098958561537
4h35z4tknl9w66kawo0m99q7	1	1	51	13	1	Go	GW	1	1	0.282	1	0.0	1	0.7701	0.7677239170227629	-0.2682634635286248
4h35z4tknl9w66kawo0m99q7	1	1	53	14	1	Go	GW	1	1	0.356	1	0.0	1	0.8492	0.8470167650885675	-0.16769436706653953
4h35z4tknl9w66kawo0m99q7	1	1	60	15	1	Go	GW	1	1	0.609	1	0.0	1	0.8622	0.862928856377891	-0.14895325797368394
4h35z4tknl9w66kawo0m99q7	1	1	63	16	1	Go	GW	1	1	0.282	1	0.0	1	0.8667	0.8684162494834462	-0.1426091538585608
4h35z4tknl9w66kawo0m99q7	1	1	67	17	1	Go	GW	1	1	0.663	1	0.0	1	0.8722	0.8708869197712411	-0.1397912045447057
4h35z4tknl9w66kawo0m99q7	1	1	69	18	1	Go	GW	1	1	0.343	1	0.0	1	0.8745	0.8721999231862243	-0.13831035890940369
4h35z4tknl9w66kawo0m99q7	1	1	75	19	1	Go	GW	1	1	0.377	1	1.0	0	0.8709	0.8729800436509011	-0.13743884153438873
4h35z4tknl9w66kawo0m99q7	1	1	79	20	1	Go	GW	1	1	0.412	1	0.0	1	0.7719	0.7696304869270892	-0.26595892452601566
4h35z4tknl9w66kawo0m99q7	1	1	81	21	1	Go	GW	1	1	0.254	1	1.0	0	0.8503	0.8480595746927931	-0.16643528035318958
4h35z4tknl9w66kawo0m99q7	1	1	88	22	1	Go	GW	1	1	0.803	1	0.0	1	0.7513	0.7517838376687922	-0.2891219071145366
4h35z4tknl9w66kawo0m99q7	1	1	89	23	1	Go	GW	1	1	0.282	1	0.0	1	0.8397	0.841891777526887	-0.1739233169365594
4h35z4tknl9w66kawo0m99q7	1	1	94	24	1	Go	GW	1	1	0.484	1	0.0	1	0.8607	0.8605825902301231	-0.15172366928885483
4h35z4tknl9w66kawo0m99q7	1	1	97	25	1	Go	GW	1	0		0	0.0	0	0.8652	0.13285997750422396	-2.0848735480074776
4h35z4tknl9w66kawo0m99q7	1	1	101	26	1	Go	GW	1	0		0	0.0	0	0.9001	0.09730477162072969	-2.442922095924793
4h35z4tknl9w66kawo0m99q7	1	1	108	27	1	Go	GW	1	0		0	0.0	0	0.9163	0.08454359204751963	-2.6029412675993857
4h35z4tknl9w66kawo0m99q7	1	1	112	28	1	Go	GW	1	0		0	1.0	1	0.9206	0.07893970450180327	-2.6784644818197485
4h35z4tknl9w66kawo0m99q7	1	1	116	29	1	Go	GW	1	1	0.485	1	0.0	1	0.8537	0.8562437756072779	-0.1570011915323056
4h35z4tknl9w66kawo0m99q7	1	1	119	30	1	Go	GW	1	1	0.512	1	0.0	1	0.8594	0.8593553944562784	-0.15341723691327366
4h35z4tknl9w66kawo0m99q7	1	1	1	1	0	No-Go	NGAL	0	0		1	1.0	0	0.6471	0.3548912943673687	-1.0528959700327656
4h35z4tknl9w66kawo0m99q7	1	1	7	2	0	No-Go	NGAL	0	1	0.268	0	0.0	0	0.7092	0.7047134483908518	-0.3540628636494174
4h35z4tknl9w66kawo0m99q7	1	1	11	3	0	No-Go	NGAL	0	1	0.432	0	0.0	0	0.6236	0.6228230589586907	-0.4780587503821225
4h35z4tknl9w66kawo0m99q7	1	1	14	4	0	No-Go	NGAL	0	1	0.606	0	0.0	0	0.5785	0.5838819756223147	-0.5435924199362792
4h35z4tknl9w66kawo0m99q7	1	1	19	5	0	No-Go	NGAL	0	0		1	0.0	1	0.5691	0.4350851034819546	-0.842952577421634
4h35z4tknl9w66kawo0m99q7	1	1	21	6	0	No-Go	NGAL	0	0		1	1.0	0	0.4311	0.5656122568486451	-0.584419590170651
4h35z4tknl9w66kawo0m99q7	1	1	25	7	0	No-Go	NGAL	0	0		1	0.0	1	0.5206	0.47404361843477566	-0.7597094389407768
4h35z4tknl9w66kawo0m99q7	1	1	30	8	0	No-Go	NGAL	0	0		1	0.0	1	0.4226	0.5831386811627907	-0.5522695275172443
4h35z4tknl9w66kawo0m99q7	1	1	34	9	0	No-Go	NGAL	0	0		1	0.0	1	0.3695	0.6271839091372196	-0.4806398234106523
4h35z4tknl9w66kawo0m99q7	1	1	37	10	0	No-Go	NGAL	0	0		1	0.0	1	0.3496	0.6468491229229805	-0.4497251083851299
4h35z4tknl9w66kawo0m99q7	1	1	42	11	0	No-Go	NGAL	0	0		1	0.0	1	0.3385	0.6564822432304256	-0.4346841556080144
4h35z4tknl9w66kawo0m99q7	1	1	46	12	0	No-Go	NGAL	0	0		1	0.0	1	0.3408	0.6615706985674747	-0.42671754827618696
4h35z4tknl9w66kawo0m99q7	1	1	49	13	0	No-Go	NGAL	0	0		1	0.0	1	0.3371	0.6644369004024693	-0.422199299272551
4h35z4tknl9w66kawo0m99q7	1	1	56	14	0	No-Go	NGAL	0	0		1	0.0	1	0.3414	0.6661455223450296	-0.419482917289664
4h35z4tknl9w66kawo0m99q7	1	1	57	15	0	No-Go	NGAL	0	0		1	1.0	0	0.333	0.667217307928807	-0.4177644138877663
4h35z4tknl9w66kawo0m99q7	1	1	61	16	0	No-Go	NGAL	0	1	0.518	0	0.0	0	0.4676	0.45953621550238377	-0.8034394749552786
4h35z4tknl9w66kawo0m99q7	1	1	65	17	0	No-Go	NGAL	0	0		1	1.0	0	0.4457	0.5500419834387265	-0.6168363372198981
4h35z4tknl9w66kawo0m99q7	1	1	71	18	0	No-Go	NGAL	0	1	0.463	0	0.0	0	0.5179	0.5127581447549433	-0.6972390742432267
4h35z4tknl9w66kawo0m99q7	1	1	76	19	0	No-Go	NGAL	0	0		1	0.0	1	0.5087	0.4924808789843912	-0.7377260447218373
4h35z4tknl9w66kawo0m99q7	1	1	77	20	0	No-Go	NGAL	0	0		1	0.0	1	0.396	0.6045876480179269	-0.513504082273712
4h35z4tknl9w66kawo0m99q7	1	1	82	21	0	No-Go	NGAL	0	1	0.582	0	1.0	1	0.3546	0.35267201422277794	-1.080114254699991
4h35z4tknl9w66kawo0m99q7	1	1	86	22	0	No-Go	NGAL	0	0		1	0.0	1	0.5304	0.47148975943076477	-0.7681553433759933
4h35z4tknl9w66kawo0m99q7	1	1	91	23	0	No-Go	NGAL	0	0		1	0.0	1	0.5035	0.49210440343679357	-0.7264491553406783
4h35z4tknl9w66kawo0m99q7	1	1	93	24	0	No-Go	NGAL	0	1	0.65	0	0.0	0	0.4939	0.4981718277005199	-0.7172737825410964
4h35z4tknl9w66kawo0m99q7	1	1	98	25	0	No-Go	NGAL	0	1	1.12	0	0.0	0	0.3833	0.3948809906215237	-0.959850489113974
4h35z4tknl9w66kawo0m99q7	1	1	104	26	0	No-Go	NGAL	0	0		1	0.0	1	0.3487	0.6451437310891958	-0.4506195212250229
4h35z4tknl9w66kawo0m99q7	1	1	107	27	0	No-Go	NGAL	0	0		1	0.0	1	0.3546	0.6494404026597369	-0.4441951787215418
4h35z4tknl9w66kawo0m99q7	1	1	111	28	0	No-Go	NGAL	0	0		1	1.0	0	0.3464	0.6517029382173599	-0.44084024926197
4h35z4tknl9w66kawo0m99q7	1	1	113	29	0	No-Go	NGAL	0	0		1	0.0	1	0.4867	0.5232822951145552	-0.6681240423492643
4h35z4tknl9w66kawo0m99q7	1	1	120	30	0	No-Go	NGAL	0	0		1	0.0	1	0.3987	0.6009272225473875	-0.5195421935301309
4h35z4tknl9w66kawo0m99q7	1	1	3	1	1	No-Go	NGW	0	1	0.331	0	0.0	0	0.7785	0.777640747040848	-0.25515821634445535
4h35z4tknl9w66kawo0m99q7	1	1	5	2	1	No-Go	NGW	0	1	0.308	0	1.0	1	0.712	0.7078283227025489	-0.3508447320796934
4h35z4tknl9w66kawo0m99q7	1	1	9	3	1	No-Go	NGW	0	1	0.396	0	0.0	0	0.838	0.8326890203403369	-0.18525850938399457
4h35z4tknl9w66kawo0m99q7	1	1	16	4	1	No-Go	NGW	0	1	0.496	0	0.0	0	0.7367	0.7405388334830665	-0.3038681098469862
4h35z4tknl9w66kawo0m99q7	1	1	17	5	1	No-Go	NGW	0	0		1	0.0	1	0.6891	0.3088703375342262	-1.2013620576980921
4h35z4tknl9w66kawo0m99q7	1	1	23	6	1	No-Go	NGW	0	0		1	0.0	1	0.6005	0.39342662522246735	-0.9638827194884447
4h35z4tknl9w66kawo0m99q7	1	1	27	7	1	No-Go	NGW	0	0		1	0.0	1	0.5675	0.4325442695569404	-0.8678750677540611
4h35z4tknl9w66kawo0m99q7	1	1	29	8	1	No-Go	NGW	0	0		1	0.0	1	0.5513	0.4513922082967807	-0.8233221960159559
4h35z4tknl9w66kawo0m99q7	1	1	35	9	1	No-Go	NGW	0	0		1	1.0	0	0.532	0.46106259393289656	-0.8007381173419027
4h35z4tknl9w66kawo0m99q7	1	1	40	10	1	No-Go	NGW	0	0		1	0.0	1	0.7031	0.2944040108969844	-1.2525311808991464
4h35z4tknl9w66kawo0m99q7	1	1	44	11	1	No-Go	NGW	0	0		1	1.0	0	0.6089	0.39026213125017734	-0.9664032056401325
4h35z4tknl9w66kawo0m99q7	1	1	47	12	1	No-Go	NGW	0	0		1	0.0	1	0.7247	0.2670528501862647	-1.3499188010703027
4h35z4tknl9w66kawo0m99q7	1	1	50	13	1	No-Go	NGW	0	0		1	0.0	1	0.6319	0.37465903166642706	-1.009401451754556
4h35z4tknl9w66kawo0m99q7	1	1	54	14	1	No-Go	NGW	0	0		1	0.0	1	0.5791	0.4248021362681213	-0.8844010618162098
4h35z4tknl9w66kawo0m99q7	1	1	58	15	1	No-Go	NGW	0	0		1	0.0	1	0.5504	0.4482346768255009	-0.8295149933637689
4h35z4tknl9w66kawo0m99q7	1	1	64	16	1	No-Go	NGW	0	0		1	0.0	1	0.5448	0.45984276211947844	-0.8028811401049247
4h35z4tknl9w66kawo0m99q7	1	1	66	17	1	No-Go	NGW	0	0		1	0.0	1	0.533	0.46595293881576316	-0.7889611864074686
4h35z4tknl9w66kawo0m99q7	1	1	70	18	1	No-Go	NGW	0	1	1.191	0	1.0	1	0.5321	0.5306419601285098	-0.6530021071222663
4h35z4tknl9w66kawo0m99q7	1	1	74	19	1	No-Go	NGW	0	1	0.506	0	0.0	0	0.7104	0.7083503818396664	-0.3526675022322718
4h35z4tknl9w66kawo0m99q7	1	1	78	20	1	No-Go	NGW	0	1	0.426	0	0.0	0	0.5833	0.5861938124995755	-0.5470438972209347
4h35z4tknl9w66kawo0m99q7	1	1	84	21	1	No-Go	NGW	0	1	0.326	0	0.0	0	0.5279	0.5288242001813396	-0.6569027290861871
4h35z4tknl9w66kawo0m99q7	1	1	85	22	1	No-Go	NGW	0	0		1	1.0	0	0.4962	0.49831562540345686	-0.7211772507552775
4h35z4tknl9w66kawo0m99q7	1	1	90	23	1	No-Go	NGW	0	1	0.696	0	0.0	0	0.6724	0.6756556679254864	-0.4001783569805447
4h35z4tknl9w66kawo0m99q7	1	1	95	24	1	No-Go	NGW	0	1	0.31	0	0.0	0	0.6618	0.6629984358975722	-0.42134026482443027
4h35z4tknl9w66kawo0m99q7	1	1	100	25	1	No-Go	NGW	0	1	0.482	0	0.0	0	0.6541	0.6559688043727735	-0.43393933186597666
4h35z4tknl9w66kawo0m99q7	1	1	102	26	1	No-Go	NGW	0	1	0.473	0	0.0	0	0.6492	0.6518531797027013	-0.4418382950017152
4h35z4tknl9w66kawo0m99q7	1	1	105	27	1	No-Go	NGW	0	0		1	0.0	1	0.6604	0.35068063224958007	-1.095328320154124
4h35z4tknl9w66kawo0m99q7	1	1	110	28	1	No-Go	NGW	0	0		1	0.0	1	0.5549	0.44944030988696193	-0.825510962587745
4h35z4tknl9w66kawo0m99q7	1	1	115	29	1	No-Go	NGW	0	0		1	1.0	0	0.5024	0.49224897559321396	-0.7335655186731758
4h35z4tknl9w66kawo0m99q7	1	1	118	30	1	No-Go	NGW	0	1	1.139	0	0.0	0	0.655	0.665005184940486	-0.4201360743147335
4h35z4tknl9w66kawo0m99q7	1	1	4	1	0	Go	GAL	1	1	0.355	1	0.0	1	0.6441	0.6451087056326315	-0.44342341889788506
4h35z4tknl9w66kawo0m99q7	1	1	8	2	0	Go	GAL	1	1	0.259	1	0.0	1	0.7304	0.7242653623278698	-0.32662262690914956
4h35z4tknl9w66kawo0m99q7	1	1	12	3	0	Go	GAL	1	1	0.599	1	1.0	0	0.7561	0.755173937895349	-0.28442309338448984
4h35z4tknl9w66kawo0m99q7	1	1	13	4	0	Go	GAL	1	1	0.61	1	0.0	1	0.6138	0.6142189356829205	-0.4958858879043149
4h35z4tknl9w66kawo0m99q7	1	1	18	5	0	Go	GAL	1	1	0.556	1	0.0	1	0.7129	0.7152999079421699	-0.3388880294454359
4h35z4tknl9w66kawo0m99q7	1	1	24	6	0	Go	GAL	1	1	0.618	1	0.0	1	0.7586	0.7522824575207234	-0.28815203454730964
4h35z4tknl9w66kawo0m99q7	1	1	26	7	0	Go	GAL	1	1	0.54	1	0.0	1	0.7651	0.7681150703503553	-0.2671278400516264
4h35z4tknl9w66kawo0m99q7	1	1	31	8	0	Go	GAL	1	1	0.54	1	0.0	1	0.7765	0.7756691052881735	-0.2572412846639939
4h35z4tknl9w66kawo0m99q7	1	1	36	9	0	Go	GAL	1	1	0.526	1	1.0	0	0.7755	0.7795788176023146	-0.2521689704608061
4h35z4tknl9w66kawo0m99q7	1	1	38	10	0	Go	GAL	1	1	0.538	1	0.0	1	0.6348	0.630997592094229	-0.4702464713734002
4h35z4tknl9w66kawo0m99q7	1	1	43	11	0	Go	GAL	1	1	0.574	1	0.0	1	0.7206	0.7237424311320929	-0.3269908703640456
4h35z4tknl9w66kawo0m99q7	1	1	45	12	0	Go	GAL	1	1	0.436	1	0.0	1	0.7674	0.7570006961938146	-0.28171937439524736
4h35z4tknl9w66kawo0m99q7	1	1	52	13	0	Go	GAL	1	1	0.561	1	0.0	1	0.7622	0.7709793947286732	-0.26329813297589627
4h35z4tknl9w66kawo0m99q7	1	1	55	14	0	Go	GAL	1	0		0	0.0	0	0.783	0.22247978158746173	-1.5421606965973358
4h35z4tknl9w66kawo0m99q7	1	1	59	15	0	Go	GAL	1	1	0.462	1	1.0	0	0.8211	0.81954295314218	-0.20220160943450305
4h35z4tknl9w66kawo0m99q7	1	1	62	16	0	Go	GAL	1	1	0.378	1	0.0	1	0.6913	0.6914796910207714	-0.3735931663797853
4h35z4tknl9w66kawo0m99q7	1	1	68	17	0	Go	GAL	1	1	0.467	1	1.0	0	0.7795	0.7735321270361263	-0.2603279371900527
4h35z4tknl9w66kawo0m99q7	1	1	72	18	0	Go	GAL	1	1	0.746	1	0.0	1	0.6623	0.6618031657905183	-0.4172849689285221
4h35z4tknl9w66kawo0m99q7	1	1	73	19	0	Go	GAL	1	1	0.764	1	0.0	1	0.7612	0.7612481620291989	-0.27674198594588906
4h35z4tknl9w66kawo0m99q7	1	1	80	20	0	Go	GAL	1	1	0.662	1	0.0	1	0.7972	0.7960490618996857	-0.23184963587693141
4h35z4tknl9w66kawo0m99q7	1	1	83	21	0	Go	GAL	1	1	0.512	1	0.0	1	0.8077	0.8107617231568989	-0.2132539246945409
4h35z4tknl9w66kawo0m99q7	1	1	87	22	0	Go	GAL	1	1	0.573	1	0.0	1	0.8137	0.817746370658767	-0.2044822810706677
4h35z4tknl9w66kawo0m99q7	1	1	92	23	0	Go	GAL	1	1	0.713	1	0.0	1	0.8274	0.8213466739314538	-0.19996924586109066
4h35z4tknl9w66kawo0m99q7	1	1	96	24	0	Go	GAL	1	1	0.647	1	1.0	0	0.8202	0.8233288318691466	-0.19748475524339493
4h35z4tknl9w66kawo0m99q7	1	1	99	25	0	Go	GAL	1	1	0.651	1	0.0	1	0.6925	0.6944074322619279	-0.3695378562814775
4h35z4tknl9w66kawo0m99q7	1	1	103	26	0	Go	GAL	1	1	0.528	1	1.0	0	0.7707	0.7750100525998221	-0.25835819295889895
4h35z4tknl9w66kawo0m99q7	1	1	106	27	0	Go	GAL	1	1	0.611	1	0.0	1	0.6608	0.662909398900943	-0.41570773059908794
4h35z4tknl9w66kawo0m99q7	1	1	109	28	0	Go	GAL	1	0		0	0.0	0	0.7609	0.23811575347662364	-1.4776785028140658
4h35z4tknl9w66kawo0m99q7	1	1	114	29	0	Go	GAL	1	1	0.42	1	0.0	1	0.7836	0.7834536161713586	-0.2480579631051177
4h35z4tknl9w66kawo0m99q7	1	1	117	30	0	Go	GAL	1	1	0.498	1	0.0	1	0.8168	0.8153410249464578	-0.2079399034809919
4h35z4tknl9w66kawo0m99q7	1	2	125	2	0	No-Go	NGAL	0	0		1	0.0	1	0.7141	0.27573463767213036	-1.3166089052632608
4h35z4tknl9w66kawo0m99q7	1	2	131	3	0	No-Go	NGAL	0	1	0.902	0	0.0	0	0.6512	0.6451087056326315	-0.44342341889788506
4h35z4tknl9w66kawo0m99q7	1	2	142	6	0	No-Go	NGAL	0	1	0.56	0	1.0	1	0.4185	0.4162873965093777	-0.9144210747566252
4h35z4tknl9w66kawo0m99q7	1	2	148	7	0	No-Go	NGAL	0	0		1	0.0	1	0.5828	0.41595366604802403	-0.8923217458387428
4h35z4tknl9w66kawo0m99q7	1	2	151	8	0	No-Go	NGAL	0	0		1	0.0	1	0.5368	0.4559002752631877	-0.8005978587939585
4h35z4tknl9w66kawo0m99q7	1	2	153	9	0	No-Go	NGAL	0	1	0.762	0	0.0	0	0.5178	0.5248950721802713	-0.6583704488626847
4h35z4tknl9w66kawo0m99q7	1	2	160	10	0	No-Go	NGAL	0	1	0.922	0	0.0	0	0.411	0.4152809894276158	-0.911274247505673
4h35z4tknl9w66kawo0m99q7	1	2	161	11	0	No-Go	NGAL	0	0		1	0.0	1	0.3618	0.6282628474653568	-0.48042056463345506
4h35z4tknl9w66kawo0m99q7	1	2	166	12	0	No-Go	NGAL	0	0		1	0.0	1	0.3692	0.6372902502631272	-0.46529072671970567
4h35z4tknl9w66kawo0m99q7	1	2	171	13	0	No-Go	NGAL	0	0		1	0.0	1	0.3624	0.642185710205875	-0.4570708296907534
4h35z4tknl9w66kawo0m99q7	1	2	174	14	0	No-Go	NGAL	0	1	1.083	0	0.0	0	0.3521	0.3549935653745385	-1.084749515347853
4h35z4tknl9w66kawo0m99q7	1	2	180	15	0	No-Go	NGAL	0	0		1	1.0	0	0.3396	0.663796041383753	-0.42318394162638884
4h35z4tknl9w66kawo0m99q7	1	2	184	16	0	No-Go	NGAL	0	1	0.967	0	0.0	0	0.4633	0.4627809009721045	-0.7953015135160522
4h35z4tknl9w66kawo0m99q7	1	2	185	17	0	No-Go	NGAL	0	1	0.46	0	1.0	1	0.4543	0.45245362300977615	-0.8209683566190067
4h35z4tknl9w66kawo0m99q7	1	2	189	18	0	No-Go	NGAL	0	1	0.785	0	0.0	0	0.6243	0.6247113160151877	-0.4940086977228199
4h35z4tknl9w66kawo0m99q7	1	2	194	19	0	No-Go	NGAL	0	0		1	0.0	1	0.5256	0.4760789668668957	-0.7656849314960701
4h35z4tknl9w66kawo0m99q7	1	2	198	20	0	No-Go	NGAL	0	1	1.312	0	0.0	0	0.4473	0.4448089125073806	-0.8258445693224065
4h35z4tknl9w66kawo0m99q7	1	2	201	21	0	No-Go	NGAL	0	1	1.176	0	1.0	1	0.4036	0.4018007345354564	-0.9342523942105073
4h35z4tknl9w66kawo0m99q7	1	2	208	22	0	No-Go	NGAL	0	1	0.656	0	0.0	0	0.5674	0.5646207317271312	-0.5830072070316865
4h35z4tknl9w66kawo0m99q7	1	2	211	23	0	No-Go	NGAL	0	1	0.546	0	0.0	0	0.4632	0.45166440733264024	-0.8098096113672903
4h35z4tknl9w66kawo0m99q7	1	2	215	24	0	No-Go	NGAL	0	1	0.495	0	0.0	0	0.4095	0.40537929803316197	-0.9249300593478623
4h35z4tknl9w66kawo0m99q7	1	2	219	25	0	No-Go	NGAL	0	1	0.246	0	0.0	0	0.3808	0.3848742305683219	-0.9807044222405381
4h35z4tknl9w66kawo0m99q7	1	2	230	28	0	No-Go	NGAL	0	0		1	1.0	0	0.3673	0.6329078207212069	-0.4676323037952268
4h35z4tknl9w66kawo0m99q7	1	2	235	29	0	No-Go	NGAL	0	1	0.387	0	0.0	0	0.4747	0.469947638476297	-0.7858788896163049
4h35z4tknl9w66kawo0m99q7	1	2	239	30	0	No-Go	NGAL	0	1	0.727	0	0.0	0	0.4713	0.4682196974630623	-0.7907930712230022
4h35z4tknl9w66kawo0m99q7	1	2	124	1	0	Go	GAL	1	1	0.509	1	0.0	1	0.6467	0.6451087056326315	-0.44342341889788506
4h35z4tknl9w66kawo0m99q7	1	2	126	2	0	Go	GAL	1	0		0	0.0	0	0.7208	0.27573463767213036	-1.3166089052632608
4h35z4tknl9w66kawo0m99q7	1	2	129	3	0	Go	GAL	1	1	0.342	1	1.0	0	0.7686	0.773702725842133	-0.26109648150983317
4h35z4tknl9w66kawo0m99q7	1	2	138	5	0	Go	GAL	1	1	0.366	1	0.0	1	0.7559	0.7590568763541062	-0.28013313260619005
4h35z4tknl9w66kawo0m99q7	1	2	144	6	0	Go	GAL	1	1	0.365	1	0.0	1	0.7941	0.794237649477993	-0.23453115715448286
4h35z4tknl9w66kawo0m99q7	1	2	145	7	0	Go	GAL	1	1	0.384	1	0.0	1	0.8008	0.8093517473353307	-0.21527587291593472
4h35z4tknl9w66kawo0m99q7	1	2	150	8	0	Go	GAL	1	1	1.244	1	0.0	1	0.814	0.8166515526102325	-0.20601716168715145
4h35z4tknl9w66kawo0m99q7	1	2	154	9	0	Go	GAL	1	1	1.266	1	1.0	0	0.8188	0.8204870699522806	-0.20115359883880377
4h35z4tknl9w66kawo0m99q7	1	2	157	10	0	Go	GAL	1	1	0.539	1	0.0	1	0.6918	0.6920021057940987	-0.372781022996517
4h35z4tknl9w66kawo0m99q7	1	2	162	11	0	Go	GAL	1	0		0	0.0	0	0.7661	0.22648351392757676	-1.529511353365777
4h35z4tknl9w66kawo0m99q7	1	2	165	12	0	Go	GAL	1	0		0	0.0	0	0.7976	0.20574303721057557	-1.6392966988949305
4h35z4tknl9w66kawo0m99q7	1	2	172	13	0	Go	GAL	1	0		0	0.0	0	0.7969	0.19462677308590176	-1.7007020098524435
4h35z4tknl9w66kawo0m99q7	1	2	173	14	0	Go	GAL	1	1	0.246	1	0.0	1	0.8147	0.8122120795539748	-0.21148979131254764
4h35z4tknl9w66kawo0m99q7	1	2	178	15	0	Go	GAL	1	1	0.336	1	1.0	0	0.8372	0.836312940614227	-0.1821335328796596
4h35z4tknl9w66kawo0m99q7	1	2	181	16	0	Go	GAL	1	1	0.271	1	0.0	1	0.7379	0.7293729147402871	-0.3195509778009798
4h35z4tknl9w66kawo0m99q7	1	2	186	17	0	Go	GAL	1	1	1.154	1	1.0	0	0.8113	0.8073788389323295	-0.2176283611013801
4h35z4tknl9w66kawo0m99q7	1	2	192	18	0	Go	GAL	1	0		0	0.0	0	0.7064	0.2896741626232207	-1.263595444580644
4h35z4tknl9w66kawo0m99q7	1	2	195	19	0	Go	GAL	1	1	0.385	1	0.0	1	0.7148	0.7165648658670212	-0.3371905314644363
4h35z4tknl9w66kawo0m99q7	1	2	202	21	0	Go	GAL	1	0		0	0.0	0	0.8303	0.1654565359945272	-1.889945393193799
4h35z4tknl9w66kawo0m99q7	1	2	207	22	0	Go	GAL	1	1	0.282	1	0.0	1	0.8349	0.8375911444148555	-0.18070550563760113
4h35z4tknl9w66kawo0m99q7	1	2	214	24	0	Go	GAL	1	1	0.366	1	1.0	0	0.8585	0.8558552116366068	-0.15865848955554798
4h35z4tknl9w66kawo0m99q7	1	2	218	25	0	Go	GAL	1	0		0	0.0	0	0.7478	0.25131693085040824	-1.4194031102649032
4h35z4tknl9w66kawo0m99q7	1	2	223	26	0	Go	GAL	1	0		0	1.0	1	0.7565	0.24825507359860202	-1.433120362469801
4h35z4tknl9w66kawo0m99q7	1	2	227	27	0	Go	GAL	1	0		0	0.0	0	0.6001	0.39822312765999823	-0.9629291073144867
4h35z4tknl9w66kawo0m99q7	1	2	232	28	0	Go	GAL	1	1	0.577	1	0.0	1	0.6755	0.6760761937706998	-0.3982028247209491
4h35z4tknl9w66kawo0m99q7	1	2	234	29	0	Go	GAL	1	0		0	0.0	0	0.7661	0.23818167811678195	-1.479065808363996
4h35z4tknl9w66kawo0m99q7	1	2	238	30	0	Go	GAL	1	1	0.458	1	0.0	1	0.783	0.7863634197509565	-0.24456976721335286
4h35z4tknl9w66kawo0m99q7	1	2	121	1	1	Go	GW	1	1	0.257	1	0.0	1	0.7833	0.777640747040848	-0.25515821634445535
4h35z4tknl9w66kawo0m99q7	1	2	128	2	1	Go	GW	1	1	0.385	1	0.0	1	0.8496	0.8481789672575183	-0.1665125096751288
4h35z4tknl9w66kawo0m99q7	1	2	132	3	1	Go	GW	1	1	0.269	1	1.0	0	0.8595	0.8634724562876414	-0.14838861931016056
4h35z4tknl9w66kawo0m99q7	1	2	135	4	1	Go	GW	1	1	0.687	1	0.0	1	0.7602	0.7619017777701418	-0.2755692706481176
4h35z4tknl9w66kawo0m99q7	1	2	141	6	1	Go	GW	1	1	0.474	1	0.0	1	0.8736	0.8618562009293859	-0.1502111333834528
4h35z4tknl9w66kawo0m99q7	1	2	147	7	1	Go	GW	1	1	0.243	1	1.0	0	0.8747	0.8678468389527523	-0.14326285098537242
4h35z4tknl9w66kawo0m99q7	1	2	149	8	1	Go	GW	1	1	0.633	1	0.0	1	0.7634	0.7654718059696896	-0.2710544805399739
4h35z4tknl9w66kawo0m99q7	1	2	156	9	1	Go	GW	1	1	0.95	1	0.0	1	0.8365	0.8459818587797545	-0.16894604533818852
4h35z4tknl9w66kawo0m99q7	1	2	159	10	1	Go	GW	1	0		0	0.0	0	0.8628	0.13763961748802808	-2.0445436205270116
4h35z4tknl9w66kawo0m99q7	1	2	163	11	1	Go	GW	1	1	1.264	1	0.0	1	0.898	0.8991398750710851	-0.10763604132599913
4h35z4tknl9w66kawo0m99q7	1	2	167	12	1	Go	GW	1	0		0	1.0	1	0.9053	0.09661506972199822	-2.451176485122735
4h35z4tknl9w66kawo0m99q7	1	2	170	13	1	Go	GW	1	0		0	0.0	0	0.8434	0.15701247691910913	-1.9052134035527988
4h35z4tknl9w66kawo0m99q7	1	2	175	14	1	Go	GW	1	1	0.254	1	0.0	1	0.8964	0.8961947888026845	-0.11094094267692593
4h35z4tknl9w66kawo0m99q7	1	2	179	15	1	Go	GW	1	1	0.311	1	0.0	1	0.8989	0.898260718459867	-0.10864332703768617
4h35z4tknl9w66kawo0m99q7	1	2	183	16	1	Go	GW	1	1	0.5	1	0.0	1	0.903	0.8993621417806473	-0.10742889206884972
4h35z4tknl9w66kawo0m99q7	1	2	187	17	1	Go	GW	1	1	0.576	1	0.0	1	0.9033	0.9000170420789766	-0.10671213759448558
4h35z4tknl9w66kawo0m99q7	1	2	191	18	1	Go	GW	1	1	0.353	1	0.0	1	0.9028	0.9004377133100867	-0.10625468610824326
4h35z4tknl9w66kawo0m99q7	1	2	193	19	1	Go	GW	1	1	0.362	1	1.0	0	0.8949	0.900723812931353	-0.10594531534694104
4h35z4tknl9w66kawo0m99q7	1	2	204	21	1	Go	GW	1	1	0.273	1	1.0	0	0.8807	0.8805741613635059	-0.12860064292581339
4h35z4tknl9w66kawo0m99q7	1	2	205	22	1	Go	GW	1	1	0.561	1	0.0	1	0.8035	0.8015567522665887	-0.22350690269315948
4h35z4tknl9w66kawo0m99q7	1	2	210	23	1	Go	GW	1	0		0	0.0	0	0.8746	0.12463415783434598	-2.1615117480626007
4h35z4tknl9w66kawo0m99q7	1	2	213	24	1	Go	GW	1	1	0.239	1	0.0	1	0.8983	0.8957898150311506	-0.11136422397832746
4h35z4tknl9w66kawo0m99q7	1	2	220	25	1	Go	GW	1	1	0.224	1	0.0	1	0.9118	0.9083665672424946	-0.09729972919638416
4h35z4tknl9w66kawo0m99q7	1	2	221	26	1	Go	GW	1	1	0.806	1	0.0	1	0.9181	0.9127174191607555	-0.09249329273675115
4h35z4tknl9w66kawo0m99q7	1	2	226	27	1	Go	GW	1	1	0.827	1	0.0	1	0.917	0.9146684332179935	-0.09035795092436115
4h35z4tknl9w66kawo0m99q7	1	2	229	28	1	Go	GW	1	1	0.363	1	1.0	0	0.9141	0.9156953939583707	-0.0892426817621964
4h35z4tknl9w66kawo0m99q7	1	2	236	29	1	Go	GW	1	1	0.227	1	0.0	1	0.8466	0.8444342055242027	-0.17111693288040183
4h35z4tknl9w66kawo0m99q7	1	2	240	30	1	Go	GW	1	1	0.298	1	0.0	1	0.8988	0.8994763910921442	-0.10718446753753205
4h35z4tknl9w66kawo0m99q7	1	2	123	1	1	No-Go	NGW	0	1	0.849	0	0.0	0	0.7728	0.777640747040848	-0.25515821634445535
4h35z4tknl9w66kawo0m99q7	1	2	127	2	1	No-Go	NGW	0	1	0.221	0	1.0	1	0.71	0.7078283227025489	-0.3508447320796934
4h35z4tknl9w66kawo0m99q7	1	2	130	3	1	No-Go	NGW	0	1	0.393	0	0.0	0	0.8316	0.8326890203403369	-0.18525850938399457
4h35z4tknl9w66kawo0m99q7	1	2	136	4	1	No-Go	NGW	0	1	0.375	0	0.0	0	0.735	0.7405388334830665	-0.3038681098469862
4h35z4tknl9w66kawo0m99q7	1	2	140	5	1	No-Go	NGW	0	1	0.337	0	0.0	0	0.6906	0.6911296624657739	-0.3746858445953436
4h35z4tknl9w66kawo0m99q7	1	2	152	8	1	No-Go	NGW	0	1	0.41	0	0.0	0	0.6415	0.646143527304911	-0.44444825423661133
4h35z4tknl9w66kawo0m99q7	1	2	155	9	1	No-Go	NGW	0	1	0.829	0	1.0	1	0.6455	0.6419996264532938	-0.45137789301957626
4h35z4tknl9w66kawo0m99q7	1	2	158	10	1	No-Go	NGW	0	1	0.845	0	0.0	0	0.8153	0.8161792196132348	-0.2065657928400245
4h35z4tknl9w66kawo0m99q7	1	2	164	11	1	No-Go	NGW	0	1	0.221	0	1.0	1	0.7324	0.7296253974222917	-0.3188683032977419
4h35z4tknl9w66kawo0m99q7	1	2	168	12	1	No-Go	NGW	0	0		1	0.0	1	0.8327	0.16671837003684667	-1.8532890287927548
4h35z4tknl9w66kawo0m99q7	1	2	169	13	1	No-Go	NGW	0	0		1	0.0	1	0.7772	0.2236455786919382	-1.5406560436131123
4h35z4tknl9w66kawo0m99q7	1	2	176	14	1	No-Go	NGW	0	1	0.464	0	0.0	0	0.7453	0.7469063882240754	-0.2970019130602983
4h35z4tknl9w66kawo0m99q7	1	2	177	15	1	No-Go	NGW	0	1	0.605	0	0.0	0	0.6317	0.6262794518130549	-0.47940627135149727
4h35z4tknl9w66kawo0m99q7	1	2	182	16	1	No-Go	NGW	0	1	0.312	0	0.0	0	0.5756	0.567922837487788	-0.5832253747830803
4h35z4tknl9w66kawo0m99q7	1	2	188	17	1	No-Go	NGW	0	1	0.472	0	0.0	0	0.5383	0.5399665868432768	-0.6364289725489597
4h35z4tknl9w66kawo0m99q7	1	2	190	18	1	No-Go	NGW	0	1	0.331	0	1.0	1	0.5324	0.5257578261214434	-0.66431050115481
4h35z4tknl9w66kawo0m99q7	1	2	196	19	1	No-Go	NGW	0	1	1.051	0	0.0	0	0.7304	0.727545913878068	-0.32486688909411865
4h35z4tknl9w66kawo0m99q7	1	2	203	21	1	No-Go	NGW	0	1	0.362	0	0.0	0	0.5625	0.5615156160429675	-0.5944542712344966
4h35z4tknl9w66kawo0m99q7	1	2	206	22	1	No-Go	NGW	0	0		1	1.0	0	0.5317	0.4637183474262821	-0.7956166415312625
4h35z4tknl9w66kawo0m99q7	1	2	212	23	1	No-Go	NGW	0	1	0.233	0	0.0	0	0.6853	0.6914757431355459	-0.3749020331842719
4h35z4tknl9w66kawo0m99q7	1	2	216	24	1	No-Go	NGW	0	1	0.419	0	0.0	0	0.6768	0.6800373441104103	-0.39295220433995365
4h35z4tknl9w66kawo0m99q7	1	2	217	25	1	No-Go	NGW	0	1	0.337	0	0.0	0	0.6775	0.6737180185896466	-0.40342203967761686
4h35z4tknl9w66kawo0m99q7	1	2	224	26	1	No-Go	NGW	0	1	0.267	0	0.0	0	0.6684	0.6700290223971133	-0.4098219684279202
4h35z4tknl9w66kawo0m99q7	1	2	228	27	1	No-Go	NGW	0	1	0.493	0	0.0	0	0.6674	0.6677586962965497	-0.4139443588258813
4h35z4tknl9w66kawo0m99q7	1	2	231	28	1	No-Go	NGW	0	1	0.274	0	0.0	0	0.6693	0.6662911738688981	-0.4167354647472715
4h35z4tknl9w66kawo0m99q7	1	2	233	29	1	No-Go	NGW	0	1	0.302	0	1.0	1	0.6679	0.6652991267157196	-0.4187146290332776
4h35z4tknl9w66kawo0m99q7	1	2	237	30	1	No-Go	NGW	0	1	0.321	0	0.0	0	0.8315	0.8311440509373702	-0.1895755920702515
4mgb8kl5yu9c3gnz77hricuo	1	1	1	1	1	No-Go	NGW	0	1	0.936	0	0.0	0	0.4674	0.47398634218703045	-0.7900777612724248
4mgb8kl5yu9c3gnz77hricuo	1	1	7	2	1	No-Go	NGW	0	1	0.702	0	1.0	1	0.4313	0.42191274549752145	-0.9046498572015195
4mgb8kl5yu9c3gnz77hricuo	1	1	12	3	1	No-Go	NGW	0	1	0.665	0	0.0	0	0.6764	0.674406425691014	-0.41436045038256875
4mgb8kl5yu9c3gnz77hricuo	1	1	16	4	1	No-Go	NGW	0	1	0.649	0	0.0	0	0.6091	0.6120808617803128	-0.5078531161995962
4mgb8kl5yu9c3gnz77hricuo	1	1	19	5	1	No-Go	NGW	0	1	0.6	0	0.0	0	0.5518	0.5535331707214897	-0.6105790619248478
4mgb8kl5yu9c3gnz77hricuo	1	1	23	6	1	No-Go	NGW	0	1	0.517	0	0.0	0	0.4968	0.5008746679527607	-0.7150245564294057
4mgb8kl5yu9c3gnz77hricuo	1	1	27	7	1	No-Go	NGW	0	0		1	1.0	0	0.4531	0.5463201482566342	-0.6228498941861185
4mgb8kl5yu9c3gnz77hricuo	1	1	29	8	1	No-Go	NGW	0	1	0.818	0	0.0	0	0.5067	0.5064445928407123	-0.6972470096346373
4mgb8kl5yu9c3gnz77hricuo	1	1	36	9	1	No-Go	NGW	0	0		1	0.0	1	0.455	0.5367583452470711	-0.6365885407965337
4mgb8kl5yu9c3gnz77hricuo	1	1	40	10	1	No-Go	NGW	0	0		1	0.0	1	0.4093	0.5950449708227549	-0.5355880187504481
4mgb8kl5yu9c3gnz77hricuo	1	1	41	11	1	No-Go	NGW	0	1	1.026	0	0.0	0	0.3705	0.3592233083050805	-1.1002564463660451
4mgb8kl5yu9c3gnz77hricuo	1	1	48	12	1	No-Go	NGW	0	0		1	1.0	0	0.3201	0.6763727803049787	-0.40453206634595607
4mgb8kl5yu9c3gnz77hricuo	1	1	51	13	1	No-Go	NGW	0	1	0.969	0	0.0	0	0.377	0.37654429567790587	-1.006910462534774
4mgb8kl5yu9c3gnz77hricuo	1	1	53	14	1	No-Go	NGW	0	0		1	0.0	1	0.3424	0.6574574201136092	-0.4284287599825883
4mgb8kl5yu9c3gnz77hricuo	1	1	59	15	1	No-Go	NGW	0	1	1.4	0	0.0	0	0.2883	0.2969538838290022	-1.2760590043589348
4mgb8kl5yu9c3gnz77hricuo	1	1	64	16	1	No-Go	NGW	0	1	0.58	0	0.0	0	0.2688	0.2688365359403981	-1.3767580843141618
4mgb8kl5yu9c3gnz77hricuo	1	1	68	17	1	No-Go	NGW	0	1	0.759	0	1.0	1	0.2493	0.2439703537439672	-1.4750721535067404
4mgb8kl5yu9c3gnz77hricuo	1	1	72	18	1	No-Go	NGW	0	1	0.543	0	0.0	0	0.526	0.5296832959508396	-0.7072142341752377
4mgb8kl5yu9c3gnz77hricuo	1	1	76	19	1	No-Go	NGW	0	1	0.773	0	0.0	0	0.4633	0.46695618058782695	-0.8292901089632034
4mgb8kl5yu9c3gnz77hricuo	1	1	79	20	1	No-Go	NGW	0	0		1	0.0	1	0.4176	0.5862592317412911	-0.5746322731557049
4mgb8kl5yu9c3gnz77hricuo	1	1	82	21	1	No-Go	NGW	0	0		1	0.0	1	0.3754	0.6288208455544624	-0.4988147480166666
4mgb8kl5yu9c3gnz77hricuo	1	1	86	22	1	No-Go	NGW	0	0		1	0.0	1	0.3285	0.6647851388134913	-0.4379039588232423
4mgb8kl5yu9c3gnz77hricuo	1	1	92	23	1	No-Go	NGW	0	0		1	0.0	1	0.3137	0.6958559600861641	-0.3875484390632088
4mgb8kl5yu9c3gnz77hricuo	1	1	95	24	1	No-Go	NGW	0	0		1	0.0	1	0.2846	0.7230179415825839	-0.3452787071195679
4mgb8kl5yu9c3gnz77hricuo	1	1	97	25	1	No-Go	NGW	0	0		1	1.0	0	0.2596	0.7469178259471714	-0.3094471468869414
4mgb8kl5yu9c3gnz77hricuo	1	1	101	26	1	No-Go	NGW	0	0		1	0.0	1	0.3146	0.6868005473527572	-0.3992747073660047
4mgb8kl5yu9c3gnz77hricuo	1	1	108	27	1	No-Go	NGW	0	0		1	0.0	1	0.2726	0.7216216294822703	-0.3450445578134893
4mgb8kl5yu9c3gnz77hricuo	1	1	110	28	1	No-Go	NGW	0	0		1	1.0	0	0.2556	0.7490878526231756	-0.3050057401796547
4mgb8kl5yu9c3gnz77hricuo	1	1	115	29	1	No-Go	NGW	0	0		1	0.0	1	0.3034	0.6896117027051845	-0.3981726558384551
4mgb8kl5yu9c3gnz77hricuo	1	1	117	30	1	No-Go	NGW	0	0		1	0.0	1	0.2706	0.7262419073005602	-0.3389658176866119
4mgb8kl5yu9c3gnz77hricuo	1	1	2	1	1	Go	GW	1	1	1.306	1	1.0	0	0.4756	0.47398634218703045	-0.7900777612724248
4mgb8kl5yu9c3gnz77hricuo	1	1	5	2	1	Go	GW	1	1	0.918	1	0.0	1	0.417	0.42191274549752145	-0.9046498572015195
4mgb8kl5yu9c3gnz77hricuo	1	1	9	3	1	Go	GW	1	1	0.582	1	0.0	1	0.6692	0.674406425691014	-0.41436045038256875
4mgb8kl5yu9c3gnz77hricuo	1	1	13	4	1	Go	GW	1	1	0.674	1	0.0	1	0.7923	0.7914451915042747	-0.2457207690802399
4mgb8kl5yu9c3gnz77hricuo	1	1	18	5	1	Go	GW	1	1	0.609	1	0.0	1	0.8493	0.8525258266374487	-0.16600604885828463
4mgb8kl5yu9c3gnz77hricuo	1	1	24	6	1	Go	GW	1	1	0.576	1	0.0	1	0.8835	0.887737881039035	-0.12293247078371553
4mgb8kl5yu9c3gnz77hricuo	1	1	25	7	1	Go	GW	1	1	0.769	1	0.0	1	0.9085	0.9093736476552445	-0.09771444302329717
4mgb8kl5yu9c3gnz77hricuo	1	1	31	8	1	Go	GW	1	1	0.891	1	0.0	1	0.9269	0.9232738713761459	-0.0820999601112289
4mgb8kl5yu9c3gnz77hricuo	1	1	34	9	1	Go	GW	1	1	0.812	1	0.0	1	0.9369	0.9325144094096369	-0.07201117384016462
4mgb8kl5yu9c3gnz77hricuo	1	1	39	10	1	Go	GW	1	1	0.875	1	1.0	0	0.9379	0.9388305630479358	-0.06526625144971934
4mgb8kl5yu9c3gnz77hricuo	1	1	43	11	1	Go	GW	1	0		0	0.0	0	0.9029	0.09690924364001746	-3.1757579389229647
4mgb8kl5yu9c3gnz77hricuo	1	1	46	12	1	Go	GW	1	1	1.085	1	1.0	0	0.9262	0.9239307599517143	-0.08379728507408839
4mgb8kl5yu9c3gnz77hricuo	1	1	49	13	1	Go	GW	1	1	0.658	1	0.0	1	0.889	0.8916330213152261	-0.1285087614390307
4mgb8kl5yu9c3gnz77hricuo	1	1	56	14	1	Go	GW	1	0		0	0.0	0	0.9358	0.06571503181046058	-3.435218042308044
4mgb8kl5yu9c3gnz77hricuo	1	1	57	15	1	Go	GW	1	1	0.84	1	0.0	1	0.9462	0.9455900398855241	-0.05746137824840505
4mgb8kl5yu9c3gnz77hricuo	1	1	62	16	1	Go	GW	1	1	0.591	1	1.0	0	0.9563	0.9564256085561579	-0.04556353360518886
4mgb8kl5yu9c3gnz77hricuo	1	1	67	17	1	Go	GW	1	1	0.478	1	0.0	1	0.9304	0.9324621150238148	-0.07345452229220284
4mgb8kl5yu9c3gnz77hricuo	1	1	70	18	1	Go	GW	1	1	0.886	1	0.0	1	0.9556	0.9532593040284344	-0.04915526295327923
4mgb8kl5yu9c3gnz77hricuo	1	1	74	19	1	Go	GW	1	1	0.627	1	0.0	1	0.961	0.9606722734438348	-0.04109066601215202
4mgb8kl5yu9c3gnz77hricuo	1	1	78	20	1	Go	GW	1	1	0.552	1	0.0	1	0.9674	0.964549297969434	-0.036965850972556835
4mgb8kl5yu9c3gnz77hricuo	1	1	81	21	1	Go	GW	1	1	0.568	1	0.0	1	0.965	0.9669029944963011	-0.03449744134803788
4mgb8kl5yu9c3gnz77hricuo	1	1	85	22	1	Go	GW	1	1	0.659	1	0.0	1	0.9677	0.9684546857916417	-0.03288757542743802
4mgb8kl5yu9c3gnz77hricuo	1	1	89	23	1	Go	GW	1	1	0.554	1	1.0	0	0.9703	0.9695331595561247	-0.031778180944892306
4mgb8kl5yu9c3gnz77hricuo	1	1	93	24	1	Go	GW	1	1	0.547	1	0.0	1	0.9478	0.948967726113001	-0.05564581798083441
4mgb8kl5yu9c3gnz77hricuo	1	1	99	25	1	Go	GW	1	1	0.523	1	0.0	1	0.9643	0.9631039625084769	-0.03885553707214165
4mgb8kl5yu9c3gnz77hricuo	1	1	104	26	1	Go	GW	1	1	0.546	1	0.0	1	0.9654	0.9672923918441136	-0.03425389340967062
4mgb8kl5yu9c3gnz77hricuo	1	1	106	27	1	Go	GW	1	1	0.704	1	0.0	1	0.9676	0.9692513448524356	-0.03215233580945765
4mgb8kl5yu9c3gnz77hricuo	1	1	112	28	1	Go	GW	1	1	0.63	1	0.0	1	0.9715	0.9703568125841039	-0.03098542313512523
4mgb8kl5yu9c3gnz77hricuo	1	1	113	29	1	Go	GW	1	1	0.702	1	0.0	1	0.9679	0.9710530134568766	-0.03025968943904825
4mgb8kl5yu9c3gnz77hricuo	1	1	119	30	1	Go	GW	1	1	0.444	1	1.0	0	0.9725	0.9715244135999017	-0.02977320321066961
4mgb8kl5yu9c3gnz77hricuo	1	1	3	1	0	No-Go	NGAL	0	0		1	1.0	0	0.6682	0.3424754495268953	-1.0915510122290293
4mgb8kl5yu9c3gnz77hricuo	1	1	6	2	0	No-Go	NGAL	0	1	1.052	0	0.0	0	0.6615	0.6653668216863614	-0.41299852806197934
4mgb8kl5yu9c3gnz77hricuo	1	1	10	3	0	No-Go	NGAL	0	1	0.594	0	0.0	0	0.6242	0.6166152103959297	-0.4888027592213242
4mgb8kl5yu9c3gnz77hricuo	1	1	15	4	0	No-Go	NGAL	0	0		1	0.0	1	0.565	0.4279949455380381	-0.8615227258972283
4mgb8kl5yu9c3gnz77hricuo	1	1	20	5	0	No-Go	NGAL	0	1	0.825	0	0.0	0	0.5129	0.5172431626574363	-0.6818527409426394
4mgb8kl5yu9c3gnz77hricuo	1	1	21	6	0	No-Go	NGAL	0	1	0.612	0	0.0	0	0.4806	0.4768283883075354	-0.7709354969129599
4mgb8kl5yu9c3gnz77hricuo	1	1	26	7	0	No-Go	NGAL	0	0		1	0.0	1	0.4321	0.5595826857659898	-0.5967511741408468
4mgb8kl5yu9c3gnz77hricuo	1	1	30	8	0	No-Go	NGAL	0	0		1	0.0	1	0.4005	0.6036083228837219	-0.522329031384757
4mgb8kl5yu9c3gnz77hricuo	1	1	33	9	0	No-Go	NGAL	0	0		1	1.0	0	0.3595	0.6411117298368212	-0.46116916338541036
4mgb8kl5yu9c3gnz77hricuo	1	1	38	10	0	No-Go	NGAL	0	0		1	0.0	1	0.3696	0.6314238694335894	-0.4740841314763589
4mgb8kl5yu9c3gnz77hricuo	1	1	44	11	0	No-Go	NGAL	0	0		1	0.0	1	0.3342	0.666976470972203	-0.41892317015089675
4mgb8kl5yu9c3gnz77hricuo	1	1	45	12	0	No-Go	NGAL	0	1	0.856	0	0.0	0	0.2994	0.3025936040273138	-1.285833424627631
4mgb8kl5yu9c3gnz77hricuo	1	1	50	13	0	No-Go	NGAL	0	1	0.756	0	1.0	1	0.2777	0.27520022005592526	-1.387848659374998
4mgb8kl5yu9c3gnz77hricuo	1	1	55	14	0	No-Go	NGAL	0	1	0.683	0	0.0	0	0.3307	0.33414076960173295	-1.1298176591690743
4mgb8kl5yu9c3gnz77hricuo	1	1	60	15	0	No-Go	NGAL	0	1	0.887	0	0.0	0	0.2896	0.2966477498957365	-1.2619207933696774
4mgb8kl5yu9c3gnz77hricuo	1	1	61	16	0	No-Go	NGAL	0	1	0.602	0	0.0	0	0.2676	0.26676292474594987	-1.3838232592661088
4mgb8kl5yu9c3gnz77hricuo	1	1	66	17	0	No-Go	NGAL	0	1	0.714	0	0.0	0	0.2421	0.24171356874102284	-1.4944713184583063
4mgb8kl5yu9c3gnz77hricuo	1	1	69	18	0	No-Go	NGAL	0	0		1	0.0	1	0.2289	0.7798350820328327	-0.25481943966871723
4mgb8kl5yu9c3gnz77hricuo	1	1	75	19	0	No-Go	NGAL	0	0		1	1.0	0	0.198	0.80119303586136	-0.22707620975772583
4mgb8kl5yu9c3gnz77hricuo	1	1	77	20	0	No-Go	NGAL	0	1	0.724	0	0.0	0	0.2074	0.2068281038761742	-1.6547294095460345
4mgb8kl5yu9c3gnz77hricuo	1	1	84	21	0	No-Go	NGAL	0	0		1	1.0	0	0.1885	0.8109690318683337	-0.2141414436939078
4mgb8kl5yu9c3gnz77hricuo	1	1	88	22	0	No-Go	NGAL	0	1	0.472	0	0.0	0	0.1933	0.19687121915026456	-1.7140052783272521
4mgb8kl5yu9c3gnz77hricuo	1	1	90	23	0	No-Go	NGAL	0	1	0.601	0	0.0	0	0.1797	0.18097853065838496	-1.8071518022688913
4mgb8kl5yu9c3gnz77hricuo	1	1	96	24	0	No-Go	NGAL	0	1	0.566	0	0.0	0	0.1615	0.16701629734823004	-1.8966753137996515
4mgb8kl5yu9c3gnz77hricuo	1	1	100	25	0	No-Go	NGAL	0	0		1	0.0	1	0.1523	0.8453103413673271	-0.1726821280627569
4mgb8kl5yu9c3gnz77hricuo	1	1	102	26	0	No-Go	NGAL	0	0		1	0.0	1	0.1396	0.8640034417237562	-0.14912883162415402
4mgb8kl5yu9c3gnz77hricuo	1	1	107	27	0	No-Go	NGAL	0	0		1	0.0	1	0.1263	0.8783066770171064	-0.13222303201331567
4mgb8kl5yu9c3gnz77hricuo	1	1	109	28	0	No-Go	NGAL	0	1	1.257	0	0.0	0	0.1105	0.11003270733410414	-2.345174888531512
4mgb8kl5yu9c3gnz77hricuo	1	1	114	29	0	No-Go	NGAL	0	0		1	1.0	0	0.1083	0.8982084165111113	-0.10930130940376581
4mgb8kl5yu9c3gnz77hricuo	1	1	118	30	0	No-Go	NGAL	0	1	1.135	0	0.0	0	0.1103	0.1078896141480399	-2.3894606765502657
4mgb8kl5yu9c3gnz77hricuo	1	1	4	1	0	Go	GAL	1	1	0.958	1	0.0	1	0.6519	0.6575245504731047	-0.42448117259712004
4mgb8kl5yu9c3gnz77hricuo	1	1	8	2	0	Go	GAL	1	0		0	0.0	0	0.6963	0.2974574414035684	-1.2550060884088787
4mgb8kl5yu9c3gnz77hricuo	1	1	11	3	0	Go	GAL	1	1	0.969	1	1.0	0	0.7129	0.7091404065812821	-0.3506539867069135
4mgb8kl5yu9c3gnz77hricuo	1	1	14	4	0	Go	GAL	1	1	0.603	1	0.0	1	0.6577	0.6591159267202614	-0.4216663010907714
4mgb8kl5yu9c3gnz77hricuo	1	1	17	5	0	Go	GAL	1	1	0.638	1	0.0	1	0.711	0.7055979856528775	-0.3550065344845785
4mgb8kl5yu9c3gnz77hricuo	1	1	22	6	0	Go	GAL	1	1	0.682	1	1.0	0	0.7425	0.7414454543032021	-0.30575817518322895
4mgb8kl5yu9c3gnz77hricuo	1	1	28	7	0	Go	GAL	1	1	0.564	1	0.0	1	0.6878	0.6922067798177041	-0.3722768744016857
4mgb8kl5yu9c3gnz77hricuo	1	1	32	8	0	Go	GAL	1	1	0.791	1	0.0	1	0.7254	0.7333973441613447	-0.31546263659914964
4mgb8kl5yu9c3gnz77hricuo	1	1	35	9	0	Go	GAL	1	1	0.625	1	0.0	1	0.7684	0.765283141433064	-0.27299913175077073
4mgb8kl5yu9c3gnz77hricuo	1	1	37	10	0	Go	GAL	1	1	0.678	1	0.0	1	0.7952	0.7914519028666317	-0.2389047397796156
4mgb8kl5yu9c3gnz77hricuo	1	1	42	11	0	Go	GAL	1	1	0.935	1	0.0	1	0.8127	0.8135318303593478	-0.21073415755110053
4mgb8kl5yu9c3gnz77hricuo	1	1	47	12	0	Go	GAL	1	1	0.756	1	0.0	1	0.8371	0.8324379247085825	-0.1870949888007555
4mgb8kl5yu9c3gnz77hricuo	1	1	52	13	0	Go	GAL	1	1	0.704	1	0.0	1	0.8492	0.8487709619181263	-0.16705782532052033
4mgb8kl5yu9c3gnz77hricuo	1	1	54	14	0	Go	GAL	1	1	0.507	1	1.0	0	0.8603	0.8629659710657884	-0.14994814811689958
4mgb8kl5yu9c3gnz77hricuo	1	1	58	15	0	Go	GAL	1	0		0	0.0	0	0.828	0.1761193776493099	-1.7904802046283859
4mgb8kl5yu9c3gnz77hricuo	1	1	63	16	0	Go	GAL	1	1	0.619	1	0.0	1	0.8235	0.8285745173767458	-0.19038319470901094
4mgb8kl5yu9c3gnz77hricuo	1	1	65	17	0	Go	GAL	1	0		0	0.0	0	0.85	0.1501496550514453	-1.9625517930934349
4mgb8kl5yu9c3gnz77hricuo	1	1	71	18	0	Go	GAL	1	0		0	0.0	0	0.8583	0.1468177461127527	-1.9940963706275945
4mgb8kl5yu9c3gnz77hricuo	1	1	73	19	0	Go	GAL	1	0		0	1.0	1	0.8566	0.14384285211529504	-2.0245663296275014
4mgb8kl5yu9c3gnz77hricuo	1	1	80	20	0	Go	GAL	1	1	0.958	1	0.0	1	0.8243	0.8258194937330822	-0.1937866484815324
4mgb8kl5yu9c3gnz77hricuo	1	1	83	21	0	Go	GAL	1	1	0.412	1	0.0	1	0.8419	0.8447297374504753	-0.1707289820426835
4mgb8kl5yu9c3gnz77hricuo	1	1	87	22	0	Go	GAL	1	1	0.67	1	0.0	1	0.8665	0.8599552737474343	-0.15263461346270413
4mgb8kl5yu9c3gnz77hricuo	1	1	91	23	0	Go	GAL	1	1	0.483	1	0.0	1	0.8784	0.8726762784150236	-0.13776044801005233
4mgb8kl5yu9c3gnz77hricuo	1	1	94	24	0	Go	GAL	1	1	0.571	1	1.0	0	0.8836	0.8835244973694284	-0.12524602889563596
4mgb8kl5yu9c3gnz77hricuo	1	1	98	25	0	Go	GAL	1	1	0.83	1	0.0	1	0.8451	0.8423452028424446	-0.17743499450315717
4mgb8kl5yu9c3gnz77hricuo	1	1	103	26	0	Go	GAL	1	0		0	0.0	0	0.8643	0.13709798728777797	-2.080164017128427
4mgb8kl5yu9c3gnz77hricuo	1	1	105	27	0	Go	GAL	1	0		0	0.0	0	0.867	0.13245397651040358	-2.112986498255066
4mgb8kl5yu9c3gnz77hricuo	1	1	111	28	0	Go	GAL	1	1	0.562	1	0.0	1	0.8703	0.8712742211856678	-0.13971970552091698
4mgb8kl5yu9c3gnz77hricuo	1	1	116	29	0	Go	GAL	1	1	0.742	1	1.0	0	0.8863	0.8848238071230495	-0.12392912274259806
4mgb8kl5yu9c3gnz77hricuo	1	1	120	30	0	Go	GAL	1	1	0.615	1	0.0	1	0.8553	0.8464777666668098	-0.17162102221281753
4mgb8kl5yu9c3gnz77hricuo	1	2	123	1	0	Go	GAL	1	1	0.618	1	0.0	1	0.6607	0.6575245504731047	-0.42448117259712004
4mgb8kl5yu9c3gnz77hricuo	1	2	125	2	0	Go	GAL	1	1	0.76	1	0.0	1	0.6972	0.7025425585964317	-0.3594122338387842
4mgb8kl5yu9c3gnz77hricuo	1	2	130	3	0	Go	GAL	1	1	0.509	1	1.0	0	0.729	0.7380104703670654	-0.31029675177817995
4mgb8kl5yu9c3gnz77hricuo	1	2	134	4	0	Go	GAL	1	1	0.641	1	0.0	1	0.6858	0.6869764636937369	-0.38008754953364216
4mgb8kl5yu9c3gnz77hricuo	1	2	140	5	0	Go	GAL	1	1	0.719	1	0.0	1	0.7216	0.7287206873721109	-0.3215563130950341
4mgb8kl5yu9c3gnz77hricuo	1	2	142	6	0	Go	GAL	1	1	0.828	1	1.0	0	0.7649	0.7610438148003709	-0.27826902248288643
4mgb8kl5yu9c3gnz77hricuo	1	2	147	7	0	Go	GAL	1	1	0.636	1	0.0	1	0.7136	0.7110423977596487	-0.3452458521986474
4mgb8kl5yu9c3gnz77hricuo	1	2	149	8	0	Go	GAL	1	1	0.559	1	0.0	1	0.7493	0.7499756417203062	-0.2918011260034112
4mgb8kl5yu9c3gnz77hricuo	1	2	155	9	0	Go	GAL	1	1	0.474	1	0.0	1	0.7741	0.7797846346215842	-0.25288706178345344
4mgb8kl5yu9c3gnz77hricuo	1	2	158	10	0	Go	GAL	1	1	0.816	1	0.0	1	0.8049	0.8040518515002705	-0.22192019956613743
4mgb8kl5yu9c3gnz77hricuo	1	2	162	11	0	Go	GAL	1	1	0.771	1	0.0	1	0.8212	0.8244292932242552	-0.19641936237282168
4mgb8kl5yu9c3gnz77hricuo	1	2	166	12	0	Go	GAL	1	1	0.713	1	0.0	1	0.8435	0.8418296447836477	-0.17504188690448025
4mgb8kl5yu9c3gnz77hricuo	1	2	170	13	0	Go	GAL	1	1	0.594	1	0.0	1	0.8544	0.8568395490721036	-0.15691874548450013
4mgb8kl5yu9c3gnz77hricuo	1	2	174	14	0	Go	GAL	1	1	0.61	1	1.0	0	0.8719	0.8698759170147987	-0.14143087784256722
4mgb8kl5yu9c3gnz77hricuo	1	2	180	15	0	Go	GAL	1	1	0.917	1	0.0	1	0.8314	0.8298837357715891	-0.1896948360665409
4mgb8kl5yu9c3gnz77hricuo	1	2	183	16	0	Go	GAL	1	1	0.624	1	0.0	1	0.8495	0.8516537954836645	-0.1624038268921396
4mgb8kl5yu9c3gnz77hricuo	1	2	188	17	0	Go	GAL	1	1	1.091	1	0.0	1	0.8681	0.8678107062271927	-0.1433262603535899
4mgb8kl5yu9c3gnz77hricuo	1	2	189	18	0	Go	GAL	1	1	0.705	1	0.0	1	0.8815	0.8807831779157046	-0.12830675280948298
4mgb8kl5yu9c3gnz77hricuo	1	2	196	19	0	Go	GAL	1	1	0.654	1	1.0	0	0.8924	0.8916086341136268	-0.11593371655661334
4mgb8kl5yu9c3gnz77hricuo	1	2	197	20	0	Go	GAL	1	1	0.674	1	0.0	1	0.8551	0.8540967078878724	-0.16159158685754976
4mgb8kl5yu9c3gnz77hricuo	1	2	202	21	0	Go	GAL	1	1	0.524	1	0.0	1	0.8739	0.873616081573902	-0.1368269311228789
4mgb8kl5yu9c3gnz77hricuo	1	2	208	22	0	Go	GAL	1	1	0.58	1	0.0	1	0.8897	0.8875309139299219	-0.12058093752903065
4mgb8kl5yu9c3gnz77hricuo	1	2	211	23	0	Go	GAL	1	1	0.64	1	0.0	1	0.8949	0.8984164023375304	-0.1082016473204484
4mgb8kl5yu9c3gnz77hricuo	1	2	215	24	0	Go	GAL	1	1	0.577	1	1.0	0	0.9081	0.9073516184781539	-0.0981858687748497
4mgb8kl5yu9c3gnz77hricuo	1	2	219	25	0	Go	GAL	1	1	0.588	1	0.0	1	0.8716	0.8719649166293444	-0.14153357973539593
4mgb8kl5yu9c3gnz77hricuo	1	2	222	26	0	Go	GAL	1	1	0.621	1	0.0	1	0.89	0.889544572575617	-0.118943318447492
4mgb8kl5yu9c3gnz77hricuo	1	2	227	27	0	Go	GAL	1	1	0.615	1	0.0	1	0.8995	0.9017204103411727	-0.1047547514380269
4mgb8kl5yu9c3gnz77hricuo	1	2	232	28	0	Go	GAL	1	1	0.614	1	0.0	1	0.9109	0.9110599529380139	-0.09421325156158039
4mgb8kl5yu9c3gnz77hricuo	1	2	233	29	0	Go	GAL	1	1	0.593	1	1.0	0	0.92	0.918626329650863	-0.08581343578383581
4mgb8kl5yu9c3gnz77hricuo	1	2	240	30	0	Go	GAL	1	1	0.666	1	0.0	1	0.8919	0.8848984332948164	-0.12743218720490695
4mgb8kl5yu9c3gnz77hricuo	1	2	121	1	1	No-Go	NGW	0	1	1.149	0	0.0	0	0.4748	0.47398634218703045	-0.7900777612724248
4mgb8kl5yu9c3gnz77hricuo	1	2	127	2	1	No-Go	NGW	0	0		1	1.0	0	0.4186	0.5780872545024786	-0.5690073849258164
4mgb8kl5yu9c3gnz77hricuo	1	2	131	3	1	No-Go	NGW	0	0		1	0.0	1	0.476	0.5260136578129695	-0.6781148466137583
4mgb8kl5yu9c3gnz77hricuo	1	2	133	4	1	No-Go	NGW	0	0		1	0.0	1	0.4129	0.5853227801669302	-0.5553757334110959
4mgb8kl5yu9c3gnz77hricuo	1	2	139	5	1	No-Go	NGW	0	0		1	0.0	1	0.3695	0.6332748622900716	-0.47346923084054593
4mgb8kl5yu9c3gnz77hricuo	1	2	143	6	1	No-Go	NGW	0	0		1	0.0	1	0.3341	0.6728163252825546	-0.41069322609279835
4mgb8kl5yu9c3gnz77hricuo	1	2	148	7	1	No-Go	NGW	0	0		1	1.0	0	0.2986	0.7062648558205086	-0.3600269932788061
4mgb8kl5yu9c3gnz77hricuo	1	2	151	8	1	No-Go	NGW	0	0		1	0.0	1	0.3561	0.6459888469042532	-0.4528038108061717
4mgb8kl5yu9c3gnz77hricuo	1	2	154	9	1	No-Go	NGW	0	0		1	0.0	1	0.3064	0.6887890164434499	-0.38413689969864506
4mgb8kl5yu9c3gnz77hricuo	1	2	157	10	1	No-Go	NGW	0	0		1	0.0	1	0.2776	0.7228030925035678	-0.3341948120665336
4mgb8kl5yu9c3gnz77hricuo	1	2	161	11	1	No-Go	NGW	0	0		1	0.0	1	0.2559	0.7509795524969609	-0.29449720122905043
4mgb8kl5yu9c3gnz77hricuo	1	2	168	12	1	No-Go	NGW	0	0		1	1.0	0	0.225	0.7749232995885594	-0.2618094516782787
4mgb8kl5yu9c3gnz77hricuo	1	2	172	13	1	No-Go	NGW	0	0		1	0.0	1	0.2892	0.7175331770713762	-0.3452118008440974
4mgb8kl5yu9c3gnz77hricuo	1	2	176	14	1	No-Go	NGW	0	0		1	0.0	1	0.2487	0.7522271144313272	-0.2923629406366096
4mgb8kl5yu9c3gnz77hricuo	1	2	177	15	1	No-Go	NGW	0	0		1	0.0	1	0.2226	0.7790916975856409	-0.25557652598659086
4mgb8kl5yu9c3gnz77hricuo	1	2	181	16	1	No-Go	NGW	0	1	0.868	0	0.0	0	0.2004	0.19902698706990432	-1.6980846223464612
4mgb8kl5yu9c3gnz77hricuo	1	2	185	17	1	No-Go	NGW	0	0		1	1.0	0	0.1725	0.8281490030288744	-0.1925986890039638
4mgb8kl5yu9c3gnz77hricuo	1	2	192	18	1	No-Go	NGW	0	0		1	0.0	1	0.2162	0.7791882986010059	-0.25850651402618896
4mgb8kl5yu9c3gnz77hricuo	1	2	195	19	1	No-Go	NGW	0	0		1	0.0	1	0.1979	0.808308678109111	-0.21767518613902184
4mgb8kl5yu9c3gnz77hricuo	1	2	198	20	1	No-Go	NGW	0	0		1	0.0	1	0.1701	0.829991392334769	-0.19005519080343822
4mgb8kl5yu9c3gnz77hricuo	1	2	203	21	1	No-Go	NGW	0	0		1	0.0	1	0.156	0.8472797038928306	-0.168797776452891
4mgb8kl5yu9c3gnz77hricuo	1	2	205	22	1	No-Go	NGW	0	0		1	0.0	1	0.1329	0.8616074800451026	-0.1515659235186864
4mgb8kl5yu9c3gnz77hricuo	1	2	209	23	1	No-Go	NGW	0	0		1	0.0	1	0.1275	0.8737491605550873	-0.13721862339177993
4mgb8kl5yu9c3gnz77hricuo	1	2	216	24	1	No-Go	NGW	0	0		1	0.0	1	0.1128	0.8841828459285003	-0.12507765222747338
4mgb8kl5yu9c3gnz77hricuo	1	2	217	25	1	No-Go	NGW	0	0		1	1.0	0	0.1048	0.8932338082173368	-0.11468989445108643
4mgb8kl5yu9c3gnz77hricuo	1	2	223	26	1	No-Go	NGW	0	0		1	0.0	1	0.1439	0.852175182749128	-0.16811320404279287
4mgb8kl5yu9c3gnz77hricuo	1	2	226	27	1	No-Go	NGW	0	0		1	0.0	1	0.1293	0.8713713779291764	-0.14153915716878765
4mgb8kl5yu9c3gnz77hricuo	1	2	229	28	1	No-Go	NGW	0	0		1	1.0	0	0.112	0.8849897215788174	-0.1248627654112793
4mgb8kl5yu9c3gnz77hricuo	1	2	235	29	1	No-Go	NGW	0	0		1	0.0	1	0.1575	0.8427495241406079	-0.18370879959828523
4mgb8kl5yu9c3gnz77hricuo	1	2	238	30	1	No-Go	NGW	0	0		1	0.0	1	0.1384	0.8653512915201456	-0.14993943018856198
4mgb8kl5yu9c3gnz77hricuo	1	2	124	1	0	No-Go	NGAL	0	1	0.698	0	1.0	1	0.6525	0.6575245504731047	-0.42448117259712004
4mgb8kl5yu9c3gnz77hricuo	1	2	126	2	0	No-Go	NGAL	0	0		1	0.0	1	0.7013	0.2974574414035684	-1.2550060884088787
4mgb8kl5yu9c3gnz77hricuo	1	2	129	3	0	No-Go	NGAL	0	0		1	0.0	1	0.6549	0.3424754495268953	-1.0915510122290293
4mgb8kl5yu9c3gnz77hricuo	1	2	135	4	0	No-Go	NGAL	0	0		1	0.0	1	0.6174	0.3849829486081477	-0.969135674060312
4mgb8kl5yu9c3gnz77hricuo	1	2	138	5	0	No-Go	NGAL	0	0		1	0.0	1	0.5777	0.4244717310401094	-0.869430587467522
4mgb8kl5yu9c3gnz77hricuo	1	2	144	6	0	No-Go	NGAL	0	0		1	0.0	1	0.5379	0.46113446942186903	-0.785370371796173
4mgb8kl5yu9c3gnz77hricuo	1	2	145	7	0	No-Go	NGAL	0	0		1	0.0	1	0.5103	0.4952124532666151	-0.7132749527647574
4mgb8kl5yu9c3gnz77hricuo	1	2	150	8	0	No-Go	NGAL	0	0		1	0.0	1	0.4726	0.5268900810966783	-0.6508348235883731
4mgb8kl5yu9c3gnz77hricuo	1	2	153	9	0	No-Go	NGAL	0	0		1	1.0	0	0.45	0.5563052569393566	-0.5964217942541599
4mgb8kl5yu9c3gnz77hricuo	1	2	159	10	0	No-Go	NGAL	0	0		1	0.0	1	0.4501	0.5421658800980385	-0.6301777656909681
4mgb8kl5yu9c3gnz77hricuo	1	2	164	11	0	No-Go	NGAL	0	1	0.844	0	0.0	0	0.4255	0.42691191933317896	-0.8717007156169956
4mgb8kl5yu9c3gnz77hricuo	1	2	165	12	0	No-Go	NGAL	0	0		1	0.0	1	0.3659	0.6312447821444985	-0.46786826168688006
4mgb8kl5yu9c3gnz77hricuo	1	2	171	13	0	No-Go	NGAL	0	0		1	1.0	0	0.3479	0.6574130951346324	-0.4265825840044737
4mgb8kl5yu9c3gnz77hricuo	1	2	175	14	0	No-Go	NGAL	0	0		1	0.0	1	0.3584	0.6444879325741327	-0.4478238118654753
4mgb8kl5yu9c3gnz77hricuo	1	2	178	15	0	No-Go	NGAL	0	0		1	0.0	1	0.3315	0.6715485388499978	-0.40487769236202387
4mgb8kl5yu9c3gnz77hricuo	1	2	182	16	0	No-Go	NGAL	0	1	0.719	0	0.0	0	0.3169	0.3051991317213971	-1.2187362161838322
4mgb8kl5yu9c3gnz77hricuo	1	2	186	17	0	No-Go	NGAL	0	1	0.9	0	0.0	0	0.257	0.26426832794445104	-1.3756829957987649
4mgb8kl5yu9c3gnz77hricuo	1	2	190	18	0	No-Go	NGAL	0	0		1	0.0	1	0.2312	0.7679515692377096	-0.2695520313404626
4mgb8kl5yu9c3gnz77hricuo	1	2	194	19	0	No-Go	NGAL	0	0		1	1.0	0	0.22	0.7850386528435013	-0.2468863544553432
4mgb8kl5yu9c3gnz77hricuo	1	2	200	20	0	No-Go	NGAL	0	0		1	0.0	1	0.2265	0.7754671880835898	-0.25921295497347485
4mgb8kl5yu9c3gnz77hricuo	1	2	204	21	0	No-Go	NGAL	0	0		1	1.0	0	0.2128	0.793532674757521	-0.23545465346423572
4mgb8kl5yu9c3gnz77hricuo	1	2	206	22	0	No-Go	NGAL	0	0		1	0.0	1	0.2142	0.7839291265861248	-0.24866724013000627
4mgb8kl5yu9c3gnz77hricuo	1	2	212	23	0	No-Go	NGAL	0	0		1	0.0	1	0.1995	0.8021539257891404	-0.22440675700815443
4mgb8kl5yu9c3gnz77hricuo	1	2	214	24	0	No-Go	NGAL	0	0		1	0.0	1	0.1831	0.8169712931054225	-0.20563470187508995
4mgb8kl5yu9c3gnz77hricuo	1	2	220	25	0	No-Go	NGAL	0	0		1	0.0	1	0.1764	0.829593963989554	-0.18999679566028435
4mgb8kl5yu9c3gnz77hricuo	1	2	224	26	0	No-Go	NGAL	0	0		1	0.0	1	0.162	0.8406077991702158	-0.1765832611294371
4mgb8kl5yu9c3gnz77hricuo	1	2	228	27	0	No-Go	NGAL	0	0		1	0.0	1	0.1489	0.8503445291764746	-0.1649045104390213
4mgb8kl5yu9c3gnz77hricuo	1	2	230	28	0	No-Go	NGAL	0	0		1	0.0	1	0.151	0.8590199373070725	-0.15464387087026898
4mgb8kl5yu9c3gnz77hricuo	1	2	236	29	0	No-Go	NGAL	0	0		1	1.0	0	0.1334	0.8667891455373811	-0.14557347515668528
4mgb8kl5yu9c3gnz77hricuo	1	2	239	30	0	No-Go	NGAL	0	0		1	0.0	1	0.1439	0.85852848591824	-0.15623870261737344
4mgb8kl5yu9c3gnz77hricuo	1	2	122	1	1	Go	GW	1	1	0.608	1	1.0	0	0.4793	0.47398634218703045	-0.7900777612724248
4mgb8kl5yu9c3gnz77hricuo	1	2	128	2	1	Go	GW	1	0		0	0.0	0	0.4253	0.5780872545024786	-0.5690073849258164
4mgb8kl5yu9c3gnz77hricuo	1	2	132	3	1	Go	GW	1	0		0	0.0	0	0.472	0.5260136578129695	-0.6781148466137583
4mgb8kl5yu9c3gnz77hricuo	1	2	136	4	1	Go	GW	1	0		0	0.0	0	0.5135	0.48149717456030977	-0.7842323999480282
4mgb8kl5yu9c3gnz77hricuo	1	2	137	5	1	Go	GW	1	0		0	0.0	0	0.5633	0.44246100428716045	-0.8836985945067586
4mgb8kl5yu9c3gnz77hricuo	1	2	141	6	1	Go	GW	1	1	0.63	1	0.0	1	0.5933	0.5923836890394522	-0.5579662008562396
4mgb8kl5yu9c3gnz77hricuo	1	2	146	7	1	Go	GW	1	1	0.765	1	0.0	1	0.7985	0.796865872346618	-0.24087699778978452
4mgb8kl5yu9c3gnz77hricuo	1	2	152	8	1	Go	GW	1	1	0.382	1	0.0	1	0.8768	0.8771543972165733	-0.1376729853912482
4mgb8kl5yu9c3gnz77hricuo	1	2	156	9	1	Go	GW	1	1	0.45	1	0.0	1	0.9141	0.9168410002988163	-0.0900208974104976
4mgb8kl5yu9c3gnz77hricuo	1	2	160	10	1	Go	GW	1	1	0.507	1	1.0	0	0.9402	0.9390359598777319	-0.06455166261740708
4mgb8kl5yu9c3gnz77hricuo	1	2	163	11	1	Go	GW	1	1	1.482	1	0.0	1	0.9159	0.9165818364993916	-0.08934686023684801
4mgb8kl5yu9c3gnz77hricuo	1	2	167	12	1	Go	GW	1	1	0.632	1	1.0	0	0.9436	0.9431637161428073	-0.0597197718489462
4mgb8kl5yu9c3gnz77hricuo	1	2	169	13	1	Go	GW	1	1	0.474	1	0.0	1	0.9248	0.9205860299303252	-0.08492523963556346
4mgb8kl5yu9c3gnz77hricuo	1	2	173	14	1	Go	GW	1	1	0.445	1	0.0	1	0.9474	0.9471221251504627	-0.055348020098925615
4mgb8kl5yu9c3gnz77hricuo	1	2	179	15	1	Go	GW	1	1	0.505	1	0.0	1	0.9568	0.9586710161296241	-0.0428964990074461
4mgb8kl5yu9c3gnz77hricuo	1	2	184	16	1	Go	GW	1	1	0.393	1	1.0	0	0.9633	0.9653438590639225	-0.03580080110800718
4mgb8kl5yu9c3gnz77hricuo	1	2	187	17	1	Go	GW	1	1	0.436	1	0.0	1	0.9448	0.9473189610743921	-0.05572310945686157
4mgb8kl5yu9c3gnz77hricuo	1	2	191	18	1	Go	GW	1	1	1.171	1	0.0	1	0.9665	0.9628103655726183	-0.0385490008187321
4mgb8kl5yu9c3gnz77hricuo	1	2	193	19	1	Go	GW	1	1	0.491	1	0.0	1	0.9701	0.9688597887307616	-0.03213998980575082
4mgb8kl5yu9c3gnz77hricuo	1	2	199	20	1	Go	GW	1	1	0.616	1	0.0	1	0.9733	0.9722677405037974	-0.028576340586686625
4mgb8kl5yu9c3gnz77hricuo	1	2	201	21	1	Go	GW	1	1	0.58	1	0.0	1	0.9741	0.9744410537268399	-0.026324790054491502
4mgb8kl5yu9c3gnz77hricuo	1	2	207	22	1	Go	GW	1	1	0.555	1	0.0	1	0.9739	0.9759198094749976	-0.024804171762827502
4mgb8kl5yu9c3gnz77hricuo	1	2	210	23	1	Go	GW	1	1	0.512	1	1.0	0	0.9768	0.9769680534670281	-0.023732826883600514
4mgb8kl5yu9c3gnz77hricuo	1	2	213	24	1	Go	GW	1	1	0.578	1	0.0	1	0.9628	0.9614829212400177	-0.04100218052793997
4mgb8kl5yu9c3gnz77hricuo	1	2	218	25	1	Go	GW	1	1	0.503	1	0.0	1	0.9742	0.9723292383433222	-0.028705767126144484
4mgb8kl5yu9c3gnz77hricuo	1	2	221	26	1	Go	GW	1	1	1.056	1	0.0	1	0.9751	0.9755770196457183	-0.025241626624200555
4mgb8kl5yu9c3gnz77hricuo	1	2	225	27	1	Go	GW	1	1	0.561	1	0.0	1	0.9758	0.9771461061547019	-0.023596771754480696
4mgb8kl5yu9c3gnz77hricuo	1	2	231	28	1	Go	GW	1	1	0.475	1	0.0	1	0.9766	0.9780597546500858	-0.02264989241447942
4mgb8kl5yu9c3gnz77hricuo	1	2	234	29	1	Go	GW	1	1	0.57	1	0.0	1	0.9784	0.9786505016406458	-0.02204293270132908
4mgb8kl5yu9c3gnz77hricuo	1	2	237	30	1	Go	GW	1	1	0.52	1	1.0	0	0.9759	0.9790588690713972	-0.021626199417669564
4v07twzd8u7flz37znyp5ahi	1	2	124	1	1	No-Go	NGW	0	1	0.412	0	0.0	0	0.8241	0.8239596415816123	-0.2021624288813049
4v07twzd8u7flz37znyp5ahi	1	2	125	2	1	No-Go	NGW	0	1	0.53	0	0.0	0	0.6258	0.6302049621340502	-0.4895462380457581
4v07twzd8u7flz37znyp5ahi	1	2	131	3	1	No-Go	NGW	0	1	0.759	0	0.0	0	0.4167	0.41974939477526824	-0.9402682301368646
4v07twzd8u7flz37znyp5ahi	1	2	134	4	1	No-Go	NGW	0	1	0.637	0	1.0	1	0.2643	0.260272934927976	-1.4781703738314915
4v07twzd8u7flz37znyp5ahi	1	2	137	5	1	No-Go	NGW	0	1	0.506	0	0.0	0	0.8971	0.8949906071249079	-0.12103400648650245
4v07twzd8u7flz37znyp5ahi	1	2	143	6	1	No-Go	NGW	0	1	0.632	0	0.0	0	0.7656	0.7577291419877009	-0.3125730073839878
4v07twzd8u7flz37znyp5ahi	1	2	148	7	1	No-Go	NGW	0	1	0.608	0	0.0	0	0.5669	0.5616458563476463	-0.6632892094308958
4v07twzd8u7flz37znyp5ahi	1	2	149	8	1	No-Go	NGW	0	0		1	0.0	1	0.364	0.6302861936679297	-0.5185305328637119
4v07twzd8u7flz37znyp5ahi	1	2	154	9	1	No-Go	NGW	0	0		1	0.0	1	0.1895	0.8161581281143128	-0.2223922460988629
4v07twzd8u7flz37znyp5ahi	1	2	157	10	1	No-Go	NGW	0	0		1	1.0	0	0.0884	0.907872192869218	-0.10282284194557872
4v07twzd8u7flz37znyp5ahi	1	2	161	11	1	No-Go	NGW	0	0		1	0.0	1	0.2566	0.7458750669047113	-0.3209945545892962
4v07twzd8u7flz37znyp5ahi	1	2	165	12	1	No-Go	NGW	0	1	0.535	0	0.0	0	0.1258	0.12285989424928999	-2.5066341968224686
4v07twzd8u7flz37znyp5ahi	1	2	170	13	1	No-Go	NGW	0	0		1	0.0	1	0.0658	0.9345963061908015	-0.07009306685451025
4v07twzd8u7flz37znyp5ahi	1	2	173	14	1	No-Go	NGW	0	0		1	0.0	1	0.0338	0.9677830196375576	-0.03353410193803799
4v07twzd8u7flz37znyp5ahi	1	2	180	15	1	No-Go	NGW	0	0		1	1.0	0	0.0157	0.982642335184837	-0.017787100312855256
4v07twzd8u7flz37znyp5ahi	1	2	184	16	1	No-Go	NGW	0	0		1	0.0	1	0.0655	0.9353645521533827	-0.06880276858712542
4v07twzd8u7flz37znyp5ahi	1	2	187	17	1	No-Go	NGW	0	0		1	0.0	1	0.0313	0.9692580634785259	-0.03180918349719685
4v07twzd8u7flz37znyp5ahi	1	2	192	18	1	No-Go	NGW	0	0		1	1.0	0	0.0148	0.9836483947506467	-0.016694552257598978
4v07twzd8u7flz37znyp5ahi	1	2	193	19	1	No-Go	NGW	0	0		1	0.0	1	0.0613	0.9360821653764915	-0.06809983341644299
4v07twzd8u7flz37znyp5ahi	1	2	198	20	1	No-Go	NGW	0	0		1	0.0	1	0.0287	0.9702920114299793	-0.030676063025677023
4v07twzd8u7flz37znyp5ahi	1	2	204	21	1	No-Go	NGW	0	0		1	0.0	1	0.0144	0.9843441453706778	-0.015958314963035562
4v07twzd8u7flz37znyp5ahi	1	2	206	22	1	No-Go	NGW	0	0		1	1.0	0	0.0094	0.9908949843392331	-0.009218655298950813
4v07twzd8u7flz37znyp5ahi	1	2	209	23	1	No-Go	NGW	0	0		1	0.0	1	0.0391	0.9597669613888593	-0.04207037525175671
4v07twzd8u7flz37znyp5ahi	1	2	213	24	1	No-Go	NGW	0	0		1	0.0	1	0.0195	0.9804354829303744	-0.020014363660558417
4v07twzd8u7flz37znyp5ahi	1	2	220	25	1	No-Go	NGW	0	0		1	0.0	1	0.009	0.9891874256593682	-0.010963855705261028
4v07twzd8u7flz37znyp5ahi	1	2	223	26	1	No-Go	NGW	0	0		1	0.0	1	0.006	0.9934184174736198	-0.006643156547750742
4v07twzd8u7flz37znyp5ahi	1	2	228	27	1	No-Go	NGW	0	0		1	1.0	0	0.0045	0.9956725665291658	-0.004356337708218535
4v07twzd8u7flz37znyp5ahi	1	2	231	28	1	No-Go	NGW	0	0		1	0.0	1	0.0231	0.9775924494348701	-0.023102532276410254
4v07twzd8u7flz37znyp5ahi	1	2	236	29	1	No-Go	NGW	0	0		1	0.0	1	0.0103	0.9883866464125014	-0.01179584521581913
4v07twzd8u7flz37znyp5ahi	1	2	239	30	1	No-Go	NGW	0	0		1	0.0	1	0.007	0.9931615125506255	-0.006906034564512212
4v07twzd8u7flz37znyp5ahi	1	2	122	1	0	Go	GAL	1	1	0.46	1	0.0	1	0.6761	0.6740922155215406	-0.4019340228801376
4v07twzd8u7flz37znyp5ahi	1	2	127	2	0	Go	GAL	1	1	0.503	1	0.0	1	0.865	0.8521691939144234	-0.16332846211203764
4v07twzd8u7flz37znyp5ahi	1	2	129	3	0	Go	GAL	1	1	0.589	1	0.0	1	0.9288	0.9303398136565689	-0.07348781126298998
4v07twzd8u7flz37znyp5ahi	1	2	136	4	0	Go	GAL	1	1	0.613	1	1.0	0	0.9646	0.9644575173672641	-0.036656306597043865
4v07twzd8u7flz37znyp5ahi	1	2	140	5	0	Go	GAL	1	1	0.554	1	0.0	1	0.8734	0.8736257448110355	-0.13683159454287838
4v07twzd8u7flz37znyp5ahi	1	2	142	6	0	Go	GAL	1	1	0.529	1	0.0	1	0.9405	0.9417202263412037	-0.060675884151829534
4v07twzd8u7flz37znyp5ahi	1	2	145	7	0	Go	GAL	1	1	0.519	1	1.0	0	0.97	0.9702088883346942	-0.030496953934036734
4v07twzd8u7flz37znyp5ahi	1	2	152	8	0	Go	GAL	1	1	0.529	1	0.0	1	0.888	0.8861880487647193	-0.12281883631279127
4v07twzd8u7flz37znyp5ahi	1	2	156	9	0	Go	GAL	1	1	0.508	1	0.0	1	0.948	0.9482501369799882	-0.053599723728989954
4v07twzd8u7flz37znyp5ahi	1	2	159	10	0	Go	GAL	1	1	0.544	1	0.0	1	0.9742	0.9735428960561999	-0.026992827992387107
4v07twzd8u7flz37znyp5ahi	1	2	163	11	0	Go	GAL	1	1	0.439	1	0.0	1	0.9852	0.9850457173321316	-0.015144562656785402
4v07twzd8u7flz37znyp5ahi	1	2	166	12	0	Go	GAL	1	1	0.512	1	1.0	0	0.9916	0.990808497837898	-0.009270227215163202
4v07twzd8u7flz37znyp5ahi	1	2	171	13	0	Go	GAL	1	1	0.512	1	0.0	1	0.9534	0.9549180202413874	-0.04682968348755648
4v07twzd8u7flz37znyp5ahi	1	2	176	14	0	Go	GAL	1	1	0.436	1	0.0	1	0.9785	0.9775283192734417	-0.022881673883926795
4v07twzd8u7flz37znyp5ahi	1	2	178	15	0	Go	GAL	1	1	0.419	1	0.0	1	0.9853	0.9873024122691709	-0.012837317763259892
4v07twzd8u7flz37znyp5ahi	1	2	181	16	0	Go	GAL	1	1	0.465	1	1.0	0	0.9912	0.9921074857804931	-0.007951303193441834
4v07twzd8u7flz37znyp5ahi	1	2	186	17	0	Go	GAL	1	1	0.373	1	0.0	1	0.9564	0.9582408969442393	-0.04359839125499657
4v07twzd8u7flz37znyp5ahi	1	2	191	18	0	Go	GAL	1	1	0.446	1	0.0	1	0.9788	0.9794902932991223	-0.020891359760543498
4v07twzd8u7flz37znyp5ahi	1	2	195	19	0	Go	GAL	1	1	0.394	1	0.0	1	0.9886	0.9884313296604643	-0.011693141285271578
4v07twzd8u7flz37znyp5ahi	1	2	199	20	0	Go	GAL	1	1	0.463	1	0.0	1	0.9931	0.9927721168647052	-0.0072798932904211645
4v07twzd8u7flz37znyp5ahi	1	2	202	21	0	Go	GAL	1	1	0.474	1	0.0	1	0.9948	0.9951110535348242	-0.0049146546185587945
4v07twzd8u7flz37znyp5ahi	1	2	208	22	0	Go	GAL	1	1	0.461	1	0.0	1	0.9963	0.9964734447209949	-0.0035410123137126453
4v07twzd8u7flz37znyp5ahi	1	2	211	23	0	Go	GAL	1	1	0.585	1	0.0	1	0.9977	0.9973165694051955	-0.002692465887783369
4v07twzd8u7flz37znyp5ahi	1	2	216	24	0	Go	GAL	1	1	0.459	1	1.0	0	0.9979	0.997864260254418	-0.002141910189973687
4v07twzd8u7flz37znyp5ahi	1	2	218	25	0	Go	GAL	1	1	0.461	1	0.0	1	0.9837	0.9847609976864907	-0.01564351766879102
4v07twzd8u7flz37znyp5ahi	1	2	221	26	0	Go	GAL	1	1	0.432	1	0.0	1	0.9918	0.9915286626779314	-0.008569807808432904
4v07twzd8u7flz37znyp5ahi	1	2	227	27	0	Go	GAL	1	1	0.44	1	1.0	0	0.9953	0.9946185592039667	-0.005419816660897069
4v07twzd8u7flz37znyp5ahi	1	2	230	28	0	Go	GAL	1	1	0.456	1	0.0	1	0.9668	0.9666139145849626	-0.035354493392003986
4v07twzd8u7flz37znyp5ahi	1	2	233	29	0	Go	GAL	1	1	0.473	1	0.0	1	0.9848	0.9840249015024185	-0.016305429142902516
4v07twzd8u7flz37znyp5ahi	1	2	237	30	0	Go	GAL	1	1	0.56	1	0.0	1	0.9911	0.9909751897041793	-0.009123716068849052
4v07twzd8u7flz37znyp5ahi	1	2	123	1	1	Go	GW	1	1	0.584	1	0.0	1	0.8262	0.8239596415816123	-0.2021624288813049
4v07twzd8u7flz37znyp5ahi	1	2	126	2	1	Go	GW	1	1	0.405	1	0.0	1	0.9799	0.979796558597636	-0.020739380068195534
4v07twzd8u7flz37znyp5ahi	1	2	130	3	1	Go	GW	1	1	0.332	1	1.0	0	0.9961	0.9947323110123792	-0.005324679463556241
4v07twzd8u7flz37znyp5ahi	1	2	135	4	1	Go	GW	1	1	0.447	1	0.0	1	0.9769	0.9772653008106256	-0.02338828355707331
4v07twzd8u7flz37znyp5ahi	1	2	138	5	1	Go	GW	1	1	0.287	1	0.0	1	0.9952	0.9943976995466597	-0.005667792693360602
4v07twzd8u7flz37znyp5ahi	1	2	144	6	1	Go	GW	1	1	0.525	1	1.0	0	0.9984	0.9977711688657815	-0.0022418953318757338
4v07twzd8u7flz37znyp5ahi	1	2	146	7	1	Go	GW	1	1	0.338	1	0.0	1	0.988	0.9880794321272086	-0.012171892087642402
4v07twzd8u7flz37znyp5ahi	1	2	151	8	1	Go	GW	1	1	0.432	1	0.0	1	0.9965	0.9965787870664257	-0.0034490683179271772
4v07twzd8u7flz37znyp5ahi	1	2	155	9	1	Go	GW	1	1	0.34	1	0.0	1	0.9981	0.9984380681124758	-0.001568630042121536
4v07twzd8u7flz37znyp5ahi	1	2	160	10	1	Go	GW	1	1	0.35	1	0.0	1	0.999	0.9990752172918659	-0.0009271643242639273
4v07twzd8u7flz37znyp5ahi	1	2	162	11	1	Go	GW	1	1	0.549	1	1.0	0	0.9993	0.9993459096599757	-0.0006552721774259306
4v07twzd8u7flz37znyp5ahi	1	2	167	12	1	Go	GW	1	1	0.27	1	0.0	1	0.9953	0.9950623861001006	-0.005001492403333504
4v07twzd8u7flz37znyp5ahi	1	2	169	13	1	Go	GW	1	1	0.377	1	0.0	1	0.998	0.9983455248396729	-0.0016608857879189091
4v07twzd8u7flz37znyp5ahi	1	2	174	14	1	Go	GW	1	1	0.32	1	0.0	1	0.9986	0.9990833639598844	-0.0009187423577027843
4v07twzd8u7flz37znyp5ahi	1	2	177	15	1	Go	GW	1	1	0.307	1	0.0	1	0.9992	0.9993607301909732	-0.0006403551117469001
4v07twzd8u7flz37znyp5ahi	1	2	183	16	1	Go	GW	1	1	0.251	1	1.0	0	0.9989	0.9994890392757092	-0.0005117039356280396
4v07twzd8u7flz37znyp5ahi	1	2	185	17	1	Go	GW	1	1	0.276	1	0.0	1	0.9961	0.9957234540803441	-0.004332536187038792
4v07twzd8u7flz37znyp5ahi	1	2	190	18	1	Go	GW	1	1	0.287	1	0.0	1	0.9983	0.9985812328571654	-0.0014236433400091036
4v07twzd8u7flz37znyp5ahi	1	2	194	19	1	Go	GW	1	1	0.279	1	0.0	1	0.9999	0.9991891761677525	-0.0008124918582593869
4v07twzd8u7flz37znyp5ahi	1	2	197	20	1	Go	GW	1	1	0.283	1	0.0	1	0.9993	0.9994149397828791	-0.000585993026179188
4v07twzd8u7flz37znyp5ahi	1	2	203	21	1	Go	GW	1	1	0.316	1	0.0	1	0.9998	0.9995194279552503	-0.0004812546964029207
4v07twzd8u7flz37znyp5ahi	1	2	207	22	1	Go	GW	1	1	0.251	1	0.0	1	0.9997	0.9995741545743043	-0.00042642394742386993
4v07twzd8u7flz37znyp5ahi	1	2	212	23	1	Go	GW	1	1	0.402	1	0.0	1	0.9994	0.9996052362814964	-0.00039529320236954816
4v07twzd8u7flz37znyp5ahi	1	2	214	24	1	Go	GW	1	1	0.362	1	1.0	0	0.9999	0.9996239465508363	-0.0003765578207287538
4v07twzd8u7flz37znyp5ahi	1	2	219	25	1	Go	GW	1	1	0.375	1	0.0	1	0.9972	0.9965334572423044	-0.00351219686350928
4v07twzd8u7flz37znyp5ahi	1	2	222	26	1	Go	GW	1	1	0.396	1	1.0	0	0.9988	0.9988388752619065	-0.0011647443587032911
4v07twzd8u7flz37znyp5ahi	1	2	225	27	1	Go	GW	1	1	0.378	1	0.0	1	0.9911	0.9913398201331909	-0.00888246859944977
4v07twzd8u7flz37znyp5ahi	1	2	232	28	1	Go	GW	1	1	0.32	1	0.0	1	0.9987	0.9978948807751098	-0.0021157607425463234
4v07twzd8u7flz37znyp5ahi	1	2	234	29	1	Go	GW	1	1	0.304	1	0.0	1	0.9993	0.998979199655122	-0.0010233637102756799
4v07twzd8u7flz37znyp5ahi	1	2	240	30	1	Go	GW	1	1	0.301	1	0.0	1	0.9991	0.9993292898377009	-0.0006718840406278511
4v07twzd8u7flz37znyp5ahi	1	2	121	1	0	No-Go	NGAL	0	1	0.636	0	0.0	0	0.6717	0.6740922155215406	-0.4019340228801376
4v07twzd8u7flz37znyp5ahi	1	2	128	2	0	No-Go	NGAL	0	1	0.474	0	0.0	0	0.412	0.42052730344885475	-0.899458168944454
4v07twzd8u7flz37znyp5ahi	1	2	132	3	0	No-Go	NGAL	0	0		1	0.0	1	0.235	0.76522543067868	-0.2768728372245599
4v07twzd8u7flz37znyp5ahi	1	2	133	4	0	No-Go	NGAL	0	0		1	1.0	0	0.1059	0.8959493940038197	-0.11369169831758293
4v07twzd8u7flz37znyp5ahi	1	2	139	5	0	No-Go	NGAL	0	1	0.863	0	0.0	0	0.1462	0.1444298759736912	-2.1436385891784706
4v07twzd8u7flz37znyp5ahi	1	2	141	6	0	No-Go	NGAL	0	0		1	0.0	1	0.0759	0.9231611481053383	-0.0820394457162675
4v07twzd8u7flz37znyp5ahi	1	2	147	7	0	No-Go	NGAL	0	0		1	0.0	1	0.0344	0.9660682909686238	-0.03519080578632761
4v07twzd8u7flz37znyp5ahi	1	2	150	8	0	No-Go	NGAL	0	0		1	1.0	0	0.0182	0.9832668836708188	-0.017101531021320195
4v07twzd8u7flz37znyp5ahi	1	2	153	9	0	No-Go	NGAL	0	0		1	0.0	1	0.0241	0.9742357014771708	-0.026567613850108356
4v07twzd8u7flz37znyp5ahi	1	2	158	10	0	No-Go	NGAL	0	0		1	0.0	1	0.0134	0.9871588201099661	-0.013066699336955031
4v07twzd8u7flz37znyp5ahi	1	2	164	11	0	No-Go	NGAL	0	0		1	0.0	1	0.0074	0.9929111645163852	-0.007165808778616184
4v07twzd8u7flz37znyp5ahi	1	2	168	12	0	No-Go	NGAL	0	0		1	0.0	1	0.0049	0.9957501206574819	-0.00428007680462225
4v07twzd8u7flz37znyp5ahi	1	2	172	13	0	No-Go	NGAL	0	0		1	1.0	0	0.0023	0.9972674237867508	-0.0027458900547831064
4v07twzd8u7flz37znyp5ahi	1	2	175	14	0	No-Go	NGAL	0	0		1	0.0	1	0.0042	0.9952566692572827	-0.004780471515894769
4v07twzd8u7flz37znyp5ahi	1	2	179	15	0	No-Go	NGAL	0	0		1	0.0	1	0.0025	0.9970956080597229	-0.002918452387695601
4v07twzd8u7flz37znyp5ahi	1	2	182	16	0	No-Go	NGAL	0	0		1	0.0	1	0.0017	0.9980665522552721	-0.00193993770820553
4v07twzd8u7flz37znyp5ahi	1	2	188	17	0	No-Go	NGAL	0	0		1	0.0	1	0.0013	0.9986263696472961	-0.0013770553242486011
4v07twzd8u7flz37znyp5ahi	1	2	189	18	0	No-Go	NGAL	0	0		1	1.0	0	0.0013	0.9989701209122775	-0.0010318957792609614
4v07twzd8u7flz37znyp5ahi	1	2	196	19	0	No-Go	NGAL	0	0		1	0.0	1	0.0017	0.9979828194703537	-0.0020258714394248744
4v07twzd8u7flz37znyp5ahi	1	2	200	20	0	No-Go	NGAL	0	0		1	0.0	1	0.0023	0.9986404208141888	-0.00136311003395829
4v07twzd8u7flz37znyp5ahi	1	2	201	21	0	No-Go	NGAL	0	0		1	0.0	1	0.0013	0.9990025968436855	-0.000999322508348237
4v07twzd8u7flz37znyp5ahi	1	2	205	22	0	No-Go	NGAL	0	0		1	0.0	1	0.0013	0.9992235671712489	-0.0007776486039273334
4v07twzd8u7flz37znyp5ahi	1	2	210	23	0	No-Go	NGAL	0	0		1	0.0	1	0.0003	0.9993674180487394	-0.000633437133470229
4v07twzd8u7flz37znyp5ahi	1	2	215	24	0	No-Go	NGAL	0	0		1	0.0	1	0.0003	0.9994655182361323	-0.0005351324148520829
4v07twzd8u7flz37znyp5ahi	1	2	217	25	0	No-Go	NGAL	0	0		1	1.0	0	0.0006	0.9995348430485452	-0.00046568286969143197
4v07twzd8u7flz37znyp5ahi	1	2	224	26	0	No-Go	NGAL	0	0		1	0.0	1	0.0011	0.9990085613075209	-0.0009943033906176723
4v07twzd8u7flz37znyp5ahi	1	2	226	27	0	No-Go	NGAL	0	0		1	1.0	0	0.0011	0.9992655655296981	-0.0007357659571020324
4v07twzd8u7flz37znyp5ahi	1	2	229	28	0	No-Go	NGAL	0	0		1	0.0	1	0.0017	0.9981775694698941	-0.0018414198821105434
4v07twzd8u7flz37znyp5ahi	1	2	235	29	0	No-Go	NGAL	0	0		1	0.0	1	0.0011	0.9988837990628443	-0.0011199732174659502
4v07twzd8u7flz37znyp5ahi	1	2	238	30	0	No-Go	NGAL	0	0		1	0.0	1	0.0013	0.9991994896520345	-0.000802152873284364
4v07twzd8u7flz37znyp5ahi	1	1	4	1	1	No-Go	NGW	0	1	0.57	0	0.0	0	0.8289	0.8239596415816123	-0.2021624288813049
4v07twzd8u7flz37znyp5ahi	1	1	5	2	1	No-Go	NGW	0	0		1	0.0	1	0.6352	0.3697950378659497	-1.0759447415485426
4v07twzd8u7flz37znyp5ahi	1	1	10	3	1	No-Go	NGW	0	0		1	0.0	1	0.3758	0.6180025926684971	-0.5181212130439753
4v07twzd8u7flz37znyp5ahi	1	1	15	4	1	No-Go	NGW	0	0		1	1.0	0	0.2067	0.7886693773400483	-0.2522599220629934
4v07twzd8u7flz37znyp5ahi	1	1	19	5	1	No-Go	NGW	0	1	0.889	0	0.0	0	0.4944	0.4924751571586153	-0.758332814871549
4v07twzd8u7flz37znyp5ahi	1	1	24	6	1	No-Go	NGW	0	0		1	0.0	1	0.2985	0.7084132395095305	-0.36289312992713313
4v07twzd8u7flz37znyp5ahi	1	1	28	7	1	No-Go	NGW	0	0		1	0.0	1	0.138	0.8589284358089145	-0.15845008383768983
4v07twzd8u7flz37znyp5ahi	1	1	31	8	1	No-Go	NGW	0	0		1	0.0	1	0.0743	0.9287256721947728	-0.0761941442080138
4v07twzd8u7flz37znyp5ahi	1	1	34	9	1	No-Go	NGW	0	0		1	0.0	1	0.0381	0.9613612605582148	-0.04022671739922931
4v07twzd8u7flz37znyp5ahi	1	1	38	10	1	No-Go	NGW	0	0		1	1.0	0	0.0239	0.9774839410361157	-0.02309488696207842
4v07twzd8u7flz37znyp5ahi	1	1	41	11	1	No-Go	NGW	0	0		1	0.0	1	0.0885	0.9081046340917331	-0.09892732353811032
4v07twzd8u7flz37znyp5ahi	1	1	46	12	1	No-Go	NGW	0	0		1	0.0	1	0.0472	0.9536419391734192	-0.0482421973534505
4v07twzd8u7flz37znyp5ahi	1	1	50	13	1	No-Go	NGW	0	0		1	0.0	1	0.027	0.9741836073386237	-0.026457588454676474
4v07twzd8u7flz37znyp5ahi	1	1	56	14	1	No-Go	NGW	0	0		1	0.0	1	0.0173	0.9843604851627148	-0.015895431665666645
4v07twzd8u7flz37znyp5ahi	1	1	57	15	1	No-Go	NGW	0	0		1	1.0	0	0.0075	0.9898205283673924	-0.01029573878611367
4v07twzd8u7flz37znyp5ahi	1	1	62	16	1	No-Go	NGW	0	0		1	0.0	1	0.055	0.9485339377245993	-0.054232886620983675
4v07twzd8u7flz37znyp5ahi	1	1	66	17	1	No-Go	NGW	0	0		1	0.0	1	0.0273	0.9730617731713117	-0.027649831067363562
4v07twzd8u7flz37znyp5ahi	1	1	69	18	1	No-Go	NGW	0	0		1	1.0	0	0.0164	0.9841896531856548	-0.016067975789871673
4v07twzd8u7flz37znyp5ahi	1	1	74	19	1	No-Go	NGW	0	0		1	0.0	1	0.0744	0.923546104503423	-0.08331470686326738
4v07twzd8u7flz37znyp5ahi	1	1	80	20	1	No-Go	NGW	0	0		1	0.0	1	0.0374	0.9628370732034648	-0.03854383553757399
4v07twzd8u7flz37znyp5ahi	1	1	81	21	1	No-Go	NGW	0	0		1	0.0	1	0.0191	0.9794613448411632	-0.020966924862186948
4v07twzd8u7flz37znyp5ahi	1	1	86	22	1	No-Go	NGW	0	0		1	1.0	0	0.0129	0.9874286158657934	-0.012741876162991666
4v07twzd8u7flz37znyp5ahi	1	1	91	23	1	No-Go	NGW	0	0		1	0.0	1	0.0645	0.9357787223029561	-0.06918720950153759
4v07twzd8u7flz37znyp5ahi	1	1	93	24	1	No-Go	NGW	0	0		1	0.0	1	0.0317	0.9681992712448569	-0.03286198449907686
4v07twzd8u7flz37znyp5ahi	1	1	99	25	1	No-Go	NGW	0	1	0.287	0	0.0	0	0.0176	0.017911563951333545	-4.569864181020383
4v07twzd8u7flz37znyp5ahi	1	1	101	26	1	No-Go	NGW	0	0		1	0.0	1	0.0095	0.9911131786713083	-0.008979906014775907
4v07twzd8u7flz37znyp5ahi	1	1	107	27	1	No-Go	NGW	0	0		1	1.0	0	0.0043	0.9944517352905603	-0.005587160201664071
4v07twzd8u7flz37znyp5ahi	1	1	112	28	1	No-Go	NGW	0	0		1	0.0	1	0.0313	0.97034110863247	-0.030838123698386122
4v07twzd8u7flz37znyp5ahi	1	1	114	29	1	No-Go	NGW	0	0		1	0.0	1	0.0146	0.9854533187690089	-0.014798477815888767
4v07twzd8u7flz37znyp5ahi	1	1	117	30	1	No-Go	NGW	0	0		1	0.0	1	0.0095	0.9917503738995936	-0.008332878735591544
4v07twzd8u7flz37znyp5ahi	1	1	1	1	0	No-Go	NGAL	0	1	0.753	0	0.0	0	0.6763	0.6740922155215406	-0.4019340228801376
4v07twzd8u7flz37znyp5ahi	1	1	8	2	0	No-Go	NGAL	0	0		1	0.0	1	0.4195	0.5794726965511452	-0.5627346071478118
4v07twzd8u7flz37znyp5ahi	1	1	9	3	0	No-Go	NGAL	0	0		1	0.0	1	0.2139	0.7908490223424273	-0.2441559292795886
4v07twzd8u7flz37znyp5ahi	1	1	14	4	0	No-Go	NGAL	0	0		1	1.0	0	0.104	0.8959493940038197	-0.11369169831758293
4v07twzd8u7flz37znyp5ahi	1	1	18	5	0	No-Go	NGAL	0	0		1	0.0	1	0.1562	0.8498554042254344	-0.16856179951302278
4v07twzd8u7flz37znyp5ahi	1	1	22	6	0	No-Go	NGAL	0	0		1	0.0	1	0.075	0.9248945763138199	-0.08014610786967816
4v07twzd8u7flz37znyp5ahi	1	1	26	7	0	No-Go	NGAL	0	0		1	0.0	1	0.0418	0.9595413449234548	-0.042078712983425005
4v07twzd8u7flz37znyp5ahi	1	1	32	8	0	No-Go	NGAL	0	0		1	1.0	0	0.0237	0.976499951991082	-0.024094692531203134
4v07twzd8u7flz37znyp5ahi	1	1	33	9	0	No-Go	NGAL	0	0		1	0.0	1	0.0401	0.9605121728091411	-0.04120604692037953
4v07twzd8u7flz37znyp5ahi	1	1	37	10	0	No-Go	NGAL	0	0		1	0.0	1	0.0223	0.9776913631524734	-0.022845451487195762
4v07twzd8u7flz37znyp5ahi	1	1	43	11	0	No-Go	NGAL	0	0		1	0.0	1	0.0124	0.9862448156088667	-0.01396662185261755
4v07twzd8u7flz37znyp5ahi	1	1	48	12	0	No-Go	NGAL	0	0		1	0.0	1	0.0084	0.9908780049959701	-0.009219263977899066
4v07twzd8u7flz37znyp5ahi	1	1	51	13	0	No-Go	NGAL	0	0		1	1.0	0	0.0054	0.9935627128599904	-0.0064881428933902105
4v07twzd8u7flz37znyp5ahi	1	1	53	14	0	No-Go	NGAL	0	0		1	0.0	1	0.0125	0.9874060645301268	-0.012852810873720895
4v07twzd8u7flz37znyp5ahi	1	1	58	15	0	No-Go	NGAL	0	0		1	0.0	1	0.0075	0.9919084988142864	-0.008180300580155907
4v07twzd8u7flz37znyp5ahi	1	1	63	16	0	No-Go	NGAL	0	0		1	0.0	1	0.0055	0.9943190307821381	-0.0057239290249584355
4v07twzd8u7flz37znyp5ahi	1	1	67	17	0	No-Go	NGAL	0	0		1	0.0	1	0.0039	0.9957418170311326	-0.004283174288846468
4v07twzd8u7flz37znyp5ahi	1	1	72	18	0	No-Go	NGAL	0	0		1	1.0	0	0.0032	0.9966396982285561	-0.0033768041537375853
4v07twzd8u7flz37znyp5ahi	1	1	75	19	0	No-Go	NGAL	0	0		1	0.0	1	0.0081	0.9925898168401204	-0.0075477935220491
4v07twzd8u7flz37znyp5ahi	1	1	78	20	0	No-Go	NGAL	0	0		1	0.0	1	0.0047	0.9949843270907953	-0.005060943882297912
4v07twzd8u7flz37znyp5ahi	1	1	82	21	0	No-Go	NGAL	0	0		1	0.0	1	0.0041	0.996261385594519	-0.0037620302862137783
4v07twzd8u7flz37znyp5ahi	1	1	85	22	0	No-Go	NGAL	0	0		1	0.0	1	0.0024	0.9970285064780532	-0.002986495310656231
4v07twzd8u7flz37znyp5ahi	1	1	89	23	0	No-Go	NGAL	0	0		1	0.0	1	0.0024	0.9975253244117485	-0.002485584810299719
4v07twzd8u7flz37znyp5ahi	1	1	94	24	0	No-Go	NGAL	0	0		1	0.0	1	0.0018	0.9978642165815718	-0.002144412732258692
4v07twzd8u7flz37znyp5ahi	1	1	97	25	0	No-Go	NGAL	0	0		1	1.0	0	0.0013	0.998104392165299	-0.001902849274945151
4v07twzd8u7flz37znyp5ahi	1	1	104	26	0	No-Go	NGAL	0	0		1	0.0	1	0.0049	0.9955688152882715	-0.004494122333826577
4v07twzd8u7flz37znyp5ahi	1	1	105	27	0	No-Go	NGAL	0	0		1	1.0	0	0.003	0.9967707589163989	-0.003253304525584068
4v07twzd8u7flz37znyp5ahi	1	1	110	28	0	No-Go	NGAL	0	0		1	0.0	1	0.0074	0.9913560842427587	-0.009157236175797357
4v07twzd8u7flz37znyp5ahi	1	1	115	29	0	No-Go	NGAL	0	0		1	0.0	1	0.0058	0.994827970994138	-0.005256433010644362
4v07twzd8u7flz37znyp5ahi	1	1	119	30	0	No-Go	NGAL	0	0		1	0.0	1	0.0027	0.9963651168142407	-0.003666060691233759
4v07twzd8u7flz37znyp5ahi	1	1	2	1	0	Go	GAL	1	1	0.564	1	0.0	1	0.669	0.6740922155215406	-0.4019340228801376
4v07twzd8u7flz37znyp5ahi	1	1	6	2	0	Go	GAL	1	1	1.007	1	0.0	1	0.8539	0.8521691939144234	-0.16332846211203764
4v07twzd8u7flz37znyp5ahi	1	1	12	3	0	Go	GAL	1	1	0.943	1	0.0	1	0.9281	0.9303398136565689	-0.07348781126298998
4v07twzd8u7flz37znyp5ahi	1	1	16	4	0	Go	GAL	1	1	0.723	1	1.0	0	0.9641	0.9644575173672641	-0.036656306597043865
4v07twzd8u7flz37znyp5ahi	1	1	17	5	0	Go	GAL	1	1	0.558	1	0.0	1	0.8721	0.8736257448110355	-0.13683159454287838
4v07twzd8u7flz37znyp5ahi	1	1	21	6	0	Go	GAL	1	0		0	0.0	0	0.9437	0.058279773658796295	-3.0082181045810286
4v07twzd8u7flz37znyp5ahi	1	1	25	7	0	Go	GAL	1	1	0.795	1	1.0	0	0.9581	0.9566199640971931	-0.04487815664105493
4v07twzd8u7flz37znyp5ahi	1	1	29	8	0	Go	GAL	1	1	0.622	1	0.0	1	0.8524	0.8562563587674354	-0.15815536981309983
4v07twzd8u7flz37znyp5ahi	1	1	36	9	0	Go	GAL	1	1	0.379	1	0.0	1	0.9364	0.9379543501276063	-0.06483842227157276
4v07twzd8u7flz37znyp5ahi	1	1	39	10	0	Go	GAL	1	1	0.701	1	0.0	1	0.9692	0.9699435982920699	-0.030804372738023278
4v07twzd8u7flz37znyp5ahi	1	1	44	11	0	Go	GAL	1	1	0.526	1	0.0	1	0.9844	0.9838536109214027	-0.016391049449892045
4v07twzd8u7flz37znyp5ahi	1	1	45	12	0	Go	GAL	1	1	0.547	1	1.0	0	0.9907	0.9905346518932998	-0.009558463377618
4v07twzd8u7flz37znyp5ahi	1	1	52	13	0	Go	GAL	1	1	0.796	1	0.0	1	0.9583	0.9583638445265548	-0.043002378411449264
4v07twzd8u7flz37znyp5ahi	1	1	55	14	0	Go	GAL	1	1	0.572	1	0.0	1	0.9777	0.9795007232443635	-0.020850280054773445
4v07twzd8u7flz37znyp5ahi	1	1	60	15	0	Go	GAL	1	1	0.739	1	0.0	1	0.9879	0.9886213592204623	-0.011498983718578989
4v07twzd8u7flz37znyp5ahi	1	1	61	16	0	Go	GAL	1	1	0.601	1	1.0	0	0.9933	0.9930715965396258	-0.006977766729371244
4v07twzd8u7flz37znyp5ahi	1	1	65	17	0	Go	GAL	1	1	0.673	1	0.0	1	0.9641	0.9663605187962596	-0.03468524174851267
4v07twzd8u7flz37znyp5ahi	1	1	71	18	0	Go	GAL	1	1	0.648	1	0.0	1	0.9822	0.9833765526617406	-0.016873054844122628
4v07twzd8u7flz37znyp5ahi	1	1	76	19	0	Go	GAL	1	1	0.586	1	0.0	1	0.9907	0.9906338194011001	-0.009451654621135864
4v07twzd8u7flz37znyp5ahi	1	1	77	20	0	Go	GAL	1	1	0.643	1	0.0	1	0.9943	0.9941849640330245	-0.005851076009561285
4v07twzd8u7flz37znyp5ahi	1	1	83	21	0	Go	GAL	1	1	0.676	1	0.0	1	0.9958	0.9961027001917903	-0.00391493623624496
4v07twzd8u7flz37znyp5ahi	1	1	87	22	0	Go	GAL	1	1	0.508	1	0.0	1	0.9973	0.9972185641255259	-0.002791157481779685
4v07twzd8u7flz37znyp5ahi	1	1	90	23	0	Go	GAL	1	1	0.459	1	0.0	1	0.9981	0.9979071871655578	-0.0020987380360780717
4v07twzd8u7flz37znyp5ahi	1	1	96	24	0	Go	GAL	1	1	0.601	1	1.0	0	0.9987	0.9983529029565498	-0.0016510350957518922
4v07twzd8u7flz37znyp5ahi	1	1	98	25	0	Go	GAL	1	1	0.433	1	0.0	1	0.9895	0.9891045234312562	-0.011078155127124676
4v07twzd8u7flz37znyp5ahi	1	1	102	26	0	Go	GAL	1	1	0.61	1	0.0	1	0.993	0.9938270948682816	-0.006224354837082188
4v07twzd8u7flz37znyp5ahi	1	1	108	27	0	Go	GAL	1	1	0.457	1	1.0	0	0.9956	0.9960412622842215	-0.003980094020952586
4v07twzd8u7flz37znyp5ahi	1	1	111	28	0	Go	GAL	1	1	0.441	1	0.0	1	0.9741	0.9765265254288139	-0.024333462439282187
4v07twzd8u7flz37znyp5ahi	1	1	116	29	0	Go	GAL	1	1	0.485	1	0.0	1	0.9878	0.9885617011988794	-0.011605365569781685
4v07twzd8u7flz37znyp5ahi	1	1	120	30	0	Go	GAL	1	1	0.539	1	0.0	1	0.9917	0.9934499735631651	-0.00660402037141765
4v07twzd8u7flz37znyp5ahi	1	1	3	1	1	Go	GW	1	1	0.452	1	0.0	1	0.8153	0.8239596415816123	-0.2021624288813049
4v07twzd8u7flz37znyp5ahi	1	1	7	2	1	Go	GW	1	1	0.472	1	0.0	1	0.981	0.979796558597636	-0.020739380068195534
4v07twzd8u7flz37znyp5ahi	1	1	11	3	1	Go	GW	1	1	0.491	1	1.0	0	0.9955	0.9947323110123792	-0.005324679463556241
4v07twzd8u7flz37znyp5ahi	1	1	13	4	1	Go	GW	1	1	0.454	1	0.0	1	0.978	0.9772653008106256	-0.02338828355707331
4v07twzd8u7flz37znyp5ahi	1	1	20	5	1	Go	GW	1	1	0.482	1	0.0	1	0.9939	0.9943976995466597	-0.005667792693360602
4v07twzd8u7flz37znyp5ahi	1	1	23	6	1	Go	GW	1	1	0.548	1	1.0	0	0.9974	0.9977711688657815	-0.0022418953318757338
4v07twzd8u7flz37znyp5ahi	1	1	27	7	1	Go	GW	1	1	0.369	1	0.0	1	0.9882	0.9880794321272086	-0.012171892087642402
4v07twzd8u7flz37znyp5ahi	1	1	30	8	1	Go	GW	1	1	0.376	1	0.0	1	0.9975	0.9965787870664257	-0.0034490683179271772
4v07twzd8u7flz37znyp5ahi	1	1	35	9	1	Go	GW	1	1	0.326	1	0.0	1	0.9981	0.9984380681124758	-0.001568630042121536
4v07twzd8u7flz37znyp5ahi	1	1	40	10	1	Go	GW	1	1	0.36	1	0.0	1	0.9983	0.9990752172918659	-0.0009271643242639273
4v07twzd8u7flz37znyp5ahi	1	1	42	11	1	Go	GW	1	1	0.411	1	1.0	0	0.9992	0.9993459096599757	-0.0006552721774259306
4v07twzd8u7flz37znyp5ahi	1	1	47	12	1	Go	GW	1	1	0.396	1	0.0	1	0.9965	0.9950623861001006	-0.005001492403333504
4v07twzd8u7flz37znyp5ahi	1	1	49	13	1	Go	GW	1	1	0.373	1	0.0	1	0.999	0.9983455248396729	-0.0016608857879189091
4v07twzd8u7flz37znyp5ahi	1	1	54	14	1	Go	GW	1	1	0.27	1	0.0	1	0.9988	0.9990833639598844	-0.0009187423577027843
4v07twzd8u7flz37znyp5ahi	1	1	59	15	1	Go	GW	1	1	0.35	1	0.0	1	0.9993	0.9993607301909732	-0.0006403551117469001
4v07twzd8u7flz37znyp5ahi	1	1	64	16	1	Go	GW	1	1	0.332	1	1.0	0	0.9997	0.9994890392757092	-0.0005117039356280396
4v07twzd8u7flz37znyp5ahi	1	1	68	17	1	Go	GW	1	1	0.329	1	0.0	1	0.9954	0.9957234540803441	-0.004332536187038792
4v07twzd8u7flz37znyp5ahi	1	1	70	18	1	Go	GW	1	1	0.503	1	0.0	1	0.9986	0.9985812328571654	-0.0014236433400091036
4v07twzd8u7flz37znyp5ahi	1	1	73	19	1	Go	GW	1	1	0.517	1	0.0	1	0.9989	0.9991891761677525	-0.0008124918582593869
4v07twzd8u7flz37znyp5ahi	1	1	79	20	1	Go	GW	1	1	0.364	1	0.0	1	0.9995	0.9994149397828791	-0.000585993026179188
4v07twzd8u7flz37znyp5ahi	1	1	84	21	1	Go	GW	1	1	0.354	1	0.0	1	0.9995	0.9995194279552503	-0.0004812546964029207
4v07twzd8u7flz37znyp5ahi	1	1	88	22	1	Go	GW	1	1	0.427	1	0.0	1	0.9997	0.9995741545743043	-0.00042642394742386993
4v07twzd8u7flz37znyp5ahi	1	1	92	23	1	Go	GW	1	1	0.371	1	0.0	1	0.9992	0.9996052362814964	-0.00039529320236954816
4v07twzd8u7flz37znyp5ahi	1	1	95	24	1	Go	GW	1	1	0.547	1	1.0	0	0.9994	0.9996239465508363	-0.0003765578207287538
4v07twzd8u7flz37znyp5ahi	1	1	100	25	1	Go	GW	1	1	0.387	1	0.0	1	0.9962	0.9965334572423044	-0.00351219686350928
4v07twzd8u7flz37znyp5ahi	1	1	103	26	1	Go	GW	1	1	0.424	1	1.0	0	0.9994	0.9988388752619065	-0.0011647443587032911
4v07twzd8u7flz37znyp5ahi	1	1	106	27	1	Go	GW	1	1	0.417	1	0.0	1	0.992	0.9913398201331909	-0.00888246859944977
4v07twzd8u7flz37znyp5ahi	1	1	109	28	1	Go	GW	1	1	0.332	1	0.0	1	0.9978	0.9978948807751098	-0.0021157607425463234
4v07twzd8u7flz37znyp5ahi	1	1	113	29	1	Go	GW	1	1	0.33	1	0.0	1	0.9987	0.998979199655122	-0.0010233637102756799
4v07twzd8u7flz37znyp5ahi	1	1	118	30	1	Go	GW	1	1	0.614	1	0.0	1	0.9989	0.9993292898377009	-0.0006718840406278511
4v17v6gmgneye8dtdtc24edi	1	2	122	1	0	No-Go	NGAL	0	0		1	1.0	0	0.5738	0.4304175288203651	-0.8636745659036731
4v17v6gmgneye8dtdtc24edi	1	2	126	2	0	No-Go	NGAL	0	1	0.932	0	0.0	0	0.6408	0.6402642374372335	-0.4539820537341935
4v17v6gmgneye8dtdtc24edi	1	2	130	3	0	No-Go	NGAL	0	1	0.702	0	0.0	0	0.4547	0.4543009574273669	-0.8096656128942245
4v17v6gmgneye8dtdtc24edi	1	2	133	4	0	No-Go	NGAL	0	1	0.577	0	0.0	0	0.2856	0.29901865825816865	-1.2638333073275685
4v17v6gmgneye8dtdtc24edi	1	2	138	5	0	No-Go	NGAL	0	1	1.072	0	0.0	0	0.1906	0.19171644258855372	-1.7630810654131845
4v17v6gmgneye8dtdtc24edi	1	2	144	6	0	No-Go	NGAL	0	1	0.652	0	0.0	0	0.1266	0.12353548335882195	-2.2630582483027912
4v17v6gmgneye8dtdtc24edi	1	2	145	7	0	No-Go	NGAL	0	0		1	1.0	0	0.0756	0.9187124707340981	-0.08650019463658734
4v17v6gmgneye8dtdtc24edi	1	2	149	8	0	No-Go	NGAL	0	0		1	0.0	1	0.1037	0.8959145923112682	-0.11247979486816796
4v17v6gmgneye8dtdtc24edi	1	2	153	9	0	No-Go	NGAL	0	0		1	0.0	1	0.0509	0.9480374000191161	-0.05445060796976885
4v17v6gmgneye8dtdtc24edi	1	2	158	10	0	No-Go	NGAL	0	0		1	0.0	1	0.028	0.9722331830444242	-0.028620113295050546
4v17v6gmgneye8dtdtc24edi	1	2	162	11	0	No-Go	NGAL	0	0		1	0.0	1	0.015	0.9842421188350021	-0.016081200225813923
4v17v6gmgneye8dtdtc24edi	1	2	168	12	0	No-Go	NGAL	0	0		1	0.0	1	0.0109	0.9905774784173711	-0.009555231198828125
4v17v6gmgneye8dtdtc24edi	1	2	170	13	0	No-Go	NGAL	0	0		1	1.0	0	0.0072	0.9941009472783898	-0.005957401650908612
4v17v6gmgneye8dtdtc24edi	1	2	173	14	0	No-Go	NGAL	0	0		1	0.0	1	0.0079	0.9916905419443556	-0.008410993813247862
4v17v6gmgneye8dtdtc24edi	1	2	178	15	0	No-Go	NGAL	0	0		1	0.0	1	0.0062	0.9947823773846716	-0.005262117805451034
4v17v6gmgneye8dtdtc24edi	1	2	184	16	0	No-Go	NGAL	0	0		1	0.0	1	0.0036	0.9965794379242445	-0.0034414411527482584
4v17v6gmgneye8dtdtc24edi	1	2	188	17	0	No-Go	NGAL	0	0		1	0.0	1	0.0024	0.9976699543648107	-0.0023404539833084817
4v17v6gmgneye8dtdtc24edi	1	2	192	18	0	No-Go	NGAL	0	0		1	1.0	0	0.0015	0.9983567648236256	-0.001648719983125194
4v17v6gmgneye8dtdtc24edi	1	2	196	19	0	No-Go	NGAL	0	0		1	0.0	1	0.0016	0.997542468093788	-0.0024682745566926936
4v17v6gmgneye8dtdtc24edi	1	2	200	20	0	No-Go	NGAL	0	0		1	0.0	1	0.001	0.9982921827234884	-0.0017133002478475871
4v17v6gmgneye8dtdtc24edi	1	2	203	21	0	No-Go	NGAL	0	0		1	0.0	1	0.0004	0.998769091299078	-0.0012339005655758947
4v17v6gmgneye8dtdtc24edi	1	2	206	22	0	No-Go	NGAL	0	0		1	0.0	1	0.0004	0.9990835705042064	-0.0009181608720232102
4v17v6gmgneye8dtdtc24edi	1	2	210	23	0	No-Go	NGAL	0	0		1	0.0	1	0.0008	0.9992973651379534	-0.0007036926936692593
4v17v6gmgneye8dtdtc24edi	1	2	215	24	0	No-Go	NGAL	0	0		1	1.0	0	0.0006	0.9994466222039337	-0.0005540581112284608
4v17v6gmgneye8dtdtc24edi	1	2	219	25	0	No-Go	NGAL	0	0		1	0.0	1	0.001	0.9991125628216181	-0.0008890899726045519
4v17v6gmgneye8dtdtc24edi	1	2	223	26	0	No-Go	NGAL	0	0		1	0.0	1	0.0009	0.9993258086778047	-0.000675162095598946
4v17v6gmgneye8dtdtc24edi	1	2	228	27	0	No-Go	NGAL	0	0		1	0.0	1	0.0003	0.999470957637149	-0.000529659962777552
4v17v6gmgneye8dtdtc24edi	1	2	230	28	0	No-Go	NGAL	0	0		1	0.0	1	0.0005	0.9995731403657255	-0.0004272777531240869
4v17v6gmgneye8dtdtc24edi	1	2	233	29	0	No-Go	NGAL	0	0		1	1.0	0	0.0004	0.9996470475162612	-0.0003532509526362333
4v17v6gmgneye8dtdtc24edi	1	2	239	30	0	No-Go	NGAL	0	0		1	0.0	1	0.0003	0.999400826721699	-0.0006001088268072373
4v17v6gmgneye8dtdtc24edi	1	2	124	1	0	Go	GAL	1	0		0	0.0	0	0.5679	0.4304175288203651	-0.8636745659036731
4v17v6gmgneye8dtdtc24edi	1	2	125	2	0	Go	GAL	1	0		0	0.0	0	0.6407	0.3597357625627666	-1.0487534673157555
4v17v6gmgneye8dtdtc24edi	1	2	132	3	0	Go	GAL	1	1	0.904	1	0.0	1	0.6994	0.7005077740742168	-0.36466442019175244
4v17v6gmgneye8dtdtc24edi	1	2	136	4	0	Go	GAL	1	1	0.39	1	1.0	0	0.8319	0.8299269588039005	-0.19112983494537747
4v17v6gmgneye8dtdtc24edi	1	2	140	5	0	Go	GAL	1	1	0.59	1	0.0	1	0.6843	0.6833195835119231	-0.3897680163500801
4v17v6gmgneye8dtdtc24edi	1	2	142	6	0	Go	GAL	1	0		0	0.0	0	0.8227	0.17954233076219012	-1.829892201706992
4v17v6gmgneye8dtdtc24edi	1	2	147	7	0	Go	GAL	1	1	0.87	1	0.0	1	0.8569	0.8530086919969723	-0.1635742306051057
4v17v6gmgneye8dtdtc24edi	1	2	151	8	0	Go	GAL	1	1	1.332	1	1.0	0	0.9157	0.9169503354694541	-0.08882079136369615
4v17v6gmgneye8dtdtc24edi	1	2	156	9	0	Go	GAL	1	1	0.866	1	0.0	1	0.8244	0.8257336907393387	-0.19658195405785822
4v17v6gmgneye8dtdtc24edi	1	2	159	10	0	Go	GAL	1	1	0.753	1	0.0	1	0.9026	0.9032602096157966	-0.10407846424035284
4v17v6gmgneye8dtdtc24edi	1	2	163	11	0	Go	GAL	1	1	0.525	1	0.0	1	0.9382	0.9442037045682777	-0.05849290463199753
4v17v6gmgneye8dtdtc24edi	1	2	167	12	0	Go	GAL	1	1	0.641	1	1.0	0	0.9665	0.9663614438582957	-0.034721586414754764
4v17v6gmgneye8dtdtc24edi	1	2	171	13	0	Go	GAL	1	1	0.61	1	0.0	1	0.922	0.9195441880792165	-0.0853608071371482
4v17v6gmgneye8dtdtc24edi	1	2	175	14	0	Go	GAL	1	1	0.562	1	0.0	1	0.9517	0.95365597077323	-0.04812930456022461
4v17v6gmgneye8dtdtc24edi	1	2	179	15	0	Go	GAL	1	1	0.458	1	0.0	1	0.9713	0.9718943165270987	-0.02883175837726753
4v17v6gmgneye8dtdtc24edi	1	2	183	16	0	Go	GAL	1	1	0.373	1	1.0	0	0.9808	0.98213263647688	-0.018189072288735404
4v17v6gmgneye8dtdtc24edi	1	2	187	17	0	Go	GAL	1	1	0.369	1	0.0	1	0.955	0.9532248052595874	-0.04852942721221786
4v17v6gmgneye8dtdtc24edi	1	2	189	18	0	Go	GAL	1	1	0.451	1	0.0	1	0.9703	0.9721643544578382	-0.028506573226233935
4v17v6gmgneye8dtdtc24edi	1	2	195	19	0	Go	GAL	1	1	0.405	1	0.0	1	0.9831	0.982485820079093	-0.01780480494611743
4v17v6gmgneye8dtdtc24edi	1	2	197	20	0	Go	GAL	1	1	0.458	1	0.0	1	0.9876	0.9884401401268041	-0.011697655398942127
4v17v6gmgneye8dtdtc24edi	1	2	202	21	0	Go	GAL	1	1	0.557	1	1.0	0	0.9928	0.9920440047879163	-0.00802636597158946
4v17v6gmgneye8dtdtc24edi	1	2	207	22	0	Go	GAL	1	1	0.507	1	0.0	1	0.978	0.9766785801502136	-0.0238295035701753
4v17v6gmgneye8dtdtc24edi	1	2	209	23	0	Go	GAL	1	1	0.531	1	0.0	1	0.9862	0.9853766682959753	-0.014831788870444207
4v17v6gmgneye8dtdtc24edi	1	2	216	24	0	Go	GAL	1	1	0.536	1	0.0	1	0.9902	0.9903010053407836	-0.009797186354700898
4v17v6gmgneye8dtdtc24edi	1	2	220	25	0	Go	GAL	1	1	0.521	1	0.0	1	0.9943	0.9932622904566888	-0.006788599956068064
4v17v6gmgneye8dtdtc24edi	1	2	224	26	0	Go	GAL	1	1	0.362	1	0.0	1	0.995	0.9951304113603266	-0.004898043969120474
4v17v6gmgneye8dtdtc24edi	1	2	225	27	0	Go	GAL	1	1	0.33	1	0.0	1	0.9966	0.9963562472054942	-0.003660733316323247
4v17v6gmgneye8dtdtc24edi	1	2	229	28	0	Go	GAL	1	1	0.682	1	1.0	0	0.9977	0.997187839124697	-0.0028229011460167686
4v17v6gmgneye8dtdtc24edi	1	2	235	29	0	Go	GAL	1	1	0.418	1	0.0	1	0.989	0.9903284262772819	-0.009794775389388308
4v17v6gmgneye8dtdtc24edi	1	2	238	30	0	Go	GAL	1	1	0.4	1	0.0	1	0.9925	0.9934715255615456	-0.006583660935428819
4v17v6gmgneye8dtdtc24edi	1	2	123	1	1	No-Go	NGW	0	0		1	0.0	1	0.4422	0.5577388134298114	-0.6108483868379057
4v17v6gmgneye8dtdtc24edi	1	2	128	2	1	No-Go	NGW	0	0		1	1.0	0	0.2715	0.726472101382113	-0.3314189945468392
4v17v6gmgneye8dtdtc24edi	1	2	131	3	1	No-Go	NGW	0	0		1	0.0	1	0.4705	0.537546309451497	-0.6509529732076993
4v17v6gmgneye8dtdtc24edi	1	2	134	4	1	No-Go	NGW	0	0		1	0.0	1	0.2847	0.7125373582971599	-0.3511726023186215
4v17v6gmgneye8dtdtc24edi	1	2	137	5	1	No-Go	NGW	0	0		1	0.0	1	0.1754	0.8282380568639838	-0.1941929131815129
4v17v6gmgneye8dtdtc24edi	1	2	141	6	1	No-Go	NGW	0	0		1	1.0	0	0.0978	0.8966923981580572	-0.11172157555088331
4v17v6gmgneye8dtdtc24edi	1	2	148	7	1	No-Go	NGW	0	0		1	0.0	1	0.2215	0.7741310222025454	-0.26340163861872234
4v17v6gmgneye8dtdtc24edi	1	2	152	8	1	No-Go	NGW	0	0		1	0.0	1	0.1341	0.8668796495096387	-0.1460627076134279
4v17v6gmgneye8dtdtc24edi	1	2	154	9	1	No-Go	NGW	0	0		1	0.0	1	0.0794	0.9197487394048683	-0.08516093347700864
4v17v6gmgneye8dtdtc24edi	1	2	160	10	1	No-Go	NGW	0	0		1	0.0	1	0.0531	0.9498739027514108	-0.05215123685991221
4v17v6gmgneye8dtdtc24edi	1	2	164	11	1	No-Go	NGW	0	0		1	0.0	1	0.0314	0.9674622676921248	-0.03343893214913997
4v17v6gmgneye8dtdtc24edi	1	2	166	12	1	No-Go	NGW	0	0		1	1.0	0	0.0234	0.9780609079699342	-0.022369620202140603
4v17v6gmgneye8dtdtc24edi	1	2	169	13	1	No-Go	NGW	0	0		1	0.0	1	0.0623	0.9374609118495558	-0.06563187443442484
4v17v6gmgneye8dtdtc24edi	1	2	176	14	1	No-Go	NGW	0	0		1	0.0	1	0.0405	0.9610103862597578	-0.04020774740336686
4v17v6gmgneye8dtdtc24edi	1	2	180	15	1	No-Go	NGW	0	0		1	0.0	1	0.0246	0.9744771305870165	-0.02606995981933261
4v17v6gmgneye8dtdtc24edi	1	2	181	16	1	No-Go	NGW	0	0		1	0.0	1	0.0179	0.9825427418796105	-0.017727986744441104
4v17v6gmgneye8dtdtc24edi	1	2	186	17	1	No-Go	NGW	0	0		1	0.0	1	0.013	0.9875792738878661	-0.012566023291982984
4v17v6gmgneye8dtdtc24edi	1	2	191	18	1	No-Go	NGW	0	0		1	0.0	1	0.0113	0.9908418544313287	-0.009241998330511696
4v17v6gmgneye8dtdtc24edi	1	2	194	19	1	No-Go	NGW	0	0		1	1.0	0	0.0069	0.9930246813244703	-0.007027072432466907
4v17v6gmgneye8dtdtc24edi	1	2	198	20	1	No-Go	NGW	0	0		1	0.0	1	0.023	0.975505825325648	-0.025249683383414715
4v17v6gmgneye8dtdtc24edi	1	2	201	21	1	No-Go	NGW	0	0		1	0.0	1	0.0187	0.98366662407975	-0.016642953312607282
4v17v6gmgneye8dtdtc24edi	1	2	205	22	1	No-Go	NGW	0	0		1	0.0	1	0.0108	0.9885071957360733	-0.011645919038835592
4v17v6gmgneye8dtdtc24edi	1	2	212	23	1	No-Go	NGW	0	0		1	1.0	0	0.0095	0.9915483323562405	-0.008537210109084079
4v17v6gmgneye8dtdtc24edi	1	2	214	24	1	No-Go	NGW	0	0		1	0.0	1	0.0294	0.9697206979968527	-0.031740082010334944
4v17v6gmgneye8dtdtc24edi	1	2	218	25	1	No-Go	NGW	0	0		1	0.0	1	0.0167	0.9806398894564565	-0.019867680671778156
4v17v6gmgneye8dtdtc24edi	1	2	221	26	1	No-Go	NGW	0	0		1	0.0	1	0.0122	0.9868023194825782	-0.01342268712651653
4v17v6gmgneye8dtdtc24edi	1	2	226	27	1	No-Go	NGW	0	0		1	0.0	1	0.0099	0.9905233880864643	-0.009593202295824128
4v17v6gmgneye8dtdtc24edi	1	2	231	28	1	No-Go	NGW	0	0		1	0.0	1	0.007	0.9928975216137363	-0.0071700360379533925
4v17v6gmgneye8dtdtc24edi	1	2	234	29	1	No-Go	NGW	0	0		1	1.0	0	0.006	0.9944806282803673	-0.0055620695918481315
4v17v6gmgneye8dtdtc24edi	1	2	240	30	1	No-Go	NGW	0	0		1	0.0	1	0.022	0.9785996158080147	-0.02225206029653085
4v17v6gmgneye8dtdtc24edi	1	2	121	1	1	Go	GW	1	0		0	0.0	0	0.4441	0.5577388134298114	-0.6108483868379057
4v17v6gmgneye8dtdtc24edi	1	2	127	2	1	Go	GW	1	1	0.603	1	1.0	0	0.622	0.624916586916177	-0.4962815840798321
4v17v6gmgneye8dtdtc24edi	1	2	129	3	1	Go	GW	1	1	0.685	1	0.0	1	0.4436	0.4422611865701886	-0.8599921488712807
4v17v6gmgneye8dtdtc24edi	1	2	135	4	1	Go	GW	1	1	0.55	1	0.0	1	0.8236	0.8275498075161489	-0.2013803678794676
4v17v6gmgneye8dtdtc24edi	1	2	139	5	1	Go	GW	1	1	0.525	1	0.0	1	0.9406	0.9408617462201704	-0.0641690602697057
4v17v6gmgneye8dtdtc24edi	1	2	143	6	1	Go	GW	1	1	0.61	1	0.0	1	0.9754	0.9752917873727671	-0.025897923599576104
4v17v6gmgneye8dtdtc24edi	1	2	146	7	1	Go	GW	1	1	0.54	1	0.0	1	0.9882	0.9879157188129	-0.012432379553935106
4v17v6gmgneye8dtdtc24edi	1	2	150	8	1	Go	GW	1	1	0.745	1	0.0	1	0.9938	0.9932870218135744	-0.006833444929304285
4v17v6gmgneye8dtdtc24edi	1	2	155	9	1	Go	GW	1	1	0.643	1	1.0	0	0.9963	0.9958472426965598	-0.00420104396015101
4v17v6gmgneye8dtdtc24edi	1	2	157	10	1	Go	GW	1	1	0.54	1	0.0	1	0.9869	0.9865814460009998	-0.013766100072411204
4v17v6gmgneye8dtdtc24edi	1	2	161	11	1	Go	GW	1	1	0.668	1	0.0	1	0.9921	0.9931111910057285	-0.006993930289933044
4v17v6gmgneye8dtdtc24edi	1	2	165	12	1	Go	GW	1	1	0.491	1	0.0	1	0.9963	0.995837618999948	-0.004205002653348239
4v17v6gmgneye8dtdtc24edi	1	2	172	13	1	Go	GW	1	1	0.582	1	0.0	1	0.9969	0.9971938241323561	-0.0028266371162760837
4v17v6gmgneye8dtdtc24edi	1	2	174	14	1	Go	GW	1	1	0.432	1	0.0	1	0.9988	0.9979385871983728	-0.002072807493973977
4v17v6gmgneye8dtdtc24edi	1	2	177	15	1	Go	GW	1	1	0.426	1	1.0	0	0.9985	0.9983769771780764	-0.001630313372527473
4v17v6gmgneye8dtdtc24edi	1	2	182	16	1	Go	GW	1	1	0.409	1	0.0	1	0.9923	0.9932178562966317	-0.006917988133352403
4v17v6gmgneye8dtdtc24edi	1	2	185	17	1	Go	GW	1	1	0.425	1	0.0	1	0.9968	0.9963248531050264	-0.0037095845380330146
4v17v6gmgneye8dtdtc24edi	1	2	190	18	1	Go	GW	1	1	0.403	1	1.0	0	0.9983	0.9975587688502303	-0.0024568753211616882
4v17v6gmgneye8dtdtc24edi	1	2	193	19	1	Go	GW	1	1	0.405	1	0.0	1	0.9905	0.9900307876367946	-0.010257519158636009
4v17v6gmgneye8dtdtc24edi	1	2	199	20	1	Go	GW	1	1	0.752	1	0.0	1	0.9958	0.9951751216548816	-0.004883401444975316
4v17v6gmgneye8dtdtc24edi	1	2	204	21	1	Go	GW	1	1	0.407	1	0.0	1	0.9972	0.9970225840100807	-0.0030002699974634173
4v17v6gmgneye8dtdtc24edi	1	2	208	22	1	Go	GW	1	1	0.461	1	0.0	1	0.9979	0.9978977155359198	-0.002114207112841346
4v17v6gmgneye8dtdtc24edi	1	2	211	23	1	Go	GW	1	1	0.364	1	0.0	1	0.9989	0.9983742272671862	-0.0016332795228931679
4v17v6gmgneye8dtdtc24edi	1	2	213	24	1	Go	GW	1	1	0.395	1	1.0	0	0.9984	0.9986571992289682	-0.0013482237111555784
4v17v6gmgneye8dtdtc24edi	1	2	217	25	1	Go	GW	1	1	0.347	1	0.0	1	0.9932	0.9939007108807703	-0.006229444724874366
4v17v6gmgneye8dtdtc24edi	1	2	222	26	1	Go	GW	1	1	0.33	1	1.0	0	0.9973	0.9967400676188602	-0.0032905187053231034
4v17v6gmgneye8dtdtc24edi	1	2	227	27	1	Go	GW	1	1	0.397	1	0.0	1	0.986	0.9867460086847021	-0.013825265293102776
4v17v6gmgneye8dtdtc24edi	1	2	232	28	1	Go	GW	1	1	0.426	1	0.0	1	0.9946	0.9942935495299553	-0.005792859003157948
4v17v6gmgneye8dtdtc24edi	1	2	236	29	1	Go	GW	1	1	0.325	1	0.0	1	0.9966	0.9966906440306273	-0.0033384862771984867
4v17v6gmgneye8dtdtc24edi	1	2	237	30	1	Go	GW	1	1	0.403	1	0.0	1	0.9988	0.9977478346476116	-0.0022661238510961954
4v17v6gmgneye8dtdtc24edi	1	1	3	1	1	Go	GW	1	0		0	0.0	0	0.4451	0.5577388134298114	-0.6108483868379057
4v17v6gmgneye8dtdtc24edi	1	1	6	2	1	Go	GW	1	1	1.269	1	1.0	0	0.6253	0.624916586916177	-0.4962815840798321
4v17v6gmgneye8dtdtc24edi	1	1	9	3	1	Go	GW	1	0		0	0.0	0	0.4482	0.5577388134298114	-0.6108483868379057
4v17v6gmgneye8dtdtc24edi	1	1	15	4	1	Go	GW	1	1	1.267	1	0.0	1	0.6023	0.606144595594039	-0.5272952277658578
4v17v6gmgneye8dtdtc24edi	1	1	20	5	1	Go	GW	1	1	1.057	1	0.0	1	0.8986	0.8987624924087162	-0.11208513814041952
4v17v6gmgneye8dtdtc24edi	1	1	23	6	1	Go	GW	1	1	0.888	1	0.0	1	0.9663	0.9665474307826627	-0.03527253175864345
4v17v6gmgneye8dtdtc24edi	1	1	28	7	1	Go	GW	1	1	1.211	1	0.0	1	0.9878	0.9861784907236375	-0.014247409163203568
4v17v6gmgneye8dtdtc24edi	1	1	32	8	1	Go	GW	1	1	1.105	1	0.0	1	0.9922	0.9932785828192345	-0.006845533329828606
4v17v6gmgneye8dtdtc24edi	1	1	34	9	1	Go	GW	1	1	0.721	1	1.0	0	0.9963	0.9962859958742005	-0.00375675807928841
4v17v6gmgneye8dtdtc24edi	1	1	40	10	1	Go	GW	1	1	0.898	1	0.0	1	0.9894	0.9893039432772144	-0.010920397106778435
4v17v6gmgneye8dtdtc24edi	1	1	44	11	1	Go	GW	1	1	0.702	1	0.0	1	0.9952	0.9947641602547188	-0.005304147774767395
4v17v6gmgneye8dtdtc24edi	1	1	46	12	1	Go	GW	1	1	0.484	1	0.0	1	0.9974	0.9970086369033765	-0.003017001792092661
4v17v6gmgneye8dtdtc24edi	1	1	49	13	1	Go	GW	1	1	0.612	1	0.0	1	0.9982	0.9980915398910738	-0.0019195919615859606
4v17v6gmgneye8dtdtc24edi	1	1	53	14	1	Go	GW	1	1	0.506	1	0.0	1	0.9987	0.9986684135924625	-0.0013371067323529563
4v17v6gmgneye8dtdtc24edi	1	1	60	15	1	Go	GW	1	1	0.67	1	1.0	0	0.9986	0.9989987572925527	-0.0010043652934846297
4v17v6gmgneye8dtdtc24edi	1	1	64	16	1	Go	GW	1	1	0.5	1	0.0	1	0.9965	0.9961625439413659	-0.003877235421559179
4v17v6gmgneye8dtdtc24edi	1	1	68	17	1	Go	GW	1	1	0.591	1	0.0	1	0.9973	0.9978952248243553	-0.0021163663548519084
4v17v6gmgneye8dtdtc24edi	1	1	72	18	1	Go	GW	1	1	0.479	1	1.0	0	0.9992	0.998612295651841	-0.0013930518174729268
4v17v6gmgneye8dtdtc24edi	1	1	74	19	1	Go	GW	1	1	0.453	1	0.0	1	0.9954	0.9946519354210823	-0.005425510405563308
4v17v6gmgneye8dtdtc24edi	1	1	77	20	1	Go	GW	1	1	0.517	1	0.0	1	0.9986	0.99736141274623	-0.0026564194213155685
4v17v6gmgneye8dtdtc24edi	1	1	82	21	1	Go	GW	1	1	0.49	1	0.0	1	0.9984	0.998367366538019	-0.001639875483047165
4v17v6gmgneye8dtdtc24edi	1	1	85	22	1	Go	GW	1	1	0.539	1	0.0	1	0.9994	0.9988530073854356	-0.0011507680592236266
4v17v6gmgneye8dtdtc24edi	1	1	89	23	1	Go	GW	1	1	0.556	1	0.0	1	0.9989	0.9991203341002262	-0.0008819969193016741
4v17v6gmgneye8dtdtc24edi	1	1	95	24	1	Go	GW	1	1	0.425	1	1.0	0	0.9994	0.9992801224835032	-0.000721517780673875
4v17v6gmgneye8dtdtc24edi	1	1	100	25	1	Go	GW	1	1	0.548	1	0.0	1	0.9959	0.996879148538908	-0.003153643057687297
4v17v6gmgneye8dtdtc24edi	1	1	103	26	1	Go	GW	1	1	0.453	1	1.0	0	0.9983	0.99830065696447	-0.0017078226557319697
4v17v6gmgneye8dtdtc24edi	1	1	108	27	1	Go	GW	1	1	0.542	1	0.0	1	0.993	0.9932685106511905	-0.00687311686778263
4v17v6gmgneye8dtdtc24edi	1	1	110	28	1	Go	GW	1	1	0.48	1	0.0	1	0.9959	0.9970471265540256	-0.002976424584562668
4v17v6gmgneye8dtdtc24edi	1	1	113	29	1	Go	GW	1	1	0.49	1	0.0	1	0.9986	0.9982700317651472	-0.0017382968879935286
4v17v6gmgneye8dtdtc24edi	1	1	119	30	1	Go	GW	1	1	0.496	1	0.0	1	0.9987	0.9988185940489042	-0.001185472025004885
4v17v6gmgneye8dtdtc24edi	1	1	1	1	0	No-Go	NGAL	0	1	0.771	0	1.0	1	0.5681	0.5695824711796349	-0.5749946808323506
4v17v6gmgneye8dtdtc24edi	1	1	5	2	0	No-Go	NGAL	0	1	0.694	0	0.0	0	0.7379	0.7376017733280219	-0.31101580682585084
4v17v6gmgneye8dtdtc24edi	1	1	12	3	0	No-Go	NGAL	0	1	1.357	0	0.0	0	0.5585	0.5491644604727044	-0.6131083634489435
4v17v6gmgneye8dtdtc24edi	1	1	14	4	0	No-Go	NGAL	0	0		1	0.0	1	0.3696	0.6333211583508664	-0.47058730782081454
4v17v6gmgneye8dtdtc24edi	1	1	17	5	0	No-Go	NGAL	0	0		1	0.0	1	0.2172	0.7817108122250243	-0.2553981064558276
4v17v6gmgneye8dtdtc24edi	1	1	24	6	0	No-Go	NGAL	0	0		1	0.0	1	0.1257	0.8708162159565778	-0.14320025656904387
4v17v6gmgneye8dtdtc24edi	1	1	25	7	0	No-Go	NGAL	0	0		1	1.0	0	0.0801	0.921903504868474	-0.08371106571021582
4v17v6gmgneye8dtdtc24edi	1	1	30	8	0	No-Go	NGAL	0	0		1	0.0	1	0.1119	0.8941157289016699	-0.11508223356529175
4v17v6gmgneye8dtdtc24edi	1	1	33	9	0	No-Go	NGAL	0	0		1	0.0	1	0.0641	0.9356653038159788	-0.06805621669999067
4v17v6gmgneye8dtdtc24edi	1	1	39	10	0	No-Go	NGAL	0	0		1	0.0	1	0.0405	0.9594892666074891	-0.04211937528051207
4v17v6gmgneye8dtdtc24edi	1	1	41	11	0	No-Go	NGAL	0	0		1	0.0	1	0.0268	0.9735401868424962	-0.02719963091862334
4v17v6gmgneye8dtdtc24edi	1	1	47	12	0	No-Go	NGAL	0	0		1	0.0	1	0.016	0.982091701326748	-0.018269228951354237
4v17v6gmgneye8dtdtc24edi	1	1	50	13	0	No-Go	NGAL	0	0		1	1.0	0	0.0122	0.9874614480223226	-0.012724927845082685
4v17v6gmgneye8dtdtc24edi	1	1	54	14	0	No-Go	NGAL	0	0		1	0.0	1	0.0179	0.9812062802997527	-0.01916110341079381
4v17v6gmgneye8dtdtc24edi	1	1	57	15	0	No-Go	NGAL	0	0		1	0.0	1	0.0148	0.9870069762015319	-0.013178123487041662
4v17v6gmgneye8dtdtc24edi	1	1	61	16	0	No-Go	NGAL	0	0		1	0.0	1	0.0109	0.990687700274484	-0.009412188055039374
4v17v6gmgneye8dtdtc24edi	1	1	66	17	0	No-Go	NGAL	0	0		1	0.0	1	0.007	0.9931030323133023	-0.006954322855178811
4v17v6gmgneye8dtdtc24edi	1	1	69	18	0	No-Go	NGAL	0	0		1	1.0	0	0.0056	0.9947356877779121	-0.005299221994592408
4v17v6gmgneye8dtdtc24edi	1	1	75	19	0	No-Go	NGAL	0	0		1	0.0	1	0.0102	0.9915003884189464	-0.00859012294563952
4v17v6gmgneye8dtdtc24edi	1	1	80	20	0	No-Go	NGAL	0	0		1	0.0	1	0.0064	0.9937237221777313	-0.0063262384466301865
4v17v6gmgneye8dtdtc24edi	1	1	83	21	0	No-Go	NGAL	0	0		1	0.0	1	0.0058	0.9952004065496287	-0.004829762698309945
4v17v6gmgneye8dtdtc24edi	1	1	87	22	0	No-Go	NGAL	0	0		1	0.0	1	0.0037	0.9962160436765738	-0.0038035100467924887
4v17v6gmgneye8dtdtc24edi	1	1	91	23	0	No-Go	NGAL	0	0		1	0.0	1	0.0031	0.9969350292941658	-0.0030784343231168246
4v17v6gmgneye8dtdtc24edi	1	1	94	24	0	No-Go	NGAL	0	0		1	1.0	0	0.0023	0.9974566659025191	-0.0025531116652186114
4v17v6gmgneye8dtdtc24edi	1	1	98	25	0	No-Go	NGAL	0	0		1	0.0	1	0.0048	0.995596662627747	-0.004436927492384576
4v17v6gmgneye8dtdtc24edi	1	1	104	26	0	No-Go	NGAL	0	0		1	0.0	1	0.003	0.9965485946257402	-0.003471370149751628
4v17v6gmgneye8dtdtc24edi	1	1	107	27	0	No-Go	NGAL	0	0		1	0.0	1	0.0025	0.9972030551377588	-0.0028101856851747036
4v17v6gmgneye8dtdtc24edi	1	1	109	28	0	No-Go	NGAL	0	0		1	0.0	1	0.0018	0.9976700218627982	-0.0023394527800526597
4v17v6gmgneye8dtdtc24edi	1	1	115	29	0	No-Go	NGAL	0	0		1	1.0	0	0.0019	0.9980129478820572	-0.001994238803413654
4v17v6gmgneye8dtdtc24edi	1	1	118	30	0	No-Go	NGAL	0	0		1	0.0	1	0.004	0.9963937939061384	-0.0036359252208004954
4v17v6gmgneye8dtdtc24edi	1	1	4	1	1	No-Go	NGW	0	0		1	0.0	1	0.4428	0.5577388134298114	-0.6108483868379057
4v17v6gmgneye8dtdtc24edi	1	1	7	2	1	No-Go	NGW	0	1	1.44	0	1.0	1	0.2791	0.273527898617887	-1.3818801079753482
4v17v6gmgneye8dtdtc24edi	1	1	10	3	1	No-Go	NGW	0	0		1	0.0	1	0.6715	0.33074091217457147	-1.2346071766056073
4v17v6gmgneye8dtdtc24edi	1	1	16	4	1	No-Go	NGW	0	0		1	0.0	1	0.5156	0.48586633952868885	-0.7895090470175274
4v17v6gmgneye8dtdtc24edi	1	1	18	5	1	No-Go	NGW	0	1	1.129	0	0.0	0	0.3684	0.3715813381239657	-1.0791208546668716
4v17v6gmgneye8dtdtc24edi	1	1	21	6	1	No-Go	NGW	0	0		1	1.0	0	0.1965	0.806389280552037	-0.22672162328070625
4v17v6gmgneye8dtdtc24edi	1	1	27	7	1	No-Go	NGW	0	0		1	0.0	1	0.38	0.621866318609052	-0.5052822885192263
4v17v6gmgneye8dtdtc24edi	1	1	29	8	1	No-Go	NGW	0	0		1	0.0	1	0.2463	0.755348923691036	-0.29481223802399364
4v17v6gmgneye8dtdtc24edi	1	1	35	9	1	No-Go	NGW	0	0		1	0.0	1	0.1499	0.8436444266243468	-0.17687582429774332
4v17v6gmgneye8dtdtc24edi	1	1	38	10	1	No-Go	NGW	0	0		1	0.0	1	0.1021	0.8987954686156009	-0.11003821414165743
4v17v6gmgneye8dtdtc24edi	1	1	42	11	1	No-Go	NGW	0	0		1	0.0	1	0.0646	0.9328546658632795	-0.07117342117982971
4v17v6gmgneye8dtdtc24edi	1	1	48	12	1	No-Go	NGW	0	0		1	1.0	0	0.0465	0.9541059840084528	-0.04784489103090922
4v17v6gmgneye8dtdtc24edi	1	1	52	13	1	No-Go	NGW	0	0		1	0.0	1	0.1248	0.8744951857975293	-0.13869552477089284
4v17v6gmgneye8dtdtc24edi	1	1	56	14	1	No-Go	NGW	0	0		1	0.0	1	0.0785	0.9193998107720316	-0.086054901757881
4v17v6gmgneye8dtdtc24edi	1	1	59	15	1	No-Go	NGW	0	0		1	0.0	1	0.0563	0.9463538735542443	-0.05614567895861547
4v17v6gmgneye8dtdtc24edi	1	1	63	16	1	No-Go	NGW	0	0		1	0.0	1	0.0407	0.9629518012968018	-0.03829443012681307
4v17v6gmgneye8dtdtc24edi	1	1	65	17	1	No-Go	NGW	0	0		1	0.0	1	0.0274	0.9734908766180983	-0.02717843704637845
4v17v6gmgneye8dtdtc24edi	1	1	71	18	1	No-Go	NGW	0	0		1	0.0	1	0.0207	0.980389912185609	-0.01999490260234187
4v17v6gmgneye8dtdtc24edi	1	1	73	19	1	No-Go	NGW	0	0		1	1.0	0	0.0161	0.9850374221929021	-0.015198367688325451
4v17v6gmgneye8dtdtc24edi	1	1	78	20	1	No-Go	NGW	0	0		1	0.0	1	0.0527	0.9486645707823207	-0.05444392788336887
4v17v6gmgneye8dtdtc24edi	1	1	81	21	1	No-Go	NGW	0	0		1	0.0	1	0.0358	0.9652658212610844	-0.036079913269989786
4v17v6gmgneye8dtdtc24edi	1	1	88	22	1	No-Go	NGW	0	1	1.352	0	0.0	0	0.0264	0.02461703400753296	-4.246965039302429
4v17v6gmgneye8dtdtc24edi	1	1	90	23	1	No-Go	NGW	0	0		1	1.0	0	0.0107	0.9893096279907795	-0.010814520734550071
4v17v6gmgneye8dtdtc24edi	1	1	96	24	1	No-Go	NGW	0	0		1	0.0	1	0.0346	0.9650741583707877	-0.03631634277295391
4v17v6gmgneye8dtdtc24edi	1	1	99	25	1	No-Go	NGW	0	0		1	0.0	1	0.0242	0.9778876836241458	-0.022637807579563192
4v17v6gmgneye8dtdtc24edi	1	1	102	26	1	No-Go	NGW	0	0		1	0.0	1	0.0135	0.9851094507908114	-0.015131568115424541
4v17v6gmgneye8dtdtc24edi	1	1	105	27	1	No-Go	NGW	0	0		1	0.0	1	0.0103	0.9894621615289183	-0.010663071449643192
4v17v6gmgneye8dtdtc24edi	1	1	112	28	1	No-Go	NGW	0	0		1	0.0	1	0.008	0.9922286688498198	-0.007842663552149584
4v17v6gmgneye8dtdtc24edi	1	1	114	29	1	No-Go	NGW	0	0		1	1.0	0	0.0054	0.9940636830940375	-0.005980049858397645
4v17v6gmgneye8dtdtc24edi	1	1	117	30	1	No-Go	NGW	0	0		1	0.0	1	0.0212	0.9788774234745837	-0.02169578273233624
4v17v6gmgneye8dtdtc24edi	1	1	2	1	0	Go	GAL	1	0		0	0.0	0	0.5705	0.4304175288203651	-0.8636745659036731
4v17v6gmgneye8dtdtc24edi	1	1	8	2	0	Go	GAL	1	0		0	0.0	0	0.6425	0.3597357625627666	-1.0487534673157555
4v17v6gmgneye8dtdtc24edi	1	1	11	3	0	Go	GAL	1	1	1.176	1	0.0	1	0.6949	0.7005077740742168	-0.36466442019175244
4v17v6gmgneye8dtdtc24edi	1	1	13	4	0	Go	GAL	1	1	1.267	1	1.0	0	0.8249	0.8299269588039005	-0.19112983494537747
4v17v6gmgneye8dtdtc24edi	1	1	19	5	0	Go	GAL	1	0		0	0.0	0	0.6869	0.31668041648807693	-1.1966108808868536
4v17v6gmgneye8dtdtc24edi	1	1	22	6	0	Go	GAL	1	1	1.051	1	0.0	1	0.734	0.7349684939199902	-0.31795416134083937
4v17v6gmgneye8dtdtc24edi	1	1	26	7	0	Go	GAL	1	1	0.722	1	0.0	1	0.8505	0.8530086919969723	-0.1635742306051057
4v17v6gmgneye8dtdtc24edi	1	1	31	8	0	Go	GAL	1	0		0	1.0	1	0.9167	0.0830496645305458	-2.79500315378053
4v17v6gmgneye8dtdtc24edi	1	1	36	9	0	Go	GAL	1	1	1.371	1	0.0	1	0.8273	0.8341858170878601	-0.18575783913488203
4v17v6gmgneye8dtdtc24edi	1	1	37	10	0	Go	GAL	1	1	0.668	1	0.0	1	0.9057	0.900589142091828	-0.10689540092892916
4v17v6gmgneye8dtdtc24edi	1	1	43	11	0	Go	GAL	1	0		0	0.0	0	0.9393	0.06141710287968474	-3.0621039304788695
4v17v6gmgneye8dtdtc24edi	1	1	45	12	0	Go	GAL	1	1	0.783	1	1.0	0	0.9494	0.9510192700015515	-0.05116730633702875
4v17v6gmgneye8dtdtc24edi	1	1	51	13	0	Go	GAL	1	1	0.574	1	0.0	1	0.8828	0.881407791092202	-0.12954852104428094
4v17v6gmgneye8dtdtc24edi	1	1	55	14	0	Go	GAL	1	1	0.615	1	0.0	1	0.9313	0.9301566385176324	-0.0737995108924335
4v17v6gmgneye8dtdtc24edi	1	1	58	15	0	Go	GAL	1	1	0.554	1	0.0	1	0.9561	0.957052722767456	-0.044550444720320354
4v17v6gmgneye8dtdtc24edi	1	1	62	16	0	Go	GAL	1	1	0.98	1	1.0	0	0.9748	0.97240936244574	-0.028302214110285873
4v17v6gmgneye8dtdtc24edi	1	1	67	17	0	Go	GAL	1	1	0.567	1	0.0	1	0.9261	0.9258374817061323	-0.07885436059758354
4v17v6gmgneye8dtdtc24edi	1	1	70	18	0	Go	GAL	1	1	0.564	1	0.0	1	0.9556	0.9554786469840015	-0.04622840107936589
4v17v6gmgneye8dtdtc24edi	1	1	76	19	0	Go	GAL	1	1	0.752	1	0.0	1	0.9694	0.9718415461489965	-0.0288800472994588
4v17v6gmgneye8dtdtc24edi	1	1	79	20	0	Go	GAL	1	1	0.557	1	0.0	1	0.9815	0.9813258599695961	-0.019013322703578427
4v17v6gmgneye8dtdtc24edi	1	1	84	21	0	Go	GAL	1	1	0.596	1	1.0	0	0.9879	0.987079406892171	-0.01309418689714202
4v17v6gmgneye8dtdtc24edi	1	1	86	22	0	Go	GAL	1	1	0.49	1	0.0	1	0.9597	0.9605239751761802	-0.04112891197033699
4v17v6gmgneye8dtdtc24edi	1	1	92	23	0	Go	GAL	1	1	0.689	1	0.0	1	0.9732	0.9752898407822759	-0.025335213055339412
4v17v6gmgneye8dtdtc24edi	1	1	93	24	0	Go	GAL	1	1	1.303	1	0.0	1	0.9811	0.9836295518737337	-0.016652843721528688
4v17v6gmgneye8dtdtc24edi	1	1	97	25	0	Go	GAL	1	1	0.522	1	0.0	1	0.9886	0.9886211686238581	-0.011522516815109678
4v17v6gmgneye8dtdtc24edi	1	1	101	26	0	Go	GAL	1	1	0.83	1	0.0	1	0.9915	0.9917573836256679	-0.008322667316339074
4v17v6gmgneye8dtdtc24edi	1	1	106	27	0	Go	GAL	1	1	0.618	1	0.0	1	0.9937	0.993809208999086	-0.0062388846534393435
4v17v6gmgneye8dtdtc24edi	1	1	111	28	0	Go	GAL	1	1	0.605	1	1.0	0	0.9956	0.995198365208875	-0.0048324981664537095
4v17v6gmgneye8dtdtc24edi	1	1	116	29	0	Go	GAL	1	1	0.478	1	0.0	1	0.9811	0.9825410100031622	-0.01795407197168034
4v17v6gmgneye8dtdtc24edi	1	1	120	30	0	Go	GAL	1	1	0.476	1	0.0	1	0.9873	0.9883227839909403	-0.011877908345965848
59alhvho5v1e7tbqe6pa4zua	1	2	123	1	0	Go	GAL	1	1	0.454	1	0.0	1	0.675	0.680153925995697	-0.3945345361750268
59alhvho5v1e7tbqe6pa4zua	1	2	126	2	0	Go	GAL	1	1	0.638	1	0.0	1	0.8917	0.8967234389100777	-0.11142302084826283
59alhvho5v1e7tbqe6pa4zua	1	2	131	3	0	Go	GAL	1	1	0.829	1	0.0	1	0.9646	0.964507454068408	-0.03669278102439997
59alhvho5v1e7tbqe6pa4zua	1	2	133	4	0	Go	GAL	1	1	0.739	1	1.0	0	0.986	0.9860426052060437	-0.014186453408602716
59alhvho5v1e7tbqe6pa4zua	1	2	138	5	0	Go	GAL	1	1	0.635	1	0.0	1	0.9186	0.917863414951937	-0.08690839873834835
59alhvho5v1e7tbqe6pa4zua	1	2	141	6	0	Go	GAL	1	1	0.618	1	0.0	1	0.9704	0.9723104541284936	-0.02834269768497998
59alhvho5v1e7tbqe6pa4zua	1	2	147	7	0	Go	GAL	1	1	0.574	1	0.0	1	0.9888	0.9889852349230523	-0.011143667205485284
59alhvho5v1e7tbqe6pa4zua	1	2	150	8	0	Go	GAL	1	1	0.588	1	0.0	1	0.9946	0.9949589946777605	-0.005073532528603998
59alhvho5v1e7tbqe6pa4zua	1	2	155	9	0	Go	GAL	1	1	0.469	1	1.0	0	0.9973	0.9974071581845042	-0.0026028329082751177
59alhvho5v1e7tbqe6pa4zua	1	2	158	10	0	Go	GAL	1	1	0.603	1	0.0	1	0.9783	0.9787075304340426	-0.021754872943147305
59alhvho5v1e7tbqe6pa4zua	1	2	162	11	0	Go	GAL	1	1	0.506	1	0.0	1	0.9908	0.9917021434886512	-0.008372248347073608
59alhvho5v1e7tbqe6pa4zua	1	2	167	12	0	Go	GAL	1	1	0.513	1	1.0	0	0.9957	0.9961499626012281	-0.0038687865926139895
59alhvho5v1e7tbqe6pa4zua	1	2	170	13	0	Go	GAL	1	1	0.49	1	0.0	1	0.9689	0.9674007149762963	-0.03389259014522466
59alhvho5v1e7tbqe6pa4zua	1	2	173	14	0	Go	GAL	1	1	0.548	1	0.0	1	0.9901	0.9885814943793779	-0.011561184720348063
59alhvho5v1e7tbqe6pa4zua	1	2	177	15	0	Go	GAL	1	1	0.399	1	0.0	1	0.9958	0.9950684465743521	-0.0049613763189694255
59alhvho5v1e7tbqe6pa4zua	1	2	181	16	0	Go	GAL	1	1	0.62	1	0.0	1	0.9977	0.9975191334897612	-0.0024896304375301268
59alhvho5v1e7tbqe6pa4zua	1	2	188	17	0	Go	GAL	1	1	0.499	1	0.0	1	0.9983	0.9985970369760411	-0.0014062020254334224
59alhvho5v1e7tbqe6pa4zua	1	2	189	18	0	Go	GAL	1	1	0.386	1	0.0	1	0.9994	0.9991281545578906	-0.000873274425132253
59alhvho5v1e7tbqe6pa4zua	1	2	195	19	0	Go	GAL	1	1	0.467	1	1.0	0	0.9992	0.9994140919456893	-0.0005866379749355226
59alhvho5v1e7tbqe6pa4zua	1	2	198	20	0	Go	GAL	1	1	0.489	1	0.0	1	0.9927	0.9929962316934569	-0.007106336512801136
59alhvho5v1e7tbqe6pa4zua	1	2	203	21	0	Go	GAL	1	1	0.477	1	0.0	1	0.9971	0.9969269650283646	-0.0030901749002463174
59alhvho5v1e7tbqe6pa4zua	1	2	206	22	0	Go	GAL	1	1	0.502	1	0.0	1	0.9982	0.9983841781645758	-0.00162080750365167
59alhvho5v1e7tbqe6pa4zua	1	2	209	23	0	Go	GAL	1	1	0.472	1	1.0	0	0.9987	0.9990370331820806	-0.0009649163388501276
59alhvho5v1e7tbqe6pa4zua	1	2	213	24	0	Go	GAL	1	1	0.502	1	0.0	1	0.9871	0.9886328631371756	-0.011657372977424087
59alhvho5v1e7tbqe6pa4zua	1	2	218	25	0	Go	GAL	1	1	0.414	1	0.0	1	0.996	0.9955493814052007	-0.004486782054785243
59alhvho5v1e7tbqe6pa4zua	1	2	223	26	0	Go	GAL	1	1	0.458	1	0.0	1	0.9981	0.9978382597144042	-0.0021704907702196474
59alhvho5v1e7tbqe6pa4zua	1	2	226	27	0	Go	GAL	1	1	0.484	1	0.0	1	0.9988	0.9987839210944188	-0.0012191004966940107
59alhvho5v1e7tbqe6pa4zua	1	2	231	28	0	Go	GAL	1	1	0.39	1	0.0	1	0.9994	0.9992376876009792	-0.00076362824661599
59alhvho5v1e7tbqe6pa4zua	1	2	233	29	0	Go	GAL	1	1	0.408	1	1.0	0	0.9996	0.999480117187446	-0.0005205617675737491
59alhvho5v1e7tbqe6pa4zua	1	2	237	30	0	Go	GAL	1	1	0.375	1	0.0	1	0.9936	0.9931601149512018	-0.006959709163252864
59alhvho5v1e7tbqe6pa4zua	1	2	124	1	1	Go	GW	1	1	0.87	1	1.0	0	0.8595	0.8665729715457899	-0.1496718374407908
59alhvho5v1e7tbqe6pa4zua	1	2	128	2	1	Go	GW	1	1	1.113	1	0.0	1	0.6186	0.6176218261288672	-0.5261603332890825
59alhvho5v1e7tbqe6pa4zua	1	2	130	3	1	Go	GW	1	1	0.845	1	0.0	1	0.95	0.9500742464723971	-0.05283380463928181
59alhvho5v1e7tbqe6pa4zua	1	2	134	4	1	Go	GW	1	1	0.543	1	0.0	1	0.9905	0.9889498551441087	-0.011325480894378365
59alhvho5v1e7tbqe6pa4zua	1	2	140	5	1	Go	GW	1	1	0.552	1	0.0	1	0.9972	0.9964968248261603	-0.0035477159323380977
59alhvho5v1e7tbqe6pa4zua	1	2	144	6	1	Go	GW	1	1	0.548	1	0.0	1	0.9986	0.998608887106638	-0.0014008636910977732
59alhvho5v1e7tbqe6pa4zua	1	2	148	7	1	Go	GW	1	1	0.506	1	0.0	1	0.9994	0.999350020237454	-0.0006526063340414966
59alhvho5v1e7tbqe6pa4zua	1	2	152	8	1	Go	GW	1	1	0.599	1	0.0	1	0.9998	0.9996539332992516	-0.0003468980665693464
59alhvho5v1e7tbqe6pa4zua	1	2	156	9	1	Go	GW	1	1	0.387	1	0.0	1	0.9998	0.9997938251616815	-0.00020647780249540956
59alhvho5v1e7tbqe6pa4zua	1	2	157	10	1	Go	GW	1	1	0.555	1	1.0	0	1.0	0.999864289957674	-0.00013583695373673576
59alhvho5v1e7tbqe6pa4zua	1	2	161	11	1	Go	GW	1	1	0.44	1	1.0	0	0.9983	0.9985487619301199	-0.0014589177916786832
59alhvho5v1e7tbqe6pa4zua	1	2	165	12	1	Go	GW	1	1	0.507	1	0.0	1	0.9862	0.9868562227674625	-0.013836254723638723
59alhvho5v1e7tbqe6pa4zua	1	2	171	13	1	Go	GW	1	1	0.545	1	0.0	1	0.9973	0.9973953488532851	-0.0026244769630752603
59alhvho5v1e7tbqe6pa4zua	1	2	176	14	1	Go	GW	1	1	0.428	1	0.0	1	0.9987	0.9990412989862186	-0.0009623724796973671
59alhvho5v1e7tbqe6pa4zua	1	2	178	15	1	Go	GW	1	1	0.421	1	0.0	1	0.9993	0.9995456370028336	-0.00045538895974808676
59alhvho5v1e7tbqe6pa4zua	1	2	184	16	1	Go	GW	1	1	0.536	1	0.0	1	0.9999	0.9997472786517488	-0.0002530784960438614
59alhvho5v1e7tbqe6pa4zua	1	2	185	17	1	Go	GW	1	1	0.408	1	0.0	1	1.0	0.9998412427415525	-0.00015890445814425406
59alhvho5v1e7tbqe6pa4zua	1	2	192	18	1	Go	GW	1	1	0.55	1	0.0	1	0.9999	0.9998898263183008	-0.00011024478636665765
59alhvho5v1e7tbqe6pa4zua	1	2	196	19	1	Go	GW	1	1	0.511	1	1.0	0	0.9998	0.9999169559477609	-8.308440143907689e-05
59alhvho5v1e7tbqe6pa4zua	1	2	197	20	1	Go	GW	1	1	0.491	1	0.0	1	0.9985	0.9988609878997952	-0.0011451808870702796
59alhvho5v1e7tbqe6pa4zua	1	2	201	21	1	Go	GW	1	1	0.45	1	0.0	1	0.9997	0.9995861258540354	-0.00041453385769979424
59alhvho5v1e7tbqe6pa4zua	1	2	205	22	1	Go	GW	1	1	0.398	1	0.0	1	0.9997	0.9997829152703275	-0.00021728538979848527
59alhvho5v1e7tbqe6pa4zua	1	2	212	23	1	Go	GW	1	1	0.474	1	1.0	0	0.9998	0.9998638231187651	-0.00013626324418702086
59alhvho5v1e7tbqe6pa4zua	1	2	216	24	1	Go	GW	1	1	1.047	1	0.0	1	0.9978	0.9982016101692085	-0.0018116804328155078
59alhvho5v1e7tbqe6pa4zua	1	2	217	25	1	Go	GW	1	1	0.44	1	0.0	1	0.9994	0.9994169613241124	-0.0005842696362636335
59alhvho5v1e7tbqe6pa4zua	1	2	222	26	1	Go	GW	1	1	0.452	1	0.0	1	0.9998	0.9997190510133313	-0.0002812675962028377
59alhvho5v1e7tbqe6pa4zua	1	2	227	27	1	Go	GW	1	1	0.419	1	0.0	1	0.9999	0.9998344962885565	-0.00016562516736912144
59alhvho5v1e7tbqe6pa4zua	1	2	229	28	1	Go	GW	1	1	0.478	1	0.0	1	0.9999	0.9998884761574838	-0.00011158329221859712
59alhvho5v1e7tbqe6pa4zua	1	2	234	29	1	Go	GW	1	1	0.421	1	1.0	0	0.9999	0.9999170087831444	-8.30266448120199e-05
59alhvho5v1e7tbqe6pa4zua	1	2	240	30	1	Go	GW	1	1	0.412	1	0.0	1	0.9989	0.9987877999196271	-0.0012192862858468607
59alhvho5v1e7tbqe6pa4zua	1	2	122	1	0	No-Go	NGAL	0	1	0.565	0	0.0	0	0.6777	0.680153925995697	-0.3945345361750268
59alhvho5v1e7tbqe6pa4zua	1	2	127	2	0	No-Go	NGAL	0	0		1	0.0	1	0.3373	0.6649602507081589	-0.42431800917731854
59alhvho5v1e7tbqe6pa4zua	1	2	129	3	0	No-Go	NGAL	0	0		1	1.0	0	0.1131	0.8853642508723261	-0.12670640784799792
59alhvho5v1e7tbqe6pa4zua	1	2	135	4	0	No-Go	NGAL	0	0		1	0.0	1	0.2722	0.7320852383035723	-0.3391819648166899
59alhvho5v1e7tbqe6pa4zua	1	2	137	5	0	No-Go	NGAL	0	0		1	0.0	1	0.0878	0.9091629235117799	-0.09951027492873032
59alhvho5v1e7tbqe6pa4zua	1	2	142	6	0	No-Go	NGAL	0	0		1	0.0	1	0.0315	0.9670844225545768	-0.034300145036392136
59alhvho5v1e7tbqe6pa4zua	1	2	146	7	0	No-Go	NGAL	0	0		1	0.0	1	0.013	0.9864769952220876	-0.013805911249150031
59alhvho5v1e7tbqe6pa4zua	1	2	149	8	0	No-Go	NGAL	0	0		1	0.0	1	0.0063	0.9937333525601313	-0.0063376141621775675
59alhvho5v1e7tbqe6pa4zua	1	2	153	9	0	No-Go	NGAL	0	0		1	1.0	0	0.0031	0.9967693639676485	-0.003251873541390498
59alhvho5v1e7tbqe6pa4zua	1	2	159	10	0	No-Go	NGAL	0	0		1	0.0	1	0.0147	0.9861262850537831	-0.014257083314236741
59alhvho5v1e7tbqe6pa4zua	1	2	164	11	0	No-Go	NGAL	0	0		1	0.0	1	0.0047	0.9940795994302462	-0.005986875496445085
59alhvho5v1e7tbqe6pa4zua	1	2	166	12	0	No-Go	NGAL	0	0		1	0.0	1	0.0033	0.9970537483459557	-0.0029635672150794866
59alhvho5v1e7tbqe6pa4zua	1	2	169	13	0	No-Go	NGAL	0	0		1	0.0	1	0.0023	0.9983500854767848	-0.001655741744882053
59alhvho5v1e7tbqe6pa4zua	1	2	175	14	0	No-Go	NGAL	0	0		1	1.0	0	0.001	0.9989833014337912	-0.0010190887293748789
59alhvho5v1e7tbqe6pa4zua	1	2	179	15	0	No-Go	NGAL	0	0		1	0.0	1	0.005	0.9938890188362469	-0.006243896856587436
59alhvho5v1e7tbqe6pa4zua	1	2	183	16	0	No-Go	NGAL	0	0		1	1.0	0	0.0027	0.9972690469491223	-0.0027506631447078243
59alhvho5v1e7tbqe6pa4zua	1	2	186	17	0	No-Go	NGAL	0	0		1	0.0	1	0.0202	0.9805949603817778	-0.022209672132970096
59alhvho5v1e7tbqe6pa4zua	1	2	191	18	0	No-Go	NGAL	0	0		1	0.0	1	0.0072	0.9933626467775417	-0.006811787381699962
59alhvho5v1e7tbqe6pa4zua	1	2	193	19	0	No-Go	NGAL	0	0		1	0.0	1	0.0023	0.9971140933541268	-0.0029114659234594094
59alhvho5v1e7tbqe6pa4zua	1	2	199	20	0	No-Go	NGAL	0	0		1	0.0	1	0.0015	0.9984891998093255	-0.0015171948993170355
59alhvho5v1e7tbqe6pa4zua	1	2	204	21	0	No-Go	NGAL	0	0		1	1.0	0	0.0011	0.9990953106229267	-0.0009069659966498304
59alhvho5v1e7tbqe6pa4zua	1	2	208	22	0	No-Go	NGAL	0	0		1	0.0	1	0.0073	0.9930567958674599	-0.0072097855188685825
59alhvho5v1e7tbqe6pa4zua	1	2	211	23	0	No-Go	NGAL	0	0		1	0.0	1	0.0029	0.9971670823729972	-0.002862330571535118
59alhvho5v1e7tbqe6pa4zua	1	2	215	24	0	No-Go	NGAL	0	0		1	0.0	1	0.0016	0.9985585142626429	-0.0014480635198001986
59alhvho5v1e7tbqe6pa4zua	1	2	219	25	0	No-Go	NGAL	0	0		1	0.0	1	0.001	0.999145703929095	-0.0008565282941529189
59alhvho5v1e7tbqe6pa4zua	1	2	224	26	0	No-Go	NGAL	0	0		1	1.0	0	0.0011	0.99943435282307	-0.0005666535387456942
59alhvho5v1e7tbqe6pa4zua	1	2	225	27	0	No-Go	NGAL	0	0		1	0.0	1	0.0054	0.9953998408050777	-0.0047232500149746144
59alhvho5v1e7tbqe6pa4zua	1	2	230	28	0	No-Go	NGAL	0	0		1	0.0	1	0.0022	0.9980127637407135	-0.0020024587481363354
59alhvho5v1e7tbqe6pa4zua	1	2	235	29	0	No-Go	NGAL	0	0		1	0.0	1	0.0013	0.9989312769999071	-0.0010726041629548636
59alhvho5v1e7tbqe6pa4zua	1	2	239	30	0	No-Go	NGAL	0	0		1	0.0	1	0.0005	0.9993349782486499	-0.0006664993402351831
59alhvho5v1e7tbqe6pa4zua	1	2	121	1	1	No-Go	NGW	0	1	0.934	0	0.0	0	0.8648	0.8665729715457899	-0.1496718374407908
59alhvho5v1e7tbqe6pa4zua	1	2	125	2	1	No-Go	NGW	0	1	0.662	0	1.0	1	0.6123	0.6176218261288672	-0.5261603332890825
59alhvho5v1e7tbqe6pa4zua	1	2	132	3	1	No-Go	NGW	0	1	1.335	0	0.0	0	0.947	0.9500742464723971	-0.05283380463928181
59alhvho5v1e7tbqe6pa4zua	1	2	136	4	1	No-Go	NGW	0	1	0.975	0	0.0	0	0.8104	0.810029955733853	-0.2245442308950465
59alhvho5v1e7tbqe6pa4zua	1	2	139	5	1	No-Go	NGW	0	0		1	0.0	1	0.534	0.4639294097050867	-0.8672405391447559
59alhvho5v1e7tbqe6pa4zua	1	2	143	6	1	No-Go	NGW	0	0		1	0.0	1	0.2303	0.7663058770291463	-0.29497452469759167
59alhvho5v1e7tbqe6pa4zua	1	2	145	7	1	No-Go	NGW	0	0		1	0.0	1	0.0888	0.90713643324977	-0.10398582036309403
59alhvho5v1e7tbqe6pa4zua	1	2	151	8	1	No-Go	NGW	0	0		1	0.0	1	0.0394	0.9611774562475622	-0.04109412888690557
59alhvho5v1e7tbqe6pa4zua	1	2	154	9	1	No-Go	NGW	0	0		1	0.0	1	0.0159	0.9822045399626981	-0.018341898760278752
59alhvho5v1e7tbqe6pa4zua	1	2	160	10	1	No-Go	NGW	0	0		1	1.0	0	0.0085	0.991011324264186	-0.009143867666767396
59alhvho5v1e7tbqe6pa4zua	1	2	163	11	1	No-Go	NGW	0	0		1	0.0	1	0.0594	0.9382880197040893	-0.06598937619387565
59alhvho5v1e7tbqe6pa4zua	1	2	168	12	1	No-Go	NGW	0	0		1	0.0	1	0.0274	0.9745280581512669	-0.026308400896937638
59alhvho5v1e7tbqe6pa4zua	1	2	172	13	1	No-Go	NGW	0	0		1	0.0	1	0.0115	0.9880082007900248	-0.012208047962494951
59alhvho5v1e7tbqe6pa4zua	1	2	174	14	1	No-Go	NGW	0	0		1	0.0	1	0.0065	0.9936798761463106	-0.006388878935613914
59alhvho5v1e7tbqe6pa4zua	1	2	180	15	1	No-Go	NGW	0	0		1	1.0	0	0.0029	0.996333336195128	-0.0036926259461994675
59alhvho5v1e7tbqe6pa4zua	1	2	182	16	1	No-Go	NGW	0	0		1	1.0	0	0.033	0.9671587914986358	-0.0345049119411727
59alhvho5v1e7tbqe6pa4zua	1	2	187	17	1	No-Go	NGW	0	0		1	0.0	1	0.1871	0.8130129244022978	-0.247036069509881
59alhvho5v1e7tbqe6pa4zua	1	2	190	18	1	No-Go	NGW	0	0		1	0.0	1	0.0645	0.9346761150583716	-0.07090715888069361
59alhvho5v1e7tbqe6pa4zua	1	2	194	19	1	No-Go	NGW	0	0		1	0.0	1	0.0284	0.9744332575571054	-0.02644733384965325
59alhvho5v1e7tbqe6pa4zua	1	2	200	20	1	No-Go	NGW	0	0		1	0.0	1	0.0112	0.9883103352742448	-0.011896310613808518
59alhvho5v1e7tbqe6pa4zua	1	2	202	21	1	No-Go	NGW	0	0		1	1.0	0	0.0067	0.9939127023568864	-0.006150997778946793
59alhvho5v1e7tbqe6pa4zua	1	2	207	22	1	No-Go	NGW	0	0		1	0.0	1	0.0523	0.9478524155619176	-0.05628572395154843
59alhvho5v1e7tbqe6pa4zua	1	2	210	23	1	No-Go	NGW	0	0		1	0.0	1	0.0186	0.9793538216354613	-0.02128214598666251
59alhvho5v1e7tbqe6pa4zua	1	2	214	24	1	No-Go	NGW	0	0		1	0.0	1	0.011	0.9903623323874268	-0.009789684184958597
59alhvho5v1e7tbqe6pa4zua	1	2	220	25	1	No-Go	NGW	0	0		1	0.0	1	0.0054	0.9948638061767002	-0.005184673961338874
59alhvho5v1e7tbqe6pa4zua	1	2	221	26	1	No-Go	NGW	0	0		1	0.0	1	0.0022	0.99695790076953	-0.00306117850279014
59alhvho5v1e7tbqe6pa4zua	1	2	228	27	1	No-Go	NGW	0	0		1	0.0	1	0.0019	0.9980358686671458	-0.0019729975384352354
59alhvho5v1e7tbqe6pa4zua	1	2	232	28	1	No-Go	NGW	0	0		1	0.0	1	0.001	0.9986373837061016	-0.0013673435338523818
59alhvho5v1e7tbqe6pa4zua	1	2	236	29	1	No-Go	NGW	0	0		1	0.0	1	0.0009	0.9989957204161658	-0.0010071099424187272
59alhvho5v1e7tbqe6pa4zua	1	2	238	30	1	No-Go	NGW	0	0		1	1.0	0	0.0006	0.9992209760184327	-0.0007808932462864399
59alhvho5v1e7tbqe6pa4zua	1	1	4	1	0	Go	GAL	1	1	0.623	1	0.0	1	0.6827	0.680153925995697	-0.3945345361750268
59alhvho5v1e7tbqe6pa4zua	1	1	8	2	0	Go	GAL	1	1	0.681	1	0.0	1	0.8946	0.8967234389100777	-0.11142302084826283
59alhvho5v1e7tbqe6pa4zua	1	1	12	3	0	Go	GAL	1	1	0.59	1	0.0	1	0.9617	0.964507454068408	-0.03669278102439997
59alhvho5v1e7tbqe6pa4zua	1	1	15	4	0	Go	GAL	1	1	0.712	1	1.0	0	0.9851	0.9860426052060437	-0.014186453408602716
59alhvho5v1e7tbqe6pa4zua	1	1	18	5	0	Go	GAL	1	1	0.658	1	0.0	1	0.9139	0.917863414951937	-0.08690839873834835
59alhvho5v1e7tbqe6pa4zua	1	1	24	6	0	Go	GAL	1	1	1.03	1	0.0	1	0.9761	0.9723104541284936	-0.02834269768497998
59alhvho5v1e7tbqe6pa4zua	1	1	25	7	0	Go	GAL	1	1	0.528	1	0.0	1	0.9894	0.9889852349230523	-0.011143667205485284
59alhvho5v1e7tbqe6pa4zua	1	1	32	8	0	Go	GAL	1	1	1.126	1	0.0	1	0.9953	0.9949589946777605	-0.005073532528603998
59alhvho5v1e7tbqe6pa4zua	1	1	33	9	0	Go	GAL	1	1	0.614	1	1.0	0	0.9982	0.9974071581845042	-0.0026028329082751177
59alhvho5v1e7tbqe6pa4zua	1	1	38	10	0	Go	GAL	1	1	0.83	1	0.0	1	0.9755	0.9787075304340426	-0.021754872943147305
59alhvho5v1e7tbqe6pa4zua	1	1	42	11	0	Go	GAL	1	1	1.222	1	0.0	1	0.9915	0.9917021434886512	-0.008372248347073608
59alhvho5v1e7tbqe6pa4zua	1	1	47	12	0	Go	GAL	1	1	0.939	1	1.0	0	0.9956	0.9961499626012281	-0.0038687865926139895
59alhvho5v1e7tbqe6pa4zua	1	1	52	13	0	Go	GAL	1	1	0.937	1	0.0	1	0.9675	0.9674007149762963	-0.03389259014522466
59alhvho5v1e7tbqe6pa4zua	1	1	56	14	0	Go	GAL	1	1	0.604	1	0.0	1	0.9876	0.9885814943793779	-0.011561184720348063
59alhvho5v1e7tbqe6pa4zua	1	1	57	15	0	Go	GAL	1	1	0.601	1	0.0	1	0.9956	0.9950684465743521	-0.0049613763189694255
59alhvho5v1e7tbqe6pa4zua	1	1	62	16	0	Go	GAL	1	1	0.595	1	0.0	1	0.998	0.9975191334897612	-0.0024896304375301268
59alhvho5v1e7tbqe6pa4zua	1	1	66	17	0	Go	GAL	1	1	0.512	1	0.0	1	0.9988	0.9985970369760411	-0.0014062020254334224
59alhvho5v1e7tbqe6pa4zua	1	1	72	18	0	Go	GAL	1	1	0.565	1	0.0	1	0.9985	0.9991281545578906	-0.000873274425132253
59alhvho5v1e7tbqe6pa4zua	1	1	74	19	0	Go	GAL	1	1	0.646	1	1.0	0	0.999	0.9994140919456893	-0.0005866379749355226
59alhvho5v1e7tbqe6pa4zua	1	1	79	20	0	Go	GAL	1	1	0.577	1	0.0	1	0.9932	0.9929962316934569	-0.007106336512801136
59alhvho5v1e7tbqe6pa4zua	1	1	82	21	0	Go	GAL	1	1	0.547	1	0.0	1	0.997	0.9969269650283646	-0.0030901749002463174
59alhvho5v1e7tbqe6pa4zua	1	1	87	22	0	Go	GAL	1	1	0.447	1	0.0	1	0.9986	0.9983841781645758	-0.00162080750365167
59alhvho5v1e7tbqe6pa4zua	1	1	90	23	0	Go	GAL	1	1	0.412	1	1.0	0	0.999	0.9990370331820806	-0.0009649163388501276
59alhvho5v1e7tbqe6pa4zua	1	1	93	24	0	Go	GAL	1	1	0.484	1	0.0	1	0.9878	0.9886328631371756	-0.011657372977424087
59alhvho5v1e7tbqe6pa4zua	1	1	99	25	0	Go	GAL	1	1	0.439	1	0.0	1	0.9962	0.9955493814052007	-0.004486782054785243
59alhvho5v1e7tbqe6pa4zua	1	1	101	26	0	Go	GAL	1	1	0.418	1	0.0	1	0.9982	0.9978382597144042	-0.0021704907702196474
59alhvho5v1e7tbqe6pa4zua	1	1	105	27	0	Go	GAL	1	1	0.508	1	0.0	1	0.9986	0.9987839210944188	-0.0012191004966940107
59alhvho5v1e7tbqe6pa4zua	1	1	112	28	0	Go	GAL	1	1	0.409	1	0.0	1	0.9991	0.9992376876009792	-0.00076362824661599
59alhvho5v1e7tbqe6pa4zua	1	1	115	29	0	Go	GAL	1	1	0.537	1	1.0	0	0.9997	0.999480117187446	-0.0005205617675737491
59alhvho5v1e7tbqe6pa4zua	1	1	117	30	0	Go	GAL	1	1	0.52	1	0.0	1	0.9922	0.9931601149512018	-0.006959709163252864
59alhvho5v1e7tbqe6pa4zua	1	1	2	1	1	Go	GW	1	1	0.561	1	1.0	0	0.8662	0.8665729715457899	-0.1496718374407908
59alhvho5v1e7tbqe6pa4zua	1	1	7	2	1	Go	GW	1	1	0.795	1	0.0	1	0.6173	0.6176218261288672	-0.5261603332890825
59alhvho5v1e7tbqe6pa4zua	1	1	9	3	1	Go	GW	1	1	0.589	1	0.0	1	0.9492	0.9500742464723971	-0.05283380463928181
59alhvho5v1e7tbqe6pa4zua	1	1	16	4	1	Go	GW	1	1	0.61	1	0.0	1	0.9877	0.9889498551441087	-0.011325480894378365
59alhvho5v1e7tbqe6pa4zua	1	1	20	5	1	Go	GW	1	1	0.796	1	0.0	1	0.9975	0.9964968248261603	-0.0035477159323380977
59alhvho5v1e7tbqe6pa4zua	1	1	22	6	1	Go	GW	1	1	0.471	1	0.0	1	0.9985	0.998608887106638	-0.0014008636910977732
59alhvho5v1e7tbqe6pa4zua	1	1	27	7	1	Go	GW	1	1	0.616	1	0.0	1	0.9991	0.999350020237454	-0.0006526063340414966
59alhvho5v1e7tbqe6pa4zua	1	1	29	8	1	Go	GW	1	1	0.587	1	0.0	1	0.9998	0.9996539332992516	-0.0003468980665693464
59alhvho5v1e7tbqe6pa4zua	1	1	34	9	1	Go	GW	1	1	0.533	1	0.0	1	1.0	0.9997938251616815	-0.00020647780249540956
59alhvho5v1e7tbqe6pa4zua	1	1	39	10	1	Go	GW	1	1	0.626	1	1.0	0	0.9998	0.999864289957674	-0.00013583695373673576
59alhvho5v1e7tbqe6pa4zua	1	1	41	11	1	Go	GW	1	1	0.63	1	1.0	0	0.9988	0.9985487619301199	-0.0014589177916786832
59alhvho5v1e7tbqe6pa4zua	1	1	46	12	1	Go	GW	1	1	0.521	1	0.0	1	0.9849	0.9868562227674625	-0.013836254723638723
59alhvho5v1e7tbqe6pa4zua	1	1	50	13	1	Go	GW	1	1	0.92	1	0.0	1	0.9974	0.9973953488532851	-0.0026244769630752603
59alhvho5v1e7tbqe6pa4zua	1	1	53	14	1	Go	GW	1	1	0.855	1	0.0	1	0.9988	0.9990412989862186	-0.0009623724796973671
59alhvho5v1e7tbqe6pa4zua	1	1	58	15	1	Go	GW	1	1	0.617	1	0.0	1	0.9996	0.9995456370028336	-0.00045538895974808676
59alhvho5v1e7tbqe6pa4zua	1	1	64	16	1	Go	GW	1	1	0.623	1	0.0	1	0.9996	0.9997472786517488	-0.0002530784960438614
59alhvho5v1e7tbqe6pa4zua	1	1	67	17	1	Go	GW	1	1	0.551	1	0.0	1	0.9999	0.9998412427415525	-0.00015890445814425406
59alhvho5v1e7tbqe6pa4zua	1	1	69	18	1	Go	GW	1	1	0.646	1	0.0	1	0.9999	0.9998898263183008	-0.00011024478636665765
59alhvho5v1e7tbqe6pa4zua	1	1	75	19	1	Go	GW	1	1	0.719	1	1.0	0	1.0	0.9999169559477609	-8.308440143907689e-05
59alhvho5v1e7tbqe6pa4zua	1	1	77	20	1	Go	GW	1	1	0.611	1	0.0	1	0.9993	0.9988609878997952	-0.0011451808870702796
59alhvho5v1e7tbqe6pa4zua	1	1	84	21	1	Go	GW	1	1	0.52	1	0.0	1	0.9996	0.9995861258540354	-0.00041453385769979424
59alhvho5v1e7tbqe6pa4zua	1	1	88	22	1	Go	GW	1	1	0.544	1	0.0	1	1.0	0.9997829152703275	-0.00021728538979848527
59alhvho5v1e7tbqe6pa4zua	1	1	91	23	1	Go	GW	1	1	0.598	1	1.0	0	0.9999	0.9998638231187651	-0.00013626324418702086
59alhvho5v1e7tbqe6pa4zua	1	1	94	24	1	Go	GW	1	1	0.435	1	0.0	1	0.9983	0.9982016101692085	-0.0018116804328155078
59alhvho5v1e7tbqe6pa4zua	1	1	98	25	1	Go	GW	1	1	0.419	1	0.0	1	0.9995	0.9994169613241124	-0.0005842696362636335
59alhvho5v1e7tbqe6pa4zua	1	1	104	26	1	Go	GW	1	1	0.452	1	0.0	1	0.9997	0.9997190510133313	-0.0002812675962028377
59alhvho5v1e7tbqe6pa4zua	1	1	107	27	1	Go	GW	1	1	0.53	1	0.0	1	0.9998	0.9998344962885565	-0.00016562516736912144
59alhvho5v1e7tbqe6pa4zua	1	1	109	28	1	Go	GW	1	1	0.46	1	0.0	1	0.9998	0.9998884761574838	-0.00011158329221859712
59alhvho5v1e7tbqe6pa4zua	1	1	114	29	1	Go	GW	1	1	0.421	1	1.0	0	0.9999	0.9999170087831444	-8.30266448120199e-05
59alhvho5v1e7tbqe6pa4zua	1	1	120	30	1	Go	GW	1	1	0.438	1	0.0	1	0.9987	0.9987877999196271	-0.0012192862858468607
59alhvho5v1e7tbqe6pa4zua	1	1	1	1	1	No-Go	NGW	0	1	0.983	0	0.0	0	0.8649	0.8665729715457899	-0.1496718374407908
59alhvho5v1e7tbqe6pa4zua	1	1	5	2	1	No-Go	NGW	0	1	0.63	0	1.0	1	0.6181	0.6176218261288672	-0.5261603332890825
59alhvho5v1e7tbqe6pa4zua	1	1	11	3	1	No-Go	NGW	0	1	0.493	0	0.0	0	0.9491	0.9500742464723971	-0.05283380463928181
59alhvho5v1e7tbqe6pa4zua	1	1	13	4	1	No-Go	NGW	0	1	0.64	0	0.0	0	0.8145	0.810029955733853	-0.2245442308950465
59alhvho5v1e7tbqe6pa4zua	1	1	17	5	1	No-Go	NGW	0	1	0.588	0	0.0	0	0.5351	0.5360705902949133	-0.7002324490672627
59alhvho5v1e7tbqe6pa4zua	1	1	23	6	1	No-Go	NGW	0	1	0.812	0	0.0	0	0.277	0.2776401415773114	-1.491924347489451
59alhvho5v1e7tbqe6pa4zua	1	1	26	7	1	No-Go	NGW	0	0		1	0.0	1	0.1318	0.8685830798392797	-0.14853408860304768
59alhvho5v1e7tbqe6pa4zua	1	1	30	8	1	No-Go	NGW	0	0		1	0.0	1	0.041	0.959756111615333	-0.042438063313150504
59alhvho5v1e7tbqe6pa4zua	1	1	35	9	1	No-Go	NGW	0	0		1	0.0	1	0.0143	0.9857604677127456	-0.014607551624773502
59alhvho5v1e7tbqe6pa4zua	1	1	37	10	1	No-Go	NGW	0	0		1	1.0	0	0.006	0.9942061589191004	-0.005871109089161879
59alhvho5v1e7tbqe6pa4zua	1	1	43	11	1	No-Go	NGW	0	0		1	0.0	1	0.0274	0.9695974853731546	-0.03150621541139029
59alhvho5v1e7tbqe6pa4zua	1	1	48	12	1	No-Go	NGW	0	0		1	0.0	1	0.0098	0.9892714063669827	-0.010913393344609511
59alhvho5v1e7tbqe6pa4zua	1	1	51	13	1	No-Go	NGW	0	0		1	0.0	1	0.0045	0.9955516587645641	-0.0044889843037258055
59alhvho5v1e7tbqe6pa4zua	1	1	54	14	1	No-Go	NGW	0	0		1	0.0	1	0.0018	0.9979032510920451	-0.0021076617418042762
59alhvho5v1e7tbqe6pa4zua	1	1	60	15	1	No-Go	NGW	0	0		1	1.0	0	0.0013	0.998901020552873	-0.0011024298744270983
59alhvho5v1e7tbqe6pa4zua	1	1	61	16	1	No-Go	NGW	0	0		1	1.0	0	0.0076	0.9923569549181804	-0.007733405360106394
59alhvho5v1e7tbqe6pa4zua	1	1	68	17	1	No-Go	NGW	0	0		1	0.0	1	0.0463	0.9550495727209855	-0.047707614198068474
59alhvho5v1e7tbqe6pa4zua	1	1	71	18	1	No-Go	NGW	0	0		1	0.0	1	0.0153	0.9866684639187905	-0.013567224660097058
59alhvho5v1e7tbqe6pa4zua	1	1	73	19	1	No-Go	NGW	0	0		1	0.0	1	0.0058	0.9949595581430701	-0.005081713340241709
59alhvho5v1e7tbqe6pa4zua	1	1	80	20	1	No-Go	NGW	0	0		1	0.0	1	0.0018	0.9977374521693193	-0.0022727399832459566
59alhvho5v1e7tbqe6pa4zua	1	1	81	21	1	No-Go	NGW	0	0		1	1.0	0	0.0007	0.9988447859031406	-0.0011583661897822557
59alhvho5v1e7tbqe6pa4zua	1	1	85	22	1	No-Go	NGW	0	0		1	0.0	1	0.0091	0.9913784658223219	-0.008739815995391791
59alhvho5v1e7tbqe6pa4zua	1	1	92	23	1	No-Go	NGW	0	0		1	0.0	1	0.0031	0.996613778229703	-0.0034067337458245435
59alhvho5v1e7tbqe6pa4zua	1	1	95	24	1	No-Go	NGW	0	0		1	0.0	1	0.0022	0.9984115225926536	-0.0015938197698188623
59alhvho5v1e7tbqe6pa4zua	1	1	100	25	1	No-Go	NGW	0	0		1	0.0	1	0.001	0.999152663340622	-0.000849111392550483
59alhvho5v1e7tbqe6pa4zua	1	1	102	26	1	No-Go	NGW	0	0		1	0.0	1	0.0006	0.9995001632116013	-0.0005005424114402154
59alhvho5v1e7tbqe6pa4zua	1	1	108	27	1	No-Go	NGW	0	0		1	0.0	1	0.0003	0.999679779897153	-0.0003205450612810977
59alhvho5v1e7tbqe6pa4zua	1	1	111	28	1	No-Go	NGW	0	0		1	0.0	1	0.0002	0.999780079119539	-0.00022009069129468219
59alhvho5v1e7tbqe6pa4zua	1	1	116	29	1	No-Go	NGW	0	0		1	0.0	1	0.0001	0.9998397271272784	-0.00016037201092535506
59alhvho5v1e7tbqe6pa4zua	1	1	119	30	1	No-Go	NGW	0	0		1	1.0	0	0.0001	0.9998771008929954	-0.00012296288908900802
59alhvho5v1e7tbqe6pa4zua	1	1	3	1	0	No-Go	NGAL	0	1	0.791	0	0.0	0	0.6756	0.680153925995697	-0.3945345361750268
59alhvho5v1e7tbqe6pa4zua	1	1	6	2	0	No-Go	NGAL	0	1	0.955	0	0.0	0	0.3405	0.33503974929184116	-1.1611599764420835
59alhvho5v1e7tbqe6pa4zua	1	1	10	3	0	No-Go	NGAL	0	0		1	1.0	0	0.1378	0.86430078310354	-0.15124179043492855
59alhvho5v1e7tbqe6pa4zua	1	1	14	4	0	No-Go	NGAL	0	1	1.545	0	0.0	0	0.2793	0.2806001514209441	-1.4268980796742414
59alhvho5v1e7tbqe6pa4zua	1	1	19	5	0	No-Go	NGAL	0	0		1	0.0	1	0.1249	0.8723687914921259	-0.14267170432996445
59alhvho5v1e7tbqe6pa4zua	1	1	21	6	0	No-Go	NGAL	0	0		1	0.0	1	0.0335	0.9665903315310963	-0.03482207918124895
59alhvho5v1e7tbqe6pa4zua	1	1	28	7	0	No-Go	NGAL	0	0		1	0.0	1	0.0097	0.9893873823337268	-0.010815032697014471
59alhvho5v1e7tbqe6pa4zua	1	1	31	8	0	No-Go	NGAL	0	0		1	0.0	1	0.0036	0.9960063510254568	-0.004031887573136212
59alhvho5v1e7tbqe6pa4zua	1	1	36	9	0	No-Go	NGAL	0	0		1	1.0	0	0.0009	0.9982760340850193	-0.001732863482148068
59alhvho5v1e7tbqe6pa4zua	1	1	40	10	0	No-Go	NGAL	0	0		1	0.0	1	0.0064	0.9942157273106658	-0.00586267932766326
59alhvho5v1e7tbqe6pa4zua	1	1	44	11	0	No-Go	NGAL	0	0		1	0.0	1	0.0022	0.9977674704005929	-0.0022462050157647153
59alhvho5v1e7tbqe6pa4zua	1	1	45	12	0	No-Go	NGAL	0	0		1	0.0	1	0.0007	0.9989925778231474	-0.001010644080758066
59alhvho5v1e7tbqe6pa4zua	1	1	49	13	0	No-Go	NGAL	0	0		1	0.0	1	0.0007	0.9994872221232028	-0.0005137141296447791
59alhvho5v1e7tbqe6pa4zua	1	1	55	14	0	No-Go	NGAL	0	0		1	1.0	0	0.0003	0.9997118509332477	-0.00028847131964682783
59alhvho5v1e7tbqe6pa4zua	1	1	59	15	0	No-Go	NGAL	0	0		1	0.0	1	0.0013	0.9987064261311476	-0.0012994428728558929
59alhvho5v1e7tbqe6pa4zua	1	1	63	16	0	No-Go	NGAL	0	0		1	1.0	0	0.0007	0.9994165867595348	-0.0005846078789965487
59alhvho5v1e7tbqe6pa4zua	1	1	65	17	0	No-Go	NGAL	0	0		1	0.0	1	0.0034	0.9966798822214725	-0.0033820602220865797
59alhvho5v1e7tbqe6pa4zua	1	1	70	18	0	No-Go	NGAL	0	0		1	0.0	1	0.0007	0.9988430191061619	-0.0011627756812272766
59alhvho5v1e7tbqe6pa4zua	1	1	76	19	0	No-Go	NGAL	0	0		1	0.0	1	0.0006	0.9994825450674263	-0.0005185517735957578
59alhvho5v1e7tbqe6pa4zua	1	1	78	20	0	No-Go	NGAL	0	0		1	0.0	1	0.0004	0.9997276721882056	-0.0002726320219239394
59alhvho5v1e7tbqe6pa4zua	1	1	83	21	0	No-Go	NGAL	0	0		1	1.0	0	0.0001	0.9998385162869418	-0.00016159375331888874
59alhvho5v1e7tbqe6pa4zua	1	1	86	22	0	No-Go	NGAL	0	0		1	0.0	1	0.0005	0.9990221629659344	-0.0009829200914931034
59alhvho5v1e7tbqe6pa4zua	1	1	89	23	0	No-Go	NGAL	0	0		1	0.0	1	0.0003	0.9995766833335518	-0.00042413993621766196
59alhvho5v1e7tbqe6pa4zua	1	1	96	24	0	No-Go	NGAL	0	0		1	0.0	1	0.0002	0.9997772700676804	-0.00022295129488789393
59alhvho5v1e7tbqe6pa4zua	1	1	97	25	0	No-Go	NGAL	0	0		1	0.0	1	0.0	0.9998661539800426	-0.00013392732308359562
59alhvho5v1e7tbqe6pa4zua	1	1	103	26	0	No-Go	NGAL	0	0		1	1.0	0	0.0001	0.9999111869947334	-8.885041846496493e-05
59alhvho5v1e7tbqe6pa4zua	1	1	106	27	0	No-Go	NGAL	0	0		1	0.0	1	0.0003	0.9994158904677426	-0.000586104740663776
59alhvho5v1e7tbqe6pa4zua	1	1	110	28	0	No-Go	NGAL	0	0		1	0.0	1	0.0006	0.999729944797233	-0.0002704165918215585
59alhvho5v1e7tbqe6pa4zua	1	1	113	29	0	No-Go	NGAL	0	0		1	0.0	1	0.0002	0.9998486901190885	-0.00015142097523196163
59alhvho5v1e7tbqe6pa4zua	1	1	118	30	0	No-Go	NGAL	0	0		1	0.0	1	0.0002	0.9999036998845393	-9.634640617479713e-05
5kfsrwk6isjumbygpci2nc1b	1	1	2	1	1	No-Go	NGW	0	1	1.109	0	0.0	0	0.6855	0.6848159386637939	-0.3918691801443416
5kfsrwk6isjumbygpci2nc1b	1	1	8	2	1	No-Go	NGW	0	1	1.067	0	1.0	1	0.6072	0.6121984999243747	-0.5082048940153658
5kfsrwk6isjumbygpci2nc1b	1	1	9	3	1	No-Go	NGW	0	1	0.951	0	0.0	0	0.83	0.824725958154372	-0.19735210247984541
5kfsrwk6isjumbygpci2nc1b	1	1	14	4	1	No-Go	NGW	0	1	0.6	0	0.0	0	0.7597	0.7629133108516587	-0.2759301495755504
5kfsrwk6isjumbygpci2nc1b	1	1	18	5	1	No-Go	NGW	0	1	0.633	0	0.0	0	0.6927	0.6935265530590317	-0.3729995666543264
5kfsrwk6isjumbygpci2nc1b	1	1	24	6	1	No-Go	NGW	0	1	0.549	0	0.0	0	0.6256	0.6215300897205956	-0.48594208902775526
5kfsrwk6isjumbygpci2nc1b	1	1	27	7	1	No-Go	NGW	0	1	0.597	0	0.0	0	0.5431	0.5511999004968311	-0.6109092472490528
5kfsrwk6isjumbygpci2nc1b	1	1	29	8	1	No-Go	NGW	0	1	0.53	0	0.0	0	0.4899	0.4854798559157265	-0.7438541135089627
5kfsrwk6isjumbygpci2nc1b	1	1	34	9	1	No-Go	NGW	0	1	0.647	0	1.0	1	0.4157	0.4260116346009291	-0.8811814003084475
5kfsrwk6isjumbygpci2nc1b	1	1	40	10	1	No-Go	NGW	0	1	0.599	0	0.0	0	0.731	0.7276911102029541	-0.3320734130513228
5kfsrwk6isjumbygpci2nc1b	1	1	42	11	1	No-Go	NGW	0	1	0.647	0	0.0	0	0.6623	0.6570396731407604	-0.4359908474192291
5kfsrwk6isjumbygpci2nc1b	1	1	45	12	1	No-Go	NGW	0	1	0.585	0	1.0	1	0.5871	0.5848003214979614	-0.5549524506001716
5kfsrwk6isjumbygpci2nc1b	1	1	52	13	1	No-Go	NGW	0	1	0.53	0	0.0	0	0.8059	0.7996500945166289	-0.23719550520834545
5kfsrwk6isjumbygpci2nc1b	1	1	53	14	1	No-Go	NGW	0	1	0.597	0	0.0	0	0.7415	0.7367000573941047	-0.32179616796041943
5kfsrwk6isjumbygpci2nc1b	1	1	57	15	1	No-Go	NGW	0	1	0.613	0	0.0	0	0.6666	0.6674014302636969	-0.4238234058337153
5kfsrwk6isjumbygpci2nc1b	1	1	61	16	1	No-Go	NGW	0	1	0.925	0	0.0	0	0.5877	0.5964029247943887	-0.5404237473250284
5kfsrwk6isjumbygpci2nc1b	1	1	67	17	1	No-Go	NGW	0	1	0.581	0	0.0	0	0.5258	0.5276161326112453	-0.6678088314385925
5kfsrwk6isjumbygpci2nc1b	1	1	72	18	1	No-Go	NGW	0	1	0.648	0	0.0	0	0.4645	0.46371241076369635	-0.8021661058338039
5kfsrwk6isjumbygpci2nc1b	1	1	74	19	1	No-Go	NGW	0	0		1	0.0	1	0.4173	0.5938348992998815	-0.5406739041240638
5kfsrwk6isjumbygpci2nc1b	1	1	79	20	1	No-Go	NGW	0	0		1	1.0	0	0.3312	0.6677153699687787	-0.4198864283360158
5kfsrwk6isjumbygpci2nc1b	1	1	83	21	1	No-Go	NGW	0	1	0.742	0	0.0	0	0.414	0.4138255789306465	-0.9196714046374589
5kfsrwk6isjumbygpci2nc1b	1	1	86	22	1	No-Go	NGW	0	0		1	0.0	1	0.3591	0.6371993794672351	-0.46531634577418984
5kfsrwk6isjumbygpci2nc1b	1	1	90	23	1	No-Go	NGW	0	1	0.808	0	1.0	1	0.2951	0.29184722534553087	-1.2949169447585547
5kfsrwk6isjumbygpci2nc1b	1	1	93	24	1	No-Go	NGW	0	0		1	0.0	1	0.6135	0.39018673395142905	-1.065801799161393
5kfsrwk6isjumbygpci2nc1b	1	1	99	25	1	No-Go	NGW	0	0		1	0.0	1	0.5483	0.4582609995247295	-0.8719595096504584
5kfsrwk6isjumbygpci2nc1b	1	1	103	26	1	No-Go	NGW	0	0		1	1.0	0	0.4781	0.5218105217065514	-0.7203301902460246
5kfsrwk6isjumbygpci2nc1b	1	1	107	27	1	No-Go	NGW	0	0		1	0.0	1	0.5713	0.4267846915402747	-0.9732357960978921
5kfsrwk6isjumbygpci2nc1b	1	1	109	28	1	No-Go	NGW	0	0		1	0.0	1	0.507	0.49328682422647124	-0.7935099804188057
5kfsrwk6isjumbygpci2nc1b	1	1	116	29	1	No-Go	NGW	0	0		1	0.0	1	0.4579	0.554266150225347	-0.6553019592281031
5kfsrwk6isjumbygpci2nc1b	1	1	118	30	1	No-Go	NGW	0	0		1	0.0	1	0.401	0.6084012073860795	-0.5475091434522049
5kfsrwk6isjumbygpci2nc1b	1	1	1	1	0	No-Go	NGAL	0	1	0.881	0	0.0	0	0.5839	0.5832025371244273	-0.5471900067740867
5kfsrwk6isjumbygpci2nc1b	1	1	7	2	0	No-Go	NGAL	0	0		1	0.0	1	0.5052	0.4975777001945681	-0.7096399087162194
5kfsrwk6isjumbygpci2nc1b	1	1	12	3	0	No-Go	NGAL	0	0		1	1.0	0	0.4139	0.578043009802065	-0.5589208981069256
5kfsrwk6isjumbygpci2nc1b	1	1	13	4	0	No-Go	NGAL	0	0		1	0.0	1	0.4482	0.5576686069055627	-0.5932702951344042
5kfsrwk6isjumbygpci2nc1b	1	1	17	5	0	No-Go	NGAL	0	1	1.186	0	0.0	0	0.363	0.37001006822860216	-1.023452047252218
5kfsrwk6isjumbygpci2nc1b	1	1	21	6	0	No-Go	NGAL	0	1	1.19	0	0.0	0	0.3047	0.3057461156850509	-1.2340030806594706
5kfsrwk6isjumbygpci2nc1b	1	1	28	7	0	No-Go	NGAL	0	0		1	0.0	1	0.2571	0.746401667887592	-0.29941851251500357
5kfsrwk6isjumbygpci2nc1b	1	1	30	8	0	No-Go	NGAL	0	0		1	1.0	0	0.2061	0.7929749953398144	-0.2377274170089903
5kfsrwk6isjumbygpci2nc1b	1	1	36	9	0	No-Go	NGAL	0	1	0.762	0	0.0	0	0.2301	0.22163099358645305	-1.5818722775971683
5kfsrwk6isjumbygpci2nc1b	1	1	37	10	0	No-Go	NGAL	0	0		1	0.0	1	0.1811	0.8162755140983221	-0.20747744920420141
5kfsrwk6isjumbygpci2nc1b	1	1	43	11	0	No-Go	NGAL	0	0		1	0.0	1	0.1525	0.8506059601783887	-0.16539723914649984
5kfsrwk6isjumbygpci2nc1b	1	1	47	12	0	No-Go	NGAL	0	0		1	1.0	0	0.1294	0.8771192281342435	-0.1338856301941145
5kfsrwk6isjumbygpci2nc1b	1	1	49	13	0	No-Go	NGAL	0	1	1.045	0	0.0	0	0.1289	0.13324343960373913	-2.141498558251788
5kfsrwk6isjumbygpci2nc1b	1	1	54	14	0	No-Go	NGAL	0	1	0.982	0	0.0	0	0.1115	0.11043570459377104	-2.349101572722422
5kfsrwk6isjumbygpci2nc1b	1	1	60	15	0	No-Go	NGAL	0	0		1	0.0	1	0.0934	0.9074676868433571	-0.09875840626294853
5kfsrwk6isjumbygpci2nc1b	1	1	64	16	0	No-Go	NGAL	0	1	0.933	0	1.0	1	0.0748	0.07584446955500705	-2.7669338448184515
5kfsrwk6isjumbygpci2nc1b	1	1	66	17	0	No-Go	NGAL	0	0		1	0.0	1	0.1141	0.8875350010426815	-0.12105190204516696
5kfsrwk6isjumbygpci2nc1b	1	1	69	18	0	No-Go	NGAL	0	0		1	0.0	1	0.0898	0.9060621221032159	-0.09999352036843588
5kfsrwk6isjumbygpci2nc1b	1	1	76	19	0	No-Go	NGAL	0	0		1	0.0	1	0.0816	0.9205136416373607	-0.08388827700867557
5kfsrwk6isjumbygpci2nc1b	1	1	78	20	0	No-Go	NGAL	0	0		1	0.0	1	0.0655	0.9319182278270113	-0.07137085027667757
5kfsrwk6isjumbygpci2nc1b	1	1	81	21	0	No-Go	NGAL	0	1	0.838	0	0.0	0	0.0573	0.05898942809159241	-3.0126828595606776
5kfsrwk6isjumbygpci2nc1b	1	1	85	22	0	No-Go	NGAL	0	0		1	0.0	1	0.0442	0.952478540510273	-0.04918769269010307
5kfsrwk6isjumbygpci2nc1b	1	1	92	23	0	No-Go	NGAL	0	1	0.936	0	1.0	1	0.0425	0.041542119375062254	-3.406040346111499
5kfsrwk6isjumbygpci2nc1b	1	1	94	24	0	No-Go	NGAL	0	1	0.989	0	0.0	0	0.0619	0.06278787479227521	-2.9714125853374322
5kfsrwk6isjumbygpci2nc1b	1	1	98	25	0	No-Go	NGAL	0	0		1	0.0	1	0.0488	0.9508829692619755	-0.050931182905638694
5kfsrwk6isjumbygpci2nc1b	1	1	102	26	0	No-Go	NGAL	0	0		1	1.0	0	0.0401	0.9564503095715976	-0.04503105537417206
5kfsrwk6isjumbygpci2nc1b	1	1	106	27	0	No-Go	NGAL	0	1	1.032	0	0.0	0	0.0466	0.04953561386498653	-3.258756972371407
5kfsrwk6isjumbygpci2nc1b	1	1	111	28	0	No-Go	NGAL	0	0		1	0.0	1	0.0422	0.9603187110596786	-0.040997237160752556
5kfsrwk6isjumbygpci2nc1b	1	1	113	29	0	No-Go	NGAL	0	0		1	0.0	1	0.0356	0.9651275227894417	-0.03589584978148309
5kfsrwk6isjumbygpci2nc1b	1	1	120	30	0	No-Go	NGAL	0	0		1	0.0	1	0.0299	0.968956134451145	-0.03187682337260794
5kfsrwk6isjumbygpci2nc1b	1	1	4	1	1	Go	GW	1	1	1.09	1	1.0	0	0.6896	0.6848159386637939	-0.3918691801443416
5kfsrwk6isjumbygpci2nc1b	1	1	5	2	1	Go	GW	1	1	1.222	1	0.0	1	0.6096	0.6121984999243747	-0.5082048940153658
5kfsrwk6isjumbygpci2nc1b	1	1	11	3	1	Go	GW	1	1	0.756	1	0.0	1	0.8258	0.824725958154372	-0.19735210247984541
5kfsrwk6isjumbygpci2nc1b	1	1	15	4	1	Go	GW	1	1	0.599	1	0.0	1	0.9089	0.9080961722724724	-0.09856501462666425
5kfsrwk6isjumbygpci2nc1b	1	1	20	5	1	Go	GW	1	1	0.513	1	0.0	1	0.9453	0.9445796956764241	-0.05803049331902867
5kfsrwk6isjumbygpci2nc1b	1	1	23	6	1	Go	GW	1	1	0.608	1	0.0	1	0.9594	0.9626352432755564	-0.038607086282194315
5kfsrwk6isjumbygpci2nc1b	1	1	25	7	1	Go	GW	1	1	0.565	1	1.0	0	0.9735	0.9724348380308482	-0.028268483196568547
5kfsrwk6isjumbygpci2nc1b	1	1	31	8	1	Go	GW	1	1	0.499	1	0.0	1	0.9483	0.9524803311638809	-0.04963247327210542
5kfsrwk6isjumbygpci2nc1b	1	1	35	9	1	Go	GW	1	1	0.626	1	0.0	1	0.9677	0.9682840757867416	-0.03266610425430396
5kfsrwk6isjumbygpci2nc1b	1	1	39	10	1	Go	GW	1	1	0.581	1	0.0	1	0.9748	0.9761397270609145	-0.02443225726813841
5kfsrwk6isjumbygpci2nc1b	1	1	41	11	1	Go	GW	1	1	0.71	1	0.0	1	0.9809	0.9805800944117986	-0.01982703899516811
5kfsrwk6isjumbygpci2nc1b	1	1	48	12	1	Go	GW	1	1	0.69	1	0.0	1	0.9838	0.9832831858527828	-0.01704286954654461
5kfsrwk6isjumbygpci2nc1b	1	1	50	13	1	Go	GW	1	1	0.527	1	1.0	0	0.9849	0.9850150030799967	-0.015268196042021244
5kfsrwk6isjumbygpci2nc1b	1	1	56	14	1	Go	GW	1	1	0.708	1	0.0	1	0.9684	0.9706400499340149	-0.03069780095655371
5kfsrwk6isjumbygpci2nc1b	1	1	58	15	1	Go	GW	1	1	0.647	1	0.0	1	0.9783	0.9789282967327787	-0.02167289106601984
5kfsrwk6isjumbygpci2nc1b	1	1	63	16	1	Go	GW	1	1	0.855	1	0.0	1	0.9809	0.9828048896581184	-0.017596846628403665
5kfsrwk6isjumbygpci2nc1b	1	1	65	17	1	Go	GW	1	1	0.724	1	1.0	0	0.9837	0.984954629306636	-0.015364537301630909
5kfsrwk6isjumbygpci2nc1b	1	1	70	18	1	Go	GW	1	0		0	0.0	0	0.9697	0.02979912466254453	-5.034948107809383
5kfsrwk6isjumbygpci2nc1b	1	1	75	19	1	Go	GW	1	1	0.63	1	0.0	1	0.979	0.9792280138779527	-0.021435076367161864
5kfsrwk6isjumbygpci2nc1b	1	1	80	20	1	Go	GW	1	1	0.518	1	0.0	1	0.9859	0.9853336927680144	-0.014963451734883934
5kfsrwk6isjumbygpci2nc1b	1	1	82	21	1	Go	GW	1	1	0.661	1	1.0	0	0.9868	0.9881133790487701	-0.01208224767905601
5kfsrwk6isjumbygpci2nc1b	1	1	87	22	1	Go	GW	1	1	0.478	1	0.0	1	0.9759	0.9769285012504759	-0.02390162920784517
5kfsrwk6isjumbygpci2nc1b	1	1	91	23	1	Go	GW	1	1	0.679	1	0.0	1	0.9847	0.9843280485949701	-0.016015150807649734
5kfsrwk6isjumbygpci2nc1b	1	1	96	24	1	Go	GW	1	1	0.709	1	0.0	1	0.9874	0.9875938956666056	-0.012620655714974007
5kfsrwk6isjumbygpci2nc1b	1	1	97	25	1	Go	GW	1	1	0.665	1	0.0	1	0.9904	0.9893351066562199	-0.01082753617875109
5kfsrwk6isjumbygpci2nc1b	1	1	104	26	1	Go	GW	1	1	0.602	1	0.0	1	0.9887	0.9903626997724907	-0.009774756780856028
5kfsrwk6isjumbygpci2nc1b	1	1	105	27	1	Go	GW	1	1	0.662	1	0.0	1	0.9901	0.9910100940629801	-0.009113813403751777
5kfsrwk6isjumbygpci2nc1b	1	1	110	28	1	Go	GW	1	1	0.493	1	0.0	1	0.991	0.9914374829046912	-0.008678636537552433
5kfsrwk6isjumbygpci2nc1b	1	1	115	29	1	Go	GW	1	1	0.537	1	1.0	0	0.9923	0.9917299246877231	-0.008381505228860294
5kfsrwk6isjumbygpci2nc1b	1	1	119	30	1	Go	GW	1	1	0.447	1	0.0	1	0.9821	0.9829483805166543	-0.01758577278159974
5kfsrwk6isjumbygpci2nc1b	1	1	3	1	0	Go	GAL	1	0		0	0.0	0	0.58	0.41679746287557273	-0.8906255317566709
5kfsrwk6isjumbygpci2nc1b	1	1	6	2	0	Go	GAL	1	0		0	0.0	0	0.6004	0.3982042213286696	-0.936061818679606
5kfsrwk6isjumbygpci2nc1b	1	1	10	3	0	Go	GAL	1	0		0	0.0	0	0.622	0.3806809867790552	-0.9827331436053146
5kfsrwk6isjumbygpci2nc1b	1	1	16	4	0	Go	GAL	1	0		0	1.0	1	0.6424	0.3641809871220395	-1.030310256224562
5kfsrwk6isjumbygpci2nc1b	1	1	19	5	0	Go	GAL	1	0		0	0.0	0	0.5578	0.4479966601840453	-0.8139058453619675
5kfsrwk6isjumbygpci2nc1b	1	1	22	6	0	Go	GAL	1	0		0	0.0	0	0.5753	0.4286864392300582	-0.8599758674681962
5kfsrwk6isjumbygpci2nc1b	1	1	26	7	0	Go	GAL	1	1	1.049	1	0.0	1	0.5742	0.5895752836416046	-0.5360720003426249
5kfsrwk6isjumbygpci2nc1b	1	1	32	8	0	Go	GAL	1	1	1.205	1	0.0	1	0.6656	0.6649935752525568	-0.41480499198251564
5kfsrwk6isjumbygpci2nc1b	1	1	33	9	0	Go	GAL	1	1	0.695	1	0.0	1	0.718	0.7260024394741084	-0.32613544874381106
5kfsrwk6isjumbygpci2nc1b	1	1	38	10	0	Go	GAL	1	1	1.301	1	1.0	0	0.7716	0.7746869619354572	-0.26016322462331215
5kfsrwk6isjumbygpci2nc1b	1	1	44	11	0	Go	GAL	1	0		0	0.0	0	0.7041	0.3020693662624194	-1.2239566407462483
5kfsrwk6isjumbygpci2nc1b	1	1	46	12	0	Go	GAL	1	1	0.771	1	1.0	0	0.7141	0.7126172921179875	-0.34401301418480273
5kfsrwk6isjumbygpci2nc1b	1	1	51	13	0	Go	GAL	1	0		0	0.0	0	0.6286	0.36735326403274127	-1.0238228024881508
5kfsrwk6isjumbygpci2nc1b	1	1	55	14	0	Go	GAL	1	1	0.824	1	0.0	1	0.6552	0.6485859945482536	-0.4405706488027671
5kfsrwk6isjumbygpci2nc1b	1	1	59	15	0	Go	GAL	1	0		0	0.0	0	0.7237	0.28249987554711997	-1.305245543586138
5kfsrwk6isjumbygpci2nc1b	1	1	62	16	0	Go	GAL	1	1	1.159	1	0.0	1	0.7288	0.7304701023376241	-0.32024576794689935
5kfsrwk6isjumbygpci2nc1b	1	1	68	17	0	Go	GAL	1	0		0	0.0	0	0.7835	0.21766950161173967	-1.5992981367875676
5kfsrwk6isjumbygpci2nc1b	1	1	71	18	0	Go	GAL	1	1	0.897	1	1.0	0	0.7871	0.7925530419518686	-0.23762967454277717
5kfsrwk6isjumbygpci2nc1b	1	1	73	19	0	Go	GAL	1	0		0	0.0	0	0.7196	0.2764001138634508	-1.337953583050764
5kfsrwk6isjumbygpci2nc1b	1	1	77	20	0	Go	GAL	1	1	1.043	1	0.0	1	0.7287	0.7355826426448779	-0.3142582061722609
5kfsrwk6isjumbygpci2nc1b	1	1	84	21	0	Go	GAL	1	1	0.902	1	1.0	0	0.7869	0.7886608755163991	-0.24284008516297817
5kfsrwk6isjumbygpci2nc1b	1	1	88	22	0	Go	GAL	1	1	1.044	1	0.0	1	0.7235	0.7204579432276249	-0.33570112589579826
5kfsrwk6isjumbygpci2nc1b	1	1	89	23	0	Go	GAL	1	1	1.107	1	0.0	1	0.7835	0.7773773137045596	-0.2575516171685505
5kfsrwk6isjumbygpci2nc1b	1	1	95	24	0	Go	GAL	1	1	0.982	1	0.0	1	0.8177	0.8207024477442095	-0.20193030593776387
5kfsrwk6isjumbygpci2nc1b	1	1	100	25	0	Go	GAL	1	0		0	0.0	0	0.8553	0.1461165954221783	-2.0548096982328614
5kfsrwk6isjumbygpci2nc1b	1	1	101	26	0	Go	GAL	1	1	0.731	1	0.0	1	0.8668	0.8607149325739599	-0.15329765487031197
5kfsrwk6isjumbygpci2nc1b	1	1	108	27	0	Go	GAL	1	1	0.783	1	0.0	1	0.884	0.8852531193075903	-0.12435434285871323
5kfsrwk6isjumbygpci2nc1b	1	1	112	28	0	Go	GAL	1	1	0.749	1	1.0	0	0.905	0.904351670176509	-0.10239222183579891
5kfsrwk6isjumbygpci2nc1b	1	1	114	29	0	Go	GAL	1	0		0	0.0	0	0.8617	0.14045243398809543	-2.082495649249391
5kfsrwk6isjumbygpci2nc1b	1	1	117	30	0	Go	GAL	1	1	0.627	1	0.0	1	0.8639	0.8660391035327204	-0.14675357710358503
5kfsrwk6isjumbygpci2nc1b	1	2	122	1	0	No-Go	NGAL	0	1	1.109	0	0.0	0	0.5876	0.5832025371244273	-0.5471900067740867
5kfsrwk6isjumbygpci2nc1b	1	2	128	2	0	No-Go	NGAL	0	0		1	0.0	1	0.5004	0.4975777001945681	-0.7096399087162194
5kfsrwk6isjumbygpci2nc1b	1	2	130	3	0	No-Go	NGAL	0	0		1	1.0	0	0.4254	0.578043009802065	-0.5589208981069256
5kfsrwk6isjumbygpci2nc1b	1	2	133	4	0	No-Go	NGAL	0	1	1.169	0	0.0	0	0.4405	0.44233139309443725	-0.8311346801985022
5kfsrwk6isjumbygpci2nc1b	1	2	137	5	0	No-Go	NGAL	0	0		1	0.0	1	0.3694	0.6279504135190236	-0.4739610069674127
5kfsrwk6isjumbygpci2nc1b	1	2	144	6	0	No-Go	NGAL	0	0		1	0.0	1	0.3032	0.6942538843149492	-0.37317032334584244
5kfsrwk6isjumbygpci2nc1b	1	2	145	7	0	No-Go	NGAL	0	0		1	0.0	1	0.2409	0.7476419338215113	-0.2978991931330679
5kfsrwk6isjumbygpci2nc1b	1	2	152	8	0	No-Go	NGAL	0	0		1	1.0	0	0.2069	0.7904069830537405	-0.24089091638482077
5kfsrwk6isjumbygpci2nc1b	1	2	153	9	0	No-Go	NGAL	0	0		1	0.0	1	0.2292	0.7747996701944561	-0.2606253847518063
5kfsrwk6isjumbygpci2nc1b	1	2	160	10	0	No-Go	NGAL	0	0		1	0.0	1	0.1908	0.8126030148553557	-0.2119383607239104
5kfsrwk6isjumbygpci2nc1b	1	2	161	11	0	No-Go	NGAL	0	0		1	0.0	1	0.1557	0.8426966549225313	-0.17460759891521346
5kfsrwk6isjumbygpci2nc1b	1	2	166	12	0	No-Go	NGAL	0	0		1	1.0	0	0.1331	0.8667802446180509	-0.14562892361170962
5kfsrwk6isjumbygpci2nc1b	1	2	171	13	0	No-Go	NGAL	0	0		1	0.0	1	0.1458	0.8545480630128696	-0.15992004201910012
5kfsrwk6isjumbygpci2nc1b	1	2	174	14	0	No-Go	NGAL	0	0		1	0.0	1	0.123	0.8767025103852935	-0.1337149406082105
5kfsrwk6isjumbygpci2nc1b	1	2	180	15	0	No-Go	NGAL	0	0		1	0.0	1	0.0982	0.8944083794466836	-0.11324860554747657
5kfsrwk6isjumbygpci2nc1b	1	2	182	16	0	No-Go	NGAL	0	0		1	1.0	0	0.0942	0.9086832406779783	-0.09705613847876549
5kfsrwk6isjumbygpci2nc1b	1	2	188	17	0	No-Go	NGAL	0	0		1	0.0	1	0.1046	0.8988739192177776	-0.10809586352989486
5kfsrwk6isjumbygpci2nc1b	1	2	189	18	0	No-Go	NGAL	0	0		1	0.0	1	0.0881	0.9126588010389791	-0.09254813854196285
5kfsrwk6isjumbygpci2nc1b	1	2	194	19	0	No-Go	NGAL	0	0		1	0.0	1	0.074	0.9237343213224227	-0.0802599704986805
5kfsrwk6isjumbygpci2nc1b	1	2	198	20	0	No-Go	NGAL	0	0		1	0.0	1	0.0661	0.9327321432524355	-0.0704038147558033
5kfsrwk6isjumbygpci2nc1b	1	2	203	21	0	No-Go	NGAL	0	0		1	0.0	1	0.0604	0.9401065929439268	-0.06241090596397745
5kfsrwk6isjumbygpci2nc1b	1	2	208	22	0	No-Go	NGAL	0	0		1	0.0	1	0.0519	0.9461959077365365	-0.05586964983421631
5kfsrwk6isjumbygpci2nc1b	1	2	209	23	0	No-Go	NGAL	0	0		1	1.0	0	0.05	0.9512575524365873	-0.050473632683124645
5kfsrwk6isjumbygpci2nc1b	1	2	213	24	0	No-Go	NGAL	0	0		1	0.0	1	0.0576	0.944680128419762	-0.057624785666136054
5kfsrwk6isjumbygpci2nc1b	1	2	217	25	0	No-Go	NGAL	0	0		1	0.0	1	0.0504	0.9502850456075769	-0.0515902334546888
5kfsrwk6isjumbygpci2nc1b	1	2	223	26	0	No-Go	NGAL	0	0		1	1.0	0	0.0452	0.9548560401656654	-0.04672229689283368
5kfsrwk6isjumbygpci2nc1b	1	2	225	27	0	No-Go	NGAL	0	0		1	0.0	1	0.0501	0.9483573312981641	-0.05388598311761619
5kfsrwk6isjumbygpci2nc1b	1	2	232	28	0	No-Go	NGAL	0	0		1	0.0	1	0.0458	0.9535627463837918	-0.04822221980870285
5kfsrwk6isjumbygpci2nc1b	1	2	234	29	0	No-Go	NGAL	0	0		1	0.0	1	0.0405	0.9577372681140576	-0.043758153374983774
5kfsrwk6isjumbygpci2nc1b	1	2	238	30	0	No-Go	NGAL	0	0		1	0.0	1	0.0375	0.961153277057689	-0.040139667481126316
5kfsrwk6isjumbygpci2nc1b	1	2	124	1	1	No-Go	NGW	0	1	0.949	0	0.0	0	0.6813	0.6848159386637939	-0.3918691801443416
5kfsrwk6isjumbygpci2nc1b	1	2	126	2	1	No-Go	NGW	0	0		1	1.0	0	0.6207	0.38780150007562536	-0.9891628913968252
5kfsrwk6isjumbygpci2nc1b	1	2	129	3	1	No-Go	NGW	0	1	1.486	0	0.0	0	0.6858	0.6848159386637939	-0.3918691801443416
5kfsrwk6isjumbygpci2nc1b	1	2	135	4	1	No-Go	NGW	0	1	1.189	0	0.0	0	0.6125	0.6196603731390969	-0.4959590834621578
5kfsrwk6isjumbygpci2nc1b	1	2	138	5	1	No-Go	NGW	0	0		1	0.0	1	0.5536	0.44372368523295747	-0.8471869777561295
5kfsrwk6isjumbygpci2nc1b	1	2	142	6	1	No-Go	NGW	0	1	0.859	0	0.0	0	0.4794	0.46825787393474183	-0.7929374148086501
5kfsrwk6isjumbygpci2nc1b	1	2	148	7	1	No-Go	NGW	0	0		1	0.0	1	0.4114	0.5901834244583475	-0.5490233111149181
5kfsrwk6isjumbygpci2nc1b	1	2	150	8	1	No-Go	NGW	0	0		1	0.0	1	0.3374	0.6630811848905409	-0.42895028687165426
5kfsrwk6isjumbygpci2nc1b	1	2	156	9	1	No-Go	NGW	0	0		1	1.0	0	0.2703	0.7222919323428723	-0.339963123381232
5kfsrwk6isjumbygpci2nc1b	1	2	158	10	1	No-Go	NGW	0	0		1	0.0	1	0.3585	0.6417309524689363	-0.46084832182409097
5kfsrwk6isjumbygpci2nc1b	1	2	163	11	1	No-Go	NGW	0	0		1	0.0	1	0.2976	0.7063547675657689	-0.36155268678267516
5kfsrwk6isjumbygpci2nc1b	1	2	167	12	1	No-Go	NGW	0	0		1	1.0	0	0.243	0.7579506999547113	-0.28819677356659845
5kfsrwk6isjumbygpci2nc1b	1	2	172	13	1	No-Go	NGW	0	0		1	0.0	1	0.3188	0.6801174990373393	-0.3994806946995202
5kfsrwk6isjumbygpci2nc1b	1	2	176	14	1	No-Go	NGW	0	0		1	0.0	1	0.2603	0.7383298707107344	-0.31418075007417384
5kfsrwk6isjumbygpci2nc1b	1	2	178	15	1	No-Go	NGW	0	0		1	0.0	1	0.2178	0.7842520862105543	-0.2514844547045541
5kfsrwk6isjumbygpci2nc1b	1	2	183	16	1	No-Go	NGW	0	0		1	0.0	1	0.1719	0.8205128167365113	-0.20434986946158026
5kfsrwk6isjumbygpci2nc1b	1	2	187	17	1	No-Go	NGW	0	0		1	0.0	1	0.153	0.8492848825821199	-0.1683359020801292
5kfsrwk6isjumbygpci2nc1b	1	2	190	18	1	No-Go	NGW	0	0		1	0.0	1	0.1286	0.8722524419722042	-0.14045482118658412
5kfsrwk6isjumbygpci2nc1b	1	2	196	19	1	No-Go	NGW	0	0		1	0.0	1	0.1099	0.890701753981419	-0.11862332721449276
5kfsrwk6isjumbygpci2nc1b	1	2	200	20	1	No-Go	NGW	0	0		1	1.0	0	0.0902	0.9056141859993094	-0.10135415331864787
5kfsrwk6isjumbygpci2nc1b	1	2	202	21	1	No-Go	NGW	0	0		1	0.0	1	0.1399	0.8559818231820508	-0.1598599392235034
5kfsrwk6isjumbygpci2nc1b	1	2	207	22	1	No-Go	NGW	0	0		1	0.0	1	0.1127	0.8793582476485506	-0.13160899464048073
5kfsrwk6isjumbygpci2nc1b	1	2	212	23	1	No-Go	NGW	0	0		1	1.0	0	0.1017	0.8975063298088946	-0.11043285601691781
5kfsrwk6isjumbygpci2nc1b	1	2	214	24	1	No-Go	NGW	0	0		1	0.0	1	0.1525	0.8443520284370858	-0.17540431194016068
5kfsrwk6isjumbygpci2nc1b	1	2	220	25	1	No-Go	NGW	0	0		1	0.0	1	0.1259	0.8713626304355987	-0.14147366493773136
5kfsrwk6isjumbygpci2nc1b	1	2	221	26	1	No-Go	NGW	0	0		1	1.0	0	0.1028	0.8919031210475731	-0.11704916167217501
5kfsrwk6isjumbygpci2nc1b	1	2	226	27	1	No-Go	NGW	0	0		1	0.0	1	0.1665	0.8367937180975888	-0.1861129593068644
5kfsrwk6isjumbygpci2nc1b	1	2	230	28	1	No-Go	NGW	0	0		1	0.0	1	0.1369	0.8661479172508504	-0.1482146900358763
5kfsrwk6isjumbygpci2nc1b	1	2	236	29	1	No-Go	NGW	0	0		1	0.0	1	0.1176	0.8882692882504447	-0.121503568623451
5kfsrwk6isjumbygpci2nc1b	1	2	240	30	1	No-Go	NGW	0	0		1	0.0	1	0.1004	0.9052343013920827	-0.10177973892374512
5kfsrwk6isjumbygpci2nc1b	1	2	123	1	0	Go	GAL	1	1	1.126	1	0.0	1	0.5878	0.5832025371244273	-0.5471900067740867
5kfsrwk6isjumbygpci2nc1b	1	2	125	2	0	Go	GAL	1	0		0	0.0	0	0.6544	0.34070710280825894	-1.103293732845586
5kfsrwk6isjumbygpci2nc1b	1	2	132	3	0	Go	GAL	1	0		0	0.0	0	0.6745	0.3238138548887318	-1.156595399535878
5kfsrwk6isjumbygpci2nc1b	1	2	134	4	0	Go	GAL	1	1	1.224	1	1.0	0	0.697	0.6918405186079186	-0.3746068774095574
5kfsrwk6isjumbygpci2nc1b	1	2	140	5	0	Go	GAL	1	0		0	0.0	0	0.6132	0.3882115470610628	-0.9610489936276579
5kfsrwk6isjumbygpci2nc1b	1	2	141	6	0	Go	GAL	1	0		0	0.0	0	0.6359	0.3715048814552285	-1.007450773094297
5kfsrwk6isjumbygpci2nc1b	1	2	147	7	0	Go	GAL	1	1	1.141	1	0.0	1	0.6444	0.6442483133260908	-0.4457626966478515
5kfsrwk6isjumbygpci2nc1b	1	2	149	8	0	Go	GAL	1	0		0	0.0	0	0.7127	0.2852377982276809	-1.2966813308841851
5kfsrwk6isjumbygpci2nc1b	1	2	154	9	0	Go	GAL	1	1	0.5	1	0.0	1	0.7266	0.7276237937943106	-0.32405385243929075
5kfsrwk6isjumbygpci2nc1b	1	2	157	10	0	Go	GAL	1	1	0.886	1	1.0	0	0.7848	0.780797093727056	-0.25267391923438565
5kfsrwk6isjumbygpci2nc1b	1	2	162	11	0	Go	GAL	1	1	0.853	1	0.0	1	0.7091	0.7115238046967903	-0.3455812852212465
5kfsrwk6isjumbygpci2nc1b	1	2	165	12	0	Go	GAL	1	1	0.873	1	1.0	0	0.7744	0.7691970062488366	-0.26715872435708743
5kfsrwk6isjumbygpci2nc1b	1	2	169	13	0	Go	GAL	1	1	1.042	1	0.0	1	0.7022	0.698508695276373	-0.3637807249388778
5kfsrwk6isjumbygpci2nc1b	1	2	175	14	0	Go	GAL	1	1	0.513	1	0.0	1	0.7613	0.7596343936821504	-0.27944840511050645
5kfsrwk6isjumbygpci2nc1b	1	2	177	15	0	Go	GAL	1	1	1.011	1	0.0	1	0.805	0.806452171534838	-0.21898354945693177
5kfsrwk6isjumbygpci2nc1b	1	2	184	16	0	Go	GAL	1	1	0.503	1	0.0	1	0.8412	0.8424631770706337	-0.17454202131984445
5kfsrwk6isjumbygpci2nc1b	1	2	185	17	0	Go	GAL	1	1	0.583	1	0.0	1	0.8676	0.8703637379980746	-0.1412644391795092
5kfsrwk6isjumbygpci2nc1b	1	2	191	18	0	Go	GAL	1	1	0.655	1	1.0	0	0.8957	0.8921567196016774	-0.11595890003343091
5kfsrwk6isjumbygpci2nc1b	1	2	195	19	0	Go	GAL	1	1	0.464	1	0.0	1	0.8357	0.8435035576393413	-0.17233954565659812
5kfsrwk6isjumbygpci2nc1b	1	2	199	20	0	Go	GAL	1	1	0.576	1	0.0	1	0.8679	0.8724329664807947	-0.13821268932445172
5kfsrwk6isjumbygpci2nc1b	1	2	201	21	0	Go	GAL	1	1	0.666	1	1.0	0	0.8929	0.8945175653483443	-0.11286335532511685
5kfsrwk6isjumbygpci2nc1b	1	2	205	22	0	Go	GAL	1	1	0.583	1	0.0	1	0.8439	0.8456420765804192	-0.1697023788634044
5kfsrwk6isjumbygpci2nc1b	1	2	211	23	0	Go	GAL	1	1	0.595	1	0.0	1	0.8765	0.8749760863914596	-0.13509557418131848
5kfsrwk6isjumbygpci2nc1b	1	2	215	24	0	Go	GAL	1	1	0.464	1	0.0	1	0.9037	0.8970384164050154	-0.10987111493978495
5kfsrwk6isjumbygpci2nc1b	1	2	219	25	0	Go	GAL	1	1	0.551	1	0.0	1	0.9195	0.9139558604013897	-0.09093891139507812
5kfsrwk6isjumbygpci2nc1b	1	2	222	26	0	Go	GAL	1	1	0.504	1	0.0	1	0.9244	0.9271336045380522	-0.07642836481489539
5kfsrwk6isjumbygpci2nc1b	1	2	228	27	0	Go	GAL	1	1	0.659	1	0.0	1	0.9426	0.937534300853873	-0.06512160318228273
5kfsrwk6isjumbygpci2nc1b	1	2	229	28	0	Go	GAL	1	1	0.551	1	1.0	0	0.9492	0.9458369251449836	-0.05618943743517529
5kfsrwk6isjumbygpci2nc1b	1	2	233	29	0	Go	GAL	1	1	0.542	1	0.0	1	0.9099	0.9134574550051456	-0.09168639340615237
5kfsrwk6isjumbygpci2nc1b	1	2	237	30	0	Go	GAL	1	1	0.627	1	0.0	1	0.9318	0.9277211591979769	-0.07585970958978298
5kfsrwk6isjumbygpci2nc1b	1	2	121	1	1	Go	GW	1	1	0.696	1	1.0	0	0.6889	0.6848159386637939	-0.3918691801443416
5kfsrwk6isjumbygpci2nc1b	1	2	127	2	1	Go	GW	1	1	0.828	1	0.0	1	0.6084	0.6121984999243747	-0.5082048940153658
5kfsrwk6isjumbygpci2nc1b	1	2	131	3	1	Go	GW	1	1	0.736	1	0.0	1	0.8218	0.824725958154372	-0.19735210247984541
5kfsrwk6isjumbygpci2nc1b	1	2	136	4	1	Go	GW	1	1	0.582	1	0.0	1	0.912	0.9080961722724724	-0.09856501462666425
5kfsrwk6isjumbygpci2nc1b	1	2	139	5	1	Go	GW	1	1	0.602	1	0.0	1	0.942	0.9445796956764241	-0.05803049331902867
5kfsrwk6isjumbygpci2nc1b	1	2	143	6	1	Go	GW	1	1	0.455	1	0.0	1	0.9588	0.9626352432755564	-0.038607086282194315
5kfsrwk6isjumbygpci2nc1b	1	2	146	7	1	Go	GW	1	1	0.556	1	1.0	0	0.97	0.9724348380308482	-0.028268483196568547
5kfsrwk6isjumbygpci2nc1b	1	2	151	8	1	Go	GW	1	1	0.551	1	0.0	1	0.9489	0.9524803311638809	-0.04963247327210542
5kfsrwk6isjumbygpci2nc1b	1	2	155	9	1	Go	GW	1	1	0.585	1	0.0	1	0.9688	0.9682840757867416	-0.03266610425430396
5kfsrwk6isjumbygpci2nc1b	1	2	159	10	1	Go	GW	1	1	0.546	1	0.0	1	0.9803	0.9761397270609145	-0.02443225726813841
5kfsrwk6isjumbygpci2nc1b	1	2	164	11	1	Go	GW	1	1	0.622	1	0.0	1	0.9825	0.9805800944117986	-0.01982703899516811
5kfsrwk6isjumbygpci2nc1b	1	2	168	12	1	Go	GW	1	1	0.428	1	0.0	1	0.9848	0.9832831858527828	-0.01704286954654461
5kfsrwk6isjumbygpci2nc1b	1	2	170	13	1	Go	GW	1	1	0.663	1	1.0	0	0.9849	0.9850150030799967	-0.015268196042021244
5kfsrwk6isjumbygpci2nc1b	1	2	173	14	1	Go	GW	1	1	0.557	1	0.0	1	0.9738	0.9706400499340149	-0.03069780095655371
5kfsrwk6isjumbygpci2nc1b	1	2	179	15	1	Go	GW	1	1	0.481	1	0.0	1	0.9799	0.9789282967327787	-0.02167289106601984
5kfsrwk6isjumbygpci2nc1b	1	2	181	16	1	Go	GW	1	1	0.537	1	0.0	1	0.9802	0.9828048896581184	-0.017596846628403665
5kfsrwk6isjumbygpci2nc1b	1	2	186	17	1	Go	GW	1	1	0.583	1	1.0	0	0.9852	0.984954629306636	-0.015364537301630909
5kfsrwk6isjumbygpci2nc1b	1	2	192	18	1	Go	GW	1	1	0.614	1	0.0	1	0.9724	0.9702008753374554	-0.03131903046482127
5kfsrwk6isjumbygpci2nc1b	1	2	193	19	1	Go	GW	1	1	0.599	1	0.0	1	0.9763	0.9790470144559724	-0.021598983835405223
5kfsrwk6isjumbygpci2nc1b	1	2	197	20	1	Go	GW	1	1	0.561	1	0.0	1	0.9851	0.9830317593146699	-0.01738664710345752
5kfsrwk6isjumbygpci2nc1b	1	2	204	21	1	Go	GW	1	1	0.575	1	1.0	0	0.986	0.985180033882629	-0.015146954155309379
5kfsrwk6isjumbygpci2nc1b	1	2	206	22	1	Go	GW	1	1	0.568	1	0.0	1	0.9693	0.9704479601626308	-0.03111003062910135
5kfsrwk6isjumbygpci2nc1b	1	2	210	23	1	Go	GW	1	1	0.579	1	0.0	1	0.9798	0.9793097231792173	-0.021347140020910628
5kfsrwk6isjumbygpci2nc1b	1	2	216	24	1	Go	GW	1	1	0.52	1	0.0	1	0.9839	0.9832560273343531	-0.017166651812196322
5kfsrwk6isjumbygpci2nc1b	1	2	218	25	1	Go	GW	1	1	0.498	1	0.0	1	0.984	0.9853616119731323	-0.014967490509077428
5kfsrwk6isjumbygpci2nc1b	1	2	224	26	1	Go	GW	1	1	0.419	1	0.0	1	0.9845	0.9866016137965403	-0.013682526021713201
5kfsrwk6isjumbygpci2nc1b	1	2	227	27	1	Go	GW	1	1	0.542	1	0.0	1	0.9872	0.9873802487415615	-0.01287996344598239
5kfsrwk6isjumbygpci2nc1b	1	2	231	28	1	Go	GW	1	1	0.402	1	0.0	1	0.9864	0.9878923799308567	-0.01235423733755051
5kfsrwk6isjumbygpci2nc1b	1	2	235	29	1	Go	GW	1	1	0.45	1	1.0	0	0.9888	0.9882415135265182	-0.011997015742903171
5kfsrwk6isjumbygpci2nc1b	1	2	239	30	1	Go	GW	1	1	0.512	1	0.0	1	0.9766	0.9755074491396548	-0.02572979565636561
5s1xh81p48d3cgfopxg5th7b	1	1	2	1	0	No-Go	NGAL	0	1	0.509	0	0.0	0	0.5641	0.5640359054492258	-0.5815630340955035
5s1xh81p48d3cgfopxg5th7b	1	1	5	2	0	No-Go	NGAL	0	1	0.451	0	0.0	0	0.4627	0.4582531284626591	-0.7945150433322541
5s1xh81p48d3cgfopxg5th7b	1	1	11	3	0	No-Go	NGAL	0	0		1	0.0	1	0.3614	0.6381312048402735	-0.4566269693128128
5s1xh81p48d3cgfopxg5th7b	1	1	14	4	0	No-Go	NGAL	0	0		1	0.0	1	0.2696	0.7285122197826464	-0.32244431353045416
5s1xh81p48d3cgfopxg5th7b	1	1	18	5	0	No-Go	NGAL	0	0		1	1.0	0	0.2029	0.7988947477064827	-0.22870820797452152
5s1xh81p48d3cgfopxg5th7b	1	1	24	6	0	No-Go	NGAL	0	1	0.963	0	1.0	1	0.219	0.21413068182650608	-1.6041177135651865
5s1xh81p48d3cgfopxg5th7b	1	1	28	7	0	No-Go	NGAL	0	1	1.19	0	0.0	0	0.2984	0.30171461898744545	-1.23002711627533
5s1xh81p48d3cgfopxg5th7b	1	1	30	8	0	No-Go	NGAL	0	0		1	0.0	1	0.2273	0.7752628068501712	-0.2588695264542033
5s1xh81p48d3cgfopxg5th7b	1	1	34	9	0	No-Go	NGAL	0	0		1	0.0	1	0.1692	0.8337075049145324	-0.1849686119022593
5s1xh81p48d3cgfopxg5th7b	1	1	37	10	0	No-Go	NGAL	0	0		1	0.0	1	0.124	0.8768737804320773	-0.13352245017250444
5s1xh81p48d3cgfopxg5th7b	1	1	42	11	0	No-Go	NGAL	0	0		1	1.0	0	0.0881	0.9083493220259815	-0.09755477677603117
5s1xh81p48d3cgfopxg5th7b	1	1	45	12	0	No-Go	NGAL	0	0		1	0.0	1	0.0985	0.9008075687113749	-0.10605124949940611
5s1xh81p48d3cgfopxg5th7b	1	1	50	13	0	No-Go	NGAL	0	0		1	0.0	1	0.0743	0.9257530273744976	-0.07819880317447876
5s1xh81p48d3cgfopxg5th7b	1	1	54	14	0	No-Go	NGAL	0	0		1	0.0	1	0.0552	0.9438858259375513	-0.05844313917246447
5s1xh81p48d3cgfopxg5th7b	1	1	57	15	0	No-Go	NGAL	0	0		1	0.0	1	0.043	0.957127666957278	-0.044277107601965855
5s1xh81p48d3cgfopxg5th7b	1	1	62	16	0	No-Go	NGAL	0	0		1	0.0	1	0.0354	0.9668663157835403	-0.03400121011452978
5s1xh81p48d3cgfopxg5th7b	1	1	68	17	0	No-Go	NGAL	0	0		1	0.0	1	0.0271	0.9740895702002051	-0.02645907057610531
5s1xh81p48d3cgfopxg5th7b	1	1	71	18	0	No-Go	NGAL	0	0		1	0.0	1	0.0185	0.979496948736518	-0.02085843540617472
5s1xh81p48d3cgfopxg5th7b	1	1	75	19	0	No-Go	NGAL	0	0		1	0.0	1	0.0164	0.9835840513952385	-0.016651768410747884
5s1xh81p48d3cgfopxg5th7b	1	1	80	20	0	No-Go	NGAL	0	0		1	1.0	0	0.0142	0.9867033608930377	-0.013456963865387282
5s1xh81p48d3cgfopxg5th7b	1	1	84	21	0	No-Go	NGAL	0	0		1	1.0	0	0.015	0.9852728658579717	-0.014920080415158517
5s1xh81p48d3cgfopxg5th7b	1	1	85	22	0	No-Go	NGAL	0	0		1	0.0	1	0.0173	0.983645941301552	-0.016590765833403433
5s1xh81p48d3cgfopxg5th7b	1	1	91	23	0	No-Go	NGAL	0	0		1	0.0	1	0.0113	0.9867618925056044	-0.013398730597234022
5s1xh81p48d3cgfopxg5th7b	1	1	95	24	0	No-Go	NGAL	0	0		1	0.0	1	0.0112	0.9891592362828308	-0.010952584193022294
5s1xh81p48d3cgfopxg5th7b	1	1	100	25	0	No-Go	NGAL	0	0		1	0.0	1	0.0101	0.9910218563476465	-0.009057989699763657
5s1xh81p48d3cgfopxg5th7b	1	1	104	26	0	No-Go	NGAL	0	0		1	0.0	1	0.0066	0.9924827961759732	-0.0075756677711412024
5s1xh81p48d3cgfopxg5th7b	1	1	107	27	0	No-Go	NGAL	0	0		1	1.0	0	0.0072	0.993639175986283	-0.0064047038487146605
5s1xh81p48d3cgfopxg5th7b	1	1	111	28	0	No-Go	NGAL	0	0		1	0.0	1	0.0071	0.9928669154851841	-0.007188310910615536
5s1xh81p48d3cgfopxg5th7b	1	1	114	29	0	No-Go	NGAL	0	0		1	0.0	1	0.0063	0.9939475386727028	-0.006094106665829841
5s1xh81p48d3cgfopxg5th7b	1	1	118	30	0	No-Go	NGAL	0	0		1	0.0	1	0.0062	0.9948117279158037	-0.005220459913786104
5s1xh81p48d3cgfopxg5th7b	1	1	3	1	0	Go	GAL	1	1	0.498	1	0.0	1	0.5668	0.5640359054492258	-0.5815630340955035
5s1xh81p48d3cgfopxg5th7b	1	1	6	2	0	Go	GAL	1	0		0	0.0	0	0.6613	0.33600603215624697	-1.115776029866685
5s1xh81p48d3cgfopxg5th7b	1	1	9	3	0	Go	GAL	1	0		0	0.0	0	0.6865	0.3196124872493277	-1.166245357603234
5s1xh81p48d3cgfopxg5th7b	1	1	13	4	0	Go	GAL	1	1	1.258	1	1.0	0	0.6955	0.6960181654423577	-0.36759415461908324
5s1xh81p48d3cgfopxg5th7b	1	1	19	5	0	Go	GAL	1	1	1.227	1	0.0	1	0.5957	0.5942148701673722	-0.5277711440008624
5s1xh81p48d3cgfopxg5th7b	1	1	21	6	0	Go	GAL	1	0		0	0.0	0	0.699	0.30861557758020985	-1.2020290342967328
5s1xh81p48d3cgfopxg5th7b	1	1	25	7	0	Go	GAL	1	0		0	0.0	0	0.6982	0.2936271112603217	-1.2559411271691125
5s1xh81p48d3cgfopxg5th7b	1	1	31	8	0	Go	GAL	1	1	0.78	1	0.0	1	0.7178	0.7205783630195055	-0.33297710812244175
5s1xh81p48d3cgfopxg5th7b	1	1	35	9	0	Go	GAL	1	1	0.966	1	0.0	1	0.7915	0.7931422054281496	-0.2354773474639129
5s1xh81p48d3cgfopxg5th7b	1	1	38	10	0	Go	GAL	1	0		0	1.0	1	0.849	0.15241474074066325	-1.9641460649483846
5s1xh81p48d3cgfopxg5th7b	1	1	44	11	0	Go	GAL	1	0		0	0.0	0	0.7882	0.21643027950976876	-1.5802628873555826
5s1xh81p48d3cgfopxg5th7b	1	1	47	12	0	Go	GAL	1	0		0	0.0	0	0.7944	0.20464164849065006	-1.6466699854740092
5s1xh81p48d3cgfopxg5th7b	1	1	49	13	0	Go	GAL	1	0		0	0.0	0	0.8069	0.1936544087107087	-1.7149884318176243
5s1xh81p48d3cgfopxg5th7b	1	1	56	14	0	Go	GAL	1	0		0	0.0	0	0.8194	0.18341684028702188	-1.7851276997880607
5s1xh81p48d3cgfopxg5th7b	1	1	59	15	0	Go	GAL	1	1	0.612	1	1.0	0	0.8307	0.826123037391731	-0.195157798650187
5s1xh81p48d3cgfopxg5th7b	1	1	63	16	0	Go	GAL	1	1	0.513	1	0.0	1	0.7486	0.7462998764246338	-0.299923234919778
5s1xh81p48d3cgfopxg5th7b	1	1	67	17	0	Go	GAL	1	1	0.968	1	0.0	1	0.8115	0.8113640857279585	-0.2135777004569744
5s1xh81p48d3cgfopxg5th7b	1	1	70	18	0	Go	GAL	1	1	1.414	1	0.0	1	0.8588	0.8600736124429544	-0.15362798208310957
5s1xh81p48d3cgfopxg5th7b	1	1	73	19	0	Go	GAL	1	1	0.88	1	1.0	0	0.8978	0.8958340338781356	-0.11185964801232402
5s1xh81p48d3cgfopxg5th7b	1	1	77	20	0	Go	GAL	1	1	0.706	1	0.0	1	0.8332	0.8380183128456232	-0.180299546447288
5s1xh81p48d3cgfopxg5th7b	1	1	82	21	0	Go	GAL	1	1	0.562	1	1.0	0	0.8777	0.8799718607595857	-0.1301055150261171
5s1xh81p48d3cgfopxg5th7b	1	1	88	22	0	Go	GAL	1	1	0.888	1	0.0	1	0.8177	0.8159553825239866	-0.20809146714842805
5s1xh81p48d3cgfopxg5th7b	1	1	89	23	0	Go	GAL	1	1	0.762	1	0.0	1	0.8576	0.864002061453929	-0.14896226623130573
5s1xh81p48d3cgfopxg5th7b	1	1	93	24	0	Go	GAL	1	1	0.784	1	0.0	1	0.8976	0.8990553459236895	-0.10813984039699916
5s1xh81p48d3cgfopxg5th7b	1	1	99	25	0	Go	GAL	1	1	0.64	1	0.0	1	0.9278	0.924443789264379	-0.07966906748060952
5s1xh81p48d3cgfopxg5th7b	1	1	102	26	0	Go	GAL	1	1	0.664	1	0.0	1	0.9423	0.9428453812553372	-0.05957498708153454
5s1xh81p48d3cgfopxg5th7b	1	1	106	27	0	Go	GAL	1	1	0.881	1	0.0	1	0.9518	0.9562545633131152	-0.04521086217928131
5s1xh81p48d3cgfopxg5th7b	1	1	112	28	0	Go	GAL	1	1	0.663	1	1.0	0	0.9632	0.9661040631127393	-0.03480812975609542
5s1xh81p48d3cgfopxg5th7b	1	1	113	29	0	Go	GAL	1	1	0.611	1	0.0	1	0.9432	0.9414804726816497	-0.061136342035894464
5s1xh81p48d3cgfopxg5th7b	1	1	117	30	0	Go	GAL	1	1	0.939	1	0.0	1	0.9569	0.9553913346241601	-0.04617003469802286
5s1xh81p48d3cgfopxg5th7b	1	1	4	1	1	Go	GW	1	1	0.528	1	0.0	1	0.5351	0.5356306475475606	-0.654962582574495
5s1xh81p48d3cgfopxg5th7b	1	1	7	2	1	Go	GW	1	1	0.476	1	1.0	0	0.8477	0.8485521148925429	-0.1706702103217311
5s1xh81p48d3cgfopxg5th7b	1	1	12	3	1	Go	GW	1	1	0.486	1	0.0	1	0.7769	0.7757523464359036	-0.2644687949532742
5s1xh81p48d3cgfopxg5th7b	1	1	16	4	1	Go	GW	1	1	0.513	1	0.0	1	0.9223	0.9218381635964448	-0.0849065122744503
5s1xh81p48d3cgfopxg5th7b	1	1	20	5	1	Go	GW	1	1	0.614	1	0.0	1	0.9678	0.9675060451617783	-0.034083221867338954
5s1xh81p48d3cgfopxg5th7b	1	1	22	6	1	Go	GW	1	1	0.367	1	0.0	1	0.9849	0.9842264414570272	-0.016244447126653648
5s1xh81p48d3cgfopxg5th7b	1	1	27	7	1	Go	GW	1	1	0.423	1	1.0	0	0.991	0.9912872444822135	-0.008880370387138905
5s1xh81p48d3cgfopxg5th7b	1	1	29	8	1	Go	GW	1	1	0.5	1	0.0	1	0.9838	0.9838868196321718	-0.016586003044908457
5s1xh81p48d3cgfopxg5th7b	1	1	33	9	1	Go	GW	1	1	0.498	1	0.0	1	0.9907	0.9912390170497196	-0.008928728159160145
5s1xh81p48d3cgfopxg5th7b	1	1	39	10	1	Go	GW	1	1	0.376	1	0.0	1	0.9952	0.994612902650004	-0.005458811352799993
5s1xh81p48d3cgfopxg5th7b	1	1	41	11	1	Go	GW	1	1	0.409	1	0.0	1	0.997	0.9963416468080922	-0.003694521288393202
5s1xh81p48d3cgfopxg5th7b	1	1	48	12	1	Go	GW	1	1	0.342	1	0.0	1	0.9976	0.9972999318080469	-0.0027215040207341254
5s1xh81p48d3cgfopxg5th7b	1	1	51	13	1	Go	GW	1	1	0.269	1	0.0	1	0.9974	0.9978647007486255	-0.002150048943066356
5s1xh81p48d3cgfopxg5th7b	1	1	55	14	1	Go	GW	1	1	0.464	1	1.0	0	0.9978	0.9982144900567881	-0.0017969847210700719
5s1xh81p48d3cgfopxg5th7b	1	1	58	15	1	Go	GW	1	1	0.321	1	0.0	1	0.9956	0.9959642410123831	-0.004097410807023588
5s1xh81p48d3cgfopxg5th7b	1	1	61	16	1	Go	GW	1	1	0.423	1	1.0	0	0.9976	0.997259444483151	-0.002767405028557119
5s1xh81p48d3cgfopxg5th7b	1	1	66	17	1	Go	GW	1	1	0.307	1	0.0	1	0.993	0.9939201473979737	-0.006220809448276978
5s1xh81p48d3cgfopxg5th7b	1	1	69	18	1	Go	GW	1	1	0.421	1	0.0	1	0.996	0.9963572193367584	-0.003688233263054317
5s1xh81p48d3cgfopxg5th7b	1	1	74	19	1	Go	GW	1	1	0.603	1	0.0	1	0.9973	0.9974136982148657	-0.0026100248599637164
5s1xh81p48d3cgfopxg5th7b	1	1	78	20	1	Go	GW	1	1	0.355	1	0.0	1	0.9983	0.9979725811004977	-0.0020430903279797276
5s1xh81p48d3cgfopxg5th7b	1	1	81	21	1	Go	GW	1	1	0.397	1	0.0	1	0.999	0.9983005036411879	-0.0017114886065837441
5s1xh81p48d3cgfopxg5th7b	1	1	87	22	1	Go	GW	1	1	0.413	1	0.0	1	0.9982	0.9985060909298511	-0.0015040080293207598
5s1xh81p48d3cgfopxg5th7b	1	1	90	23	1	Go	GW	1	1	0.375	1	0.0	1	0.9987	0.9986412323949582	-0.0013678127829405073
5s1xh81p48d3cgfopxg5th7b	1	1	94	24	1	Go	GW	1	1	0.401	1	0.0	1	0.9992	0.9987333467247365	-0.0012750774613744223
5s1xh81p48d3cgfopxg5th7b	1	1	98	25	1	Go	GW	1	1	0.401	1	1.0	0	0.9981	0.9987979836752771	-0.0012100579748973246
5s1xh81p48d3cgfopxg5th7b	1	1	103	26	1	Go	GW	1	1	0.376	1	0.0	1	0.997	0.9970649652730627	-0.0029852067619541667
5s1xh81p48d3cgfopxg5th7b	1	1	108	27	1	Go	GW	1	1	0.306	1	1.0	0	0.9981	0.9979409199113712	-0.002080563821828591
5s1xh81p48d3cgfopxg5th7b	1	1	110	28	1	Go	GW	1	1	0.438	1	0.0	1	0.9952	0.9951845703271361	-0.004938538721212706
5s1xh81p48d3cgfopxg5th7b	1	1	115	29	1	Go	GW	1	1	0.286	1	0.0	1	0.9974	0.9970980855952123	-0.0029399061956703813
5s1xh81p48d3cgfopxg5th7b	1	1	120	30	1	Go	GW	1	1	0.351	1	0.0	1	0.998	0.997878649911106	-0.002141495831805331
5s1xh81p48d3cgfopxg5th7b	1	1	1	1	1	No-Go	NGW	0	1	0.505	0	0.0	0	0.5298	0.5356306475475606	-0.654962582574495
5s1xh81p48d3cgfopxg5th7b	1	1	8	2	1	No-Go	NGW	0	1	0.644	0	1.0	1	0.4306	0.4319810666063083	-0.8828928267704231
5s1xh81p48d3cgfopxg5th7b	1	1	10	3	1	No-Go	NGW	0	1	0.618	0	0.0	0	0.8035	0.8024231347491683	-0.2307025640295513
5s1xh81p48d3cgfopxg5th7b	1	1	15	4	1	No-Go	NGW	0	1	0.627	0	0.0	0	0.7167	0.718018448164104	-0.34785328386682296
5s1xh81p48d3cgfopxg5th7b	1	1	17	5	1	No-Go	NGW	0	1	1.381	0	0.0	0	0.6196	0.618768340925391	-0.5046314580879833
5s1xh81p48d3cgfopxg5th7b	1	1	23	6	1	No-Go	NGW	0	0		1	0.0	1	0.5014	0.4867208926003048	-0.7618727219661728
5s1xh81p48d3cgfopxg5th7b	1	1	26	7	1	No-Go	NGW	0	1	0.602	0	0.0	0	0.417	0.41059993276724016	-0.9419485823751834
5s1xh81p48d3cgfopxg5th7b	1	1	32	8	1	No-Go	NGW	0	0		1	0.0	1	0.3214	0.6839568052726599	-0.39534023069512236
5s1xh81p48d3cgfopxg5th7b	1	1	36	9	1	No-Go	NGW	0	0		1	1.0	0	0.24	0.7616957009566798	-0.281954487214224
5s1xh81p48d3cgfopxg5th7b	1	1	40	10	1	No-Go	NGW	0	1	0.527	0	0.0	0	0.3352	0.33079521685267693	-1.1704482608482938
5s1xh81p48d3cgfopxg5th7b	1	1	43	11	1	No-Go	NGW	0	0		1	0.0	1	0.2485	0.7489880420037056	-0.29859986013024514
5s1xh81p48d3cgfopxg5th7b	1	1	46	12	1	No-Go	NGW	0	0		1	1.0	0	0.1871	0.8156415337672249	-0.20969980064226013
5s1xh81p48d3cgfopxg5th7b	1	1	52	13	1	No-Go	NGW	0	0		1	0.0	1	0.2664	0.7377442393092124	-0.3142488019894588
5s1xh81p48d3cgfopxg5th7b	1	1	53	14	1	No-Go	NGW	0	0		1	0.0	1	0.1967	0.8073488709167878	-0.22019282421838546
5s1xh81p48d3cgfopxg5th7b	1	1	60	15	1	No-Go	NGW	0	0		1	0.0	1	0.1485	0.8590104287462232	-0.1557968769270168
5s1xh81p48d3cgfopxg5th7b	1	1	64	16	1	No-Go	NGW	0	0		1	0.0	1	0.1091	0.8965281373841957	-0.11158816534245691
5s1xh81p48d3cgfopxg5th7b	1	1	65	17	1	No-Go	NGW	0	0		1	1.0	0	0.0769	0.9235307321712964	-0.08101657417718197
5s1xh81p48d3cgfopxg5th7b	1	1	72	18	1	No-Go	NGW	0	0		1	0.0	1	0.1227	0.8800691108898183	-0.13052221977338144
5s1xh81p48d3cgfopxg5th7b	1	1	76	19	1	No-Go	NGW	0	0		1	0.0	1	0.0918	0.911926204814341	-0.09390560789610677
5s1xh81p48d3cgfopxg5th7b	1	1	79	20	1	No-Go	NGW	0	0		1	0.0	1	0.0672	0.9347295462020329	-0.06856506287187245
5s1xh81p48d3cgfopxg5th7b	1	1	83	21	1	No-Go	NGW	0	0		1	0.0	1	0.0512	0.9510962719414654	-0.050813702268541074
5s1xh81p48d3cgfopxg5th7b	1	1	86	22	1	No-Go	NGW	0	0		1	0.0	1	0.0395	0.9629198304788388	-0.03821625193250543
5s1xh81p48d3cgfopxg5th7b	1	1	92	23	1	No-Go	NGW	0	0		1	0.0	1	0.0302	0.9715356109427828	-0.0291575293163661
5s1xh81p48d3cgfopxg5th7b	1	1	96	24	1	No-Go	NGW	0	0		1	1.0	0	0.0226	0.9778758082200784	-0.022557812477890887
5s1xh81p48d3cgfopxg5th7b	1	1	97	25	1	No-Go	NGW	0	0		1	0.0	1	0.0354	0.9618001163827943	-0.039380830290286384
5s1xh81p48d3cgfopxg5th7b	1	1	101	26	1	No-Go	NGW	0	0		1	0.0	1	0.0309	0.9708015929265743	-0.029913685744263216
5s1xh81p48d3cgfopxg5th7b	1	1	105	27	1	No-Go	NGW	0	0		1	0.0	1	0.0236	0.9773797265186275	-0.023066187795248192
5s1xh81p48d3cgfopxg5th7b	1	1	109	28	1	No-Go	NGW	0	0		1	0.0	1	0.0183	0.9822438447503873	-0.018041864172890207
5s1xh81p48d3cgfopxg5th7b	1	1	116	29	1	No-Go	NGW	0	1	0.262	0	1.0	1	0.0159	0.014117162887765525	-4.662654417131087
5s1xh81p48d3cgfopxg5th7b	1	1	119	30	1	No-Go	NGW	0	0		1	0.0	1	0.088	0.9082766403720521	-0.1052579279745921
5s1xh81p48d3cgfopxg5th7b	1	2	121	1	1	No-Go	NGW	0	1	1.245	0	0.0	0	0.534	0.5356306475475606	-0.654962582574495
5s1xh81p48d3cgfopxg5th7b	1	2	126	2	1	No-Go	NGW	0	0		1	1.0	0	0.4305	0.5680189333936917	-0.5897693278453332
5s1xh81p48d3cgfopxg5th7b	1	2	131	3	1	No-Go	NGW	0	1	0.727	0	0.0	0	0.5325	0.5356306475475606	-0.654962582574495
5s1xh81p48d3cgfopxg5th7b	1	2	136	4	1	No-Go	NGW	0	0		1	0.0	1	0.4428	0.5622863136062095	-0.6005594202733808
5s1xh81p48d3cgfopxg5th7b	1	2	137	5	1	No-Go	NGW	0	1	0.708	0	0.0	0	0.3398	0.333940271963971	-1.1586986396350833
5s1xh81p48d3cgfopxg5th7b	1	2	143	6	1	No-Go	NGW	0	0		1	0.0	1	0.2594	0.7429317871197162	-0.30667265566613416
5s1xh81p48d3cgfopxg5th7b	1	2	145	7	1	No-Go	NGW	0	0		1	0.0	1	0.1944	0.8134360898915939	-0.21229927935344084
5s1xh81p48d3cgfopxg5th7b	1	2	152	8	1	No-Go	NGW	0	0		1	0.0	1	0.1362	0.8651200525711774	-0.14843241446420863
5s1xh81p48d3cgfopxg5th7b	1	2	154	9	1	No-Go	NGW	0	0		1	1.0	0	0.1025	0.9021880665213637	-0.10508948970617
5s1xh81p48d3cgfopxg5th7b	1	2	157	10	1	No-Go	NGW	0	0		1	0.0	1	0.1467	0.852186212960422	-0.16374577456527745
5s1xh81p48d3cgfopxg5th7b	1	2	161	11	1	No-Go	NGW	0	0		1	0.0	1	0.1063	0.8931898319274342	-0.1152656846627899
5s1xh81p48d3cgfopxg5th7b	1	2	168	12	1	No-Go	NGW	0	0		1	1.0	0	0.0772	0.9222888026767163	-0.08230765330656645
5s1xh81p48d3cgfopxg5th7b	1	2	171	13	1	No-Go	NGW	0	0		1	0.0	1	0.1249	0.8798380805040998	-0.13061587548666242
5s1xh81p48d3cgfopxg5th7b	1	2	174	14	1	No-Go	NGW	0	0		1	0.0	1	0.0867	0.9130328455784338	-0.09256077914934539
5s1xh81p48d3cgfopxg5th7b	1	2	178	15	1	No-Go	NGW	0	0		1	0.0	1	0.0587	0.9364582352765534	-0.06661846137059066
5s1xh81p48d3cgfopxg5th7b	1	2	184	16	1	No-Go	NGW	0	0		1	0.0	1	0.0448	0.9530379532218333	-0.048700980528780184
5s1xh81p48d3cgfopxg5th7b	1	2	187	17	1	No-Go	NGW	0	0		1	1.0	0	0.033	0.9648558960216161	-0.03615347480966307
5s1xh81p48d3cgfopxg5th7b	1	2	189	18	1	No-Go	NGW	0	0		1	0.0	1	0.0559	0.9421218059290107	-0.060400792443256815
5s1xh81p48d3cgfopxg5th7b	1	2	196	19	1	No-Go	NGW	0	0		1	0.0	1	0.0446	0.9571939297648989	-0.04423287734185762
5s1xh81p48d3cgfopxg5th7b	1	2	199	20	1	No-Go	NGW	0	0		1	0.0	1	0.0323	0.9679090223736665	-0.03292290071515996
5s1xh81p48d3cgfopxg5th7b	1	2	202	21	1	No-Go	NGW	0	0		1	0.0	1	0.0228	0.9756109130171108	-0.02488825128129751
5s1xh81p48d3cgfopxg5th7b	1	2	207	22	1	No-Go	NGW	0	0		1	0.0	1	0.0181	0.9812122863323879	-0.01909552764020269
5s1xh81p48d3cgfopxg5th7b	1	2	209	23	1	No-Go	NGW	0	0		1	0.0	1	0.0139	0.9853347848779338	-0.014860111282341654
5s1xh81p48d3cgfopxg5th7b	1	2	214	24	1	No-Go	NGW	0	0		1	1.0	0	0.0115	0.9884047612436663	-0.011721852570333507
5s1xh81p48d3cgfopxg5th7b	1	2	217	25	1	No-Go	NGW	0	0		1	0.0	1	0.021	0.979382661806855	-0.020988554000848977
5s1xh81p48d3cgfopxg5th7b	1	2	223	26	1	No-Go	NGW	0	0		1	0.0	1	0.0157	0.9840330453615632	-0.01619795230609086
5s1xh81p48d3cgfopxg5th7b	1	2	226	27	1	No-Go	NGW	0	0		1	0.0	1	0.0116	0.987458706408885	-0.012689587753515696
5s1xh81p48d3cgfopxg5th7b	1	2	231	28	1	No-Go	NGW	0	0		1	0.0	1	0.0101	0.9900160123092301	-0.01008197608067781
5s1xh81p48d3cgfopxg5th7b	1	2	233	29	1	No-Go	NGW	0	0		1	1.0	0	0.0083	0.9919492230876181	-0.0081173132280923
5s1xh81p48d3cgfopxg5th7b	1	2	238	30	1	No-Go	NGW	0	0		1	0.0	1	0.0147	0.9851834399014607	-0.015038093142659468
5s1xh81p48d3cgfopxg5th7b	1	2	124	1	0	Go	GAL	1	0		0	0.0	0	0.5632	0.4359640945507741	-0.8449397688847555
5s1xh81p48d3cgfopxg5th7b	1	2	125	2	0	Go	GAL	1	1	1.11	1	0.0	1	0.5716	0.5822307895196206	-0.5485462480262394
5s1xh81p48d3cgfopxg5th7b	1	2	132	3	0	Go	GAL	1	1	1.113	1	0.0	1	0.6703	0.6803875127506722	-0.3906654303747974
5s1xh81p48d3cgfopxg5th7b	1	2	135	4	0	Go	GAL	1	1	1.19	1	1.0	0	0.76	0.7599470151319975	-0.27865892214302806
5s1xh81p48d3cgfopxg5th7b	1	2	140	5	0	Go	GAL	1	0		0	0.0	0	0.6705	0.3347553155534929	-1.1160594056050686
5s1xh81p48d3cgfopxg5th7b	1	2	142	6	0	Go	GAL	1	1	0.601	1	0.0	1	0.6864	0.6812938282609787	-0.3889041837029122
5s1xh81p48d3cgfopxg5th7b	1	2	146	7	0	Go	GAL	1	1	0.668	1	0.0	1	0.7637	0.761676493035572	-0.27601612972417977
5s1xh81p48d3cgfopxg5th7b	1	2	151	8	0	Go	GAL	1	0		0	0.0	0	0.8285	0.17673601828255808	-1.793880977152434
5s1xh81p48d3cgfopxg5th7b	1	2	155	9	0	Go	GAL	1	1	1.115	1	0.0	1	0.8255	0.833218303885639	-0.18509134507349168
5s1xh81p48d3cgfopxg5th7b	1	2	160	10	0	Go	GAL	1	1	1.161	1	1.0	0	0.8775	0.8767130847053796	-0.133392253684005
5s1xh81p48d3cgfopxg5th7b	1	2	163	11	0	Go	GAL	1	1	0.961	1	0.0	1	0.8121	0.8128459787543343	-0.209917345506469
5s1xh81p48d3cgfopxg5th7b	1	2	165	12	0	Go	GAL	1	1	1.057	1	0.0	1	0.8647	0.8620868101590968	-0.1502870596357495
5s1xh81p48d3cgfopxg5th7b	1	2	169	13	0	Go	GAL	1	1	0.988	1	0.0	1	0.8968	0.8979415019454924	-0.10894701762776164
5s1xh81p48d3cgfopxg5th7b	1	2	173	14	0	Go	GAL	1	1	0.736	1	0.0	1	0.9239	0.9238747501692074	-0.08005692055095667
5s1xh81p48d3cgfopxg5th7b	1	2	179	15	0	Go	GAL	1	1	0.295	1	1.0	0	0.9479	0.9426436087393002	-0.059657880521149835
5s1xh81p48d3cgfopxg5th7b	1	2	182	16	0	Go	GAL	1	1	0.251	1	0.0	1	0.9083	0.9061915878174279	-0.0995759004453939
5s1xh81p48d3cgfopxg5th7b	1	2	185	17	0	Go	GAL	1	1	0.349	1	0.0	1	0.9312	0.9300468101427208	-0.07324117441482471
5s1xh81p48d3cgfopxg5th7b	1	2	191	18	0	Go	GAL	1	1	0.369	1	0.0	1	0.9473	0.9472424109794083	-0.05468807161127211
5s1xh81p48d3cgfopxg5th7b	1	2	193	19	0	Go	GAL	1	1	0.545	1	1.0	0	0.962	0.9597230775827736	-0.041442768856932155
5s1xh81p48d3cgfopxg5th7b	1	2	198	20	0	Go	GAL	1	1	0.691	1	0.0	1	0.9328	0.9319458365898506	-0.0712095793790435
5s1xh81p48d3cgfopxg5th7b	1	2	204	21	0	Go	GAL	1	1	0.371	1	1.0	0	0.9487	0.9487724831501265	-0.05306324189939914
5s1xh81p48d3cgfopxg5th7b	1	2	206	22	0	Go	GAL	1	1	0.349	1	0.0	1	0.9107	0.9146368339840263	-0.0904223284866289
5s1xh81p48d3cgfopxg5th7b	1	2	212	23	0	Go	GAL	1	1	0.579	1	0.0	1	0.9376	0.9365041350909818	-0.06631714982034564
5s1xh81p48d3cgfopxg5th7b	1	2	215	24	0	Go	GAL	1	1	0.476	1	0.0	1	0.9529	0.9521462825042477	-0.04949301402694645
5s1xh81p48d3cgfopxg5th7b	1	2	220	25	0	Go	GAL	1	1	0.292	1	0.0	1	0.9612	0.9634378777735754	-0.037549788653276
5s1xh81p48d3cgfopxg5th7b	1	2	221	26	0	Go	GAL	1	1	0.295	1	0.0	1	0.9736	0.9716796219905295	-0.02893528425561801
5s1xh81p48d3cgfopxg5th7b	1	2	228	27	0	Go	GAL	1	1	0.306	1	0.0	1	0.9752	0.9777665362706959	-0.022628082225516717
5s1xh81p48d3cgfopxg5th7b	1	2	232	28	0	Go	GAL	1	1	0.405	1	1.0	0	0.9828	0.9823156760698053	-0.017944894274083266
5s1xh81p48d3cgfopxg5th7b	1	2	235	29	0	Go	GAL	1	1	0.416	1	0.0	1	0.9677	0.9680167249642083	-0.03282000648771404
5s1xh81p48d3cgfopxg5th7b	1	2	237	30	0	Go	GAL	1	1	0.34	1	0.0	1	0.9755	0.9751385796527642	-0.025380760511292007
5s1xh81p48d3cgfopxg5th7b	1	2	122	1	0	No-Go	NGAL	0	0		1	0.0	1	0.5613	0.4359640945507741	-0.8449397688847555
5s1xh81p48d3cgfopxg5th7b	1	2	128	2	0	No-Go	NGAL	0	0		1	0.0	1	0.4567	0.5417468715373409	-0.6228382613009547
5s1xh81p48d3cgfopxg5th7b	1	2	130	3	0	No-Go	NGAL	0	1	0.889	0	0.0	0	0.3643	0.36186879515972653	-1.0404102599387781
5s1xh81p48d3cgfopxg5th7b	1	2	133	4	0	No-Go	NGAL	0	1	0.868	0	0.0	0	0.2729	0.2714877802173536	-1.3470683067398652
5s1xh81p48d3cgfopxg5th7b	1	2	139	5	0	No-Go	NGAL	0	0		1	1.0	0	0.2049	0.7988947477064827	-0.22870820797452152
5s1xh81p48d3cgfopxg5th7b	1	2	144	6	0	No-Go	NGAL	0	1	0.622	0	1.0	1	0.2201	0.21413068182650608	-1.6041177135651865
5s1xh81p48d3cgfopxg5th7b	1	2	147	7	0	No-Go	NGAL	0	0		1	0.0	1	0.3069	0.6982853810125546	-0.3648332159094726
5s1xh81p48d3cgfopxg5th7b	1	2	149	8	0	No-Go	NGAL	0	0		1	0.0	1	0.2365	0.7715331937887202	-0.2636573394770911
5s1xh81p48d3cgfopxg5th7b	1	2	153	9	0	No-Go	NGAL	0	0		1	0.0	1	0.1743	0.8279990330509227	-0.19182846389615288
5s1xh81p48d3cgfopxg5th7b	1	2	158	10	0	No-Go	NGAL	0	1	1.12	0	0.0	0	0.1323	0.12955519922532896	-2.145220191447231
5s1xh81p48d3cgfopxg5th7b	1	2	164	11	0	No-Go	NGAL	0	0		1	1.0	0	0.0912	0.9083493220259815	-0.09755477677603117
5s1xh81p48d3cgfopxg5th7b	1	2	166	12	0	No-Go	NGAL	0	0		1	0.0	1	0.0989	0.9008075687113749	-0.10605124949940611
5s1xh81p48d3cgfopxg5th7b	1	2	172	13	0	No-Go	NGAL	0	0		1	0.0	1	0.0774	0.9257530273744976	-0.07819880317447876
5s1xh81p48d3cgfopxg5th7b	1	2	175	14	0	No-Go	NGAL	0	0		1	0.0	1	0.0533	0.9438858259375513	-0.05844313917246447
5s1xh81p48d3cgfopxg5th7b	1	2	177	15	0	No-Go	NGAL	0	0		1	0.0	1	0.0431	0.957127666957278	-0.044277107601965855
5s1xh81p48d3cgfopxg5th7b	1	2	181	16	0	No-Go	NGAL	0	0		1	0.0	1	0.0336	0.9668663157835403	-0.03400121011452978
5s1xh81p48d3cgfopxg5th7b	1	2	186	17	0	No-Go	NGAL	0	0		1	0.0	1	0.0254	0.9740895702002051	-0.02645907057610531
5s1xh81p48d3cgfopxg5th7b	1	2	190	18	0	No-Go	NGAL	0	0		1	0.0	1	0.0207	0.979496948736518	-0.02085843540617472
5s1xh81p48d3cgfopxg5th7b	1	2	194	19	0	No-Go	NGAL	0	0		1	0.0	1	0.0154	0.9835840513952385	-0.016651768410747884
5s1xh81p48d3cgfopxg5th7b	1	2	200	20	0	No-Go	NGAL	0	0		1	1.0	0	0.0119	0.9867033608930377	-0.013456963865387282
5s1xh81p48d3cgfopxg5th7b	1	2	201	21	0	No-Go	NGAL	0	0		1	1.0	0	0.0136	0.9852728658579717	-0.014920080415158517
5s1xh81p48d3cgfopxg5th7b	1	2	205	22	0	No-Go	NGAL	0	0		1	0.0	1	0.0171	0.983645941301552	-0.016590765833403433
5s1xh81p48d3cgfopxg5th7b	1	2	210	23	0	No-Go	NGAL	0	0		1	0.0	1	0.0137	0.9867618925056044	-0.013398730597234022
5s1xh81p48d3cgfopxg5th7b	1	2	216	24	0	No-Go	NGAL	0	0		1	0.0	1	0.0121	0.9891592362828308	-0.010952584193022294
5s1xh81p48d3cgfopxg5th7b	1	2	219	25	0	No-Go	NGAL	0	0		1	0.0	1	0.0095	0.9910218563476465	-0.009057989699763657
5s1xh81p48d3cgfopxg5th7b	1	2	224	26	0	No-Go	NGAL	0	0		1	0.0	1	0.0074	0.9924827961759732	-0.0075756677711412024
5s1xh81p48d3cgfopxg5th7b	1	2	227	27	0	No-Go	NGAL	0	0		1	1.0	0	0.0065	0.993639175986283	-0.0064047038487146605
5s1xh81p48d3cgfopxg5th7b	1	2	230	28	0	No-Go	NGAL	0	0		1	0.0	1	0.0071	0.9928669154851841	-0.007188310910615536
5s1xh81p48d3cgfopxg5th7b	1	2	236	29	0	No-Go	NGAL	0	0		1	0.0	1	0.0063	0.9939475386727028	-0.006094106665829841
5s1xh81p48d3cgfopxg5th7b	1	2	239	30	0	No-Go	NGAL	0	0		1	0.0	1	0.0053	0.9948117279158037	-0.005220459913786104
5s1xh81p48d3cgfopxg5th7b	1	2	123	1	1	Go	GW	1	0		0	0.0	0	0.5347	0.4643693524524394	-0.8061001160791698
5s1xh81p48d3cgfopxg5th7b	1	2	127	2	1	Go	GW	1	0		0	1.0	1	0.6383	0.36423312825211396	-1.0722352231991927
5s1xh81p48d3cgfopxg5th7b	1	2	129	3	1	Go	GW	1	0		0	0.0	0	0.5293	0.47015650537023673	-0.7924975740607086
5s1xh81p48d3cgfopxg5th7b	1	2	134	4	1	Go	GW	1	1	0.744	1	0.0	1	0.6281	0.6307971344608051	-0.48239463391890103
5s1xh81p48d3cgfopxg5th7b	1	2	138	5	1	Go	GW	1	1	0.553	1	0.0	1	0.8892	0.8910173312346089	-0.11927781953695127
5s1xh81p48d3cgfopxg5th7b	1	2	141	6	1	Go	GW	1	0		0	0.0	0	0.9586	0.03868936984882322	-3.9144309355515285
5s1xh81p48d3cgfopxg5th7b	1	2	148	7	1	Go	GW	1	1	0.559	1	1.0	0	0.9725	0.9729049477191752	-0.02804916663811166
5s1xh81p48d3cgfopxg5th7b	1	2	150	8	1	Go	GW	1	1	1.054	1	0.0	1	0.9551	0.9557373150546645	-0.04644772758831672
5s1xh81p48d3cgfopxg5th7b	1	2	156	9	1	Go	GW	1	1	0.92	1	0.0	1	0.9822	0.9825273857032238	-0.017960515301573263
5s1xh81p48d3cgfopxg5th7b	1	2	159	10	1	Go	GW	1	1	0.745	1	0.0	1	0.9916	0.991762497986553	-0.008378271200045874
5s1xh81p48d3cgfopxg5th7b	1	2	162	11	1	Go	GW	1	1	0.616	1	0.0	1	0.9949	0.9955485770200312	-0.004500479407187202
5s1xh81p48d3cgfopxg5th7b	1	2	167	12	1	Go	GW	1	1	0.418	1	0.0	1	0.9977	0.9973074282643316	-0.002712656481201397
5s1xh81p48d3cgfopxg5th7b	1	2	170	13	1	Go	GW	1	1	0.501	1	0.0	1	0.9983	0.9982060629768648	-0.0018035309724242776
5s1xh81p48d3cgfopxg5th7b	1	2	176	14	1	Go	GW	1	1	0.411	1	1.0	0	0.9979	0.9987010056215091	-0.0013043492117528939
5s1xh81p48d3cgfopxg5th7b	1	2	180	15	1	Go	GW	1	1	0.608	1	0.0	1	0.9973	0.9973287666666499	-0.0026912843085701932
5s1xh81p48d3cgfopxg5th7b	1	2	183	16	1	Go	GW	1	1	0.307	1	1.0	0	0.9988	0.9982765232957923	-0.0017324242322087236
5s1xh81p48d3cgfopxg5th7b	1	2	188	17	1	Go	GW	1	1	0.473	1	0.0	1	0.997	0.9964337499921592	-0.003602674365710726
5s1xh81p48d3cgfopxg5th7b	1	2	192	18	1	Go	GW	1	1	0.342	1	0.0	1	0.9981	0.9978944165951623	-0.002118696110328072
5s1xh81p48d3cgfopxg5th7b	1	2	195	19	1	Go	GW	1	1	0.401	1	0.0	1	0.9983	0.9985601455698178	-0.0014465347354322869
5s1xh81p48d3cgfopxg5th7b	1	2	197	20	1	Go	GW	1	1	0.336	1	0.0	1	0.9989	0.9989176114220325	-0.001086518636338867
5s1xh81p48d3cgfopxg5th7b	1	2	203	21	1	Go	GW	1	1	0.412	1	0.0	1	0.999	0.9991275099684026	-0.0008754373597453
5s1xh81p48d3cgfopxg5th7b	1	2	208	22	1	Go	GW	1	1	0.359	1	0.0	1	0.9994	0.9992584321091661	-0.0007439110579516698
5s1xh81p48d3cgfopxg5th7b	1	2	211	23	1	Go	GW	1	1	0.33	1	0.0	1	0.9997	0.9993438629071772	-0.0006581492650913028
5s1xh81p48d3cgfopxg5th7b	1	2	213	24	1	Go	GW	1	1	0.326	1	0.0	1	0.999	0.9994016353760613	-0.000600185189012678
5s1xh81p48d3cgfopxg5th7b	1	2	218	25	1	Go	GW	1	1	0.624	1	1.0	0	0.9995	0.9994418646709153	-0.0005598398335117537
5s1xh81p48d3cgfopxg5th7b	1	2	222	26	1	Go	GW	1	1	0.325	1	0.0	1	0.999	0.9986754776789541	-0.001334152036598107
5s1xh81p48d3cgfopxg5th7b	1	2	225	27	1	Go	GW	1	1	0.36	1	1.0	0	0.9989	0.9990635076566994	-0.0009408513476002457
5s1xh81p48d3cgfopxg5th7b	1	2	229	28	1	Go	GW	1	1	0.353	1	0.0	1	0.9984	0.9978527294883571	-0.002170304883572393
5s1xh81p48d3cgfopxg5th7b	1	2	234	29	1	Go	GW	1	1	0.376	1	0.0	1	0.9981	0.9986892831332829	-0.0013183357063729396
5s1xh81p48d3cgfopxg5th7b	1	2	240	30	1	Go	GW	1	1	0.407	1	0.0	1	0.9989	0.9990392358124275	-0.0009649181196239582
6h6js8ula53vd8q3q1xov9s2	1	1	2	1	0	Go	GAL	1	1	0.719	1	0.0	1	0.6804	0.6747460314128563	-0.4032153807457259
6h6js8ula53vd8q3q1xov9s2	1	1	8	2	0	Go	GAL	1	1	0.507	1	1.0	0	0.9186	0.9178975417827249	-0.0877466708375115
6h6js8ula53vd8q3q1xov9s2	1	1	9	3	0	Go	GAL	1	0		0	0.0	0	0.6082	0.40045919983813427	-0.9516802810108643
6h6js8ula53vd8q3q1xov9s2	1	1	16	4	0	Go	GAL	1	1	0.294	1	0.0	1	0.7835	0.7901601609884551	-0.2507691414728191
6h6js8ula53vd8q3q1xov9s2	1	1	19	5	0	Go	GAL	1	1	0.505	1	0.0	1	0.9477	0.950375843346024	-0.05266649500050604
6h6js8ula53vd8q3q1xov9s2	1	1	21	6	0	Go	GAL	1	1	0.483	1	0.0	1	0.9851	0.9854516880033736	-0.014932259109751895
6h6js8ula53vd8q3q1xov9s2	1	1	25	7	0	Go	GAL	1	1	0.474	1	0.0	1	0.9953	0.9947305378833251	-0.0053387137709241
6h6js8ula53vd8q3q1xov9s2	1	1	31	8	0	Go	GAL	1	1	0.498	1	0.0	1	0.9981	0.9977414538049035	-0.0022747982627810293
6h6js8ula53vd8q3q1xov9s2	1	1	35	9	0	Go	GAL	1	1	0.399	1	1.0	0	0.9994	0.998891218453079	-0.0011134771325924378
6h6js8ula53vd8q3q1xov9s2	1	1	39	10	0	Go	GAL	1	1	0.481	1	0.0	1	0.9885	0.9893781112154516	-0.010786558452229198
6h6js8ula53vd8q3q1xov9s2	1	1	44	11	0	Go	GAL	1	1	0.336	1	1.0	0	0.9961	0.9962657651511067	-0.0037616635681264597
6h6js8ula53vd8q3q1xov9s2	1	1	47	12	0	Go	GAL	1	1	0.436	1	0.0	1	0.9657	0.9646985495254419	-0.03689783266016285
6h6js8ula53vd8q3q1xov9s2	1	1	50	13	0	Go	GAL	1	1	0.461	1	0.0	1	0.9909	0.9906918675458908	-0.00943622890031757
6h6js8ula53vd8q3q1xov9s2	1	1	56	14	0	Go	GAL	1	1	0.482	1	0.0	1	0.9968	0.9966462272663524	-0.0033760104562018636
6h6js8ula53vd8q3q1xov9s2	1	1	60	15	0	Go	GAL	1	1	0.486	1	0.0	1	0.9982	0.9985133386962595	-0.0014923017878729493
6h6js8ula53vd8q3q1xov9s2	1	1	62	16	0	Go	GAL	1	1	0.405	1	0.0	1	0.9994	0.9992343284269708	-0.0007675050180457752
6h6js8ula53vd8q3q1xov9s2	1	1	68	17	0	Go	GAL	1	1	0.38	1	0.0	1	0.9995	0.9995570261408567	-0.00044369273491509973
6h6js8ula53vd8q3q1xov9s2	1	1	70	18	0	Go	GAL	1	1	0.331	1	0.0	1	1.0	0.9997184460100454	-0.0002818825658392064
6h6js8ula53vd8q3q1xov9s2	1	1	73	19	0	Go	GAL	1	1	0.413	1	0.0	1	0.9998	0.9998065428889223	-0.00019362830677986583
6h6js8ula53vd8q3q1xov9s2	1	1	78	20	0	Go	GAL	1	1	0.395	1	1.0	0	1.0	0.9998581089403556	-0.0001419910219898477
6h6js8ula53vd8q3q1xov9s2	1	1	82	21	0	Go	GAL	1	1	0.526	1	1.0	0	0.9973	0.997666039213339	-0.002349290815546228
6h6js8ula53vd8q3q1xov9s2	1	1	88	22	0	Go	GAL	1	1	0.425	1	0.0	1	0.9692	0.9709964957322101	-0.03133286561436204
6h6js8ula53vd8q3q1xov9s2	1	1	92	23	0	Go	GAL	1	1	0.51	1	0.0	1	0.9935	0.993407569124719	-0.006678780424821126
6h6js8ula53vd8q3q1xov9s2	1	1	94	24	0	Go	GAL	1	1	0.346	1	0.0	1	0.9975	0.9977159039497532	-0.002295743878927952
6h6js8ula53vd8q3q1xov9s2	1	1	97	25	0	Go	GAL	1	1	0.363	1	0.0	1	0.9989	0.9989755901514669	-0.001027225883147198
6h6js8ula53vd8q3q1xov9s2	1	1	103	26	0	Go	GAL	1	1	0.358	1	1.0	0	0.9992	0.9994546878682071	-0.0005462622092590999
6h6js8ula53vd8q3q1xov9s2	1	1	108	27	0	Go	GAL	1	1	0.465	1	0.0	1	0.9925	0.9923090523259116	-0.007812335783165113
6h6js8ula53vd8q3q1xov9s2	1	1	109	28	0	Go	GAL	1	1	0.447	1	0.0	1	0.9973	0.9974641995187652	-0.002550056440930378
6h6js8ula53vd8q3q1xov9s2	1	1	113	29	0	Go	GAL	1	1	0.471	1	0.0	1	0.9981	0.9988949363346439	-0.0011082969835259123
6h6js8ula53vd8q3q1xov9s2	1	1	118	30	0	Go	GAL	1	1	0.329	1	0.0	1	0.9997	0.9994226276355245	-0.0005784231174118888
6h6js8ula53vd8q3q1xov9s2	1	1	3	1	1	No-Go	NGW	0	1	0.728	0	0.0	0	0.8012	0.8062615551919866	-0.2276633086725136
6h6js8ula53vd8q3q1xov9s2	1	1	7	2	1	No-Go	NGW	0	0		1	0.0	1	0.4356	0.5656179261081453	-0.6172768644030872
6h6js8ula53vd8q3q1xov9s2	1	1	11	3	1	No-Go	NGW	0	0		1	0.0	1	0.1356	0.8688088174586374	-0.14957463225993498
6h6js8ula53vd8q3q1xov9s2	1	1	13	4	1	No-Go	NGW	0	0		1	0.0	1	0.0412	0.9592436763017771	-0.04313313344891702
6h6js8ula53vd8q3q1xov9s2	1	1	20	5	1	No-Go	NGW	0	0		1	1.0	0	0.0146	0.9851242598745618	-0.015289439060287008
6h6js8ula53vd8q3q1xov9s2	1	1	23	6	1	No-Go	NGW	0	0		1	0.0	1	0.1227	0.8809904739004396	-0.13150605553013808
6h6js8ula53vd8q3q1xov9s2	1	1	26	7	1	No-Go	NGW	0	0		1	0.0	1	0.0322	0.96518088920402	-0.03623328556417289
6h6js8ula53vd8q3q1xov9s2	1	1	32	8	1	No-Go	NGW	0	0		1	1.0	0	0.0145	0.9874149148463007	-0.012833708463412303
6h6js8ula53vd8q3q1xov9s2	1	1	34	9	1	No-Go	NGW	0	0		1	0.0	1	0.1132	0.8868055689345153	-0.12490799016052756
6h6js8ula53vd8q3q1xov9s2	1	1	37	10	1	No-Go	NGW	0	0		1	0.0	1	0.0297	0.9681476373101062	-0.0329543767012086
6h6js8ula53vd8q3q1xov9s2	1	1	42	11	1	No-Go	NGW	0	0		1	1.0	0	0.0096	0.9886104687862078	-0.011576618025571524
6h6js8ula53vd8q3q1xov9s2	1	1	45	12	1	No-Go	NGW	0	0		1	0.0	1	0.1082	0.8905604458964189	-0.12116128948674101
6h6js8ula53vd8q3q1xov9s2	1	1	52	13	1	No-Go	NGW	0	0		1	0.0	1	0.0309	0.9698709123011504	-0.031104672320937197
6h6js8ula53vd8q3q1xov9s2	1	1	55	14	1	No-Go	NGW	0	0		1	0.0	1	0.0107	0.9893059057271015	-0.01085355140832421
6h6js8ula53vd8q3q1xov9s2	1	1	59	15	1	No-Go	NGW	0	0		1	0.0	1	0.0037	0.9953592375974928	-0.004678850325540004
6h6js8ula53vd8q3q1xov9s2	1	1	64	16	1	No-Go	NGW	0	0		1	0.0	1	0.0019	0.9976538894247379	-0.0023579052031497574
6h6js8ula53vd8q3q1xov9s2	1	1	66	17	1	No-Go	NGW	0	0		1	0.0	1	0.0021	0.9986618667276344	-0.0013425955357391098
6h6js8ula53vd8q3q1xov9s2	1	1	72	18	1	No-Go	NGW	0	0		1	0.0	1	0.0004	0.9991579100728278	-0.0008440819900452126
6h6js8ula53vd8q3q1xov9s2	1	1	74	19	1	No-Go	NGW	0	0		1	0.0	1	0.0002	0.9994249914619371	-0.0005760337323256294
6h6js8ula53vd8q3q1xov9s2	1	1	77	20	1	No-Go	NGW	0	0		1	1.0	0	0.0006	0.9995796127743808	-0.00042098442156011896
6h6js8ula53vd8q3q1xov9s2	1	1	83	21	1	No-Go	NGW	0	0		1	0.0	1	0.0073	0.9918931732039399	-0.008259102814126716
6h6js8ula53vd8q3q1xov9s2	1	1	87	22	1	No-Go	NGW	0	0		1	0.0	1	0.0042	0.9967447882643315	-0.0032778903611100293
6h6js8ula53vd8q3q1xov9s2	1	1	91	23	1	No-Go	NGW	0	0		1	0.0	1	0.0013	0.9983513147017551	-0.0016551189118467332
6h6js8ula53vd8q3q1xov9s2	1	1	95	24	1	No-Go	NGW	0	0		1	0.0	1	0.0009	0.9990292035988796	-0.0009733270639919873
6h6js8ula53vd8q3q1xov9s2	1	1	99	25	1	No-Go	NGW	0	0		1	1.0	0	0.0004	0.9993630091757421	-0.0006382187465452218
6h6js8ula53vd8q3q1xov9s2	1	1	104	26	1	No-Go	NGW	0	0		1	0.0	1	0.0131	0.9873983272278763	-0.012978699008662888
6h6js8ula53vd8q3q1xov9s2	1	1	107	27	1	No-Go	NGW	0	0		1	1.0	0	0.0047	0.9955149768669367	-0.004527400487834233
6h6js8ula53vd8q3q1xov9s2	1	1	111	28	1	No-Go	NGW	0	0		1	0.0	1	0.0662	0.9360532264459289	-0.07276717992078573
6h6js8ula53vd8q3q1xov9s2	1	1	114	29	1	No-Go	NGW	0	0		1	0.0	1	0.0151	0.983655143847454	-0.016776080489468534
6h6js8ula53vd8q3q1xov9s2	1	1	120	30	1	No-Go	NGW	0	0		1	0.0	1	0.0051	0.994162671536773	-0.005896595325917026
6h6js8ula53vd8q3q1xov9s2	1	1	4	1	0	No-Go	NGAL	0	1	0.585	0	0.0	0	0.6681	0.6747460314128563	-0.4032153807457259
6h6js8ula53vd8q3q1xov9s2	1	1	5	2	0	No-Go	NGAL	0	0		1	0.0	1	0.2729	0.7307855095154924	-0.3297725921829186
6h6js8ula53vd8q3q1xov9s2	1	1	10	3	0	No-Go	NGAL	0	0		1	0.0	1	0.0692	0.9286430293271637	-0.07755215625372447
6h6js8ula53vd8q3q1xov9s2	1	1	14	4	0	No-Go	NGAL	0	0		1	0.0	1	0.0223	0.9777212582400742	-0.02318569291978654
6h6js8ula53vd8q3q1xov9s2	1	1	17	5	0	No-Go	NGAL	0	0		1	1.0	0	0.0082	0.9916294213606037	-0.008547095057651555
6h6js8ula53vd8q3q1xov9s2	1	1	22	6	0	No-Go	NGAL	0	0		1	0.0	1	0.0256	0.9725346184359707	-0.028588624743584326
6h6js8ula53vd8q3q1xov9s2	1	1	28	7	0	No-Go	NGAL	0	0		1	0.0	1	0.0096	0.9912287440697013	-0.008908340521672834
6h6js8ula53vd8q3q1xov9s2	1	1	29	8	0	No-Go	NGAL	0	0		1	1.0	0	0.0041	0.9964348399804156	-0.003594405412894143
6h6js8ula53vd8q3q1xov9s2	1	1	36	9	0	No-Go	NGAL	0	0		1	0.0	1	0.0182	0.9804634139821768	-0.020810012901363677
6h6js8ula53vd8q3q1xov9s2	1	1	38	10	0	No-Go	NGAL	0	0		1	0.0	1	0.0053	0.9943359769385661	-0.005741698045291466
6h6js8ula53vd8q3q1xov9s2	1	1	43	11	0	No-Go	NGAL	0	0		1	0.0	1	0.0022	0.9977456904134732	-0.0022666683367673626
6h6js8ula53vd8q3q1xov9s2	1	1	48	12	0	No-Go	NGAL	0	0		1	0.0	1	0.0017	0.9988885950094784	-0.0011147563360146171
6h6js8ula53vd8q3q1xov9s2	1	1	51	13	0	No-Go	NGAL	0	0		1	0.0	1	0.0006	0.9993631862562823	-0.000638068445948761
6h6js8ula53vd8q3q1xov9s2	1	1	53	14	0	No-Go	NGAL	0	0		1	0.0	1	0.0003	0.9995917246980367	-0.0004088615778546823
6h6js8ula53vd8q3q1xov9s2	1	1	57	15	0	No-Go	NGAL	0	0		1	1.0	0	0.0004	0.9997143035559857	-0.00028602043879007855
6h6js8ula53vd8q3q1xov9s2	1	1	61	16	0	No-Go	NGAL	0	0		1	0.0	1	0.0015	0.9980806603359941	-0.0019345718266630312
6h6js8ula53vd8q3q1xov9s2	1	1	65	17	0	No-Go	NGAL	0	0		1	0.0	1	0.0006	0.9991831510258282	-0.000818977321495284
6h6js8ula53vd8q3q1xov9s2	1	1	71	18	0	No-Go	NGAL	0	0		1	0.0	1	0.0004	0.999547511184898	-0.0004531494095625235
6h6js8ula53vd8q3q1xov9s2	1	1	75	19	0	No-Go	NGAL	0	0		1	1.0	0	0.0001	0.9997057696008702	-0.0002945419183541216
6h6js8ula53vd8q3q1xov9s2	1	1	79	20	0	No-Go	NGAL	0	0		1	0.0	1	0.0037	0.9970448809354663	-0.003010543654564161
6h6js8ula53vd8q3q1xov9s2	1	1	84	21	0	No-Go	NGAL	0	0		1	0.0	1	0.0011	0.9989794321775914	-0.001024758373310479
6h6js8ula53vd8q3q1xov9s2	1	1	85	22	0	No-Go	NGAL	0	0		1	0.0	1	0.0008	0.9994964894379935	-0.00050441673556553
6h6js8ula53vd8q3q1xov9s2	1	1	90	23	0	No-Go	NGAL	0	0		1	0.0	1	0.0003	0.9996925188195322	-0.00030783395285372044
6h6js8ula53vd8q3q1xov9s2	1	1	96	24	0	No-Go	NGAL	0	0		1	0.0	1	0.0002	0.9997848301196064	-0.00021536318762510403
6h6js8ula53vd8q3q1xov9s2	1	1	98	25	0	No-Go	NGAL	0	0		1	1.0	0	0.0002	0.9998349428186544	-0.00016518679235272434
6h6js8ula53vd8q3q1xov9s2	1	1	101	26	0	No-Go	NGAL	0	0		1	1.0	0	0.0024	0.9984233167866506	-0.0015919143323688985
6h6js8ula53vd8q3q1xov9s2	1	1	105	27	0	No-Go	NGAL	0	0		1	0.0	1	0.02	0.9790806104021783	-0.027689961130943137
6h6js8ula53vd8q3q1xov9s2	1	1	110	28	0	No-Go	NGAL	0	0		1	0.0	1	0.0046	0.9958517769418711	-0.004268713938554289
6h6js8ula53vd8q3q1xov9s2	1	1	116	29	0	No-Go	NGAL	0	0		1	0.0	1	0.0014	0.9987155950122087	-0.0012921159576347505
6h6js8ula53vd8q3q1xov9s2	1	1	119	30	0	No-Go	NGAL	0	0		1	0.0	1	0.0006	0.999421160750034	-0.0005801659009993991
6h6js8ula53vd8q3q1xov9s2	1	1	1	1	1	Go	GW	1	1	0.573	1	1.0	0	0.8067	0.8062615551919866	-0.2276633086725136
6h6js8ula53vd8q3q1xov9s2	1	1	6	2	1	Go	GW	1	1	0.724	1	0.0	1	0.4333	0.4343820738918546	-0.9161216071097118
6h6js8ula53vd8q3q1xov9s2	1	1	12	3	1	Go	GW	1	1	0.521	1	0.0	1	0.945	0.9451089112410739	-0.06064820345701861
6h6js8ula53vd8q3q1xov9s2	1	1	15	4	1	Go	GW	1	1	0.5	1	0.0	1	0.9913	0.9900754549579167	-0.010300694955656385
6h6js8ula53vd8q3q1xov9s2	1	1	18	5	1	Go	GW	1	1	0.459	1	0.0	1	0.9975	0.9972872916196418	-0.00275630635156595
6h6js8ula53vd8q3q1xov9s2	1	1	24	6	1	Go	GW	1	1	0.453	1	0.0	1	0.9989	0.9990299585045054	-0.0009772939942466372
6h6js8ula53vd8q3q1xov9s2	1	1	27	7	1	Go	GW	1	1	0.451	1	0.0	1	0.9997	0.9995733614958723	-0.0004282175258999
6h6js8ula53vd8q3q1xov9s2	1	1	30	8	1	Go	GW	1	1	0.436	1	1.0	0	0.9999	0.9997758954490055	-0.0002245361297968323
6h6js8ula53vd8q3q1xov9s2	1	1	33	9	1	Go	GW	1	1	0.479	1	0.0	1	0.9951	0.9964641781791145	-0.0035738620088548805
6h6js8ula53vd8q3q1xov9s2	1	1	40	10	1	Go	GW	1	1	0.404	1	0.0	1	0.9997	0.9990362638550099	-0.0009681511574386875
6h6js8ula53vd8q3q1xov9s2	1	1	41	11	1	Go	GW	1	1	0.367	1	0.0	1	0.9996	0.9995973460663088	-0.00040362821233673837
6h6js8ula53vd8q3q1xov9s2	1	1	46	12	1	Go	GW	1	1	0.449	1	0.0	1	0.9999	0.9997889014749609	-0.000211386340470614
6h6js8ula53vd8q3q1xov9s2	1	1	49	13	1	Go	GW	1	1	0.429	1	0.0	1	0.9997	0.9998686186916286	-0.00013149137785749753
6h6js8ula53vd8q3q1xov9s2	1	1	54	14	1	Go	GW	1	1	0.445	1	1.0	0	0.9999	0.9999063421848606	-9.371276914113433e-05
6h6js8ula53vd8q3q1xov9s2	1	1	58	15	1	Go	GW	1	1	0.418	1	0.0	1	0.9972	0.9978648856040628	-0.002151809000456844
6h6js8ula53vd8q3q1xov9s2	1	1	63	16	1	Go	GW	1	1	0.466	1	0.0	1	0.9996	0.9994558464061154	-0.0005452829226341963
6h6js8ula53vd8q3q1xov9s2	1	1	67	17	1	Go	GW	1	1	0.476	1	0.0	1	0.9994	0.9997552452938262	-0.00024502636407161446
6h6js8ula53vd8q3q1xov9s2	1	1	69	18	1	Go	GW	1	1	0.425	1	0.0	1	1.0	0.9998576160592502	-0.00014248564229342583
6h6js8ula53vd8q3q1xov9s2	1	1	76	19	1	Go	GW	1	1	0.411	1	0.0	1	1.0	0.9999018792452422	-9.817326167370016e-05
6h6js8ula53vd8q3q1xov9s2	1	1	80	20	1	Go	GW	1	1	0.371	1	1.0	0	0.9999	0.999923842129877	-7.61927282925193e-05
6h6js8ula53vd8q3q1xov9s2	1	1	81	21	1	Go	GW	1	1	0.422	1	0.0	1	0.9975	0.9980736328685543	-0.0019415178868700247
6h6js8ula53vd8q3q1xov9s2	1	1	86	22	1	Go	GW	1	1	0.353	1	0.0	1	0.9993	0.9995290177084529	-0.0004718172820879917
6h6js8ula53vd8q3q1xov9s2	1	1	89	23	1	Go	GW	1	1	0.465	1	1.0	0	0.9995	0.9997862352487333	-0.00021396161857220022
6h6js8ula53vd8q3q1xov9s2	1	1	93	24	1	Go	GW	1	1	0.424	1	0.0	1	0.995	0.9953151849921019	-0.004758491147697338
6h6js8ula53vd8q3q1xov9s2	1	1	100	25	1	Go	GW	1	1	0.399	1	0.0	1	0.9987	0.9990476962928886	-0.000955675044950672
6h6js8ula53vd8q3q1xov9s2	1	1	102	26	1	Go	GW	1	1	0.357	1	0.0	1	0.9992	0.9996387068310348	-0.00036185485950828377
6h6js8ula53vd8q3q1xov9s2	1	1	106	27	1	Go	GW	1	1	0.387	1	0.0	1	0.9995	0.9998137002135649	-0.00018646267384230905
6h6js8ula53vd8q3q1xov9s2	1	1	112	28	1	Go	GW	1	1	0.45	1	1.0	0	0.9997	0.9998821670716196	-0.00011790306121905393
6h6js8ula53vd8q3q1xov9s2	1	1	115	29	1	Go	GW	1	1	0.56	1	0.0	1	0.9974	0.9972560131619408	-0.002770029288399935
6h6js8ula53vd8q3q1xov9s2	1	1	117	30	1	Go	GW	1	1	0.39	1	0.0	1	0.9991	0.9993433359548498	-0.0006583105588868013
6h6js8ula53vd8q3q1xov9s2	1	2	124	1	1	Go	GW	1	1	0.547	1	1.0	0	0.8033	0.8062615551919866	-0.2276633086725136
6h6js8ula53vd8q3q1xov9s2	1	2	128	2	1	Go	GW	1	1	0.585	1	0.0	1	0.4337	0.4343820738918546	-0.9161216071097118
6h6js8ula53vd8q3q1xov9s2	1	2	129	3	1	Go	GW	1	1	0.336	1	0.0	1	0.9472	0.9451089112410739	-0.06064820345701861
6h6js8ula53vd8q3q1xov9s2	1	2	135	4	1	Go	GW	1	1	0.543	1	0.0	1	0.9902	0.9900754549579167	-0.010300694955656385
6h6js8ula53vd8q3q1xov9s2	1	2	137	5	1	Go	GW	1	1	0.546	1	0.0	1	0.9971	0.9972872916196418	-0.00275630635156595
6h6js8ula53vd8q3q1xov9s2	1	2	141	6	1	Go	GW	1	1	0.401	1	0.0	1	0.9989	0.9990299585045054	-0.0009772939942466372
6h6js8ula53vd8q3q1xov9s2	1	2	148	7	1	Go	GW	1	1	0.465	1	0.0	1	0.9993	0.9995733614958723	-0.0004282175258999
6h6js8ula53vd8q3q1xov9s2	1	2	149	8	1	Go	GW	1	1	0.359	1	1.0	0	0.9996	0.9997758954490055	-0.0002245361297968323
6h6js8ula53vd8q3q1xov9s2	1	2	156	9	1	Go	GW	1	1	0.538	1	0.0	1	0.9961	0.9964641781791145	-0.0035738620088548805
6h6js8ula53vd8q3q1xov9s2	1	2	158	10	1	Go	GW	1	1	0.341	1	0.0	1	0.9992	0.9990362638550099	-0.0009681511574386875
6h6js8ula53vd8q3q1xov9s2	1	2	161	11	1	Go	GW	1	1	0.447	1	0.0	1	0.9994	0.9995973460663088	-0.00040362821233673837
6h6js8ula53vd8q3q1xov9s2	1	2	166	12	1	Go	GW	1	1	0.462	1	0.0	1	0.9998	0.9997889014749609	-0.000211386340470614
6h6js8ula53vd8q3q1xov9s2	1	2	169	13	1	Go	GW	1	1	0.459	1	0.0	1	1.0	0.9998686186916286	-0.00013149137785749753
6h6js8ula53vd8q3q1xov9s2	1	2	173	14	1	Go	GW	1	1	0.535	1	1.0	0	0.9998	0.9999063421848606	-9.371276914113433e-05
6h6js8ula53vd8q3q1xov9s2	1	2	178	15	1	Go	GW	1	1	0.455	1	0.0	1	0.9981	0.9978648856040628	-0.002151809000456844
6h6js8ula53vd8q3q1xov9s2	1	2	183	16	1	Go	GW	1	1	0.474	1	0.0	1	0.9997	0.9994558464061154	-0.0005452829226341963
6h6js8ula53vd8q3q1xov9s2	1	2	185	17	1	Go	GW	1	1	0.293	1	0.0	1	0.9999	0.9997552452938262	-0.00024502636407161446
6h6js8ula53vd8q3q1xov9s2	1	2	192	18	1	Go	GW	1	1	0.464	1	0.0	1	0.9999	0.9998576160592502	-0.00014248564229342583
6h6js8ula53vd8q3q1xov9s2	1	2	194	19	1	Go	GW	1	1	0.461	1	0.0	1	1.0	0.9999018792452422	-9.817326167370016e-05
6h6js8ula53vd8q3q1xov9s2	1	2	199	20	1	Go	GW	1	1	0.505	1	1.0	0	1.0	0.999923842129877	-7.61927282925193e-05
6h6js8ula53vd8q3q1xov9s2	1	2	203	21	1	Go	GW	1	1	0.425	1	0.0	1	0.9982	0.9980736328685543	-0.0019415178868700247
6h6js8ula53vd8q3q1xov9s2	1	2	206	22	1	Go	GW	1	1	0.428	1	0.0	1	0.9997	0.9995290177084529	-0.0004718172820879917
6h6js8ula53vd8q3q1xov9s2	1	2	210	23	1	Go	GW	1	1	0.544	1	1.0	0	0.9998	0.9997862352487333	-0.00021396161857220022
6h6js8ula53vd8q3q1xov9s2	1	2	216	24	1	Go	GW	1	1	0.61	1	0.0	1	0.9957	0.9953151849921019	-0.004758491147697338
6h6js8ula53vd8q3q1xov9s2	1	2	217	25	1	Go	GW	1	1	0.32	1	0.0	1	0.9994	0.9990476962928886	-0.000955675044950672
6h6js8ula53vd8q3q1xov9s2	1	2	221	26	1	Go	GW	1	1	0.344	1	0.0	1	0.9996	0.9996387068310348	-0.00036185485950828377
6h6js8ula53vd8q3q1xov9s2	1	2	225	27	1	Go	GW	1	1	0.528	1	0.0	1	0.9996	0.9998137002135649	-0.00018646267384230905
6h6js8ula53vd8q3q1xov9s2	1	2	232	28	1	Go	GW	1	1	0.435	1	1.0	0	1.0	0.9998821670716196	-0.00011790306121905393
6h6js8ula53vd8q3q1xov9s2	1	2	236	29	1	Go	GW	1	1	0.671	1	0.0	1	0.9969	0.9972560131619408	-0.002770029288399935
6h6js8ula53vd8q3q1xov9s2	1	2	237	30	1	Go	GW	1	1	0.415	1	0.0	1	0.9998	0.9993433359548498	-0.0006583105588868013
6h6js8ula53vd8q3q1xov9s2	1	2	123	1	1	No-Go	NGW	0	1	0.564	0	0.0	0	0.8112	0.8062615551919866	-0.2276633086725136
6h6js8ula53vd8q3q1xov9s2	1	2	125	2	1	No-Go	NGW	0	1	0.663	0	0.0	0	0.4365	0.4343820738918546	-0.9161216071097118
6h6js8ula53vd8q3q1xov9s2	1	2	131	3	1	No-Go	NGW	0	0		1	0.0	1	0.1648	0.834457510228275	-0.19171684588088925
6h6js8ula53vd8q3q1xov9s2	1	2	134	4	1	No-Go	NGW	0	0		1	0.0	1	0.0413	0.9592436763017771	-0.04313313344891702
6h6js8ula53vd8q3q1xov9s2	1	2	139	5	1	No-Go	NGW	0	0		1	1.0	0	0.0125	0.987573906990736	-0.01275257719414441
6h6js8ula53vd8q3q1xov9s2	1	2	142	6	1	No-Go	NGW	0	0		1	0.0	1	0.0804	0.9190390465933879	-0.08738048524564493
6h6js8ula53vd8q3q1xov9s2	1	2	146	7	1	No-Go	NGW	0	0		1	0.0	1	0.0213	0.9789897759543624	-0.021676530536631076
6h6js8ula53vd8q3q1xov9s2	1	2	150	8	1	No-Go	NGW	0	0		1	1.0	0	0.0079	0.9930130850864792	-0.0070947714104177845
6h6js8ula53vd8q3q1xov9s2	1	2	153	9	1	No-Go	NGW	0	0		1	0.0	1	0.0528	0.9478229670113637	-0.054890179684836324
6h6js8ula53vd8q3q1xov9s2	1	2	159	10	1	No-Go	NGW	0	0		1	0.0	1	0.0131	0.9860063247389389	-0.014286437098199252
6h6js8ula53vd8q3q1xov9s2	1	2	164	11	1	No-Go	NGW	0	0		1	1.0	0	0.0042	0.9951156011535557	-0.004935980518394617
6h6js8ula53vd8q3q1xov9s2	1	2	165	12	1	No-Go	NGW	0	0		1	0.0	1	0.0395	0.9597327263598298	-0.04193206648746958
6h6js8ula53vd8q3q1xov9s2	1	2	171	13	1	No-Go	NGW	0	0		1	0.0	1	0.0107	0.9890624806093685	-0.011112868767350516
6h6js8ula53vd8q3q1xov9s2	1	2	174	14	1	No-Go	NGW	0	0		1	0.0	1	0.0028	0.9960862444882681	-0.003945690325470617
6h6js8ula53vd8q3q1xov9s2	1	2	180	15	1	No-Go	NGW	0	0		1	0.0	1	0.0016	0.9983016025292784	-0.0017063642295395236
6h6js8ula53vd8q3q1xov9s2	1	2	184	16	1	No-Go	NGW	0	0		1	0.0	1	0.001	0.9991479717139177	-0.0008545132399001721
6h6js8ula53vd8q3q1xov9s2	1	2	188	17	1	No-Go	NGW	0	0		1	0.0	1	0.0003	0.9995203559352862	-0.00048056716734875366
6h6js8ula53vd8q3q1xov9s2	1	2	191	18	1	No-Go	NGW	0	0		1	0.0	1	0.0003	0.9997030968524719	-0.0002972999860346283
6h6js8ula53vd8q3q1xov9s2	1	2	196	19	1	No-Go	NGW	0	0		1	0.0	1	0.0001	0.9998009422215264	-0.00019925173376984375
6h6js8ula53vd8q3q1xov9s2	1	2	197	20	1	No-Go	NGW	0	0		1	1.0	0	0.0001	0.9998571896728554	-0.00014291679118657452
6h6js8ula53vd8q3q1xov9s2	1	2	201	21	1	No-Go	NGW	0	0		1	0.0	1	0.0018	0.9977710876096418	-0.0022416835741373574
6h6js8ula53vd8q3q1xov9s2	1	2	205	22	1	No-Go	NGW	0	0		1	0.0	1	0.0008	0.9990567982405173	-0.0009456360425043995
6h6js8ula53vd8q3q1xov9s2	1	2	209	23	1	No-Go	NGW	0	0		1	0.0	1	0.0002	0.999507050767716	-0.0004937294745430917
6h6js8ula53vd8q3q1xov9s2	1	2	213	24	1	No-Go	NGW	0	0		1	0.0	1	0.0001	0.9997045587792003	-0.0002957678150767718
6h6js8ula53vd8q3q1xov9s2	1	2	219	25	1	No-Go	NGW	0	0		1	1.0	0	0.0001	0.9998043765518347	-0.00019578680325808555
6h6js8ula53vd8q3q1xov9s2	1	2	223	26	1	No-Go	NGW	0	0		1	0.0	1	0.0031	0.9967238715119785	-0.0033043674025786136
6h6js8ula53vd8q3q1xov9s2	1	2	228	27	1	No-Go	NGW	0	0		1	1.0	0	0.0015	0.9987672939527776	-0.0012367565814282314
6h6js8ula53vd8q3q1xov9s2	1	2	229	28	1	No-Go	NGW	0	0		1	0.0	1	0.0161	0.9832277499570821	-0.017376997100704023
6h6js8ula53vd8q3q1xov9s2	1	2	235	29	1	No-Go	NGW	0	0		1	0.0	1	0.0046	0.9956789269060254	-0.004357414993163283
6h6js8ula53vd8q3q1xov9s2	1	2	239	30	1	No-Go	NGW	0	0		1	0.0	1	0.0019	0.9983812674021617	-0.0016247396558468693
6h6js8ula53vd8q3q1xov9s2	1	2	122	1	0	No-Go	NGAL	0	1	0.389	0	0.0	0	0.6795	0.6747460314128563	-0.4032153807457259
6h6js8ula53vd8q3q1xov9s2	1	2	126	2	0	No-Go	NGAL	0	1	0.58	0	0.0	0	0.2678	0.2692144904845077	-1.4391764201665775
6h6js8ula53vd8q3q1xov9s2	1	2	130	3	0	No-Go	NGAL	0	0		1	0.0	1	0.091	0.9099723059038919	-0.0985207470019224
6h6js8ula53vd8q3q1xov9s2	1	2	136	4	0	No-Go	NGAL	0	0		1	0.0	1	0.0217	0.9777212582400742	-0.02318569291978654
6h6js8ula53vd8q3q1xov9s2	1	2	140	5	0	No-Go	NGAL	0	0		1	1.0	0	0.0077	0.9929248960427535	-0.0072180771439460945
6h6js8ula53vd8q3q1xov9s2	1	2	143	6	0	No-Go	NGAL	0	0		1	0.0	1	0.0198	0.9803612333242643	-0.020250383689860364
6h6js8ula53vd8q3q1xov9s2	1	2	145	7	0	No-Go	NGAL	0	0		1	0.0	1	0.0052	0.9942846187946043	-0.005790791099056687
6h6js8ula53vd8q3q1xov9s2	1	2	151	8	0	No-Go	NGAL	0	0		1	1.0	0	0.002	0.9978516322428314	-0.0021634919809063323
6h6js8ula53vd8q3q1xov9s2	1	2	154	9	0	No-Go	NGAL	0	0		1	0.0	1	0.0101	0.9910200857875475	-0.009219074360948503
6h6js8ula53vd8q3q1xov9s2	1	2	157	10	0	No-Go	NGAL	0	0		1	0.0	1	0.0025	0.9973801982876477	-0.002640016132851219
6h6js8ula53vd8q3q1xov9s2	1	2	163	11	0	No-Go	NGAL	0	0		1	0.0	1	0.0012	0.9989645762798575	-0.0010391659434625612
6h6js8ula53vd8q3q1xov9s2	1	2	167	12	0	No-Go	NGAL	0	0		1	0.0	1	0.0009	0.9995014512538133	-0.000499592126911951
6h6js8ula53vd8q3q1xov9s2	1	2	172	13	0	No-Go	NGAL	0	0		1	0.0	1	0.0007	0.9997235449620558	-0.00027682993972338155
6h6js8ula53vd8q3q1xov9s2	1	2	176	14	0	No-Go	NGAL	0	0		1	0.0	1	0.0002	0.999829164693086	-0.00017099728613470465
6h6js8ula53vd8q3q1xov9s2	1	2	179	15	0	No-Go	NGAL	0	0		1	1.0	0	0.0	0.9998848706034814	-0.000115210717894922
6h6js8ula53vd8q3q1xov9s2	1	2	182	16	0	No-Go	NGAL	0	0		1	0.0	1	0.0006	0.999418305532998	-0.0005831141418340865
6h6js8ula53vd8q3q1xov9s2	1	2	187	17	0	No-Go	NGAL	0	0		1	0.0	1	0.0002	0.9997349209393382	-0.00026535964862477027
6h6js8ula53vd8q3q1xov9s2	1	2	189	18	0	No-Go	NGAL	0	0		1	0.0	1	0.0001	0.9998487108325691	-0.00015139034666299128
6h6js8ula53vd8q3q1xov9s2	1	2	193	19	0	No-Go	NGAL	0	0		1	1.0	0	0.0001	0.9999006753579389	-9.937481582971668e-05
6h6js8ula53vd8q3q1xov9s2	1	2	198	20	0	No-Go	NGAL	0	0		1	0.0	1	0.0008	0.9992395176431667	-0.0007639922826386404
6h6js8ula53vd8q3q1xov9s2	1	2	202	21	0	No-Go	NGAL	0	0		1	0.0	1	0.0003	0.9997110090576105	-0.0002893835346970697
6h6js8ula53vd8q3q1xov9s2	1	2	208	22	0	No-Go	NGAL	0	0		1	0.0	1	0.0002	0.9998490829571015	-0.00015102294856852216
6h6js8ula53vd8q3q1xov9s2	1	2	212	23	0	No-Go	NGAL	0	0		1	0.0	1	0.0001	0.9999049297122072	-9.51165506755751e-05
6h6js8ula53vd8q3q1xov9s2	1	2	214	24	0	No-Go	NGAL	0	0		1	0.0	1	0.0	0.9999323943891155	-6.763238112339251e-05
6h6js8ula53vd8q3q1xov9s2	1	2	220	25	0	No-Go	NGAL	0	0		1	1.0	0	0.0	0.999947754073976	-5.2264280727593386e-05
6h6js8ula53vd8q3q1xov9s2	1	2	222	26	0	No-Go	NGAL	0	0		1	1.0	0	0.0	0.9996060103460898	-0.0003949891001230188
6h6js8ula53vd8q3q1xov9s2	1	2	226	27	0	No-Go	NGAL	0	0		1	0.0	1	0.0052	0.9947659907336601	-0.005606686630230359
6h6js8ula53vd8q3q1xov9s2	1	2	231	28	0	No-Go	NGAL	0	0		1	0.0	1	0.001	0.9990041210324256	-0.0010029690595368197
6h6js8ula53vd8q3q1xov9s2	1	2	233	29	0	No-Go	NGAL	0	0		1	0.0	1	0.0005	0.9996640307483885	-0.00033660026584084315
6h6js8ula53vd8q3q1xov9s2	1	2	240	30	0	No-Go	NGAL	0	0		1	0.0	1	0.0004	0.9998387817193998	-0.00016135285344419395
6h6js8ula53vd8q3q1xov9s2	1	2	121	1	0	Go	GAL	1	1	0.372	1	0.0	1	0.6793	0.6747460314128563	-0.4032153807457259
6h6js8ula53vd8q3q1xov9s2	1	2	127	2	0	Go	GAL	1	1	0.405	1	1.0	0	0.9226	0.9178975417827249	-0.0877466708375115
6h6js8ula53vd8q3q1xov9s2	1	2	132	3	0	Go	GAL	1	1	0.552	1	0.0	1	0.6032	0.5995408001618657	-0.5276333824565677
6h6js8ula53vd8q3q1xov9s2	1	2	133	4	0	Go	GAL	1	1	0.335	1	0.0	1	0.9075	0.8989333564370838	-0.10886784950410862
6h6js8ula53vd8q3q1xov9s2	1	2	138	5	0	Go	GAL	1	1	0.53	1	0.0	1	0.971	0.9717996329797963	-0.029061063978527406
6h6js8ula53vd8q3q1xov9s2	1	2	144	6	0	Go	GAL	1	1	0.446	1	0.0	1	0.9897	0.9902371795783663	-0.009905312025837646
6h6js8ula53vd8q3q1xov9s2	1	2	147	7	0	Go	GAL	1	1	0.448	1	0.0	1	0.9955	0.9959484846277347	-0.0040831007791420236
6h6js8ula53vd8q3q1xov9s2	1	2	152	8	0	Go	GAL	1	1	0.415	1	0.0	1	0.9981	0.9980527395641163	-0.0019560606928194003
6h6js8ula53vd8q3q1xov9s2	1	2	155	9	0	Go	GAL	1	1	0.429	1	1.0	0	0.9983	0.9989433160113663	-0.001059647700706668
6h6js8ula53vd8q3q1xov9s2	1	2	160	10	0	Go	GAL	1	1	0.452	1	0.0	1	0.9859	0.9862408282485083	-0.013975411590535392
6h6js8ula53vd8q3q1xov9s2	1	2	162	11	0	Go	GAL	1	1	0.347	1	1.0	0	0.9945	0.9951620900764668	-0.004868597607210598
6h6js8ula53vd8q3q1xov9s2	1	2	168	12	0	Go	GAL	1	1	0.452	1	0.0	1	0.941	0.9407263518163843	-0.06380051445708831
6h6js8ula53vd8q3q1xov9s2	1	2	170	13	0	Go	GAL	1	1	0.485	1	0.0	1	0.9853	0.9852346168079795	-0.01499130287892146
6h6js8ula53vd8q3q1xov9s2	1	2	175	14	0	Go	GAL	1	1	0.435	1	0.0	1	0.9937	0.9948458255153364	-0.005187733718527388
6h6js8ula53vd8q3q1xov9s2	1	2	177	15	0	Go	GAL	1	1	0.44	1	0.0	1	0.998	0.997734468531757	-0.0022737202931718014
6h6js8ula53vd8q3q1xov9s2	1	2	181	16	0	Go	GAL	1	1	0.462	1	0.0	1	0.9987	0.9988278677609471	-0.0011748119306291493
6h6js8ula53vd8q3q1xov9s2	1	2	186	17	0	Go	GAL	1	1	0.469	1	0.0	1	0.9993	0.9993137470858766	-0.0006873343312358367
6h6js8ula53vd8q3q1xov9s2	1	2	190	18	0	Go	GAL	1	1	0.43	1	0.0	1	0.9997	0.9995567870615177	-0.0004437278931824882
6h6js8ula53vd8q3q1xov9s2	1	2	195	19	0	Go	GAL	1	1	0.418	1	0.0	1	0.9999	0.9996899433229514	-0.00031033798904931293
6h6js8ula53vd8q3q1xov9s2	1	2	200	20	0	Go	GAL	1	1	0.51	1	1.0	0	0.9999	0.9997683365037877	-0.0002318361015699237
6h6js8ula53vd8q3q1xov9s2	1	2	204	21	0	Go	GAL	1	1	0.443	1	1.0	0	0.9956	0.995046163315527	-0.0050127821527644265
6h6js8ula53vd8q3q1xov9s2	1	2	207	22	0	Go	GAL	1	1	0.322	1	0.0	1	0.9354	0.932715063437937	-0.08091992869950831
6h6js8ula53vd8q3q1xov9s2	1	2	211	23	0	Go	GAL	1	1	0.443	1	0.0	1	0.9844	0.9855914051793395	-0.014727146847082939
6h6js8ula53vd8q3q1xov9s2	1	2	215	24	0	Go	GAL	1	1	0.446	1	0.0	1	0.9951	0.9954065196839635	-0.004625217385730947
6h6js8ula53vd8q3q1xov9s2	1	2	218	25	0	Go	GAL	1	1	0.422	1	0.0	1	0.9976	0.9980432834732513	-0.001963368217544606
6h6js8ula53vd8q3q1xov9s2	1	2	224	26	0	Go	GAL	1	1	0.542	1	1.0	0	0.9987	0.9989902966015352	-0.0010117907623932664
6h6js8ula53vd8q3q1xov9s2	1	2	227	27	0	Go	GAL	1	1	0.447	1	0.0	1	0.9833	0.9825753795274568	-0.017924704675347663
6h6js8ula53vd8q3q1xov9s2	1	2	230	28	0	Go	GAL	1	1	0.482	1	0.0	1	0.9949	0.9947456337665528	-0.005295680941389041
6h6js8ula53vd8q3q1xov9s2	1	2	234	29	0	Go	GAL	1	1	0.414	1	0.0	1	0.9976	0.9978369047120986	-0.002171084068587422
6h6js8ula53vd8q3q1xov9s2	1	2	238	30	0	Go	GAL	1	1	0.409	1	0.0	1	0.9982	0.998909111721367	-0.0010932811942119304
6jh3218tkyseo1xlzimcqvys	1	2	122	1	1	Go	GW	1	1	0.512	1	0.0	1	0.5739	0.5686089978468482	-0.5908727557029345
6jh3218tkyseo1xlzimcqvys	1	2	127	2	1	Go	GW	1	1	0.537	1	0.0	1	0.7967	0.7902110004006637	-0.24309418644342354
6jh3218tkyseo1xlzimcqvys	1	2	130	3	1	Go	GW	1	1	0.579	1	1.0	0	0.9001	0.9001703135070653	-0.10846539150172746
6jh3218tkyseo1xlzimcqvys	1	2	134	4	1	Go	GW	1	1	0.642	1	0.0	1	0.8292	0.8313355389019654	-0.19149189539878558
6jh3218tkyseo1xlzimcqvys	1	2	138	5	1	Go	GW	1	1	0.345	1	0.0	1	0.9159	0.9176886786316772	-0.0888751477156265
6jh3218tkyseo1xlzimcqvys	1	2	142	6	1	Go	GW	1	1	0.274	1	0.0	1	0.9557	0.9573642927243263	-0.044795280239850736
6jh3218tkyseo1xlzimcqvys	1	2	146	7	1	Go	GW	1	1	0.293	1	0.0	1	0.9768	0.9765007611562813	-0.02428772495537083
6jh3218tkyseo1xlzimcqvys	1	2	150	8	1	Go	GW	1	1	0.397	1	0.0	1	0.9882	0.9862902202475278	-0.014023523951085212
6jh3218tkyseo1xlzimcqvys	1	2	156	9	1	Go	GW	1	1	0.413	1	0.0	1	0.9906	0.9915835538377016	-0.008550899845732199
6jh3218tkyseo1xlzimcqvys	1	2	157	10	1	Go	GW	1	1	0.327	1	1.0	0	0.995	0.9945909124372614	-0.005470648572282377
6jh3218tkyseo1xlzimcqvys	1	2	164	11	1	Go	GW	1	1	0.464	1	0.0	1	0.9909	0.9887674223825729	-0.011448545747141518
6jh3218tkyseo1xlzimcqvys	1	2	167	12	1	Go	GW	1	1	0.467	1	0.0	1	0.9919	0.9930011830412173	-0.007094105871378161
6jh3218tkyseo1xlzimcqvys	1	2	170	13	1	Go	GW	1	1	0.391	1	0.0	1	0.9957	0.9954274018135834	-0.0046176940194985775
6jh3218tkyseo1xlzimcqvys	1	2	173	14	1	Go	GW	1	1	0.417	1	1.0	0	0.9967	0.9968846840466337	-0.0031380224634067226
6jh3218tkyseo1xlzimcqvys	1	2	180	15	1	Go	GW	1	1	0.333	1	0.0	1	0.9937	0.9931347435188885	-0.006959022867864281
6jh3218tkyseo1xlzimcqvys	1	2	183	16	1	Go	GW	1	1	0.408	1	0.0	1	0.9947	0.9955506993676445	-0.004492504990545751
6jh3218tkyseo1xlzimcqvys	1	2	187	17	1	Go	GW	1	1	0.376	1	1.0	0	0.9975	0.9969753139322834	-0.0030463435332784734
6jh3218tkyseo1xlzimcqvys	1	2	190	18	1	Go	GW	1	1	0.304	1	0.0	1	0.9927	0.9931598634114822	-0.006940831845520922
6jh3218tkyseo1xlzimcqvys	1	2	194	19	1	Go	GW	1	1	0.369	1	0.0	1	0.9959	0.9956143418189375	-0.0044297671440756015
6jh3218tkyseo1xlzimcqvys	1	2	199	20	1	Go	GW	1	1	0.412	1	0.0	1	0.9963	0.9970322566965477	-0.0029894134984369005
6jh3218tkyseo1xlzimcqvys	1	2	201	21	1	Go	GW	1	1	0.399	1	0.0	1	0.998	0.9979009753631765	-0.0021105655667081192
6jh3218tkyseo1xlzimcqvys	1	2	206	22	1	Go	GW	1	1	0.455	1	0.0	1	0.9988	0.9984576032675783	-0.0015489723461183907
6jh3218tkyseo1xlzimcqvys	1	2	209	23	1	Go	GW	1	1	0.647	1	0.0	1	0.9985	0.9988274420261137	-0.0011765426033192856
6jh3218tkyseo1xlzimcqvys	1	2	214	24	1	Go	GW	1	1	0.329	1	1.0	0	0.9982	0.9990807835915719	-0.0009217770576400892
6jh3218tkyseo1xlzimcqvys	1	2	218	25	1	Go	GW	1	1	0.368	1	0.0	1	0.9975	0.9976876620901519	-0.002328351761637599
6jh3218tkyseo1xlzimcqvys	1	2	221	26	1	Go	GW	1	1	0.386	1	0.0	1	0.998	0.998351065150594	-0.0016571111060888874
6jh3218tkyseo1xlzimcqvys	1	2	225	27	1	Go	GW	1	1	0.44	1	1.0	0	0.9985	0.9987691944642977	-0.001235501199237693
6jh3218tkyseo1xlzimcqvys	1	2	229	28	1	Go	GW	1	1	0.4	1	0.0	1	0.9968	0.9968826477031787	-0.0031492613282148915
6jh3218tkyseo1xlzimcqvys	1	2	233	29	1	Go	GW	1	1	0.343	1	0.0	1	0.9979	0.9978883228484882	-0.002125658598288443
6jh3218tkyseo1xlzimcqvys	1	2	239	30	1	Go	GW	1	1	0.384	1	0.0	1	0.9984	0.9984825918318998	-0.0015246960150697786
6jh3218tkyseo1xlzimcqvys	1	2	121	1	1	No-Go	NGW	0	1	0.514	0	0.0	0	0.5726	0.5686089978468482	-0.5908727557029345
6jh3218tkyseo1xlzimcqvys	1	2	125	2	1	No-Go	NGW	0	0		1	0.0	1	0.4379	0.561622936586061	-0.6021605074302416
6jh3218tkyseo1xlzimcqvys	1	2	132	3	1	No-Go	NGW	0	1	0.65	0	1.0	1	0.3163	0.31634827387873554	-1.2208992534501222
6jh3218tkyseo1xlzimcqvys	1	2	135	4	1	No-Go	NGW	0	0		1	0.0	1	0.5822	0.41427017411643136	-0.9239214289521358
6jh3218tkyseo1xlzimcqvys	1	2	137	5	1	No-Go	NGW	0	1	0.529	0	0.0	0	0.4605	0.4627697615305301	-0.8033326999285879
6jh3218tkyseo1xlzimcqvys	1	2	141	6	1	No-Go	NGW	0	0		1	1.0	0	0.3288	0.670355866656931	-0.41288285679910725
6jh3218tkyseo1xlzimcqvys	1	2	147	7	1	No-Go	NGW	0	0		1	0.0	1	0.4729	0.5313385827290071	-0.6565480260490485
6jh3218tkyseo1xlzimcqvys	1	2	152	8	1	No-Go	NGW	0	0		1	0.0	1	0.3564	0.6519724497227335	-0.4414921326288818
6jh3218tkyseo1xlzimcqvys	1	2	153	9	1	No-Go	NGW	0	0		1	0.0	1	0.2534	0.7501379445742375	-0.29551989079529073
6jh3218tkyseo1xlzimcqvys	1	2	159	10	1	No-Go	NGW	0	0		1	0.0	1	0.1732	0.8237226591072525	-0.19860997096024902
6jh3218tkyseo1xlzimcqvys	1	2	163	11	1	No-Go	NGW	0	0		1	0.0	1	0.1194	0.8762438638000812	-0.13483583819728812
6jh3218tkyseo1xlzimcqvys	1	2	165	12	1	No-Go	NGW	0	0		1	0.0	1	0.0891	0.9128034673501372	-0.0928152572241921
6jh3218tkyseo1xlzimcqvys	1	2	171	13	1	No-Go	NGW	0	0		1	1.0	0	0.0617	0.9380150893404927	-0.0649098941189733
6jh3218tkyseo1xlzimcqvys	1	2	176	14	1	No-Go	NGW	0	0		1	0.0	1	0.1118	0.8849013222644929	-0.12442776916892219
6jh3218tkyseo1xlzimcqvys	1	2	177	15	1	No-Go	NGW	0	0		1	0.0	1	0.0795	0.9191060070369004	-0.08559564663734767
6jh3218tkyseo1xlzimcqvys	1	2	181	16	1	No-Go	NGW	0	0		1	0.0	1	0.0574	0.9425335689333839	-0.059913320439703516
6jh3218tkyseo1xlzimcqvys	1	2	186	17	1	No-Go	NGW	0	0		1	0.0	1	0.0394	0.9586270638866721	-0.042688603397086314
6jh3218tkyseo1xlzimcqvys	1	2	192	18	1	No-Go	NGW	0	0		1	0.0	1	0.0304	0.9697737743928078	-0.030956904924686012
6jh3218tkyseo1xlzimcqvys	1	2	193	19	1	No-Go	NGW	0	0		1	0.0	1	0.0193	0.9775801001818074	-0.022838791628732254
6jh3218tkyseo1xlzimcqvys	1	2	198	20	1	No-Go	NGW	0	0		1	1.0	0	0.0153	0.983115646402373	-0.017132084044720906
6jh3218tkyseo1xlzimcqvys	1	2	202	21	1	No-Go	NGW	0	0		1	0.0	1	0.0338	0.9647905726744596	-0.036200158423044165
6jh3218tkyseo1xlzimcqvys	1	2	207	22	1	No-Go	NGW	0	0		1	1.0	0	0.0241	0.9741765424916994	-0.02637582291396267
6jh3218tkyseo1xlzimcqvys	1	2	212	23	1	No-Go	NGW	0	0		1	0.0	1	0.0535	0.94694419984064	-0.055427451936264346
6jh3218tkyseo1xlzimcqvys	1	2	216	24	1	No-Go	NGW	0	0		1	0.0	1	0.0402	0.9620269528666447	-0.03919183328680812
6jh3218tkyseo1xlzimcqvys	1	2	219	25	1	No-Go	NGW	0	0		1	0.0	1	0.0264	0.9723436177118759	-0.028316757982466356
6jh3218tkyseo1xlzimcqvys	1	2	222	26	1	No-Go	NGW	0	0		1	0.0	1	0.0223	0.9795015405705344	-0.020873162970809264
6jh3218tkyseo1xlzimcqvys	1	2	228	27	1	No-Go	NGW	0	0		1	0.0	1	0.0159	0.984545540916256	-0.015675987326602678
6jh3218tkyseo1xlzimcqvys	1	2	232	28	1	No-Go	NGW	0	0		1	1.0	0	0.0114	0.9881558682909226	-0.011980086480271082
6jh3218tkyseo1xlzimcqvys	1	2	234	29	1	No-Go	NGW	0	0		1	0.0	1	0.0248	0.9739837899701331	-0.026698124129697187
6jh3218tkyseo1xlzimcqvys	1	2	237	30	1	No-Go	NGW	0	0		1	0.0	1	0.0193	0.9807388627637039	-0.019638051928221354
6jh3218tkyseo1xlzimcqvys	1	2	123	1	0	No-Go	NGAL	0	1	0.62	0	1.0	1	0.5281	0.5259365727471327	-0.6556677720294956
6jh3218tkyseo1xlzimcqvys	1	2	128	2	0	No-Go	NGAL	0	0		1	0.0	1	0.6585	0.34622989047630276	-1.0904126182279499
6jh3218tkyseo1xlzimcqvys	1	2	129	3	0	No-Go	NGAL	0	0		1	0.0	1	0.5271	0.4740634272528673	-0.7620879673685736
6jh3218tkyseo1xlzimcqvys	1	2	133	4	0	No-Go	NGAL	0	0		1	0.0	1	0.3988	0.5983663872066295	-0.5233879987117638
6jh3218tkyseo1xlzimcqvys	1	2	140	5	0	No-Go	NGAL	0	0		1	0.0	1	0.2923	0.7047582870354501	-0.35652973570702484
6jh3218tkyseo1xlzimcqvys	1	2	143	6	0	No-Go	NGAL	0	0		1	0.0	1	0.2139	0.7877462078412395	-0.24298356034549046
6jh3218tkyseo1xlzimcqvys	1	2	145	7	0	No-Go	NGAL	0	0		1	1.0	0	0.1542	0.8487781246066722	-0.16678389711251532
6jh3218tkyseo1xlzimcqvys	1	2	149	8	0	No-Go	NGAL	0	0		1	0.0	1	0.2005	0.8049312185599743	-0.2205395779518996
6jh3218tkyseo1xlzimcqvys	1	2	154	9	0	No-Go	NGAL	0	0		1	0.0	1	0.1398	0.8613552790357198	-0.1515053258381726
6jh3218tkyseo1xlzimcqvys	1	2	158	10	0	No-Go	NGAL	0	0		1	0.0	1	0.0997	0.9012158113520247	-0.10542414352712613
6jh3218tkyseo1xlzimcqvys	1	2	162	11	0	No-Go	NGAL	0	0		1	0.0	1	0.0735	0.9290509839326956	-0.07446924075278763
6jh3218tkyseo1xlzimcqvys	1	2	166	12	0	No-Go	NGAL	0	0		1	0.0	1	0.0492	0.9484644766159629	-0.05345602172886762
6jh3218tkyseo1xlzimcqvys	1	2	172	13	0	No-Go	NGAL	0	0		1	0.0	1	0.0378	0.9620718126640706	-0.039007477204083756
6jh3218tkyseo1xlzimcqvys	1	2	175	14	0	No-Go	NGAL	0	0		1	1.0	0	0.0265	0.971691847236719	-0.028933210477412288
6jh3218tkyseo1xlzimcqvys	1	2	179	15	0	No-Go	NGAL	0	0		1	0.0	1	0.0408	0.9601619371929581	-0.04102863274776756
6jh3218tkyseo1xlzimcqvys	1	2	182	16	0	No-Go	NGAL	0	0		1	1.0	0	0.0296	0.9703923890759577	-0.030289176498216535
6jh3218tkyseo1xlzimcqvys	1	2	185	17	0	No-Go	NGAL	0	0		1	0.0	1	0.0391	0.9577524523877502	-0.043685987446061614
6jh3218tkyseo1xlzimcqvys	1	2	189	18	0	No-Go	NGAL	0	0		1	0.0	1	0.0301	0.9687705849306989	-0.032031244032549845
6jh3218tkyseo1xlzimcqvys	1	2	196	19	0	No-Go	NGAL	0	0		1	0.0	1	0.0204	0.9765559687816678	-0.02390876886085637
6jh3218tkyseo1xlzimcqvys	1	2	197	20	0	No-Go	NGAL	0	0		1	0.0	1	0.0159	0.9821262740190297	-0.018153267452680984
6jh3218tkyseo1xlzimcqvys	1	2	203	21	0	No-Go	NGAL	0	0		1	0.0	1	0.0127	0.9861645058074855	-0.014009703558919336
6jh3218tkyseo1xlzimcqvys	1	2	208	22	0	No-Go	NGAL	0	0		1	1.0	0	0.0094	0.9891310525277391	-0.010981268604880913
6jh3218tkyseo1xlzimcqvys	1	2	211	23	0	No-Go	NGAL	0	0		1	0.0	1	0.0152	0.9837739832426805	-0.016495056400551964
6jh3218tkyseo1xlzimcqvys	1	2	215	24	0	No-Go	NGAL	0	0		1	0.0	1	0.0144	0.9874052840704629	-0.012760544558848062
6jh3218tkyseo1xlzimcqvys	1	2	220	25	0	No-Go	NGAL	0	0		1	0.0	1	0.0108	0.9900723875181818	-0.01003398936859918
6jh3218tkyseo1xlzimcqvys	1	2	223	26	0	No-Go	NGAL	0	0		1	1.0	0	0.0076	0.9920586266567749	-0.008012189109749834
6jh3218tkyseo1xlzimcqvys	1	2	227	27	0	No-Go	NGAL	0	0		1	0.0	1	0.0119	0.9878310128077825	-0.012359159955010295
6jh3218tkyseo1xlzimcqvys	1	2	230	28	0	No-Go	NGAL	0	0		1	0.0	1	0.0103	0.9904207101607463	-0.009697775899461698
6jh3218tkyseo1xlzimcqvys	1	2	235	29	0	No-Go	NGAL	0	0		1	0.0	1	0.0075	0.9923409607396397	-0.007736247579360819
6jh3218tkyseo1xlzimcqvys	1	2	238	30	0	No-Go	NGAL	0	0		1	0.0	1	0.0046	0.9937854341668936	-0.006266952796355339
6jh3218tkyseo1xlzimcqvys	1	2	124	1	0	Go	GAL	1	0		0	1.0	1	0.5346	0.4740634272528673	-0.7620879673685736
6jh3218tkyseo1xlzimcqvys	1	2	126	2	0	Go	GAL	1	0		0	0.0	0	0.391	0.6056354922439088	-0.511239999843238
6jh3218tkyseo1xlzimcqvys	1	2	131	3	0	Go	GAL	1	1	0.53	1	0.0	1	0.4638	0.4597528973593918	-0.7933641891638786
6jh3218tkyseo1xlzimcqvys	1	2	136	4	0	Go	GAL	1	1	0.496	1	0.0	1	0.5842	0.5919735842099292	-0.5340339820014531
6jh3218tkyseo1xlzimcqvys	1	2	139	5	0	Go	GAL	1	1	0.486	1	0.0	1	0.7017	0.7051668462870444	-0.3558822941411437
6jh3218tkyseo1xlzimcqvys	1	2	144	6	0	Go	GAL	1	1	0.36	1	0.0	1	0.792	0.79232421864908	-0.23713387294446334
6jh3218tkyseo1xlzimcqvys	1	2	148	7	0	Go	GAL	1	1	0.458	1	0.0	1	0.8477	0.8551840264328122	-0.15918978569456352
6jh3218tkyseo1xlzimcqvys	1	2	151	8	0	Go	GAL	1	1	0.422	1	0.0	1	0.9011	0.8989600058735637	-0.10819612531896627
6jh3218tkyseo1xlzimcqvys	1	2	155	9	0	Go	GAL	1	1	0.461	1	1.0	0	0.9293	0.9289905870816703	-0.07466263111377143
6jh3218tkyseo1xlzimcqvys	1	2	160	10	0	Go	GAL	1	1	0.456	1	0.0	1	0.8701	0.8713223840209461	-0.1396701612440916
6jh3218tkyseo1xlzimcqvys	1	2	161	11	0	Go	GAL	1	1	0.415	1	0.0	1	0.9105	0.9104210145241348	-0.09503607679519231
6jh3218tkyseo1xlzimcqvys	1	2	168	12	0	Go	GAL	1	1	0.447	1	1.0	0	0.9376	0.9370237885526745	-0.06577132775913505
6jh3218tkyseo1xlzimcqvys	1	2	169	13	0	Go	GAL	1	1	0.403	1	0.0	1	0.8873	0.8836520360736898	-0.1253263909094476
6jh3218tkyseo1xlzimcqvys	1	2	174	14	0	Go	GAL	1	1	0.39	1	0.0	1	0.9185	0.9191171430470957	-0.08530950868380063
6jh3218tkyseo1xlzimcqvys	1	2	178	15	0	Go	GAL	1	1	0.489	1	0.0	1	0.9427	0.9431070063073439	-0.059159624002044935
6jh3218tkyseo1xlzimcqvys	1	2	184	16	0	Go	GAL	1	1	0.39	1	0.0	1	0.9584	0.9594003239499828	-0.04180329920041871
6jh3218tkyseo1xlzimcqvys	1	2	188	17	0	Go	GAL	1	1	0.415	1	0.0	1	0.9689	0.9705725417095488	-0.03008924078083012
6jh3218tkyseo1xlzimcqvys	1	2	191	18	0	Go	GAL	1	1	0.39	1	0.0	1	0.9787	0.9783280123466462	-0.022048189250085753
6jh3218tkyseo1xlzimcqvys	1	2	195	19	0	Go	GAL	1	1	0.455	1	1.0	0	0.9865	0.9837849546515006	-0.01643587467678815
6jh3218tkyseo1xlzimcqvys	1	2	200	20	0	Go	GAL	1	1	0.389	1	0.0	1	0.9668	0.9664036801632666	-0.03446874909463604
6jh3218tkyseo1xlzimcqvys	1	2	204	21	0	Go	GAL	1	1	0.486	1	0.0	1	0.9767	0.9755223800661846	-0.02495877256094141
6jh3218tkyseo1xlzimcqvys	1	2	205	22	0	Go	GAL	1	1	0.417	1	0.0	1	0.9831	0.9818549659322003	-0.018421411922558997
6jh3218tkyseo1xlzimcqvys	1	2	210	23	0	Go	GAL	1	1	0.482	1	0.0	1	0.9856	0.9863220032577725	-0.01384271919824811
6jh3218tkyseo1xlzimcqvys	1	2	213	24	0	Go	GAL	1	1	0.401	1	0.0	1	0.9886	0.9895220895480472	-0.010579499567624821
6jh3218tkyseo1xlzimcqvys	1	2	217	25	0	Go	GAL	1	1	0.393	1	1.0	0	0.9931	0.991848995333765	-0.008215703295144606
6jh3218tkyseo1xlzimcqvys	1	2	224	26	0	Go	GAL	1	1	0.504	1	0.0	1	0.9806	0.982014624972789	-0.01829864065814419
6jh3218tkyseo1xlzimcqvys	1	2	226	27	0	Go	GAL	1	1	0.423	1	0.0	1	0.9857	0.9864986355724464	-0.013682398486225437
6jh3218tkyseo1xlzimcqvys	1	2	231	28	0	Go	GAL	1	1	0.381	1	1.0	0	0.992	0.9896840144708833	-0.010425528737609786
6jh3218tkyseo1xlzimcqvys	1	2	236	29	0	Go	GAL	1	1	0.404	1	0.0	1	0.9739	0.9771922817452035	-0.023387076215362287
6jh3218tkyseo1xlzimcqvys	1	2	240	30	0	Go	GAL	1	1	0.381	1	0.0	1	0.9845	0.9832011220307785	-0.01710872363945876
6jh3218tkyseo1xlzimcqvys	1	1	2	1	1	No-Go	NGW	0	1	1.182	0	0.0	0	0.5681	0.5686089978468482	-0.5908727557029345
6jh3218tkyseo1xlzimcqvys	1	1	6	2	1	No-Go	NGW	0	0		1	0.0	1	0.4376	0.561622936586061	-0.6021605074302416
6jh3218tkyseo1xlzimcqvys	1	1	10	3	1	No-Go	NGW	0	0		1	1.0	0	0.3166	0.6836517261212645	-0.3947571233704084
6jh3218tkyseo1xlzimcqvys	1	1	16	4	1	No-Go	NGW	0	1	0.985	0	0.0	0	0.4416	0.44577020018366637	-0.8492724578710196
6jh3218tkyseo1xlzimcqvys	1	1	18	5	1	No-Go	NGW	0	0		1	0.0	1	0.3297	0.6707608971130364	-0.4142987990170549
6jh3218tkyseo1xlzimcqvys	1	1	23	6	1	No-Go	NGW	0	1	1.392	0	1.0	1	0.2261	0.2256032559706254	-1.591527647209621
6jh3218tkyseo1xlzimcqvys	1	1	26	7	1	No-Go	NGW	0	1	1.141	0	0.0	0	0.4873	0.4839969360251937	-0.7574567220122946
6jh3218tkyseo1xlzimcqvys	1	1	30	8	1	No-Go	NGW	0	0		1	0.0	1	0.3577	0.6457576855482774	-0.45190050233272944
6jh3218tkyseo1xlzimcqvys	1	1	35	9	1	No-Go	NGW	0	0		1	0.0	1	0.2495	0.7495889360920355	-0.2964997085848372
6jh3218tkyseo1xlzimcqvys	1	1	37	10	1	No-Go	NGW	0	0		1	0.0	1	0.1736	0.8264963508454956	-0.19529103091343716
6jh3218tkyseo1xlzimcqvys	1	1	41	11	1	No-Go	NGW	0	0		1	0.0	1	0.1213	0.8804515656416032	-0.13001287473224898
6jh3218tkyseo1xlzimcqvys	1	1	46	12	1	No-Go	NGW	0	0		1	0.0	1	0.0835	0.9173040360576457	-0.08784355874402137
6jh3218tkyseo1xlzimcqvys	1	1	49	13	1	No-Go	NGW	0	0		1	1.0	0	0.0584	0.9422423360710487	-0.06036168483037631
6jh3218tkyseo1xlzimcqvys	1	1	55	14	1	No-Go	NGW	0	0		1	0.0	1	0.1044	0.8944124625511402	-0.11354446909687554
6jh3218tkyseo1xlzimcqvys	1	1	58	15	1	No-Go	NGW	0	0		1	0.0	1	0.0699	0.9270520995808219	-0.07685420747036058
6jh3218tkyseo1xlzimcqvys	1	1	61	16	1	No-Go	NGW	0	0		1	0.0	1	0.0524	0.9489939091448123	-0.052989823201640536
6jh3218tkyseo1xlzimcqvys	1	1	65	17	1	No-Go	NGW	0	0		1	0.0	1	0.0373	0.963815527142718	-0.037226481400912836
6jh3218tkyseo1xlzimcqvys	1	1	69	18	1	No-Go	NGW	0	0		1	0.0	1	0.0253	0.9739265011189595	-0.026639256546288022
6jh3218tkyseo1xlzimcqvys	1	1	74	19	1	No-Go	NGW	0	0		1	0.0	1	0.0174	0.9809101007505183	-0.019407125868313214
6jh3218tkyseo1xlzimcqvys	1	1	80	20	1	No-Go	NGW	0	0		1	1.0	0	0.0165	0.9857996145153569	-0.01438391047349357
6jh3218tkyseo1xlzimcqvys	1	1	83	21	1	No-Go	NGW	0	0		1	0.0	1	0.027	0.9709078192247617	-0.029778503538207227
6jh3218tkyseo1xlzimcqvys	1	1	85	22	1	No-Go	NGW	0	0		1	1.0	0	0.0204	0.9788973728946934	-0.021479522944462787
6jh3218tkyseo1xlzimcqvys	1	1	92	23	1	No-Go	NGW	0	0		1	0.0	1	0.0393	0.9572095242964522	-0.044303007657083324
6jh3218tkyseo1xlzimcqvys	1	1	95	24	1	No-Go	NGW	0	0		1	0.0	1	0.0286	0.9697011736485376	-0.03107016543526267
6jh3218tkyseo1xlzimcqvys	1	1	98	25	1	No-Go	NGW	0	0		1	0.0	1	0.0213	0.9781399473540805	-0.02227449588944236
6jh3218tkyseo1xlzimcqvys	1	1	102	26	1	No-Go	NGW	0	0		1	0.0	1	0.0155	0.9839360583711816	-0.016296890405566564
6jh3218tkyseo1xlzimcqvys	1	1	108	27	1	No-Go	NGW	0	0		1	0.0	1	0.0127	0.9879852494748625	-0.01215103956035198
6jh3218tkyseo1xlzimcqvys	1	1	110	28	1	No-Go	NGW	0	0		1	1.0	0	0.0087	0.9908613509422981	-0.009221349957235548
6jh3218tkyseo1xlzimcqvys	1	1	116	29	1	No-Go	NGW	0	0		1	0.0	1	0.0208	0.9802145895242018	-0.020172025384303335
6jh3218tkyseo1xlzimcqvys	1	1	117	30	1	No-Go	NGW	0	0		1	0.0	1	0.0146	0.9854476361634562	-0.014765671769301237
6jh3218tkyseo1xlzimcqvys	1	1	3	1	0	No-Go	NGAL	0	0		1	1.0	0	0.5245	0.4740634272528673	-0.7620879673685736
6jh3218tkyseo1xlzimcqvys	1	1	7	2	0	No-Go	NGAL	0	1	1.203	0	0.0	0	0.5893	0.5885155060160391	-0.539888577419189
6jh3218tkyseo1xlzimcqvys	1	1	9	3	0	No-Go	NGAL	0	0		1	0.0	1	0.4538	0.5438204883280483	-0.6204702265816513
6jh3218tkyseo1xlzimcqvys	1	1	13	4	0	No-Go	NGAL	0	1	1.157	0	0.0	0	0.3277	0.32715300018817933	-1.151398563500313
6jh3218tkyseo1xlzimcqvys	1	1	19	5	0	No-Go	NGAL	0	1	1.276	0	0.0	0	0.2322	0.22864946146811527	-1.5391268820640813
6jh3218tkyseo1xlzimcqvys	1	1	21	6	0	No-Go	NGAL	0	0		1	0.0	1	0.1555	0.8425899724086389	-0.17461089722167306
6jh3218tkyseo1xlzimcqvys	1	1	27	7	0	No-Go	NGAL	0	0		1	1.0	0	0.1	0.897668142246467	-0.10994242441355974
6jh3218tkyseo1xlzimcqvys	1	1	31	8	0	No-Go	NGAL	0	1	0.569	0	0.0	0	0.127	0.12941728785272527	-2.182509388219752
6jh3218tkyseo1xlzimcqvys	1	1	33	9	0	No-Go	NGAL	0	0		1	0.0	1	0.082	0.9118075617718372	-0.09394911887677351
6jh3218tkyseo1xlzimcqvys	1	1	38	10	0	No-Go	NGAL	0	0		1	0.0	1	0.0582	0.943249399023315	-0.05930857173404306
6jh3218tkyseo1xlzimcqvys	1	1	44	11	0	No-Go	NGAL	0	0		1	0.0	1	0.0347	0.9628793431563694	-0.038302984331287114
6jh3218tkyseo1xlzimcqvys	1	1	48	12	0	No-Go	NGAL	0	0		1	0.0	1	0.0273	0.9752665849805291	-0.02530080609715323
6jh3218tkyseo1xlzimcqvys	1	1	51	13	0	No-Go	NGAL	0	0		1	0.0	1	0.0174	0.9832034408537651	-0.017078681586745414
6jh3218tkyseo1xlzimcqvys	1	1	53	14	0	No-Go	NGAL	0	1	0.576	0	1.0	1	0.0123	0.011623558162317084	-5.01577586183853
6jh3218tkyseo1xlzimcqvys	1	1	60	15	0	No-Go	NGAL	0	0		1	0.0	1	0.0187	0.9794959410335022	-0.02088390362979435
6jh3218tkyseo1xlzimcqvys	1	1	63	16	0	No-Go	NGAL	0	0		1	1.0	0	0.0151	0.9855579755900516	-0.014642264969141177
6jh3218tkyseo1xlzimcqvys	1	1	67	17	0	No-Go	NGAL	0	0		1	0.0	1	0.0198	0.9803006238276064	-0.020048446644800624
6jh3218tkyseo1xlzimcqvys	1	1	70	18	0	No-Go	NGAL	0	0		1	0.0	1	0.0121	0.9861313000233966	-0.014051762527832629
6jh3218tkyseo1xlzimcqvys	1	1	76	19	0	No-Go	NGAL	0	0		1	0.0	1	0.0109	0.9900584269499032	-0.010040912962287587
6jh3218tkyseo1xlzimcqvys	1	1	79	20	0	No-Go	NGAL	0	0		1	0.0	1	0.0072	0.9927483362564244	-0.007307339783931993
6jh3218tkyseo1xlzimcqvys	1	1	84	21	0	No-Go	NGAL	0	0		1	0.0	1	0.0049	0.9946212297746208	-0.005410949253374489
6jh3218tkyseo1xlzimcqvys	1	1	86	22	0	No-Go	NGAL	0	0		1	1.0	0	0.0042	0.9959459533411932	-0.0040732030179062035
6jh3218tkyseo1xlzimcqvys	1	1	90	23	0	No-Go	NGAL	0	0		1	0.0	1	0.0063	0.9942441554375046	-0.005792187067925199
6jh3218tkyseo1xlzimcqvys	1	1	93	24	0	No-Go	NGAL	0	0		1	0.0	1	0.0041	0.9956881740622204	-0.004333144617981304
6jh3218tkyseo1xlzimcqvys	1	1	99	25	0	No-Go	NGAL	0	0		1	0.0	1	0.0027	0.9967170763418782	-0.0032958379495233313
6jh3218tkyseo1xlzimcqvys	1	1	103	26	0	No-Go	NGAL	0	0		1	1.0	0	0.0029	0.9974615925224687	-0.0025464737144687256
6jh3218tkyseo1xlzimcqvys	1	1	107	27	0	No-Go	NGAL	0	0		1	0.0	1	0.0042	0.9963007729521014	-0.003716057748909688
6jh3218tkyseo1xlzimcqvys	1	1	111	28	0	No-Go	NGAL	0	0		1	0.0	1	0.0018	0.9971676491527262	-0.0028425723839494194
6jh3218tkyseo1xlzimcqvys	1	1	115	29	0	No-Go	NGAL	0	0		1	0.0	1	0.0013	0.9977966167729228	-0.002209811327979759
6jh3218tkyseo1xlzimcqvys	1	1	120	30	0	No-Go	NGAL	0	0		1	0.0	1	0.0016	0.9982599918145988	-0.0017441844367402234
6jh3218tkyseo1xlzimcqvys	1	1	4	1	1	Go	GW	1	1	0.871	1	0.0	1	0.5676	0.5686089978468482	-0.5908727557029345
6jh3218tkyseo1xlzimcqvys	1	1	8	2	1	Go	GW	1	1	1.023	1	0.0	1	0.7931	0.7902110004006637	-0.24309418644342354
6jh3218tkyseo1xlzimcqvys	1	1	12	3	1	Go	GW	1	1	0.533	1	1.0	0	0.9029	0.9001703135070653	-0.10846539150172746
6jh3218tkyseo1xlzimcqvys	1	1	14	4	1	Go	GW	1	0		0	0.0	0	0.8293	0.1686644610980346	-1.959925115320196
6jh3218tkyseo1xlzimcqvys	1	1	20	5	1	Go	GW	1	1	0.981	1	0.0	1	0.8905	0.8910943638129016	-0.11876324458343329
6jh3218tkyseo1xlzimcqvys	1	1	22	6	1	Go	GW	1	1	1.25	1	0.0	1	0.9465	0.9482241032869342	-0.05455558516779138
6jh3218tkyseo1xlzimcqvys	1	1	28	7	1	Go	GW	1	1	0.852	1	0.0	1	0.9739	0.9734664310265185	-0.02744018393997185
6jh3218tkyseo1xlzimcqvys	1	1	29	8	1	Go	GW	1	1	0.759	1	0.0	1	0.9852	0.985444462391438	-0.014885302826536186
6jh3218tkyseo1xlzimcqvys	1	1	36	9	1	Go	GW	1	1	0.481	1	0.0	1	0.9927	0.9915278419570587	-0.00860317028301796
6jh3218tkyseo1xlzimcqvys	1	1	39	10	1	Go	GW	1	1	0.486	1	1.0	0	0.9953	0.9948065911599663	-0.005249510235786223
6jh3218tkyseo1xlzimcqvys	1	1	43	11	1	Go	GW	1	1	0.52	1	0.0	1	0.9914	0.9896120951659221	-0.010569022448724381
6jh3218tkyseo1xlzimcqvys	1	1	45	12	1	Go	GW	1	1	0.542	1	0.0	1	0.9952	0.9937686734492217	-0.00630725670348951
6jh3218tkyseo1xlzimcqvys	1	1	50	13	1	Go	GW	1	1	0.609	1	0.0	1	0.9962	0.996068287208677	-0.003965906906675231
6jh3218tkyseo1xlzimcqvys	1	1	54	14	1	Go	GW	1	1	0.479	1	1.0	0	0.9977	0.9974071489352673	-0.002609245222301903
6jh3218tkyseo1xlzimcqvys	1	1	59	15	1	Go	GW	1	1	0.479	1	0.0	1	0.9943	0.9945125002587587	-0.005547222136923576
6jh3218tkyseo1xlzimcqvys	1	1	62	16	1	Go	GW	1	1	0.335	1	0.0	1	0.9957	0.9965208237467039	-0.0035062368205779743
6jh3218tkyseo1xlzimcqvys	1	1	68	17	1	Go	GW	1	1	0.37	1	1.0	0	0.9967	0.9976866722099988	-0.0023265135106045392
6jh3218tkyseo1xlzimcqvys	1	1	72	18	1	Go	GW	1	1	0.47	1	0.0	1	0.9946	0.9949686400819745	-0.005084174520643857
6jh3218tkyseo1xlzimcqvys	1	1	75	19	1	Go	GW	1	1	0.447	1	0.0	1	0.9972	0.9968116400901889	-0.0032118809631548595
6jh3218tkyseo1xlzimcqvys	1	1	77	20	1	Go	GW	1	1	0.435	1	0.0	1	0.9973	0.9978722338653493	-0.0021392353701250953
6jh3218tkyseo1xlzimcqvys	1	1	82	21	1	Go	GW	1	1	0.455	1	0.0	1	0.9986	0.9985175081768147	-0.0014884843450706587
6jh3218tkyseo1xlzimcqvys	1	1	87	22	1	Go	GW	1	1	0.44	1	0.0	1	0.9987	0.9989274970584132	-0.0010758276012321375
6jh3218tkyseo1xlzimcqvys	1	1	91	23	1	Go	GW	1	1	0.419	1	0.0	1	0.9995	0.9991974626315634	-0.0008044877826796768
6jh3218tkyseo1xlzimcqvys	1	1	96	24	1	Go	GW	1	1	0.44	1	1.0	0	0.999	0.9993807102764889	-0.0006204974309707618
6jh3218tkyseo1xlzimcqvys	1	1	100	25	1	Go	GW	1	1	0.29	1	0.0	1	0.9987	0.9985000347615518	-0.0015063274463880734
6jh3218tkyseo1xlzimcqvys	1	1	104	26	1	Go	GW	1	1	0.378	1	0.0	1	0.9991	0.9989338908847558	-0.0010694428153930813
6jh3218tkyseo1xlzimcqvys	1	1	105	27	1	Go	GW	1	1	0.393	1	1.0	0	0.9986	0.999209016404923	-0.000792902793924236
6jh3218tkyseo1xlzimcqvys	1	1	112	28	1	Go	GW	1	1	0.509	1	0.0	1	0.9983	0.998060178776399	-0.0019510577655534286
6jh3218tkyseo1xlzimcqvys	1	1	114	29	1	Go	GW	1	1	0.334	1	0.0	1	0.9983	0.9986813848734583	-0.001323806921045194
6jh3218tkyseo1xlzimcqvys	1	1	118	30	1	Go	GW	1	1	0.457	1	0.0	1	0.999	0.9990530001679218	-0.0009497664278122499
6jh3218tkyseo1xlzimcqvys	1	1	1	1	0	Go	GAL	1	0		0	1.0	1	0.5352	0.4740634272528673	-0.7620879673685736
6jh3218tkyseo1xlzimcqvys	1	1	5	2	0	Go	GAL	1	0		0	0.0	0	0.3938	0.6056354922439088	-0.511239999843238
6jh3218tkyseo1xlzimcqvys	1	1	11	3	0	Go	GAL	1	1	1.239	1	0.0	1	0.4654	0.4597528973593918	-0.7933641891638786
6jh3218tkyseo1xlzimcqvys	1	1	15	4	0	Go	GAL	1	0		0	0.0	0	0.59	0.40802641579007076	-0.9166942756316196
6jh3218tkyseo1xlzimcqvys	1	1	17	5	0	Go	GAL	1	0		0	0.0	0	0.6496	0.3477176507146143	-1.0911719063626795
6jh3218tkyseo1xlzimcqvys	1	1	24	6	0	Go	GAL	1	1	0.51	1	0.0	1	0.709	0.7053152292390578	-0.35896183447373575
6jh3218tkyseo1xlzimcqvys	1	1	25	7	0	Go	GAL	1	1	0.95	1	0.0	1	0.7907	0.7962947269310825	-0.23370775914114997
6jh3218tkyseo1xlzimcqvys	1	1	32	8	0	Go	GAL	1	1	0.413	1	0.0	1	0.8617	0.8607846952141072	-0.1533875253321174
6jh3218tkyseo1xlzimcqvys	1	1	34	9	0	Go	GAL	1	1	0.528	1	1.0	0	0.9115	0.9048024747660504	-0.10203793926298076
6jh3218tkyseo1xlzimcqvys	1	1	40	10	0	Go	GAL	1	0		0	0.0	0	0.8434	0.16271741612031532	-1.9264485002941463
6jh3218tkyseo1xlzimcqvys	1	1	42	11	0	Go	GAL	1	0		0	0.0	0	0.8672	0.13447284390625341	-2.1723544939909405
6jh3218tkyseo1xlzimcqvys	1	1	47	12	0	Go	GAL	1	1	0.486	1	1.0	0	0.8906	0.8883007701038791	-0.12166000505079376
6jh3218tkyseo1xlzimcqvys	1	1	52	13	0	Go	GAL	1	1	0.449	1	0.0	1	0.8126	0.8164449956620121	-0.209753664338972
6jh3218tkyseo1xlzimcqvys	1	1	56	14	0	Go	GAL	1	0		0	0.0	0	0.8764	0.12249976015236619	-2.3140915729624125
6jh3218tkyseo1xlzimcqvys	1	1	57	15	0	Go	GAL	1	1	0.53	1	0.0	1	0.8946	0.8975805038977848	-0.11126905938242375
6jh3218tkyseo1xlzimcqvys	1	1	64	16	0	Go	GAL	1	0		0	0.0	0	0.936	0.06825667961788776	-3.0396755001198086
6jh3218tkyseo1xlzimcqvys	1	1	66	17	0	Go	GAL	1	1	1.167	1	0.0	1	0.9432	0.9428270098760069	-0.06029854748276592
6jh3218tkyseo1xlzimcqvys	1	1	71	18	0	Go	GAL	1	1	0.357	1	0.0	1	0.9599	0.961473197234125	-0.040030622712325686
6jh3218tkyseo1xlzimcqvys	1	1	73	19	0	Go	GAL	1	1	0.415	1	1.0	0	0.973	0.9735968488343216	-0.027153401716863507
6jh3218tkyseo1xlzimcqvys	1	1	78	20	0	Go	GAL	1	1	0.382	1	0.0	1	0.9554	0.9518227989668209	-0.05038943938160656
6jh3218tkyseo1xlzimcqvys	1	1	81	21	0	Go	GAL	1	1	0.509	1	0.0	1	0.9664	0.9674233007710458	-0.03364764951981919
6jh3218tkyseo1xlzimcqvys	1	1	88	22	0	Go	GAL	1	1	0.558	1	0.0	1	0.9758	0.9775642868404819	-0.02297518834017315
6jh3218tkyseo1xlzimcqvys	1	1	89	23	0	Go	GAL	1	1	0.511	1	0.0	1	0.9864	0.9842597395010726	-0.016022196294142536
6jh3218tkyseo1xlzimcqvys	1	1	94	24	0	Go	GAL	1	1	0.287	1	0.0	1	0.9879	0.9887550046594548	-0.011397479487701756
6jh3218tkyseo1xlzimcqvys	1	1	97	25	0	Go	GAL	1	1	0.447	1	1.0	0	0.99	0.9918245274445909	-0.008260643873398617
6jh3218tkyseo1xlzimcqvys	1	1	101	26	0	Go	GAL	1	1	0.415	1	0.0	1	0.9844	0.9839404932850504	-0.0163414084583815
6jh3218tkyseo1xlzimcqvys	1	1	106	27	0	Go	GAL	1	1	0.518	1	0.0	1	0.9902	0.988584845149656	-0.011566000575767454
6jh3218tkyseo1xlzimcqvys	1	1	109	28	0	Go	GAL	1	1	0.535	1	1.0	0	0.9923	0.9917314774267365	-0.008352290338393418
6jh3218tkyseo1xlzimcqvys	1	1	113	29	0	Go	GAL	1	1	0.343	1	0.0	1	0.9855	0.983571220957726	-0.016723265571334703
6jh3218tkyseo1xlzimcqvys	1	1	119	30	0	Go	GAL	1	1	0.478	1	0.0	1	0.9862	0.9883867047961198	-0.011767987787731417
6p1y7pl0nlfw1wn9m9hgqftk	1	2	122	1	0	Go	GAL	1	0		0	0.0	0	0.6684	0.33780041332689265	-1.1068327867038927
6p1y7pl0nlfw1wn9m9hgqftk	1	2	125	2	0	Go	GAL	1	1	0.793	1	0.0	1	0.7715	0.774831125975916	-0.25836893006792716
6p1y7pl0nlfw1wn9m9hgqftk	1	2	131	3	0	Go	GAL	1	1	0.674	1	1.0	0	0.862	0.8591674780474589	-0.15461778314834906
6p1y7pl0nlfw1wn9m9hgqftk	1	2	133	4	0	Go	GAL	1	0		0	0.0	0	0.6981	0.3007464954717986	-1.2234975272523847
6p1y7pl0nlfw1wn9m9hgqftk	1	2	137	5	0	Go	GAL	1	0		0	0.0	0	0.7442	0.2612446032219301	-1.3741178630338107
6p1y7pl0nlfw1wn9m9hgqftk	1	2	142	6	0	Go	GAL	1	0		0	0.0	0	0.7448	0.24548350374496472	-1.444561654234726
6p1y7pl0nlfw1wn9m9hgqftk	1	2	148	7	0	Go	GAL	1	1	0.987	1	0.0	1	0.7555	0.7619326451557757	-0.27631770148904095
6p1y7pl0nlfw1wn9m9hgqftk	1	2	151	8	0	Go	GAL	1	0		0	1.0	1	0.875	0.11738814496307078	-2.2456662334341577
6p1y7pl0nlfw1wn9m9hgqftk	1	2	154	9	0	Go	GAL	1	0		0	0.0	0	0.7007	0.29350628807139106	-1.2581391464158422
6p1y7pl0nlfw1wn9m9hgqftk	1	2	158	10	0	Go	GAL	1	1	0.434	1	0.0	1	0.8419	0.8341434224857227	-0.18424762789657287
6p1y7pl0nlfw1wn9m9hgqftk	1	2	163	11	0	Go	GAL	1	0		0	0.0	0	0.8731	0.13144712932192898	-2.1247832307438608
6p1y7pl0nlfw1wn9m9hgqftk	1	2	168	12	0	Go	GAL	1	1	0.996	1	0.0	1	0.8932	0.8934965423144798	-0.11434323547902622
6p1y7pl0nlfw1wn9m9hgqftk	1	2	171	13	0	Go	GAL	1	1	0.71	1	1.0	0	0.9044	0.903061734216651	-0.10342888272402385
6p1y7pl0nlfw1wn9m9hgqftk	1	2	176	14	0	Go	GAL	1	1	1.473	1	0.0	1	0.7508	0.7512798396054898	-0.2913847359137104
6p1y7pl0nlfw1wn9m9hgqftk	1	2	179	15	0	Go	GAL	1	1	0.851	1	0.0	1	0.8703	0.8708843941794856	-0.14030247161849646
6p1y7pl0nlfw1wn9m9hgqftk	1	2	183	16	0	Go	GAL	1	1	0.619	1	0.0	1	0.8981	0.8960570542736983	-0.11135482013795657
6p1y7pl0nlfw1wn9m9hgqftk	1	2	187	17	0	Go	GAL	1	1	0.689	1	0.0	1	0.906	0.9043445502512978	-0.10195690520338856
6p1y7pl0nlfw1wn9m9hgqftk	1	2	190	18	0	Go	GAL	1	1	0.618	1	0.0	1	0.9047	0.9076876368514193	-0.09818964324559853
6p1y7pl0nlfw1wn9m9hgqftk	1	2	195	19	0	Go	GAL	1	1	0.732	1	1.0	0	0.9084	0.9092220297645639	-0.09646827058684349
6p1y7pl0nlfw1wn9m9hgqftk	1	2	200	20	0	Go	GAL	1	1	0.64	1	0.0	1	0.7525	0.7571731273561018	-0.28424015171747735
6p1y7pl0nlfw1wn9m9hgqftk	1	2	203	21	0	Go	GAL	1	1	0.655	1	0.0	1	0.8669	0.8732268476186084	-0.13752990413041724
6p1y7pl0nlfw1wn9m9hgqftk	1	2	207	22	0	Go	GAL	1	1	0.762	1	0.0	1	0.9027	0.8972287251278868	-0.10999885197217876
6p1y7pl0nlfw1wn9m9hgqftk	1	2	210	23	0	Go	GAL	1	1	0.673	1	1.0	0	0.9004	0.9050062933049104	-0.10120289937590958
6p1y7pl0nlfw1wn9m9hgqftk	1	2	215	24	0	Go	GAL	1	1	0.738	1	0.0	1	0.7584	0.7532589863011279	-0.28909206684007227
6p1y7pl0nlfw1wn9m9hgqftk	1	2	218	25	0	Go	GAL	1	1	0.688	1	0.0	1	0.8667	0.8718623701455255	-0.1391436060645872
6p1y7pl0nlfw1wn9m9hgqftk	1	2	223	26	0	Go	GAL	1	1	0.647	1	1.0	0	0.8926	0.8966163735940332	-0.11070472136430037
6p1y7pl0nlfw1wn9m9hgqftk	1	2	225	27	0	Go	GAL	1	1	0.774	1	0.0	1	0.7531	0.7462004277932363	-0.29811079334989027
6p1y7pl0nlfw1wn9m9hgqftk	1	2	231	28	0	Go	GAL	1	0		0	0.0	0	0.8736	0.1303945393974454	-2.1323514567618305
6p1y7pl0nlfw1wn9m9hgqftk	1	2	233	29	0	Go	GAL	1	1	0.529	1	0.0	1	0.8826	0.880793362268662	-0.12875675548628054
6p1y7pl0nlfw1wn9m9hgqftk	1	2	239	30	0	Go	GAL	1	1	0.741	1	0.0	1	0.9036	0.904740283626796	-0.1015206238219896
6p1y7pl0nlfw1wn9m9hgqftk	1	2	121	1	1	No-Go	NGW	0	1	1.022	0	0.0	0	0.9159	0.9166200508046788	-0.08775794651265656
6p1y7pl0nlfw1wn9m9hgqftk	1	2	128	2	1	No-Go	NGW	0	1	0.641	0	1.0	1	0.8619	0.858401176004523	-0.15442616929498307
6p1y7pl0nlfw1wn9m9hgqftk	1	2	130	3	1	No-Go	NGW	0	1	0.52	0	0.0	0	0.9415	0.9423641017697723	-0.05989849757692635
6p1y7pl0nlfw1wn9m9hgqftk	1	2	136	4	1	No-Go	NGW	0	1	0.508	0	0.0	0	0.875	0.8736769981824891	-0.13627844219886448
6p1y7pl0nlfw1wn9m9hgqftk	1	2	140	5	1	No-Go	NGW	0	1	0.442	0	0.0	0	0.8404	0.8387255087809983	-0.17790298283662737
6p1y7pl0nlfw1wn9m9hgqftk	1	2	143	6	1	No-Go	NGW	0	1	0.472	0	0.0	0	0.8233	0.8235053862038815	-0.19671502803383303
6p1y7pl0nlfw1wn9m9hgqftk	1	2	146	7	1	No-Go	NGW	0	1	0.448	0	0.0	0	0.8109	0.8164805113907777	-0.20562113260480278
6p1y7pl0nlfw1wn9m9hgqftk	1	2	150	8	1	No-Go	NGW	0	1	0.544	0	0.0	0	0.8184	0.8129656390091079	-0.21016897188526026
6p1y7pl0nlfw1wn9m9hgqftk	1	2	156	9	1	No-Go	NGW	0	1	0.513	0	0.0	0	0.809	0.8110705116048944	-0.21266471292120082
6p1y7pl0nlfw1wn9m9hgqftk	1	2	160	10	1	No-Go	NGW	0	1	0.778	0	1.0	1	0.8085	0.8099805409053167	-0.21412326664205295
6p1y7pl0nlfw1wn9m9hgqftk	1	2	164	11	1	No-Go	NGW	0	1	0.496	0	0.0	0	0.9318	0.9312744322846047	-0.07251034636960965
6p1y7pl0nlfw1wn9m9hgqftk	1	2	167	12	1	No-Go	NGW	0	1	0.559	0	0.0	0	0.8602	0.8650920550564122	-0.1463208471597366
6p1y7pl0nlfw1wn9m9hgqftk	1	2	169	13	1	No-Go	NGW	0	1	0.497	0	0.0	0	0.8346	0.8331489084091067	-0.18463985704148886
6p1y7pl0nlfw1wn9m9hgqftk	1	2	175	14	1	No-Go	NGW	0	1	0.56	0	0.0	0	0.8225	0.8199312996876746	-0.20115923950422573
6p1y7pl0nlfw1wn9m9hgqftk	1	2	177	15	1	No-Go	NGW	0	1	0.506	0	1.0	1	0.8186	0.8141349688359402	-0.208610791712074
6p1y7pl0nlfw1wn9m9hgqftk	1	2	182	16	1	No-Go	NGW	0	1	0.273	0	0.0	0	0.9318	0.9320918437753258	-0.07158546923101909
6p1y7pl0nlfw1wn9m9hgqftk	1	2	186	17	1	No-Go	NGW	0	1	1.224	0	1.0	1	0.8656	0.8657130725023559	-0.14559064249554415
6p1y7pl0nlfw1wn9m9hgqftk	1	2	189	18	1	No-Go	NGW	0	1	0.714	0	0.0	0	0.942	0.9405738584284115	-0.0621070630393702
6p1y7pl0nlfw1wn9m9hgqftk	1	2	194	19	1	No-Go	NGW	0	0		1	0.0	1	0.8776	0.12783660293422855	-2.1157100202032595
6p1y7pl0nlfw1wn9m9hgqftk	1	2	197	20	1	No-Go	NGW	0	0		1	0.0	1	0.788	0.21162955189255553	-1.6156958064167446
6p1y7pl0nlfw1wn9m9hgqftk	1	2	202	21	1	No-Go	NGW	0	0		1	0.0	1	0.7505	0.24678424872128443	-1.454191425373053
6p1y7pl0nlfw1wn9m9hgqftk	1	2	205	22	1	No-Go	NGW	0	0		1	0.0	1	0.7445	0.2617974691041144	-1.3912374553890705
6p1y7pl0nlfw1wn9m9hgqftk	1	2	211	23	1	No-Go	NGW	0	0		1	0.0	1	0.7305	0.268860603822503	-1.363579603115216
6p1y7pl0nlfw1wn9m9hgqftk	1	2	213	24	1	No-Go	NGW	0	0		1	1.0	0	0.7333	0.27250012251438366	-1.350226098093944
6p1y7pl0nlfw1wn9m9hgqftk	1	2	219	25	1	No-Go	NGW	0	0		1	0.0	1	0.8962	0.10477175271627107	-2.369903093802609
6p1y7pl0nlfw1wn9m9hgqftk	1	2	222	26	1	No-Go	NGW	0	0		1	1.0	0	0.8005	0.2029185639704236	-1.6529501720654445
6p1y7pl0nlfw1wn9m9hgqftk	1	2	227	27	1	No-Go	NGW	0	1	0.583	0	0.0	0	0.9068	0.9094695111125618	-0.09603791882789373
6p1y7pl0nlfw1wn9m9hgqftk	1	2	232	28	1	No-Go	NGW	0	1	0.406	0	0.0	0	0.8809	0.8837319168880292	-0.12523942865384882
6p1y7pl0nlfw1wn9m9hgqftk	1	2	235	29	1	No-Go	NGW	0	1	0.761	0	0.0	0	0.8696	0.8718778341606194	-0.1393545889485548
6p1y7pl0nlfw1wn9m9hgqftk	1	2	237	30	1	No-Go	NGW	0	1	0.426	0	0.0	0	0.8687	0.8662236584419579	-0.14639337005338393
6p1y7pl0nlfw1wn9m9hgqftk	1	2	124	1	0	No-Go	NGAL	0	1	0.738	0	0.0	0	0.6693	0.6621995866731075	-0.4177746191192269
6p1y7pl0nlfw1wn9m9hgqftk	1	2	126	2	0	No-Go	NGAL	0	0		1	1.0	0	0.5199	0.4812495176525832	-0.7479865572142768
6p1y7pl0nlfw1wn9m9hgqftk	1	2	129	3	0	No-Go	NGAL	0	0		1	0.0	1	0.6571	0.34454787916726776	-1.0811907354598835
6p1y7pl0nlfw1wn9m9hgqftk	1	2	135	4	0	No-Go	NGAL	0	0		1	0.0	1	0.4251	0.5793584636847762	-0.5682228490744764
6p1y7pl0nlfw1wn9m9hgqftk	1	2	139	5	0	No-Go	NGAL	0	1	0.673	0	0.0	0	0.3531	0.34718950388863223	-1.1132723246837126
6p1y7pl0nlfw1wn9m9hgqftk	1	2	144	6	0	No-Go	NGAL	0	1	0.545	0	0.0	0	0.2971	0.3036642483133939	-1.254538511958564
6p1y7pl0nlfw1wn9m9hgqftk	1	2	145	7	0	No-Go	NGAL	0	0		1	0.0	1	0.2868	0.7131217130437282	-0.34820612866963896
6p1y7pl0nlfw1wn9m9hgqftk	1	2	152	8	0	No-Go	NGAL	0	0		1	0.0	1	0.2685	0.7372202009496284	-0.3134988935671261
6p1y7pl0nlfw1wn9m9hgqftk	1	2	153	9	0	No-Go	NGAL	0	0		1	1.0	0	0.248	0.7474491646527592	-0.29914499410911705
6p1y7pl0nlfw1wn9m9hgqftk	1	2	157	10	0	No-Go	NGAL	0	1	0.817	0	0.0	0	0.499	0.4997020246062514	-0.7175978740118811
6p1y7pl0nlfw1wn9m9hgqftk	1	2	161	11	0	No-Go	NGAL	0	0		1	0.0	1	0.4901	0.5092735401373394	-0.7003279268685776
6p1y7pl0nlfw1wn9m9hgqftk	1	2	166	12	0	No-Go	NGAL	0	0		1	0.0	1	0.3121	0.6869102767517324	-0.3834000790608888
6p1y7pl0nlfw1wn9m9hgqftk	1	2	170	13	0	No-Go	NGAL	0	0		1	0.0	1	0.2677	0.7342837157805132	-0.31638646510444435
6p1y7pl0nlfw1wn9m9hgqftk	1	2	174	14	0	No-Go	NGAL	0	0		1	0.0	1	0.2463	0.7507290236843621	-0.2941529463647477
6p1y7pl0nlfw1wn9m9hgqftk	1	2	180	15	0	No-Go	NGAL	0	0		1	1.0	0	0.2431	0.7575497462987378	-0.285152784877833
6p1y7pl0nlfw1wn9m9hgqftk	1	2	181	16	0	No-Go	NGAL	0	1	0.759	0	0.0	0	0.4886	0.48798008832707157	-0.7481828655614106
6p1y7pl0nlfw1wn9m9hgqftk	1	2	185	17	0	No-Go	NGAL	0	0		1	0.0	1	0.486	0.5164410466467986	-0.6891478675474914
6p1y7pl0nlfw1wn9m9hgqftk	1	2	192	18	0	No-Go	NGAL	0	0		1	1.0	0	0.3012	0.6923161971537367	-0.37523568407487873
6p1y7pl0nlfw1wn9m9hgqftk	1	2	193	19	0	No-Go	NGAL	0	1	0.849	0	0.0	0	0.5188	0.5180598420063549	-0.6800360426504491
6p1y7pl0nlfw1wn9m9hgqftk	1	2	199	20	0	No-Go	NGAL	0	1	0.73	0	0.0	0	0.5163	0.5156120516602948	-0.6862913815598694
6p1y7pl0nlfw1wn9m9hgqftk	1	2	201	21	0	No-Go	NGAL	0	0		1	0.0	1	0.5035	0.48580045840158903	-0.7472282433270478
6p1y7pl0nlfw1wn9m9hgqftk	1	2	208	22	0	No-Go	NGAL	0	0		1	1.0	0	0.3228	0.6826454622015674	-0.38963735084039036
6p1y7pl0nlfw1wn9m9hgqftk	1	2	209	23	0	No-Go	NGAL	0	1	1.036	0	0.0	0	0.5205	0.5216427035795183	-0.6717302275810285
6p1y7pl0nlfw1wn9m9hgqftk	1	2	214	24	0	No-Go	NGAL	0	1	0.663	0	0.0	0	0.5234	0.5207719279382351	-0.6740373262702657
6p1y7pl0nlfw1wn9m9hgqftk	1	2	220	25	0	No-Go	NGAL	0	1	0.728	0	0.0	0	0.5112	0.520216288006404	-0.6755850503452596
6p1y7pl0nlfw1wn9m9hgqftk	1	2	224	26	0	No-Go	NGAL	0	0		1	0.0	1	0.5166	0.48015168457143736	-0.757358569210356
6p1y7pl0nlfw1wn9m9hgqftk	1	2	228	27	0	No-Go	NGAL	0	1	0.762	0	0.0	0	0.3259	0.3191139077124956	-1.1793629409368946
6p1y7pl0nlfw1wn9m9hgqftk	1	2	229	28	0	No-Go	NGAL	0	1	0.658	0	0.0	0	0.3199	0.31888749574335434	-1.1800840722835382
6p1y7pl0nlfw1wn9m9hgqftk	1	2	234	29	0	No-Go	NGAL	0	0		1	1.0	0	0.3206	0.681271270804838	-0.3917333678793912
6p1y7pl0nlfw1wn9m9hgqftk	1	2	240	30	0	No-Go	NGAL	0	1	0.656	0	0.0	0	0.5209	0.5215653509748485	-0.6721832346735834
6p1y7pl0nlfw1wn9m9hgqftk	1	2	123	1	1	Go	GW	1	1	0.414	1	1.0	0	0.9142	0.9166200508046788	-0.08775794651265656
6p1y7pl0nlfw1wn9m9hgqftk	1	2	127	2	1	Go	GW	1	1	0.568	1	0.0	1	0.8575	0.858401176004523	-0.15442616929498307
6p1y7pl0nlfw1wn9m9hgqftk	1	2	132	3	1	Go	GW	1	1	0.618	1	0.0	1	0.9436	0.9423641017697723	-0.05989849757692635
6p1y7pl0nlfw1wn9m9hgqftk	1	2	134	4	1	Go	GW	1	1	0.56	1	0.0	1	0.9517	0.9558647783838511	-0.04546096236417232
6p1y7pl0nlfw1wn9m9hgqftk	1	2	138	5	1	Go	GW	1	1	0.424	1	0.0	1	0.9591	0.9603851965097114	-0.04066810104429066
6p1y7pl0nlfw1wn9m9hgqftk	1	2	141	6	1	Go	GW	1	1	0.401	1	0.0	1	0.9592	0.9623876580003674	-0.038555836037056236
6p1y7pl0nlfw1wn9m9hgqftk	1	2	147	7	1	Go	GW	1	1	0.561	1	0.0	1	0.9647	0.9634314602977049	-0.03745912847471046
6p1y7pl0nlfw1wn9m9hgqftk	1	2	149	8	1	Go	GW	1	1	0.57	1	1.0	0	0.9647	0.9640380656539979	-0.03682386519354959
6p1y7pl0nlfw1wn9m9hgqftk	1	2	155	9	1	Go	GW	1	1	0.554	1	0.0	1	0.9016	0.8929485198771346	-0.11461226865079777
6p1y7pl0nlfw1wn9m9hgqftk	1	2	159	10	1	Go	GW	1	1	0.497	1	0.0	1	0.9466	0.9498540658234017	-0.05177382208408183
6p1y7pl0nlfw1wn9m9hgqftk	1	2	162	11	1	Go	GW	1	1	0.447	1	0.0	1	0.9583	0.9589807515485742	-0.04212680615137006
6p1y7pl0nlfw1wn9m9hgqftk	1	2	165	12	1	Go	GW	1	1	0.49	1	1.0	0	0.9638	0.962013253402935	-0.038940480590651035
6p1y7pl0nlfw1wn9m9hgqftk	1	2	172	13	1	Go	GW	1	1	0.473	1	0.0	1	0.891	0.8907990838735972	-0.11695598398923468
6p1y7pl0nlfw1wn9m9hgqftk	1	2	173	14	1	Go	GW	1	1	0.521	1	0.0	1	0.9478	0.9490137035420118	-0.052681333574973704
6p1y7pl0nlfw1wn9m9hgqftk	1	2	178	15	1	Go	GW	1	1	0.489	1	0.0	1	0.9611	0.958536928291913	-0.04260071251406216
6p1y7pl0nlfw1wn9m9hgqftk	1	2	184	16	1	Go	GW	1	1	0.418	1	1.0	0	0.9587	0.9617432288578146	-0.03922678840334977
6p1y7pl0nlfw1wn9m9hgqftk	1	2	188	17	1	Go	GW	1	1	0.464	1	0.0	1	0.8882	0.8905172181555742	-0.1172584239918892
6p1y7pl0nlfw1wn9m9hgqftk	1	2	191	18	1	Go	GW	1	1	0.53	1	0.0	1	0.9493	0.94885422161928	-0.052855532322315324
6p1y7pl0nlfw1wn9m9hgqftk	1	2	196	19	1	Go	GW	1	1	0.506	1	0.0	1	0.955	0.9584322420226145	-0.04271408321940689
6p1y7pl0nlfw1wn9m9hgqftk	1	2	198	20	1	Go	GW	1	1	0.494	1	0.0	1	0.9612	0.9616684496773005	-0.03930723004225106
6p1y7pl0nlfw1wn9m9hgqftk	1	2	204	21	1	Go	GW	1	1	0.545	1	0.0	1	0.9627	0.9631147093414635	-0.03778997518037266
6p1y7pl0nlfw1wn9m9hgqftk	1	2	206	22	1	Go	GW	1	1	0.534	1	0.0	1	0.9653	0.9638771383971252	-0.03699231176421963
6p1y7pl0nlfw1wn9m9hgqftk	1	2	212	23	1	Go	GW	1	1	0.383	1	0.0	1	0.9638	0.9643262300894264	-0.03652357041430212
6p1y7pl0nlfw1wn9m9hgqftk	1	2	216	24	1	Go	GW	1	1	0.594	1	1.0	0	0.9645	0.9646127029231102	-0.036225186387960684
6p1y7pl0nlfw1wn9m9hgqftk	1	2	217	25	1	Go	GW	1	0		0	0.0	0	0.8925	0.10637290558767214	-2.349450632657202
6p1y7pl0nlfw1wn9m9hgqftk	1	2	221	26	1	Go	GW	1	1	0.53	1	1.0	0	0.9407	0.9388840635391791	-0.06350754162496217
6p1y7pl0nlfw1wn9m9hgqftk	1	2	226	27	1	Go	GW	1	0		0	0.0	0	0.9174	0.08750634020116851	-2.5175328758000903
6p1y7pl0nlfw1wn9m9hgqftk	1	2	230	28	1	Go	GW	1	0		0	0.0	0	0.9251	0.07293813880219535	-2.71213838056263
6p1y7pl0nlfw1wn9m9hgqftk	1	2	236	29	1	Go	GW	1	1	0.768	1	0.0	1	0.9261	0.9320045687626786	-0.0709546655382374
6p1y7pl0nlfw1wn9m9hgqftk	1	2	238	30	1	Go	GW	1	1	0.737	1	0.0	1	0.9732	0.9743573408721783	-0.02613078010611361
6p1y7pl0nlfw1wn9m9hgqftk	1	1	2	1	1	Go	GW	1	1	0.832	1	1.0	0	0.9171	0.9166200508046788	-0.08775794651265656
6p1y7pl0nlfw1wn9m9hgqftk	1	1	6	2	1	Go	GW	1	1	0.634	1	0.0	1	0.8623	0.858401176004523	-0.15442616929498307
6p1y7pl0nlfw1wn9m9hgqftk	1	1	10	3	1	Go	GW	1	1	0.714	1	0.0	1	0.9438	0.9423641017697723	-0.05989849757692635
6p1y7pl0nlfw1wn9m9hgqftk	1	1	15	4	1	Go	GW	1	1	0.778	1	0.0	1	0.959	0.9558647783838511	-0.04546096236417232
6p1y7pl0nlfw1wn9m9hgqftk	1	1	17	5	1	Go	GW	1	1	0.434	1	0.0	1	0.962	0.9603851965097114	-0.04066810104429066
6p1y7pl0nlfw1wn9m9hgqftk	1	1	21	6	1	Go	GW	1	1	0.458	1	0.0	1	0.9634	0.9623876580003674	-0.038555836037056236
6p1y7pl0nlfw1wn9m9hgqftk	1	1	27	7	1	Go	GW	1	1	0.655	1	0.0	1	0.9654	0.9634314602977049	-0.03745912847471046
6p1y7pl0nlfw1wn9m9hgqftk	1	1	31	8	1	Go	GW	1	1	0.687	1	1.0	0	0.9664	0.9640380656539979	-0.03682386519354959
6p1y7pl0nlfw1wn9m9hgqftk	1	1	36	9	1	Go	GW	1	1	0.718	1	0.0	1	0.892	0.8929485198771346	-0.11461226865079777
6p1y7pl0nlfw1wn9m9hgqftk	1	1	38	10	1	Go	GW	1	1	0.673	1	0.0	1	0.9485	0.9498540658234017	-0.05177382208408183
6p1y7pl0nlfw1wn9m9hgqftk	1	1	41	11	1	Go	GW	1	1	0.578	1	0.0	1	0.9595	0.9589807515485742	-0.04212680615137006
6p1y7pl0nlfw1wn9m9hgqftk	1	1	46	12	1	Go	GW	1	1	0.466	1	1.0	0	0.965	0.962013253402935	-0.038940480590651035
6p1y7pl0nlfw1wn9m9hgqftk	1	1	52	13	1	Go	GW	1	1	0.842	1	0.0	1	0.8916	0.8907990838735972	-0.11695598398923468
6p1y7pl0nlfw1wn9m9hgqftk	1	1	56	14	1	Go	GW	1	1	1.218	1	0.0	1	0.9484	0.9490137035420118	-0.052681333574973704
6p1y7pl0nlfw1wn9m9hgqftk	1	1	60	15	1	Go	GW	1	1	0.441	1	0.0	1	0.9573	0.958536928291913	-0.04260071251406216
6p1y7pl0nlfw1wn9m9hgqftk	1	1	62	16	1	Go	GW	1	1	0.514	1	1.0	0	0.9633	0.9617432288578146	-0.03922678840334977
6p1y7pl0nlfw1wn9m9hgqftk	1	1	67	17	1	Go	GW	1	1	0.417	1	0.0	1	0.89	0.8905172181555742	-0.1172584239918892
6p1y7pl0nlfw1wn9m9hgqftk	1	1	71	18	1	Go	GW	1	1	0.538	1	0.0	1	0.9495	0.94885422161928	-0.052855532322315324
6p1y7pl0nlfw1wn9m9hgqftk	1	1	74	19	1	Go	GW	1	1	0.562	1	0.0	1	0.9565	0.9584322420226145	-0.04271408321940689
6p1y7pl0nlfw1wn9m9hgqftk	1	1	80	20	1	Go	GW	1	1	0.68	1	0.0	1	0.9585	0.9616684496773005	-0.03930723004225106
6p1y7pl0nlfw1wn9m9hgqftk	1	1	82	21	1	Go	GW	1	1	0.506	1	0.0	1	0.9628	0.9631147093414635	-0.03778997518037266
6p1y7pl0nlfw1wn9m9hgqftk	1	1	86	22	1	Go	GW	1	1	0.75	1	0.0	1	0.9631	0.9638771383971252	-0.03699231176421963
6p1y7pl0nlfw1wn9m9hgqftk	1	1	92	23	1	Go	GW	1	1	0.522	1	0.0	1	0.9637	0.9643262300894264	-0.03652357041430212
6p1y7pl0nlfw1wn9m9hgqftk	1	1	93	24	1	Go	GW	1	1	0.57	1	1.0	0	0.964	0.9646127029231102	-0.036225186387960684
6p1y7pl0nlfw1wn9m9hgqftk	1	1	97	25	1	Go	GW	1	1	0.561	1	0.0	1	0.8907	0.8936270944123278	-0.11389933938657713
6p1y7pl0nlfw1wn9m9hgqftk	1	1	104	26	1	Go	GW	1	1	0.426	1	1.0	0	0.9491	0.9502344676541102	-0.05136591707434641
6p1y7pl0nlfw1wn9m9hgqftk	1	1	108	27	1	Go	GW	1	1	0.424	1	0.0	1	0.8827	0.8804688667226208	-0.12862181486061536
6p1y7pl0nlfw1wn9m9hgqftk	1	1	112	28	1	Go	GW	1	1	0.432	1	0.0	1	0.9482	0.9464096538741256	-0.05549527061375516
6p1y7pl0nlfw1wn9m9hgqftk	1	1	113	29	1	Go	GW	1	1	0.553	1	0.0	1	0.9605	0.9574235596252323	-0.043788787454023675
6p1y7pl0nlfw1wn9m9hgqftk	1	1	120	30	1	Go	GW	1	1	0.57	1	0.0	1	0.9648	0.9611548695987078	-0.03985059850231935
6p1y7pl0nlfw1wn9m9hgqftk	1	1	4	1	0	Go	GAL	1	0		0	0.0	0	0.662	0.33780041332689265	-1.1068327867038927
6p1y7pl0nlfw1wn9m9hgqftk	1	1	5	2	0	Go	GAL	1	1	0.616	1	0.0	1	0.7789	0.774831125975916	-0.25836893006792716
6p1y7pl0nlfw1wn9m9hgqftk	1	1	9	3	0	Go	GAL	1	1	0.762	1	1.0	0	0.8555	0.8591674780474589	-0.15461778314834906
6p1y7pl0nlfw1wn9m9hgqftk	1	1	16	4	0	Go	GAL	1	1	0.602	1	0.0	1	0.6991	0.6992535045282013	-0.3617402199566451
6p1y7pl0nlfw1wn9m9hgqftk	1	1	19	5	0	Go	GAL	1	1	0.674	1	0.0	1	0.8448	0.8444498752690497	-0.17216940552877738
6p1y7pl0nlfw1wn9m9hgqftk	1	1	22	6	0	Go	GAL	1	1	0.698	1	0.0	1	0.8774	0.876969779272079	-0.13351617031889687
6p1y7pl0nlfw1wn9m9hgqftk	1	1	25	7	0	Go	GAL	1	1	0.72	1	0.0	1	0.8871	0.8880865781413413	-0.12048692527982774
6p1y7pl0nlfw1wn9m9hgqftk	1	1	32	8	0	Go	GAL	1	1	1.074	1	1.0	0	0.8928	0.8927292719876554	-0.11507653358370463
6p1y7pl0nlfw1wn9m9hgqftk	1	1	34	9	0	Go	GAL	1	1	0.783	1	0.0	1	0.7249	0.7250071151166815	-0.32664771250782154
6p1y7pl0nlfw1wn9m9hgqftk	1	1	40	10	0	Go	GAL	1	1	0.594	1	0.0	1	0.8515	0.8531424438918013	-0.16122080210898296
6p1y7pl0nlfw1wn9m9hgqftk	1	1	42	11	0	Go	GAL	1	1	0.498	1	0.0	1	0.8813	0.8808749463314278	-0.1287421396862759
6p1y7pl0nlfw1wn9m9hgqftk	1	1	47	12	0	Go	GAL	1	1	0.466	1	0.0	1	0.8869	0.8901232728597345	-0.11804093646075967
6p1y7pl0nlfw1wn9m9hgqftk	1	1	51	13	0	Go	GAL	1	1	0.522	1	1.0	0	0.8927	0.8938932350763622	-0.1136954057459385
6p1y7pl0nlfw1wn9m9hgqftk	1	1	53	14	0	Go	GAL	1	1	0.65	1	0.0	1	0.7258	0.7261972376457577	-0.3252076467919762
6p1y7pl0nlfw1wn9m9hgqftk	1	1	58	15	0	Go	GAL	1	1	0.672	1	0.0	1	0.8536	0.8537816599471153	-0.16041651088062972
6p1y7pl0nlfw1wn9m9hgqftk	1	1	64	16	0	Go	GAL	1	1	0.642	1	0.0	1	0.877	0.8812599999759408	-0.12826679163604293
6p1y7pl0nlfw1wn9m9hgqftk	1	1	66	17	0	Go	GAL	1	1	0.729	1	0.0	1	0.8854	0.8903724927571708	-0.11773877836541068
6p1y7pl0nlfw1wn9m9hgqftk	1	1	69	18	0	Go	GAL	1	0		0	0.0	0	0.8913	0.10593740621297358	-2.3532972105667875
6p1y7pl0nlfw1wn9m9hgqftk	1	1	73	19	0	Go	GAL	1	1	0.792	1	1.0	0	0.9164	0.9107779693799619	-0.09470790603940583
6p1y7pl0nlfw1wn9m9hgqftk	1	1	77	20	0	Go	GAL	1	1	0.603	1	0.0	1	0.7544	0.762918915374683	-0.2756583383483406
6p1y7pl0nlfw1wn9m9hgqftk	1	1	81	21	0	Go	GAL	1	1	1.049	1	0.0	1	0.8775	0.876499088635644	-0.13368537425310317
6p1y7pl0nlfw1wn9m9hgqftk	1	1	87	22	0	Go	GAL	1	1	0.708	1	0.0	1	0.8996	0.9000277293572275	-0.10682275212073902
6p1y7pl0nlfw1wn9m9hgqftk	1	1	90	23	0	Go	GAL	1	1	1.002	1	1.0	0	0.9078	0.9077244280772631	-0.09813790924774306
6p1y7pl0nlfw1wn9m9hgqftk	1	1	95	24	0	Go	GAL	1	1	0.536	1	0.0	1	0.7596	0.7600793041230279	-0.27917225526819334
6p1y7pl0nlfw1wn9m9hgqftk	1	1	100	25	0	Go	GAL	1	1	0.225	1	0.0	1	0.8763	0.8754979596561697	-0.1348740713136345
6p1y7pl0nlfw1wn9m9hgqftk	1	1	101	26	0	Go	GAL	1	1	0.847	1	1.0	0	0.8991	0.8995683666301556	-0.10735589631002718
6p1y7pl0nlfw1wn9m9hgqftk	1	1	107	27	0	Go	GAL	1	0		0	0.0	0	0.7505	0.24686611979809053	-1.4441088785561074
6p1y7pl0nlfw1wn9m9hgqftk	1	1	110	28	0	Go	GAL	1	1	0.946	1	0.0	1	0.7725	0.7680272376092608	-0.2687108973656504
6p1y7pl0nlfw1wn9m9hgqftk	1	1	116	29	0	Go	GAL	1	1	0.794	1	0.0	1	0.8839	0.8824421723004756	-0.12682792967599568
6p1y7pl0nlfw1wn9m9hgqftk	1	1	119	30	0	Go	GAL	1	1	0.986	1	0.0	1	0.9019	0.9060595089647268	-0.10002942405187683
6p1y7pl0nlfw1wn9m9hgqftk	1	1	3	1	1	No-Go	NGW	0	1	0.851	0	0.0	0	0.9169	0.9166200508046788	-0.08775794651265656
6p1y7pl0nlfw1wn9m9hgqftk	1	1	7	2	1	No-Go	NGW	0	1	0.681	0	1.0	1	0.8545	0.858401176004523	-0.15442616929498307
6p1y7pl0nlfw1wn9m9hgqftk	1	1	12	3	1	No-Go	NGW	0	1	0.481	0	0.0	0	0.9413	0.9423641017697723	-0.05989849757692635
6p1y7pl0nlfw1wn9m9hgqftk	1	1	13	4	1	No-Go	NGW	0	1	0.506	0	0.0	0	0.8772	0.8736769981824891	-0.13627844219886448
6p1y7pl0nlfw1wn9m9hgqftk	1	1	18	5	1	No-Go	NGW	0	1	0.545	0	0.0	0	0.8398	0.8387255087809983	-0.17790298283662737
6p1y7pl0nlfw1wn9m9hgqftk	1	1	23	6	1	No-Go	NGW	0	1	0.738	0	0.0	0	0.8282	0.8235053862038815	-0.19671502803383303
6p1y7pl0nlfw1wn9m9hgqftk	1	1	26	7	1	No-Go	NGW	0	0		1	0.0	1	0.8164	0.1835194886092223	-1.7526424642902054
6p1y7pl0nlfw1wn9m9hgqftk	1	1	30	8	1	No-Go	NGW	0	0		1	0.0	1	0.7091	0.2906430814417667	-1.2907537881440172
6p1y7pl0nlfw1wn9m9hgqftk	1	1	35	9	1	No-Go	NGW	0	1	0.474	0	0.0	0	0.6685	0.6662781072059254	-0.41917871368329773
6p1y7pl0nlfw1wn9m9hgqftk	1	1	37	10	1	No-Go	NGW	0	1	0.826	0	1.0	1	0.6597	0.661350874364697	-0.4270483442957883
6p1y7pl0nlfw1wn9m9hgqftk	1	1	43	11	1	No-Go	NGW	0	1	0.466	0	0.0	0	0.8684	0.8643111792912048	-0.14933561851487567
6p1y7pl0nlfw1wn9m9hgqftk	1	1	45	12	1	No-Go	NGW	0	1	0.504	0	0.0	0	0.7561	0.7430011772941706	-0.303172790969539
6p1y7pl0nlfw1wn9m9hgqftk	1	1	50	13	1	No-Go	NGW	0	1	0.695	0	0.0	0	0.6869	0.6918063574942095	-0.3785272211614989
6p1y7pl0nlfw1wn9m9hgqftk	1	1	55	14	1	No-Go	NGW	0	1	0.608	0	0.0	0	0.6722	0.6719046919976606	-0.40968958292180885
6p1y7pl0nlfw1wn9m9hgqftk	1	1	59	15	1	No-Go	NGW	0	1	0.602	0	1.0	1	0.6663	0.6634478398458314	-0.4233323579664371
6p1y7pl0nlfw1wn9m9hgqftk	1	1	61	16	1	No-Go	NGW	0	1	0.536	0	0.0	0	0.8654	0.8643942447773223	-0.14935609728719118
6p1y7pl0nlfw1wn9m9hgqftk	1	1	68	17	1	No-Go	NGW	0	1	0.654	0	1.0	1	0.7341	0.7429953112927183	-0.3031869281106932
6p1y7pl0nlfw1wn9m9hgqftk	1	1	70	18	1	No-Go	NGW	0	1	0.568	0	0.0	0	0.8821	0.8798050002292191	-0.13041114437835563
6p1y7pl0nlfw1wn9m9hgqftk	1	1	76	19	1	No-Go	NGW	0	1	0.553	0	0.0	0	0.7557	0.7533296234234517	-0.28918863081072466
6p1y7pl0nlfw1wn9m9hgqftk	1	1	79	20	1	No-Go	NGW	0	1	0.783	0	0.0	0	0.7014	0.697323980060656	-0.3704837052725578
6p1y7pl0nlfw1wn9m9hgqftk	1	1	84	21	1	No-Go	NGW	0	1	0.6	0	0.0	0	0.6754	0.6748458317465895	-0.40518653495186374
6p1y7pl0nlfw1wn9m9hgqftk	1	1	88	22	1	No-Go	NGW	0	1	0.649	0	0.0	0	0.6617	0.6650653766540844	-0.42076692244412556
6p1y7pl0nlfw1wn9m9hgqftk	1	1	91	23	1	No-Go	NGW	0	1	0.922	0	0.0	0	0.6604	0.6604196161484109	-0.42830979150221443
6p1y7pl0nlfw1wn9m9hgqftk	1	1	96	24	1	No-Go	NGW	0	1	0.602	0	1.0	1	0.6524	0.658036363851931	-0.43222971197805754
6p1y7pl0nlfw1wn9m9hgqftk	1	1	98	25	1	No-Go	NGW	0	1	0.54	0	0.0	0	0.8639	0.8627627991197262	-0.1515600668826881
6p1y7pl0nlfw1wn9m9hgqftk	1	1	103	26	1	No-Go	NGW	0	1	0.419	0	1.0	1	0.7432	0.7418201618754778	-0.304807947242425
6p1y7pl0nlfw1wn9m9hgqftk	1	1	106	27	1	No-Go	NGW	0	1	0.512	0	0.0	0	0.8821	0.8792672848131693	-0.13113992732493365
6p1y7pl0nlfw1wn9m9hgqftk	1	1	109	28	1	No-Go	NGW	0	1	0.562	0	0.0	0	0.7451	0.7529005790973577	-0.2897576964848299
6p1y7pl0nlfw1wn9m9hgqftk	1	1	115	29	1	No-Go	NGW	0	1	0.457	0	0.0	0	0.6923	0.6970104557933707	-0.37090791939356993
6p1y7pl0nlfw1wn9m9hgqftk	1	1	118	30	1	No-Go	NGW	0	1	0.583	0	0.0	0	0.6785	0.6746185471102553	-0.40550333253249216
6p1y7pl0nlfw1wn9m9hgqftk	1	1	1	1	0	No-Go	NGAL	0	1	0.791	0	0.0	0	0.6658	0.6621995866731075	-0.4177746191192269
6p1y7pl0nlfw1wn9m9hgqftk	1	1	8	2	0	No-Go	NGAL	0	1	0.715	0	1.0	1	0.5188	0.5187504823474168	-0.6705581443073799
6p1y7pl0nlfw1wn9m9hgqftk	1	1	11	3	0	No-Go	NGAL	0	1	0.962	0	0.0	0	0.745	0.7427630855110061	-0.30343211797715286
6p1y7pl0nlfw1wn9m9hgqftk	1	1	14	4	0	No-Go	NGAL	0	1	0.682	0	0.0	0	0.5514	0.5488211329578622	-0.6120645720527977
6p1y7pl0nlfw1wn9m9hgqftk	1	1	20	5	0	No-Go	NGAL	0	1	0.626	0	0.0	0	0.4868	0.4795108992332116	-0.7517282042448701
6p1y7pl0nlfw1wn9m9hgqftk	1	1	24	6	0	No-Go	NGAL	0	0		1	0.0	1	0.4513	0.5467903963580426	-0.6164171696849093
6p1y7pl0nlfw1wn9m9hgqftk	1	1	28	7	0	No-Go	NGAL	0	0		1	0.0	1	0.3171	0.6845453144019656	-0.3905614329366122
6p1y7pl0nlfw1wn9m9hgqftk	1	1	29	8	0	No-Go	NGAL	0	1	0.953	0	0.0	0	0.2688	0.2744866487279119	-1.3586383974528105
6p1y7pl0nlfw1wn9m9hgqftk	1	1	33	9	0	No-Go	NGAL	0	0		1	1.0	0	0.2614	0.7345606038362722	-0.3171968579129788
6p1y7pl0nlfw1wn9m9hgqftk	1	1	39	10	0	No-Go	NGAL	0	1	0.794	0	0.0	0	0.4995	0.5041526138668277	-0.7057133347806946
6p1y7pl0nlfw1wn9m9hgqftk	1	1	44	11	0	No-Go	NGAL	0	0		1	0.0	1	0.4949	0.5014054899382081	-0.7135706908966203
6p1y7pl0nlfw1wn9m9hgqftk	1	1	48	12	0	No-Go	NGAL	0	1	0.544	0	0.0	0	0.3216	0.31483677245905695	-1.1942385470134311
6p1y7pl0nlfw1wn9m9hgqftk	1	1	49	13	0	No-Go	NGAL	0	0		1	0.0	1	0.3017	0.6877430747593382	-0.3821126638578997
6p1y7pl0nlfw1wn9m9hgqftk	1	1	54	14	0	No-Go	NGAL	0	0		1	0.0	1	0.2633	0.7370391961809925	-0.31255185584792045
6p1y7pl0nlfw1wn9m9hgqftk	1	1	57	15	0	No-Go	NGAL	0	0		1	1.0	0	0.2388	0.7542139278030693	-0.2894810273105281
6p1y7pl0nlfw1wn9m9hgqftk	1	1	63	16	0	No-Go	NGAL	0	1	0.554	0	0.0	0	0.4889	0.4869084131444422	-0.7511673721648371
6p1y7pl0nlfw1wn9m9hgqftk	1	1	65	17	0	No-Go	NGAL	0	0		1	0.0	1	0.4828	0.5147076481417013	-0.6921095421747068
6p1y7pl0nlfw1wn9m9hgqftk	1	1	72	18	0	No-Go	NGAL	0	0		1	1.0	0	0.3112	0.6929377339981233	-0.37431667340523767
6p1y7pl0nlfw1wn9m9hgqftk	1	1	75	19	0	No-Go	NGAL	0	1	0.626	0	0.0	0	0.5172	0.5161074080184269	-0.6846921959531216
6p1y7pl0nlfw1wn9m9hgqftk	1	1	78	20	0	No-Go	NGAL	0	0		1	0.0	1	0.5078	0.4848848648467203	-0.7486299431641003
6p1y7pl0nlfw1wn9m9hgqftk	1	1	83	21	0	No-Go	NGAL	0	0		1	0.0	1	0.3228	0.6824027472377239	-0.38999722887627913
6p1y7pl0nlfw1wn9m9hgqftk	1	1	85	22	0	No-Go	NGAL	0	0		1	1.0	0	0.264	0.7360721157912284	-0.31374293562554145
6p1y7pl0nlfw1wn9m9hgqftk	1	1	89	23	0	No-Go	NGAL	0	1	0.722	0	0.0	0	0.4975	0.49593909354902743	-0.7293347802661061
6p1y7pl0nlfw1wn9m9hgqftk	1	1	94	24	0	No-Go	NGAL	0	0		1	0.0	1	0.5003	0.504676151562863	-0.7098114040276765
6p1y7pl0nlfw1wn9m9hgqftk	1	1	99	25	0	No-Go	NGAL	0	1	0.729	0	0.0	0	0.3061	0.3104839132889377	-1.2077496013363207
6p1y7pl0nlfw1wn9m9hgqftk	1	1	102	26	0	No-Go	NGAL	0	1	0.585	0	0.0	0	0.3093	0.310127529446792	-1.2089635150050828
6p1y7pl0nlfw1wn9m9hgqftk	1	1	105	27	0	No-Go	NGAL	0	0		1	0.0	1	0.3143	0.690112733933102	-0.37848987251837346
6p1y7pl0nlfw1wn9m9hgqftk	1	1	111	28	0	No-Go	NGAL	0	0		1	0.0	1	0.2664	0.7396617739872623	-0.3087957343504839
6p1y7pl0nlfw1wn9m9hgqftk	1	1	114	29	0	No-Go	NGAL	0	0		1	1.0	0	0.2401	0.7568177706523258	-0.28595860568911385
6p1y7pl0nlfw1wn9m9hgqftk	1	1	117	30	0	No-Go	NGAL	0	0		1	0.0	1	0.4849	0.5168450460889299	-0.6891955996935524
6ueg047d0lkoiwaz3lddkv03	1	2	123	1	0	Go	GAL	1	1	0.767	1	0.0	1	0.5682	0.5716580842942961	-0.5718209528272766
6ueg047d0lkoiwaz3lddkv03	1	2	125	2	0	Go	GAL	1	1	0.686	1	0.0	1	0.8161	0.8213029238261255	-0.20276094740647205
6ueg047d0lkoiwaz3lddkv03	1	2	130	3	0	Go	GAL	1	1	0.75	1	1.0	0	0.9187	0.9172208253824847	-0.08861889761208953
6ueg047d0lkoiwaz3lddkv03	1	2	133	4	0	Go	GAL	1	1	0.762	1	0.0	1	0.6561	0.6541478696337022	-0.43417672136208146
6ueg047d0lkoiwaz3lddkv03	1	2	137	5	0	Go	GAL	1	1	0.827	1	0.0	1	0.8551	0.8589343021535507	-0.15495955049112714
6ueg047d0lkoiwaz3lddkv03	1	2	143	6	0	Go	GAL	1	1	0.73	1	1.0	0	0.9311	0.9330089181873246	-0.07052978443931679
6ueg047d0lkoiwaz3lddkv03	1	2	148	7	0	Go	GAL	1	1	0.918	1	0.0	1	0.6858	0.6889160150893605	-0.3834511211627873
6ueg047d0lkoiwaz3lddkv03	1	2	152	8	0	Go	GAL	1	1	0.534	1	0.0	1	0.8778	0.8741824162209255	-0.13650841545680673
6ueg047d0lkoiwaz3lddkv03	1	2	153	9	0	Go	GAL	1	1	0.506	1	0.0	1	0.9355	0.9396134083357806	-0.06312844149626817
6ueg047d0lkoiwaz3lddkv03	1	2	160	10	0	Go	GAL	1	1	0.654	1	0.0	1	0.9639	0.9656234899090667	-0.03535353151629425
6ueg047d0lkoiwaz3lddkv03	1	2	162	11	0	Go	GAL	1	0		0	0.0	0	0.9788	0.022347989186031238	-4.141026055659351
6ueg047d0lkoiwaz3lddkv03	1	2	166	12	0	Go	GAL	1	1	0.654	1	1.0	0	0.9839	0.9842744644671995	-0.015966860517945155
6ueg047d0lkoiwaz3lddkv03	1	2	170	13	0	Go	GAL	1	1	0.633	1	0.0	1	0.8865	0.8863785372147366	-0.122727407106246
6ueg047d0lkoiwaz3lddkv03	1	2	174	14	0	Go	GAL	1	1	0.653	1	0.0	1	0.953	0.951624869488971	-0.050037023702227824
6ueg047d0lkoiwaz3lddkv03	1	2	177	15	0	Go	GAL	1	1	0.702	1	0.0	1	0.9785	0.974070481347668	-0.026465725477008907
6ueg047d0lkoiwaz3lddkv03	1	2	183	16	0	Go	GAL	1	1	0.79	1	0.0	1	0.981	0.983681358561068	-0.016551351924979658
6ueg047d0lkoiwaz3lddkv03	1	2	186	17	0	Go	GAL	1	1	0.727	1	1.0	0	0.9881	0.9884815405160884	-0.0116414849224033
6ueg047d0lkoiwaz3lddkv03	1	2	189	18	0	Go	GAL	1	1	0.591	1	0.0	1	0.906	0.9052334519452973	-0.10169595468634611
6ueg047d0lkoiwaz3lddkv03	1	2	195	19	0	Go	GAL	1	1	0.617	1	0.0	1	0.9622	0.9589898532994179	-0.042230636028765055
6ueg047d0lkoiwaz3lddkv03	1	2	199	20	0	Go	GAL	1	1	0.536	1	0.0	1	0.9748	0.977465214746745	-0.02293733747678917
6ueg047d0lkoiwaz3lddkv03	1	2	204	21	0	Go	GAL	1	1	0.596	1	0.0	1	0.9858	0.9854576326348835	-0.014724563612380032
6ueg047d0lkoiwaz3lddkv03	1	2	207	22	0	Go	GAL	1	1	0.524	1	0.0	1	0.9895	0.9895012241642255	-0.010599630253468448
6ueg047d0lkoiwaz3lddkv03	1	2	209	23	0	Go	GAL	1	1	0.648	1	0.0	1	0.9934	0.9917774879415392	-0.00828700752821989
6ueg047d0lkoiwaz3lddkv03	1	2	215	24	0	Go	GAL	1	1	0.788	1	0.0	1	0.9937	0.9931594113965755	-0.006886578392722466
6ueg047d0lkoiwaz3lddkv03	1	2	220	25	0	Go	GAL	1	1	0.644	1	1.0	0	0.9942	0.9940459304095515	-0.005989719092394511
6ueg047d0lkoiwaz3lddkv03	1	2	224	26	0	Go	GAL	1	1	0.523	1	0.0	1	0.9349	0.9378943311783218	-0.0656594284369289
6ueg047d0lkoiwaz3lddkv03	1	2	225	27	0	Go	GAL	1	1	0.694	1	0.0	1	0.9726	0.971229932142356	-0.029430611124388783
6ueg047d0lkoiwaz3lddkv03	1	2	232	28	0	Go	GAL	1	1	0.638	1	0.0	1	0.9852	0.9830775242437827	-0.017161366715557232
6ueg047d0lkoiwaz3lddkv03	1	2	235	29	0	Go	GAL	1	1	0.545	1	0.0	1	0.9894	0.9884208131888627	-0.011698163872243362
6ueg047d0lkoiwaz3lddkv03	1	2	237	30	0	Go	GAL	1	1	0.555	1	1.0	0	0.9913	0.9912263529368319	-0.008845536475453379
6ueg047d0lkoiwaz3lddkv03	1	2	122	1	1	No-Go	NGW	0	1	0.643	0	0.0	0	0.6657	0.6741793894109098	-0.41325534248908313
6ueg047d0lkoiwaz3lddkv03	1	2	127	2	1	No-Go	NGW	0	1	0.741	0	1.0	1	0.3818	0.3743268909991332	-1.04585882538018
6ueg047d0lkoiwaz3lddkv03	1	2	132	3	1	No-Go	NGW	0	1	0.986	0	0.0	0	0.9349	0.9366333664300704	-0.06890608673125279
6ueg047d0lkoiwaz3lddkv03	1	2	136	4	1	No-Go	NGW	0	1	0.839	0	0.0	0	0.7405	0.7409938175517187	-0.3205740592227716
6ueg047d0lkoiwaz3lddkv03	1	2	139	5	1	No-Go	NGW	0	0		1	0.0	1	0.4376	0.5577418748965343	-0.6412939893189642
6ueg047d0lkoiwaz3lddkv03	1	2	141	6	1	No-Go	NGW	0	0		1	0.0	1	0.1963	0.8017466131904365	-0.24129472681798275
6ueg047d0lkoiwaz3lddkv03	1	2	146	7	1	No-Go	NGW	0	0		1	0.0	1	0.0966	0.9035981382620536	-0.1079660457248049
6ueg047d0lkoiwaz3lddkv03	1	2	149	8	1	No-Go	NGW	0	0		1	1.0	0	0.0509	0.9467483327605328	-0.05708037743207302
6ueg047d0lkoiwaz3lddkv03	1	2	156	9	1	No-Go	NGW	0	0		1	0.0	1	0.2589	0.744172641524587	-0.3117150796365895
6ueg047d0lkoiwaz3lddkv03	1	2	157	10	1	No-Go	NGW	0	0		1	0.0	1	0.1081	0.8868167776199843	-0.1254939273183928
6ueg047d0lkoiwaz3lddkv03	1	2	161	11	1	No-Go	NGW	0	0		1	0.0	1	0.0543	0.9410893272930098	-0.06271653271488524
6ueg047d0lkoiwaz3lddkv03	1	2	168	12	1	No-Go	NGW	0	0		1	0.0	1	0.0333	0.9646429315019032	-0.036842659660140324
6ueg047d0lkoiwaz3lddkv03	1	2	172	13	1	No-Go	NGW	0	0		1	0.0	1	0.0236	0.9762431833761755	-0.0244526167837116
6ueg047d0lkoiwaz3lddkv03	1	2	175	14	1	No-Go	NGW	0	0		1	0.0	1	0.018	0.9825536825451605	-0.017824871871991624
6ueg047d0lkoiwaz3lddkv03	1	2	179	15	1	No-Go	NGW	0	0		1	1.0	0	0.0125	0.9862600010260305	-0.013973480397632286
6ueg047d0lkoiwaz3lddkv03	1	2	184	16	1	No-Go	NGW	0	0		1	0.0	1	0.1158	0.8865527094294948	-0.1245421393811107
6ueg047d0lkoiwaz3lddkv03	1	2	188	17	1	No-Go	NGW	0	0		1	0.0	1	0.0565	0.9455498144075689	-0.057073733990517926
6ueg047d0lkoiwaz3lddkv03	1	2	190	18	1	No-Go	NGW	0	0		1	0.0	1	0.0345	0.9680737631516171	-0.03292006344875497
6ueg047d0lkoiwaz3lddkv03	1	2	196	19	1	No-Go	NGW	0	1	0.745	0	0.0	0	0.0216	0.021492072024719523	-4.328439558804201
6ueg047d0lkoiwaz3lddkv03	1	2	198	20	1	No-Go	NGW	0	0		1	1.0	0	0.0071	0.9915297635004306	-0.00855633661932983
6ueg047d0lkoiwaz3lddkv03	1	2	203	21	1	No-Go	NGW	0	0		1	0.0	1	0.0635	0.9350543266026909	-0.06853108642112152
6ueg047d0lkoiwaz3lddkv03	1	2	205	22	1	No-Go	NGW	0	0		1	0.0	1	0.0271	0.9722865969648401	-0.02841555854989417
6ueg047d0lkoiwaz3lddkv03	1	2	212	23	1	No-Go	NGW	0	0		1	0.0	1	0.0158	0.9848290566099753	-0.015412315304901687
6ueg047d0lkoiwaz3lddkv03	1	2	213	24	1	No-Go	NGW	0	0		1	1.0	0	0.0077	0.9902511625667121	-0.009859410880560504
6ueg047d0lkoiwaz3lddkv03	1	2	217	25	1	No-Go	NGW	0	1	0.459	0	0.0	0	0.0688	0.07176745344264998	-2.9191753607415336
6ueg047d0lkoiwaz3lddkv03	1	2	222	26	1	No-Go	NGW	0	0		1	0.0	1	0.036	0.9634550512315434	-0.03774032810158485
6ueg047d0lkoiwaz3lddkv03	1	2	227	27	1	No-Go	NGW	0	0		1	0.0	1	0.0146	0.9850322974006689	-0.015186929322804486
6ueg047d0lkoiwaz3lddkv03	1	2	230	28	1	No-Go	NGW	0	0		1	0.0	1	0.0076	0.9919736466679606	-0.0080997602266204
6ueg047d0lkoiwaz3lddkv03	1	2	234	29	1	No-Go	NGW	0	0		1	1.0	0	0.0064	0.9949087927492972	-0.0051243617242991936
6ueg047d0lkoiwaz3lddkv03	1	2	240	30	1	No-Go	NGW	0	0		1	0.0	1	0.0366	0.962263427370815	-0.03899742108074322
6ueg047d0lkoiwaz3lddkv03	1	2	121	1	0	No-Go	NGAL	0	0		1	0.0	1	0.5603	0.4283419157057039	-0.8697362751592095
6ueg047d0lkoiwaz3lddkv03	1	2	126	2	0	No-Go	NGAL	0	0		1	0.0	1	0.2751	0.7250387632558585	-0.33027420155504883
6ueg047d0lkoiwaz3lddkv03	1	2	131	3	0	No-Go	NGAL	0	0		1	0.0	1	0.129	0.8660920068691484	-0.14754744134410108
6ueg047d0lkoiwaz3lddkv03	1	2	135	4	0	No-Go	NGAL	0	0		1	0.0	1	0.0713	0.9260890183403815	-0.07833048918417257
6ueg047d0lkoiwaz3lddkv03	1	2	140	5	0	No-Go	NGAL	0	0		1	1.0	0	0.0471	0.9537482169044476	-0.0480477807039227
6ueg047d0lkoiwaz3lddkv03	1	2	142	6	0	No-Go	NGAL	0	0		1	0.0	1	0.0847	0.9152817141887483	-0.09021411210287772
6ueg047d0lkoiwaz3lddkv03	1	2	145	7	0	No-Go	NGAL	0	0		1	0.0	1	0.0517	0.9499255239831247	-0.05200009048804945
6ueg047d0lkoiwaz3lddkv03	1	2	151	8	0	No-Go	NGAL	0	0		1	1.0	0	0.035	0.9662494620250586	-0.0346548989061906
6ueg047d0lkoiwaz3lddkv03	1	2	155	9	0	No-Go	NGAL	0	0		1	0.0	1	0.0679	0.9319208404732786	-0.07260337872638041
6ueg047d0lkoiwaz3lddkv03	1	2	159	10	0	No-Go	NGAL	0	0		1	0.0	1	0.0409	0.9588204977581894	-0.04260406043045695
6ueg047d0lkoiwaz3lddkv03	1	2	164	11	0	No-Go	NGAL	0	0		1	0.0	1	0.0281	0.9713416261887358	-0.02933571230534058
6ueg047d0lkoiwaz3lddkv03	1	2	165	12	0	No-Go	NGAL	0	0		1	0.0	1	0.0217	0.9779961039695887	-0.022410331412794617
6ueg047d0lkoiwaz3lddkv03	1	2	169	13	0	No-Go	NGAL	0	0		1	0.0	1	0.0194	0.9818783489625935	-0.018405606121835557
6ueg047d0lkoiwaz3lddkv03	1	2	176	14	0	No-Go	NGAL	0	0		1	0.0	1	0.0147	0.9842968842095124	-0.01592359576322537
6ueg047d0lkoiwaz3lddkv03	1	2	180	15	0	No-Go	NGAL	0	0		1	1.0	0	0.016	0.9858770663839294	-0.014307361402835382
6ueg047d0lkoiwaz3lddkv03	1	2	181	16	0	No-Go	NGAL	0	0		1	0.0	1	0.0359	0.96804015981348	-0.033137109475046396
6ueg047d0lkoiwaz3lddkv03	1	2	187	17	0	No-Go	NGAL	0	0		1	1.0	0	0.023	0.9771197589720721	-0.023388277613174035
6ueg047d0lkoiwaz3lddkv03	1	2	192	18	0	No-Go	NGAL	0	0		1	0.0	1	0.0493	0.9477219054051191	-0.05661627581452601
6ueg047d0lkoiwaz3lddkv03	1	2	193	19	0	No-Go	NGAL	0	0		1	0.0	1	0.0346	0.968035874885381	-0.033070149944872444
6ueg047d0lkoiwaz3lddkv03	1	2	197	20	0	No-Go	NGAL	0	0		1	0.0	1	0.0244	0.9770010942360705	-0.02350675439602869
6ueg047d0lkoiwaz3lddkv03	1	2	202	21	0	No-Go	NGAL	0	0		1	0.0	1	0.0166	0.9816473597077034	-0.018667664797036815
6ueg047d0lkoiwaz3lddkv03	1	2	206	22	0	No-Go	NGAL	0	0		1	0.0	1	0.0158	0.9843345919240528	-0.01589691679631975
6ueg047d0lkoiwaz3lddkv03	1	2	211	23	0	No-Go	NGAL	0	0		1	0.0	1	0.0132	0.9860061727918231	-0.014182433478117895
6ueg047d0lkoiwaz3lddkv03	1	2	214	24	0	No-Go	NGAL	0	0		1	1.0	0	0.0137	0.9870993919772234	-0.0130647221456491
6ueg047d0lkoiwaz3lddkv03	1	2	219	25	0	No-Go	NGAL	0	0		1	0.0	1	0.0311	0.9699271620695854	-0.03122123697519397
6ueg047d0lkoiwaz3lddkv03	1	2	223	26	0	No-Go	NGAL	0	0		1	0.0	1	0.0178	0.9783677287272446	-0.022118763730931378
6ueg047d0lkoiwaz3lddkv03	1	2	226	27	0	No-Go	NGAL	0	0		1	0.0	1	0.0169	0.9825986726361614	-0.017700371663735545
6ueg047d0lkoiwaz3lddkv03	1	2	229	28	0	No-Go	NGAL	0	0		1	0.0	1	0.0168	0.9850070263311179	-0.015214200294854218
6ueg047d0lkoiwaz3lddkv03	1	2	233	29	0	No-Go	NGAL	0	0		1	0.0	1	0.016	0.9864922674400054	-0.01368962639229128
6ueg047d0lkoiwaz3lddkv03	1	2	238	30	0	No-Go	NGAL	0	0		1	1.0	0	0.0123	0.9874581009107968	-0.012701491619280057
6ueg047d0lkoiwaz3lddkv03	1	2	124	1	1	Go	GW	1	1	0.598	1	1.0	0	0.6752	0.6741793894109098	-0.41325534248908313
6ueg047d0lkoiwaz3lddkv03	1	2	128	2	1	Go	GW	1	0		0	0.0	0	0.3794	0.6256731090008668	-0.4915283532800354
6ueg047d0lkoiwaz3lddkv03	1	2	129	3	1	Go	GW	1	1	0.816	1	0.0	1	0.6773	0.6741793894109098	-0.41325534248908313
6ueg047d0lkoiwaz3lddkv03	1	2	134	4	1	Go	GW	1	1	0.667	1	0.0	1	0.976	0.9776014318279745	-0.023420177821281904
6ueg047d0lkoiwaz3lddkv03	1	2	138	5	1	Go	GW	1	1	0.563	1	0.0	1	0.993	0.9940763685102818	-0.00603357114216616
6ueg047d0lkoiwaz3lddkv03	1	2	144	6	1	Go	GW	1	1	0.563	1	0.0	1	0.9959	0.9971440599057625	-0.0028804673494120447
6ueg047d0lkoiwaz3lddkv03	1	2	147	7	1	Go	GW	1	1	0.586	1	0.0	1	0.9986	0.9980860664086681	-0.0019227330900134232
6ueg047d0lkoiwaz3lddkv03	1	2	150	8	1	Go	GW	1	1	0.655	1	1.0	0	0.9986	0.9984586820800258	-0.0015459899332876832
6ueg047d0lkoiwaz3lddkv03	1	2	154	9	1	Go	GW	1	1	0.474	1	0.0	1	0.984	0.9847223375371128	-0.015529016162468785
6ueg047d0lkoiwaz3lddkv03	1	2	158	10	1	Go	GW	1	1	0.592	1	0.0	1	0.9958	0.996281764250083	-0.0037382723147301516
6ueg047d0lkoiwaz3lddkv03	1	2	163	11	1	Go	GW	1	1	0.484	1	0.0	1	0.9976	0.9979110172013276	-0.0020961165891756903
6ueg047d0lkoiwaz3lddkv03	1	2	167	12	1	Go	GW	1	1	0.534	1	0.0	1	0.9988	0.9984158005348958	-0.0015883303062966733
6ueg047d0lkoiwaz3lddkv03	1	2	171	13	1	Go	GW	1	1	0.557	1	0.0	1	0.9979	0.9986215185036026	-0.0013815937257509975
6ueg047d0lkoiwaz3lddkv03	1	2	173	14	1	Go	GW	1	1	0.483	1	1.0	0	0.9987	0.998718350781086	-0.0012843438622697203
6ueg047d0lkoiwaz3lddkv03	1	2	178	15	1	Go	GW	1	1	0.51	1	0.0	1	0.9847	0.9859769192121234	-0.014248417801776577
6ueg047d0lkoiwaz3lddkv03	1	2	182	16	1	Go	GW	1	1	0.512	1	0.0	1	0.9969	0.9966222792510202	-0.0033929225151723124
6ueg047d0lkoiwaz3lddkv03	1	2	185	17	1	Go	GW	1	1	0.441	1	0.0	1	0.9987	0.9980511770220796	-0.001954551945713921
6ueg047d0lkoiwaz3lddkv03	1	2	191	18	1	Go	GW	1	1	0.537	1	0.0	1	0.9986	0.9984853481014536	-0.0015182671886541923
6ueg047d0lkoiwaz3lddkv03	1	2	194	19	1	Go	GW	1	1	0.581	1	0.0	1	0.9981	0.9986600264209509	-0.001342866138886734
6ueg047d0lkoiwaz3lddkv03	1	2	200	20	1	Go	GW	1	1	0.445	1	1.0	0	0.9988	0.9987412956249906	-0.0012612947341632563
6ueg047d0lkoiwaz3lddkv03	1	2	201	21	1	Go	GW	1	1	0.725	1	0.0	1	0.987	0.9860722804549152	-0.01415205063515022
6ueg047d0lkoiwaz3lddkv03	1	2	208	22	1	Go	GW	1	1	0.43	1	0.0	1	0.9962	0.9966598190744717	-0.003355001118642935
6ueg047d0lkoiwaz3lddkv03	1	2	210	23	1	Go	GW	1	1	0.423	1	1.0	0	0.9985	0.9980699986864155	-0.0019355897651437335
6ueg047d0lkoiwaz3lddkv03	1	2	216	24	1	Go	GW	1	1	0.385	1	0.0	1	0.981	0.9812459079259015	-0.019121160087904154
6ueg047d0lkoiwaz3lddkv03	1	2	218	25	1	Go	GW	1	1	0.424	1	0.0	1	0.9968	0.9959814973073228	-0.004040403186684273
6ueg047d0lkoiwaz3lddkv03	1	2	221	26	1	Go	GW	1	1	0.444	1	0.0	1	0.9974	0.9978594444190579	-0.0021475679459535455
6ueg047d0lkoiwaz3lddkv03	1	2	228	27	1	Go	GW	1	1	0.543	1	1.0	0	0.9984	0.998407347601695	-0.0015966656228120447
6ueg047d0lkoiwaz3lddkv03	1	2	231	28	1	Go	GW	1	1	0.603	1	0.0	1	0.982	0.9837962601349478	-0.016484979354419844
6ueg047d0lkoiwaz3lddkv03	1	2	236	29	1	Go	GW	1	1	0.591	1	0.0	1	0.9963	0.9962617173915991	-0.0037573166821697817
6ueg047d0lkoiwaz3lddkv03	1	2	239	30	1	Go	GW	1	1	0.522	1	0.0	1	0.9986	0.9979345650477751	-0.0020719736684460537
6ueg047d0lkoiwaz3lddkv03	1	1	2	1	0	No-Go	NGAL	0	0		1	0.0	1	0.5639	0.4283419157057039	-0.8697362751592095
6ueg047d0lkoiwaz3lddkv03	1	1	7	2	0	No-Go	NGAL	0	0		1	0.0	1	0.2778	0.7250387632558585	-0.33027420155504883
6ueg047d0lkoiwaz3lddkv03	1	1	9	3	0	No-Go	NGAL	0	0		1	0.0	1	0.134	0.8660920068691484	-0.14754744134410108
6ueg047d0lkoiwaz3lddkv03	1	1	16	4	0	No-Go	NGAL	0	0		1	0.0	1	0.0754	0.9260890183403815	-0.07833048918417257
6ueg047d0lkoiwaz3lddkv03	1	1	19	5	0	No-Go	NGAL	0	0		1	1.0	0	0.0472	0.9537482169044476	-0.0480477807039227
6ueg047d0lkoiwaz3lddkv03	1	1	22	6	0	No-Go	NGAL	0	0		1	0.0	1	0.0825	0.9152817141887483	-0.09021411210287772
6ueg047d0lkoiwaz3lddkv03	1	1	28	7	0	No-Go	NGAL	0	0		1	0.0	1	0.0501	0.9499255239831247	-0.05200009048804945
6ueg047d0lkoiwaz3lddkv03	1	1	29	8	0	No-Go	NGAL	0	0		1	1.0	0	0.036	0.9662494620250586	-0.0346548989061906
6ueg047d0lkoiwaz3lddkv03	1	1	35	9	0	No-Go	NGAL	0	0		1	0.0	1	0.065	0.9319208404732786	-0.07260337872638041
6ueg047d0lkoiwaz3lddkv03	1	1	38	10	0	No-Go	NGAL	0	0		1	0.0	1	0.0411	0.9588204977581894	-0.04260406043045695
6ueg047d0lkoiwaz3lddkv03	1	1	43	11	0	No-Go	NGAL	0	0		1	0.0	1	0.0281	0.9713416261887358	-0.02933571230534058
6ueg047d0lkoiwaz3lddkv03	1	1	45	12	0	No-Go	NGAL	0	0		1	0.0	1	0.0203	0.9779961039695887	-0.022410331412794617
6ueg047d0lkoiwaz3lddkv03	1	1	50	13	0	No-Go	NGAL	0	0		1	0.0	1	0.0185	0.9818783489625935	-0.018405606121835557
6ueg047d0lkoiwaz3lddkv03	1	1	53	14	0	No-Go	NGAL	0	0		1	0.0	1	0.0157	0.9842968842095124	-0.01592359576322537
6ueg047d0lkoiwaz3lddkv03	1	1	57	15	0	No-Go	NGAL	0	0		1	1.0	0	0.0138	0.9858770663839294	-0.014307361402835382
6ueg047d0lkoiwaz3lddkv03	1	1	62	16	0	No-Go	NGAL	0	0		1	0.0	1	0.0315	0.96804015981348	-0.033137109475046396
6ueg047d0lkoiwaz3lddkv03	1	1	65	17	0	No-Go	NGAL	0	0		1	1.0	0	0.0225	0.9771197589720721	-0.023388277613174035
6ueg047d0lkoiwaz3lddkv03	1	1	69	18	0	No-Go	NGAL	0	0		1	0.0	1	0.0545	0.9477219054051191	-0.05661627581452601
6ueg047d0lkoiwaz3lddkv03	1	1	74	19	0	No-Go	NGAL	0	0		1	0.0	1	0.0309	0.968035874885381	-0.033070149944872444
6ueg047d0lkoiwaz3lddkv03	1	1	79	20	0	No-Go	NGAL	0	0		1	0.0	1	0.0236	0.9770010942360705	-0.02350675439602869
6ueg047d0lkoiwaz3lddkv03	1	1	83	21	0	No-Go	NGAL	0	0		1	0.0	1	0.0159	0.9816473597077034	-0.018667664797036815
6ueg047d0lkoiwaz3lddkv03	1	1	85	22	0	No-Go	NGAL	0	0		1	0.0	1	0.0153	0.9843345919240528	-0.01589691679631975
6ueg047d0lkoiwaz3lddkv03	1	1	90	23	0	No-Go	NGAL	0	0		1	0.0	1	0.0165	0.9860061727918231	-0.014182433478117895
6ueg047d0lkoiwaz3lddkv03	1	1	93	24	0	No-Go	NGAL	0	0		1	1.0	0	0.0141	0.9870993919772234	-0.0130647221456491
6ueg047d0lkoiwaz3lddkv03	1	1	100	25	0	No-Go	NGAL	0	0		1	0.0	1	0.0285	0.9699271620695854	-0.03122123697519397
6ueg047d0lkoiwaz3lddkv03	1	1	102	26	0	No-Go	NGAL	0	0		1	0.0	1	0.0205	0.9783677287272446	-0.022118763730931378
6ueg047d0lkoiwaz3lddkv03	1	1	108	27	0	No-Go	NGAL	0	0		1	0.0	1	0.0183	0.9825986726361614	-0.017700371663735545
6ueg047d0lkoiwaz3lddkv03	1	1	112	28	0	No-Go	NGAL	0	0		1	0.0	1	0.0166	0.9850070263311179	-0.015214200294854218
6ueg047d0lkoiwaz3lddkv03	1	1	115	29	0	No-Go	NGAL	0	0		1	0.0	1	0.0136	0.9864922674400054	-0.01368962639229128
6ueg047d0lkoiwaz3lddkv03	1	1	117	30	0	No-Go	NGAL	0	0		1	1.0	0	0.0129	0.9874581009107968	-0.012701491619280057
6ueg047d0lkoiwaz3lddkv03	1	1	3	1	1	Go	GW	1	0		0	1.0	1	0.6699	0.32582061058909023	-1.2003131274306296
6ueg047d0lkoiwaz3lddkv03	1	1	8	2	1	Go	GW	1	0		0	0.0	0	0.3731	0.6256731090008668	-0.4915283532800354
6ueg047d0lkoiwaz3lddkv03	1	1	11	3	1	Go	GW	1	1	0.759	1	0.0	1	0.7446	0.7395161289325924	-0.3188249053203084
6ueg047d0lkoiwaz3lddkv03	1	1	13	4	1	Go	GW	1	1	0.519	1	0.0	1	0.9726	0.9712862358421076	-0.030031217579505578
6ueg047d0lkoiwaz3lddkv03	1	1	20	5	1	Go	GW	1	1	0.393	1	0.0	1	0.992	0.9904348626247125	-0.009747222375573667
6ueg047d0lkoiwaz3lddkv03	1	1	23	6	1	Go	GW	1	1	0.431	1	0.0	1	0.9937	0.9946460840524424	-0.005405423939675077
6ueg047d0lkoiwaz3lddkv03	1	1	27	7	1	Go	GW	1	1	0.512	1	0.0	1	0.9963	0.9960524233663904	-0.003971530240992778
6ueg047d0lkoiwaz3lddkv03	1	1	32	8	1	Go	GW	1	1	0.673	1	1.0	0	0.9966	0.9966360796724293	-0.0033797884972955406
6ueg047d0lkoiwaz3lddkv03	1	1	33	9	1	Go	GW	1	1	0.558	1	0.0	1	0.9642	0.9638813624445866	-0.03745722755936278
6ueg047d0lkoiwaz3lddkv03	1	1	39	10	1	Go	GW	1	0		0	0.0	0	0.9922	0.00851401914445483	-5.383304864809099
6ueg047d0lkoiwaz3lddkv03	1	1	44	11	1	Go	GW	1	1	0.6	1	0.0	1	0.9968	0.9970834987520426	-0.0029292647965207933
6ueg047d0lkoiwaz3lddkv03	1	1	46	12	1	Go	GW	1	1	0.503	1	0.0	1	0.9989	0.9983375387983824	-0.0016672018184059154
6ueg047d0lkoiwaz3lddkv03	1	1	51	13	1	Go	GW	1	1	0.558	1	0.0	1	0.9986	0.9987311728021181	-0.0012716424016245484
6ueg047d0lkoiwaz3lddkv03	1	1	55	14	1	Go	GW	1	1	0.646	1	1.0	0	0.9986	0.9988931578697251	-0.00110898645835577
6ueg047d0lkoiwaz3lddkv03	1	1	58	15	1	Go	GW	1	1	0.723	1	0.0	1	0.9891	0.9886323136480283	-0.011509970544970357
6ueg047d0lkoiwaz3lddkv03	1	1	64	16	1	Go	GW	1	1	0.718	1	0.0	1	0.9975	0.997194187648378	-0.002817058104753679
6ueg047d0lkoiwaz3lddkv03	1	1	68	17	1	Go	GW	1	1	0.461	1	0.0	1	0.9988	0.9983901682024565	-0.0016140699092269419
6ueg047d0lkoiwaz3lddkv03	1	1	71	18	1	Go	GW	1	1	0.469	1	0.0	1	0.9989	0.998759220522191	-0.0012433995847407305
6ueg047d0lkoiwaz3lddkv03	1	1	76	19	1	Go	GW	1	1	0.501	1	0.0	1	0.9986	0.9989094148199001	-0.0010926436399976741
6ueg047d0lkoiwaz3lddkv03	1	1	78	20	1	Go	GW	1	1	0.526	1	1.0	0	0.9991	0.9989800431256135	-0.0010217777506453998
6ueg047d0lkoiwaz3lddkv03	1	1	82	21	1	Go	GW	1	1	0.564	1	0.0	1	0.9883	0.9891593003097793	-0.01097397449758529
6ueg047d0lkoiwaz3lddkv03	1	1	86	22	1	Go	GW	1	1	0.577	1	0.0	1	0.9969	0.9973112596129922	-0.0026989332498085004
6ueg047d0lkoiwaz3lddkv03	1	1	92	23	1	Go	GW	1	1	0.533	1	1.0	0	0.9983	0.9984365347036224	-0.001567404317588684
6ueg047d0lkoiwaz3lddkv03	1	1	94	24	1	Go	GW	1	1	0.447	1	0.0	1	0.9864	0.9853452460684539	-0.014876627170764673
6ueg047d0lkoiwaz3lddkv03	1	1	98	25	1	Go	GW	1	1	0.458	1	0.0	1	0.9973	0.9967579925913648	-0.003257201457043029
6ueg047d0lkoiwaz3lddkv03	1	1	104	26	1	Go	GW	1	1	0.521	1	0.0	1	0.9982	0.998262341793198	-0.0017426436970263699
6ueg047d0lkoiwaz3lddkv03	1	1	105	27	1	Go	GW	1	1	0.394	1	1.0	0	0.9986	0.9987082520124065	-0.0012945963638260503
6ueg047d0lkoiwaz3lddkv03	1	1	111	28	1	Go	GW	1	1	0.463	1	0.0	1	0.9878	0.9873493623900392	-0.012820455149872286
6ueg047d0lkoiwaz3lddkv03	1	1	113	29	1	Go	GW	1	1	0.527	1	0.0	1	0.997	0.9969866184547426	-0.003026579509036706
6ueg047d0lkoiwaz3lddkv03	1	1	119	30	1	Go	GW	1	1	0.341	1	0.0	1	0.9982	0.9983249348733342	-0.001679704219031948
6ueg047d0lkoiwaz3lddkv03	1	1	1	1	1	No-Go	NGW	0	0		1	0.0	1	0.6733	0.32582061058909023	-1.2003131274306296
6ueg047d0lkoiwaz3lddkv03	1	1	6	2	1	No-Go	NGW	0	0		1	1.0	0	0.3738	0.6256731090008668	-0.4915283532800354
6ueg047d0lkoiwaz3lddkv03	1	1	10	3	1	No-Go	NGW	0	1	0.56	0	0.0	0	0.7474	0.7395161289325924	-0.3188249053203084
6ueg047d0lkoiwaz3lddkv03	1	1	14	4	1	No-Go	NGW	0	1	0.655	0	0.0	0	0.4549	0.4543830895752621	-0.8333815482086468
6ueg047d0lkoiwaz3lddkv03	1	1	18	5	1	No-Go	NGW	0	1	0.503	0	0.0	0	0.2521	0.2507614085525894	-1.4790230675867666
6ueg047d0lkoiwaz3lddkv03	1	1	21	6	1	No-Go	NGW	0	0		1	0.0	1	0.1443	0.8537195514353029	-0.1625947491038658
6ueg047d0lkoiwaz3lddkv03	1	1	26	7	1	No-Go	NGW	0	0		1	0.0	1	0.0422	0.953869151669554	-0.04824496740088889
6ueg047d0lkoiwaz3lddkv03	1	1	31	8	1	No-Go	NGW	0	0		1	1.0	0	0.0197	0.9806614432567974	-0.019824189851733818
6ueg047d0lkoiwaz3lddkv03	1	1	36	9	1	No-Go	NGW	0	0		1	0.0	1	0.0958	0.909416992401622	-0.09698816408697511
6ueg047d0lkoiwaz3lddkv03	1	1	37	10	1	No-Go	NGW	0	0		1	0.0	1	0.0298	0.9689329545469813	-0.032040533100334875
6ueg047d0lkoiwaz3lddkv03	1	1	41	11	1	No-Go	NGW	0	0		1	0.0	1	0.0121	0.9859024765188671	-0.014351499157360403
6ueg047d0lkoiwaz3lddkv03	1	1	47	12	1	No-Go	NGW	0	0		1	0.0	1	0.008	0.9922533694867496	-0.007835411809375761
6ueg047d0lkoiwaz3lddkv03	1	1	49	13	1	No-Go	NGW	0	0		1	0.0	1	0.0047	0.9951119435729427	-0.0049261406782542755
6ueg047d0lkoiwaz3lddkv03	1	1	54	14	1	No-Go	NGW	0	0		1	0.0	1	0.0036	0.996575463666723	-0.003443752749318926
6ueg047d0lkoiwaz3lddkv03	1	1	59	15	1	No-Go	NGW	0	0		1	1.0	0	0.0033	0.9973982849618278	-0.0026128310103593574
6ueg047d0lkoiwaz3lddkv03	1	1	63	16	1	No-Go	NGW	0	0		1	0.0	1	0.0193	0.9781451803609305	-0.02233703509196722
6ueg047d0lkoiwaz3lddkv03	1	1	66	17	1	No-Go	NGW	0	0		1	0.0	1	0.0106	0.9902281678095922	-0.009872589957171716
6ueg047d0lkoiwaz3lddkv03	1	1	72	18	1	No-Go	NGW	0	0		1	0.0	1	0.005	0.9944168254742881	-0.005620508845312254
6ueg047d0lkoiwaz3lddkv03	1	1	73	19	1	No-Go	NGW	0	0		1	0.0	1	0.0035	0.9962901318742523	-0.00372803601914557
6ueg047d0lkoiwaz3lddkv03	1	1	80	20	1	No-Go	NGW	0	0		1	1.0	0	0.0028	0.9972658425658505	-0.0027446921489885
6ueg047d0lkoiwaz3lddkv03	1	1	84	21	1	No-Go	NGW	0	0		1	0.0	1	0.0231	0.9762493108704366	-0.024342513819051666
6ueg047d0lkoiwaz3lddkv03	1	1	88	22	1	No-Go	NGW	0	0		1	0.0	1	0.0086	0.9898326044883704	-0.010275327196828058
6ueg047d0lkoiwaz3lddkv03	1	1	89	23	1	No-Go	NGW	0	0		1	0.0	1	0.0048	0.9943199641412566	-0.005717686324412322
6ueg047d0lkoiwaz3lddkv03	1	1	96	24	1	No-Go	NGW	0	0		1	1.0	0	0.0035	0.9962687741893341	-0.0037491237369190887
6ueg047d0lkoiwaz3lddkv03	1	1	99	25	1	No-Go	NGW	0	0		1	0.0	1	0.0287	0.9698479736844321	-0.03106893132884044
6ueg047d0lkoiwaz3lddkv03	1	1	103	26	1	No-Go	NGW	0	0		1	0.0	1	0.0109	0.9878698576585199	-0.012278905012908674
6ueg047d0lkoiwaz3lddkv03	1	1	107	27	1	No-Go	NGW	0	0		1	0.0	1	0.0072	0.9935205724571959	-0.00652721366205698
6ueg047d0lkoiwaz3lddkv03	1	1	109	28	1	No-Go	NGW	0	0		1	0.0	1	0.0044	0.9958800845569782	-0.004141335874583929
6ueg047d0lkoiwaz3lddkv03	1	1	114	29	1	No-Go	NGW	0	0		1	1.0	0	0.0026	0.9970528926829556	-0.002958925832826835
6ueg047d0lkoiwaz3lddkv03	1	1	120	30	1	No-Go	NGW	0	0		1	0.0	1	0.0269	0.974742229027522	-0.025917178556037108
6ueg047d0lkoiwaz3lddkv03	1	1	4	1	0	Go	GAL	1	0		0	0.0	0	0.5718	0.4283419157057039	-0.8697362751592095
6ueg047d0lkoiwaz3lddkv03	1	1	5	2	0	Go	GAL	1	0		0	0.0	0	0.6658	0.33580722362024384	-1.1313995497787332
6ueg047d0lkoiwaz3lddkv03	1	1	12	3	0	Go	GAL	1	0		0	1.0	1	0.7399	0.265957083122622	-1.4280422763249698
6ueg047d0lkoiwaz3lddkv03	1	1	15	4	0	Go	GAL	1	1	0.629	1	0.0	1	0.3996	0.394704376514855	-0.9651457759247192
6ueg047d0lkoiwaz3lddkv03	1	1	17	5	0	Go	GAL	1	1	0.473	1	0.0	1	0.6979	0.6967316929722006	-0.37052612241222677
6ueg047d0lkoiwaz3lddkv03	1	1	24	6	0	Go	GAL	1	1	0.683	1	1.0	0	0.8546	0.8506117429288217	-0.16555138748988807
6ueg047d0lkoiwaz3lddkv03	1	1	25	7	0	Go	GAL	1	1	0.526	1	0.0	1	0.4803	0.4803931769540058	-0.7734630227272696
6ueg047d0lkoiwaz3lddkv03	1	1	30	8	0	Go	GAL	1	1	0.748	1	0.0	1	0.7497	0.7507562984730379	-0.2922546031505732
6ueg047d0lkoiwaz3lddkv03	1	1	34	9	0	Go	GAL	1	1	0.672	1	0.0	1	0.8741	0.8760830084030861	-0.13448952658625313
6ueg047d0lkoiwaz3lddkv03	1	1	40	10	0	Go	GAL	1	1	0.567	1	0.0	1	0.9286	0.9294732611894908	-0.07411723162385289
6ueg047d0lkoiwaz3lddkv03	1	1	42	11	0	Go	GAL	1	1	0.614	1	0.0	1	0.9522	0.9544358434500914	-0.04712453331233176
6ueg047d0lkoiwaz3lddkv03	1	1	48	12	0	Go	GAL	1	1	0.606	1	1.0	0	0.964	0.9673643680048777	-0.03346142382993818
6ueg047d0lkoiwaz3lddkv03	1	1	52	13	0	Go	GAL	1	0		0	0.0	0	0.7567	0.2445985524644801	-1.588490418984299
6ueg047d0lkoiwaz3lddkv03	1	1	56	14	0	Go	GAL	1	1	1.073	1	0.0	1	0.8302	0.8256214337645431	-0.2025443824566873
6ueg047d0lkoiwaz3lddkv03	1	1	60	15	0	Go	GAL	1	1	0.685	1	0.0	1	0.9189	0.9199434776742069	-0.08512080207065714
6ueg047d0lkoiwaz3lddkv03	1	1	61	16	0	Go	GAL	1	1	0.611	1	0.0	1	0.954	0.9555024662172819	-0.04611282775704914
6ueg047d0lkoiwaz3lddkv03	1	1	67	17	0	Go	GAL	1	1	0.582	1	1.0	0	0.9725	0.971235343899074	-0.029477528604392057
6ueg047d0lkoiwaz3lddkv03	1	1	70	18	0	Go	GAL	1	0		0	0.0	0	0.7912	0.20614013595816036	-1.8493518341129758
6ueg047d0lkoiwaz3lddkv03	1	1	75	19	0	Go	GAL	1	1	0.416	1	0.0	1	0.8384	0.8468770244714559	-0.17778200984907913
6ueg047d0lkoiwaz3lddkv03	1	1	77	20	0	Go	GAL	1	1	0.53	1	0.0	1	0.9381	0.9335796658332681	-0.07051171333328127
6ueg047d0lkoiwaz3lddkv03	1	1	81	21	0	Go	GAL	1	1	0.764	1	0.0	1	0.9631	0.9643965449487539	-0.03683022900313838
6ueg047d0lkoiwaz3lddkv03	1	1	87	22	0	Go	GAL	1	1	0.671	1	0.0	1	0.979	0.9775578414174805	-0.02295959018004806
6ueg047d0lkoiwaz3lddkv03	1	1	91	23	0	Go	GAL	1	1	0.449	1	0.0	1	0.9833	0.9840974319156296	-0.01617534013915324
6ueg047d0lkoiwaz3lddkv03	1	1	95	24	0	Go	GAL	1	1	0.596	1	0.0	1	0.9858	0.987719483105305	-0.012449245954369567
6ueg047d0lkoiwaz3lddkv03	1	1	97	25	0	Go	GAL	1	1	0.498	1	1.0	0	0.9889	0.9898889926441654	-0.010228663166391198
6ueg047d0lkoiwaz3lddkv03	1	1	101	26	0	Go	GAL	1	1	0.614	1	0.0	1	0.9004	0.9034243728715974	-0.10745188803842493
6ueg047d0lkoiwaz3lddkv03	1	1	106	27	0	Go	GAL	1	1	0.492	1	0.0	1	0.9566	0.9549490107492246	-0.04707922649371279
6ueg047d0lkoiwaz3lddkv03	1	1	110	28	0	Go	GAL	1	1	0.637	1	0.0	1	0.9775	0.9738851703031589	-0.026809449899773224
6ueg047d0lkoiwaz3lddkv03	1	1	116	29	0	Go	GAL	1	1	0.542	1	0.0	1	0.9825	0.9824082011688362	-0.017921446881514223
6ueg047d0lkoiwaz3lddkv03	1	1	118	30	0	Go	GAL	1	1	0.505	1	1.0	0	0.9866	0.9868450262687427	-0.013346996845006337
6v44zezjk7c1zcphfa0gtc1c	1	2	124	1	0	Go	GAL	1	0		0	1.0	1	0.5905	0.40730841907278237	-0.9141044076871995
6v44zezjk7c1zcphfa0gtc1c	1	2	128	2	0	Go	GAL	1	0		0	0.0	0	0.537	0.46292166381566874	-0.7806385896138229
6v44zezjk7c1zcphfa0gtc1c	1	2	130	3	0	Go	GAL	1	1	1.14	1	0.0	1	0.5494	0.548841976225981	-0.6064795755057328
6v44zezjk7c1zcphfa0gtc1c	1	2	135	4	0	Go	GAL	1	1	0.686	1	0.0	1	0.6029	0.6038957457910509	-0.5116249160327819
6v44zezjk7c1zcphfa0gtc1c	1	2	139	5	0	Go	GAL	1	1	1.105	1	0.0	1	0.6507	0.6502697633628522	-0.43793280298631515
6v44zezjk7c1zcphfa0gtc1c	1	2	142	6	0	Go	GAL	1	1	0.447	1	0.0	1	0.6956	0.6898255416297289	-0.3783976924835066
6v44zezjk7c1zcphfa0gtc1c	1	2	146	7	0	Go	GAL	1	1	0.63	1	0.0	1	0.724	0.7238497036107252	-0.32940974095638115
6v44zezjk7c1zcphfa0gtc1c	1	2	151	8	0	Go	GAL	1	1	0.713	1	0.0	1	0.7489	0.7532577631990256	-0.2886589376679205
6v44zezjk7c1zcphfa0gtc1c	1	2	153	9	0	Go	GAL	1	1	0.635	1	1.0	0	0.7815	0.7787518216794678	-0.254500924632161
6v44zezjk7c1zcphfa0gtc1c	1	2	157	10	0	Go	GAL	1	1	0.748	1	0.0	1	0.7257	0.7209110590213587	-0.33186843762102736
6v44zezjk7c1zcphfa0gtc1c	1	2	161	11	0	Go	GAL	1	1	0.712	1	1.0	0	0.7446	0.7549910932920528	-0.2844139054528125
6v44zezjk7c1zcphfa0gtc1c	1	2	166	12	0	Go	GAL	1	0		0	0.0	0	0.6943	0.3041494656744096	-1.2208901920865074
6v44zezjk7c1zcphfa0gtc1c	1	2	169	13	0	Go	GAL	1	0		0	0.0	0	0.7138	0.29461358305376206	-1.2509896123087396
6v44zezjk7c1zcphfa0gtc1c	1	2	174	14	0	Go	GAL	1	1	0.656	1	0.0	1	0.7183	0.7141642521021468	-0.341730399498709
6v44zezjk7c1zcphfa0gtc1c	1	2	179	15	0	Go	GAL	1	1	0.63	1	0.0	1	0.7527	0.7521262269343112	-0.28814876499687453
6v44zezjk7c1zcphfa0gtc1c	1	2	181	16	0	Go	GAL	1	1	0.564	1	0.0	1	0.7813	0.7821008985443002	-0.24875483047879013
6v44zezjk7c1zcphfa0gtc1c	1	2	187	17	0	Go	GAL	1	1	0.578	1	1.0	0	0.8103	0.8066557142838233	-0.21756474754129418
6v44zezjk7c1zcphfa0gtc1c	1	2	190	18	0	Go	GAL	1	1	0.637	1	0.0	1	0.7585	0.7533945307694505	-0.2874429927588626
6v44zezjk7c1zcphfa0gtc1c	1	2	195	19	0	Go	GAL	1	1	0.432	1	0.0	1	0.7893	0.7854355650757575	-0.24433616378681763
6v44zezjk7c1zcphfa0gtc1c	1	2	199	20	0	Go	GAL	1	1	0.643	1	0.0	1	0.8144	0.8107236635563939	-0.2122494060726734
6v44zezjk7c1zcphfa0gtc1c	1	2	203	21	0	Go	GAL	1	1	0.62	1	0.0	1	0.8373	0.8314289658098837	-0.18675387244009106
6v44zezjk7c1zcphfa0gtc1c	1	2	208	22	0	Go	GAL	1	1	0.63	1	0.0	1	0.8498	0.8487467067386424	-0.16589047228851328
6v44zezjk7c1zcphfa0gtc1c	1	2	209	23	0	Go	GAL	1	1	0.667	1	0.0	1	0.8619	0.8634238084065954	-0.14852500616276523
6v44zezjk7c1zcphfa0gtc1c	1	2	213	24	0	Go	GAL	1	1	0.588	1	1.0	0	0.8776	0.8759761221719189	-0.13390418927499886
6v44zezjk7c1zcphfa0gtc1c	1	2	218	25	0	Go	GAL	1	1	0.659	1	0.0	1	0.8324	0.8318542785872701	-0.18810742827901328
6v44zezjk7c1zcphfa0gtc1c	1	2	222	26	0	Go	GAL	1	1	0.73	1	0.0	1	0.8543	0.8524364030835723	-0.16203120467527252
6v44zezjk7c1zcphfa0gtc1c	1	2	225	27	0	Go	GAL	1	1	0.625	1	1.0	0	0.8655	0.8683636638869402	-0.14299893962180796
6v44zezjk7c1zcphfa0gtc1c	1	2	231	28	0	Go	GAL	1	1	0.658	1	0.0	1	0.8244	0.822749640250589	-0.20170222695732418
6v44zezjk7c1zcphfa0gtc1c	1	2	234	29	0	Go	GAL	1	1	0.61	1	0.0	1	0.8444	0.84620690918486	-0.17032349409294498
6v44zezjk7c1zcphfa0gtc1c	1	2	238	30	0	Go	GAL	1	1	0.699	1	0.0	1	0.8659	0.863920597657509	-0.14861937281244947
6v44zezjk7c1zcphfa0gtc1c	1	2	122	1	1	No-Go	NGW	0	1	0.548	0	1.0	1	0.5347	0.5406680493161491	-0.6581249972067553
6v44zezjk7c1zcphfa0gtc1c	1	2	126	2	1	No-Go	NGW	0	1	0.602	0	0.0	0	0.7365	0.7352333118035322	-0.32089013679180084
6v44zezjk7c1zcphfa0gtc1c	1	2	129	3	1	No-Go	NGW	0	1	0.548	0	0.0	0	0.6796	0.6782613661371308	-0.39970374538803843
6v44zezjk7c1zcphfa0gtc1c	1	2	136	4	1	No-Go	NGW	0	1	0.682	0	0.0	0	0.6111	0.6195786778759279	-0.48981513181071396
6v44zezjk7c1zcphfa0gtc1c	1	2	140	5	1	No-Go	NGW	0	1	0.797	0	0.0	0	0.5613	0.5630429235008994	-0.5869911781036201
6v44zezjk7c1zcphfa0gtc1c	1	2	143	6	1	No-Go	NGW	0	1	0.708	0	0.0	0	0.5084	0.5102276589820302	-0.6881128662578584
6v44zezjk7c1zcphfa0gtc1c	1	2	145	7	1	No-Go	NGW	0	0		1	0.0	1	0.4632	0.5382953619252987	-0.6327341766573681
6v44zezjk7c1zcphfa0gtc1c	1	2	152	8	1	No-Go	NGW	0	0		1	1.0	0	0.4032	0.5930088855795203	-0.5362079871972021
6v44zezjk7c1zcphfa0gtc1c	1	2	154	9	1	No-Go	NGW	0	1	0.525	0	0.0	0	0.4696	0.4679214298359232	-0.7762864665489058
6v44zezjk7c1zcphfa0gtc1c	1	2	158	10	1	No-Go	NGW	0	1	0.575	0	0.0	0	0.4267	0.42369340894956187	-0.8795016420070969
6v44zezjk7c1zcphfa0gtc1c	1	2	162	11	1	No-Go	NGW	0	1	0.614	0	0.0	0	0.3943	0.38379739663497503	-0.9832710593897518
6v44zezjk7c1zcphfa0gtc1c	1	2	167	12	1	No-Go	NGW	0	0		1	1.0	0	0.3489	0.6519489308955555	-0.4369084041805971
6v44zezjk7c1zcphfa0gtc1c	1	2	171	13	1	No-Go	NGW	0	1	0.512	0	0.0	0	0.3921	0.3993756614517756	-0.9453519859578973
6v44zezjk7c1zcphfa0gtc1c	1	2	173	14	1	No-Go	NGW	0	0		1	0.0	1	0.3696	0.6345642762436275	-0.4687386332334572
6v44zezjk7c1zcphfa0gtc1c	1	2	180	15	1	No-Go	NGW	0	0		1	0.0	1	0.3113	0.6914822376083138	-0.37620166652721754
6v44zezjk7c1zcphfa0gtc1c	1	2	184	16	1	No-Go	NGW	0	0		1	0.0	1	0.2676	0.7359510667275738	-0.3132567830417417
6v44zezjk7c1zcphfa0gtc1c	1	2	185	17	1	No-Go	NGW	0	1	1.094	0	0.0	0	0.2262	0.2284244967575326	-1.5511476591094258
6v44zezjk7c1zcphfa0gtc1c	1	2	192	18	1	No-Go	NGW	0	0		1	0.0	1	0.2047	0.794648610403555	-0.2348424736739502
6v44zezjk7c1zcphfa0gtc1c	1	2	196	19	1	No-Go	NGW	0	0		1	0.0	1	0.1719	0.8215761532577753	-0.20085807925250584
6v44zezjk7c1zcphfa0gtc1c	1	2	197	20	1	No-Go	NGW	0	0		1	1.0	0	0.1589	0.8438151384456001	-0.17348960290324766
6v44zezjk7c1zcphfa0gtc1c	1	2	204	21	1	No-Go	NGW	0	1	0.556	0	0.0	0	0.1994	0.1980549127214803	-1.699799026304335
6v44zezjk7c1zcphfa0gtc1c	1	2	205	22	1	No-Go	NGW	0	1	0.636	0	0.0	0	0.1806	0.17910584031151772	-1.8131901268350459
6v44zezjk7c1zcphfa0gtc1c	1	2	210	23	1	No-Go	NGW	0	0		1	0.0	1	0.166	0.8373175292592215	-0.18260368112474157
6v44zezjk7c1zcphfa0gtc1c	1	2	214	24	1	No-Go	NGW	0	0		1	0.0	1	0.1384	0.862061963485785	-0.15134692880305234
6v44zezjk7c1zcphfa0gtc1c	1	2	217	25	1	No-Go	NGW	0	0		1	1.0	0	0.121	0.880879573632665	-0.1290909651452141
6v44zezjk7c1zcphfa0gtc1c	1	2	223	26	1	No-Go	NGW	0	0		1	0.0	1	0.1538	0.845222742484638	-0.17434737623795832
6v44zezjk7c1zcphfa0gtc1c	1	2	227	27	1	No-Go	NGW	0	0		1	0.0	1	0.1273	0.8696531379849124	-0.1426125908819475
6v44zezjk7c1zcphfa0gtc1c	1	2	229	28	1	No-Go	NGW	0	0		1	0.0	1	0.114	0.8877911661452447	-0.12112333378375213
6v44zezjk7c1zcphfa0gtc1c	1	2	236	29	1	No-Go	NGW	0	0		1	0.0	1	0.0967	0.9019773698314458	-0.10486112563326716
6v44zezjk7c1zcphfa0gtc1c	1	2	237	30	1	No-Go	NGW	0	0		1	1.0	0	0.0869	0.9134361994875955	-0.09196921040168161
6v44zezjk7c1zcphfa0gtc1c	1	2	121	1	1	Go	GW	1	1	0.873	1	0.0	1	0.541	0.5406680493161491	-0.6581249972067553
6v44zezjk7c1zcphfa0gtc1c	1	2	127	2	1	Go	GW	1	1	0.508	1	0.0	1	0.736	0.7352333118035322	-0.32089013679180084
6v44zezjk7c1zcphfa0gtc1c	1	2	131	3	1	Go	GW	1	1	0.626	1	0.0	1	0.8248	0.8301508249445878	-0.19341730803168566
6v44zezjk7c1zcphfa0gtc1c	1	2	133	4	1	Go	GW	1	1	0.598	1	1.0	0	0.8835	0.8806920997982098	-0.13120348370509888
6v44zezjk7c1zcphfa0gtc1c	1	2	138	5	1	Go	GW	1	1	0.605	1	0.0	1	0.8343	0.8403954838603931	-0.17908236119339366
6v44zezjk7c1zcphfa0gtc1c	1	2	144	6	1	Go	GW	1	1	0.679	1	0.0	1	0.8931	0.8913033121401146	-0.11826444108624569
6v44zezjk7c1zcphfa0gtc1c	1	2	147	7	1	Go	GW	1	1	1.006	1	0.0	1	0.9184	0.9176371647139955	-0.08803765349508105
6v44zezjk7c1zcphfa0gtc1c	1	2	149	8	1	Go	GW	1	1	0.966	1	1.0	0	0.9309	0.9337069036485969	-0.07003762051877403
6v44zezjk7c1zcphfa0gtc1c	1	2	155	9	1	Go	GW	1	1	0.399	1	0.0	1	0.8998	0.9032229769408093	-0.1056330600224315
6v44zezjk7c1zcphfa0gtc1c	1	2	160	10	1	Go	GW	1	1	0.782	1	0.0	1	0.9325	0.9303162197600006	-0.07383196639661709
6v44zezjk7c1zcphfa0gtc1c	1	2	163	11	1	Go	GW	1	1	0.397	1	0.0	1	0.9428	0.9432543815341764	-0.05958601427317077
6v44zezjk7c1zcphfa0gtc1c	1	2	168	12	1	Go	GW	1	0		0	0.0	0	0.9515	0.048794462885933046	-3.4725103426785537
6v44zezjk7c1zcphfa0gtc1c	1	2	170	13	1	Go	GW	1	1	0.561	1	1.0	0	0.9626	0.9611494317367311	-0.04021263197848305
6v44zezjk7c1zcphfa0gtc1c	1	2	175	14	1	Go	GW	1	1	0.609	1	0.0	1	0.9423	0.9406790748834591	-0.06292000963049663
6v44zezjk7c1zcphfa0gtc1c	1	2	178	15	1	Go	GW	1	1	0.63	1	0.0	1	0.9532	0.9563036269995743	-0.04545221683421869
6v44zezjk7c1zcphfa0gtc1c	1	2	182	16	1	Go	GW	1	1	0.51	1	0.0	1	0.9628	0.9632775653559676	-0.03799811667708951
6v44zezjk7c1zcphfa0gtc1c	1	2	186	17	1	Go	GW	1	1	0.594	1	0.0	1	0.9674	0.9674914177176128	-0.03355438182428775
6v44zezjk7c1zcphfa0gtc1c	1	2	191	18	1	Go	GW	1	1	0.456	1	0.0	1	0.9676	0.9703126740018819	-0.030606700925418687
6v44zezjk7c1zcphfa0gtc1c	1	2	193	19	1	Go	GW	1	1	0.836	1	0.0	1	0.9724	0.9723063640251758	-0.028538951904804533
6v44zezjk7c1zcphfa0gtc1c	1	2	198	20	1	Go	GW	1	1	0.496	1	1.0	0	0.9746	0.9737647471326032	-0.027035597285267544
6v44zezjk7c1zcphfa0gtc1c	1	2	201	21	1	Go	GW	1	1	0.661	1	0.0	1	0.9581	0.9565669250338026	-0.04624550591092133
6v44zezjk7c1zcphfa0gtc1c	1	2	207	22	1	Go	GW	1	1	0.576	1	0.0	1	0.9649	0.967405547617921	-0.03386937626199861
6v44zezjk7c1zcphfa0gtc1c	1	2	211	23	1	Go	GW	1	1	0.698	1	0.0	1	0.9726	0.9713677843315394	-0.029617746314947912
6v44zezjk7c1zcphfa0gtc1c	1	2	215	24	1	Go	GW	1	1	0.595	1	0.0	1	0.9727	0.9735425872052956	-0.027325883342063984
6v44zezjk7c1zcphfa0gtc1c	1	2	219	25	1	Go	GW	1	1	0.531	1	1.0	0	0.9801	0.9749268671193724	-0.025883144733820106
6v44zezjk7c1zcphfa0gtc1c	1	2	221	26	1	Go	GW	1	1	0.558	1	0.0	1	0.9589	0.9579190318602756	-0.044964206534632234
6v44zezjk7c1zcphfa0gtc1c	1	2	228	27	1	Go	GW	1	1	0.527	1	1.0	0	0.9684	0.96865491413982	-0.0326338044778343
6v44zezjk7c1zcphfa0gtc1c	1	2	230	28	1	Go	GW	1	0		0	0.0	0	0.9488	0.05077563289301664	-4.516242221510712
6v44zezjk7c1zcphfa0gtc1c	1	2	233	29	1	Go	GW	1	1	0.668	1	0.0	1	0.9614	0.9591753427986074	-0.04332101478490123
6v44zezjk7c1zcphfa0gtc1c	1	2	240	30	1	Go	GW	1	1	0.678	1	0.0	1	0.9719	0.971413083586275	-0.02960822729613106
6v44zezjk7c1zcphfa0gtc1c	1	2	123	1	0	No-Go	NGAL	0	0		1	1.0	0	0.5928	0.40730841907278237	-0.9141044076871995
6v44zezjk7c1zcphfa0gtc1c	1	2	125	2	0	No-Go	NGAL	0	1	0.797	0	0.0	0	0.6094	0.6027289707508444	-0.513278329942452
6v44zezjk7c1zcphfa0gtc1c	1	2	132	3	0	No-Go	NGAL	0	1	1.121	0	0.0	0	0.5426	0.5475373774864901	-0.6088648817901137
6v44zezjk7c1zcphfa0gtc1c	1	2	134	4	0	No-Go	NGAL	0	0		1	0.0	1	0.4961	0.5028762634323364	-0.6957816511224202
6v44zezjk7c1zcphfa0gtc1c	1	2	137	5	0	No-Go	NGAL	0	0		1	0.0	1	0.4397	0.560194757953769	-0.5897922636945968
6v44zezjk7c1zcphfa0gtc1c	1	2	141	6	0	No-Go	NGAL	0	1	1.316	0	0.0	0	0.3979	0.3909845344202204	-0.975206734967109
6v44zezjk7c1zcphfa0gtc1c	1	2	148	7	0	No-Go	NGAL	0	0		1	0.0	1	0.3549	0.6506314940483415	-0.4399613435925486
6v44zezjk7c1zcphfa0gtc1c	1	2	150	8	0	No-Go	NGAL	0	0		1	1.0	0	0.3	0.6902589235213406	-0.38013547329159675
6v44zezjk7c1zcphfa0gtc1c	1	2	156	9	0	No-Go	NGAL	0	0		1	0.0	1	0.3192	0.6799751010616709	-0.3944464248471582
6v44zezjk7c1zcphfa0gtc1c	1	2	159	10	0	No-Go	NGAL	0	0		1	0.0	1	0.2892	0.7161195535289083	-0.3420120267676409
6v44zezjk7c1zcphfa0gtc1c	1	2	164	11	0	No-Go	NGAL	0	0		1	0.0	1	0.2582	0.7469955548492415	-0.29878646872498643
6v44zezjk7c1zcphfa0gtc1c	1	2	165	12	0	No-Go	NGAL	0	0		1	0.0	1	0.2211	0.7736197809859899	-0.26269470120716537
6v44zezjk7c1zcphfa0gtc1c	1	2	172	13	0	No-Go	NGAL	0	0		1	0.0	1	0.2017	0.7966877898584341	-0.23232372088760328
6v44zezjk7c1zcphfa0gtc1c	1	2	176	14	0	No-Go	NGAL	0	0		1	0.0	1	0.188	0.8167342497460742	-0.20661673448946238
6v44zezjk7c1zcphfa0gtc1c	1	2	177	15	0	No-Go	NGAL	0	0		1	1.0	0	0.1651	0.8341938241344052	-0.18475065604561153
6v44zezjk7c1zcphfa0gtc1c	1	2	183	16	0	No-Go	NGAL	0	0		1	0.0	1	0.177	0.8261982851637139	-0.19431154353728355
6v44zezjk7c1zcphfa0gtc1c	1	2	188	17	0	No-Go	NGAL	0	0		1	0.0	1	0.1567	0.843120574421749	-0.17350968502839112
6v44zezjk7c1zcphfa0gtc1c	1	2	189	18	0	No-Go	NGAL	0	0		1	0.0	1	0.1385	0.8575866336730276	-0.1560660420970513
6v44zezjk7c1zcphfa0gtc1c	1	2	194	19	0	No-Go	NGAL	0	0		1	1.0	0	0.1306	0.8701005012366082	-0.14122445829683092
6v44zezjk7c1zcphfa0gtc1c	1	2	200	20	0	No-Go	NGAL	0	0		1	0.0	1	0.1328	0.8629277282329294	-0.149656843228504
6v44zezjk7c1zcphfa0gtc1c	1	2	202	21	0	No-Go	NGAL	0	0		1	0.0	1	0.1267	0.8754204539310689	-0.1349174848343092
6v44zezjk7c1zcphfa0gtc1c	1	2	206	22	0	No-Go	NGAL	0	0		1	0.0	1	0.1154	0.8859969997639516	-0.12266653333794035
6v44zezjk7c1zcphfa0gtc1c	1	2	212	23	0	No-Go	NGAL	0	0		1	0.0	1	0.1085	0.8951138421253941	-0.11224651095063803
6v44zezjk7c1zcphfa0gtc1c	1	2	216	24	0	No-Go	NGAL	0	0		1	1.0	0	0.096	0.9030464641226028	-0.10328495989149616
6v44zezjk7c1zcphfa0gtc1c	1	2	220	25	0	No-Go	NGAL	0	0		1	0.0	1	0.1048	0.8968618226887498	-0.11045449591907078
6v44zezjk7c1zcphfa0gtc1c	1	2	224	26	0	No-Go	NGAL	0	1	1.036	0	1.0	1	0.098	0.09475665989000705	-2.4786696620110322
6v44zezjk7c1zcphfa0gtc1c	1	2	226	27	0	No-Go	NGAL	0	0		1	0.0	1	0.123	0.8751819706242746	-0.138110986668738
6v44zezjk7c1zcphfa0gtc1c	1	2	232	28	0	No-Go	NGAL	0	0		1	0.0	1	0.1185	0.8839044579415122	-0.12768071257682123
6v44zezjk7c1zcphfa0gtc1c	1	2	235	29	0	No-Go	NGAL	0	0		1	0.0	1	0.1092	0.891330819131658	-0.11912053801320374
6v44zezjk7c1zcphfa0gtc1c	1	2	239	30	0	No-Go	NGAL	0	0		1	0.0	1	0.1054	0.897752628243801	-0.11188352271523494
6v44zezjk7c1zcphfa0gtc1c	1	1	4	1	0	No-Go	NGAL	0	0		1	1.0	0	0.5913	0.40730841907278237	-0.9141044076871995
6v44zezjk7c1zcphfa0gtc1c	1	1	8	2	0	No-Go	NGAL	0	0		1	0.0	1	0.6018	0.39727102924915564	-0.9402323818241185
6v44zezjk7c1zcphfa0gtc1c	1	1	10	3	0	No-Go	NGAL	0	0		1	0.0	1	0.5426	0.4537736738364652	-0.7999691896654538
6v44zezjk7c1zcphfa0gtc1c	1	1	15	4	0	No-Go	NGAL	0	1	0.832	0	0.0	0	0.4934	0.49489750973858854	-0.7130124125421474
6v44zezjk7c1zcphfa0gtc1c	1	1	20	5	0	No-Go	NGAL	0	1	1.324	0	0.0	0	0.4389	0.4389722430839938	-0.8451403265448115
6v44zezjk7c1zcphfa0gtc1c	1	1	22	6	0	No-Go	NGAL	0	0		1	0.0	1	0.3837	0.6090154655797796	-0.5068204372867781
6v44zezjk7c1zcphfa0gtc1c	1	1	28	7	0	No-Go	NGAL	0	1	1.219	0	0.0	0	0.3511	0.34884008368154457	-1.1025525776179712
6v44zezjk7c1zcphfa0gtc1c	1	1	32	8	0	No-Go	NGAL	0	1	0.868	0	1.0	1	0.308	0.30974107647865956	-1.2365321337776443
6v44zezjk7c1zcphfa0gtc1c	1	1	34	9	0	No-Go	NGAL	0	1	1.308	0	0.0	0	0.3716	0.3707699007006841	-1.011526781286247
6v44zezjk7c1zcphfa0gtc1c	1	1	37	10	0	No-Go	NGAL	0	0		1	0.0	1	0.3303	0.6746328007224838	-0.4007750171162874
6v44zezjk7c1zcphfa0gtc1c	1	1	44	11	0	No-Go	NGAL	0	1	1.258	0	0.0	0	0.2889	0.28995737313588527	-1.2810854588573486
6v44zezjk7c1zcphfa0gtc1c	1	1	45	12	0	No-Go	NGAL	0	0		1	0.0	1	0.2591	0.744830633309734	-0.3008634797668581
6v44zezjk7c1zcphfa0gtc1c	1	1	50	13	0	No-Go	NGAL	0	0		1	0.0	1	0.2327	0.7728084164347493	-0.26312625129168477
6v44zezjk7c1zcphfa0gtc1c	1	1	56	14	0	No-Go	NGAL	0	1	0.541	0	0.0	0	0.1958	0.20311346798382796	-1.6703053486946677
6v44zezjk7c1zcphfa0gtc1c	1	1	60	15	0	No-Go	NGAL	0	0		1	1.0	0	0.1799	0.821368037361122	-0.20083244477896575
6v44zezjk7c1zcphfa0gtc1c	1	1	61	16	0	No-Go	NGAL	0	1	0.691	0	0.0	0	0.1814	0.18653491125001045	-1.7571444369695248
6v44zezjk7c1zcphfa0gtc1c	1	1	65	17	0	No-Go	NGAL	0	0		1	0.0	1	0.1675	0.8347314181124621	-0.18402456432257372
6v44zezjk7c1zcphfa0gtc1c	1	1	69	18	0	No-Go	NGAL	0	1	1.166	0	0.0	0	0.1433	0.1467443417028122	-2.01954282339886
6v44zezjk7c1zcphfa0gtc1c	1	1	74	19	0	No-Go	NGAL	0	0		1	1.0	0	0.1291	0.8695064856246619	-0.14227453492915676
6v44zezjk7c1zcphfa0gtc1c	1	1	79	20	0	No-Go	NGAL	0	0		1	0.0	1	0.1392	0.8630665004895538	-0.14985339943146894
6v44zezjk7c1zcphfa0gtc1c	1	1	82	21	0	No-Go	NGAL	0	0		1	0.0	1	0.1218	0.8786917472627749	-0.13144135729195724
6v44zezjk7c1zcphfa0gtc1c	1	1	85	22	0	No-Go	NGAL	0	1	1.043	0	0.0	0	0.1018	0.10840148939261744	-2.344537256354205
6v44zezjk7c1zcphfa0gtc1c	1	1	92	23	0	No-Go	NGAL	0	0		1	0.0	1	0.0922	0.9032308393414159	-0.10330380627898532
6v44zezjk7c1zcphfa0gtc1c	1	1	93	24	0	No-Go	NGAL	0	0		1	1.0	0	0.0869	0.9130266907972955	-0.09229027268361138
6v44zezjk7c1zcphfa0gtc1c	1	1	97	25	0	No-Go	NGAL	0	0		1	0.0	1	0.0976	0.9079655649797959	-0.09804535248412528
6v44zezjk7c1zcphfa0gtc1c	1	1	101	26	0	No-Go	NGAL	0	0		1	1.0	0	0.0803	0.9175774646099372	-0.08721961697051209
6v44zezjk7c1zcphfa0gtc1c	1	1	108	27	0	No-Go	NGAL	0	1	0.714	0	0.0	0	0.0856	0.08746694710723955	-2.5913878186473567
6v44zezjk7c1zcphfa0gtc1c	1	1	109	28	0	No-Go	NGAL	0	0		1	0.0	1	0.0809	0.9213162750587506	-0.08335732870746693
6v44zezjk7c1zcphfa0gtc1c	1	1	115	29	0	No-Go	NGAL	0	1	1.164	0	0.0	0	0.0697	0.07023856992208105	-2.8302291296516984
6v44zezjk7c1zcphfa0gtc1c	1	1	117	30	0	No-Go	NGAL	0	1	0.595	0	0.0	0	0.0668	0.0635046710993849	-2.9478782994886474
6v44zezjk7c1zcphfa0gtc1c	1	1	3	1	1	Go	GW	1	1	0.669	1	0.0	1	0.5441	0.5406680493161491	-0.6581249972067553
6v44zezjk7c1zcphfa0gtc1c	1	1	7	2	1	Go	GW	1	1	0.86	1	0.0	1	0.7334	0.7352333118035322	-0.32089013679180084
6v44zezjk7c1zcphfa0gtc1c	1	1	12	3	1	Go	GW	1	1	0.825	1	0.0	1	0.8277	0.8301508249445878	-0.19341730803168566
6v44zezjk7c1zcphfa0gtc1c	1	1	13	4	1	Go	GW	1	1	0.597	1	1.0	0	0.8812	0.8806920997982098	-0.13120348370509888
6v44zezjk7c1zcphfa0gtc1c	1	1	18	5	1	Go	GW	1	1	0.908	1	0.0	1	0.84	0.8403954838603931	-0.17908236119339366
6v44zezjk7c1zcphfa0gtc1c	1	1	23	6	1	Go	GW	1	1	0.772	1	0.0	1	0.8889	0.8913033121401146	-0.11826444108624569
6v44zezjk7c1zcphfa0gtc1c	1	1	26	7	1	Go	GW	1	1	0.874	1	0.0	1	0.9186	0.9176371647139955	-0.08803765349508105
6v44zezjk7c1zcphfa0gtc1c	1	1	31	8	1	Go	GW	1	1	0.682	1	1.0	0	0.9306	0.9337069036485969	-0.07003762051877403
6v44zezjk7c1zcphfa0gtc1c	1	1	33	9	1	Go	GW	1	1	0.656	1	0.0	1	0.9033	0.9032229769408093	-0.1056330600224315
6v44zezjk7c1zcphfa0gtc1c	1	1	39	10	1	Go	GW	1	1	0.745	1	0.0	1	0.9323	0.9303162197600006	-0.07383196639661709
6v44zezjk7c1zcphfa0gtc1c	1	1	42	11	1	Go	GW	1	1	0.673	1	0.0	1	0.9396	0.9432543815341764	-0.05958601427317077
6v44zezjk7c1zcphfa0gtc1c	1	1	46	12	1	Go	GW	1	1	0.642	1	0.0	1	0.9508	0.951205537114067	-0.05099658811996127
6v44zezjk7c1zcphfa0gtc1c	1	1	51	13	1	Go	GW	1	1	0.625	1	1.0	0	0.9557	0.9565358066681482	-0.04531803995228997
6v44zezjk7c1zcphfa0gtc1c	1	1	54	14	1	Go	GW	1	1	0.617	1	0.0	1	0.9306	0.9311501710558813	-0.07527611584477392
6v44zezjk7c1zcphfa0gtc1c	1	1	59	15	1	Go	GW	1	1	0.571	1	0.0	1	0.9499	0.9492585416016969	-0.05342297513361307
6v44zezjk7c1zcphfa0gtc1c	1	1	64	16	1	Go	GW	1	1	0.609	1	0.0	1	0.9586	0.9566199341137188	-0.04537173892469652
6v44zezjk7c1zcphfa0gtc1c	1	1	66	17	1	Go	GW	1	1	0.531	1	0.0	1	0.9599	0.9608976104202138	-0.040807502481987085
6v44zezjk7c1zcphfa0gtc1c	1	1	72	18	1	Go	GW	1	1	0.621	1	0.0	1	0.964	0.9637146243026736	-0.03784460184624394
6v44zezjk7c1zcphfa0gtc1c	1	1	76	19	1	Go	GW	1	1	0.625	1	0.0	1	0.9645	0.9656919518168348	-0.03578595617102723
6v44zezjk7c1zcphfa0gtc1c	1	1	78	20	1	Go	GW	1	1	0.579	1	1.0	0	0.9668	0.9671354617950519	-0.03429488455044331
6v44zezjk7c1zcphfa0gtc1c	1	1	83	21	1	Go	GW	1	1	0.612	1	0.0	1	0.9383	0.9444619450094844	-0.06144688996465933
6v44zezjk7c1zcphfa0gtc1c	1	1	87	22	1	Go	GW	1	1	0.61	1	0.0	1	0.9593	0.9588402181613593	-0.04348128518498419
6v44zezjk7c1zcphfa0gtc1c	1	1	89	23	1	Go	GW	1	1	0.558	1	0.0	1	0.965	0.9637438217961067	-0.03802789661358635
6v44zezjk7c1zcphfa0gtc1c	1	1	96	24	1	Go	GW	1	1	0.587	1	0.0	1	0.9667	0.9663108020179552	-0.03526160658751185
6v44zezjk7c1zcphfa0gtc1c	1	1	100	25	1	Go	GW	1	1	0.623	1	1.0	0	0.9676	0.967897182943569	-0.03358276229492392
6v44zezjk7c1zcphfa0gtc1c	1	1	104	26	1	Go	GW	1	1	0.526	1	0.0	1	0.9463	0.9452965341638941	-0.06077952493089676
6v44zezjk7c1zcphfa0gtc1c	1	1	107	27	1	Go	GW	1	1	0.65	1	1.0	0	0.9606	0.9597659873502465	-0.04260862841863196
6v44zezjk7c1zcphfa0gtc1c	1	1	111	28	1	Go	GW	1	1	0.622	1	0.0	1	0.9345	0.9343455298196842	-0.07417471834738917
6v44zezjk7c1zcphfa0gtc1c	1	1	116	29	1	Go	GW	1	1	0.526	1	0.0	1	0.9521	0.9546910415346183	-0.04823014845530865
6v44zezjk7c1zcphfa0gtc1c	1	1	118	30	1	Go	GW	1	1	0.549	1	0.0	1	0.9592	0.9616524763193971	-0.04037680777847262
6v44zezjk7c1zcphfa0gtc1c	1	1	2	1	1	No-Go	NGW	0	1	0.848	0	1.0	1	0.5438	0.5406680493161491	-0.6581249972067553
6v44zezjk7c1zcphfa0gtc1c	1	1	5	2	1	No-Go	NGW	0	1	0.782	0	0.0	0	0.7381	0.7352333118035322	-0.32089013679180084
6v44zezjk7c1zcphfa0gtc1c	1	1	9	3	1	No-Go	NGW	0	1	0.836	0	0.0	0	0.6926	0.6782613661371308	-0.39970374538803843
6v44zezjk7c1zcphfa0gtc1c	1	1	14	4	1	No-Go	NGW	0	1	0.871	0	0.0	0	0.625	0.6195786778759279	-0.48981513181071396
6v44zezjk7c1zcphfa0gtc1c	1	1	17	5	1	No-Go	NGW	0	0		1	0.0	1	0.5654	0.43695707649910065	-0.8487737795200936
6v44zezjk7c1zcphfa0gtc1c	1	1	21	6	1	No-Go	NGW	0	0		1	0.0	1	0.5098	0.4928818673953756	-0.7268261630895109
6v44zezjk7c1zcphfa0gtc1c	1	1	27	7	1	No-Go	NGW	0	0		1	0.0	1	0.4504	0.5424277816096545	-0.6293669945342609
6v44zezjk7c1zcphfa0gtc1c	1	1	29	8	1	No-Go	NGW	0	0		1	1.0	0	0.4149	0.5864919423285825	-0.5490259421290246
6v44zezjk7c1zcphfa0gtc1c	1	1	36	9	1	No-Go	NGW	0	0		1	0.0	1	0.4866	0.5171901955280516	-0.6732589050095222
6v44zezjk7c1zcphfa0gtc1c	1	1	38	10	1	No-Go	NGW	0	0		1	0.0	1	0.428	0.5675489006768135	-0.5791049995520159
6v44zezjk7c1zcphfa0gtc1c	1	1	43	11	1	No-Go	NGW	0	0		1	0.0	1	0.3877	0.610975928437745	-0.5042685021067349
6v44zezjk7c1zcphfa0gtc1c	1	1	48	12	1	No-Go	NGW	0	0		1	1.0	0	0.3455	0.6488796613501271	-0.44262733873746685
6v44zezjk7c1zcphfa0gtc1c	1	1	49	13	1	No-Go	NGW	0	0		1	0.0	1	0.418	0.5785492106051058	-0.5585462525872346
6v44zezjk7c1zcphfa0gtc1c	1	1	53	14	1	No-Go	NGW	0	0		1	0.0	1	0.3758	0.6240121637071555	-0.4807039993195008
6v44zezjk7c1zcphfa0gtc1c	1	1	58	15	1	No-Go	NGW	0	0		1	0.0	1	0.3418	0.6624390985297398	-0.41993113882175115
6v44zezjk7c1zcphfa0gtc1c	1	1	62	16	1	No-Go	NGW	0	0		1	0.0	1	0.3013	0.69546490077744	-0.37027027291917725
6v44zezjk7c1zcphfa0gtc1c	1	1	68	17	1	No-Go	NGW	0	0		1	0.0	1	0.2779	0.7241467926452652	-0.328886818122569
6v44zezjk7c1zcphfa0gtc1c	1	1	71	18	1	No-Go	NGW	0	0		1	0.0	1	0.2542	0.749202572041253	-0.2940146087669174
6v44zezjk7c1zcphfa0gtc1c	1	1	75	19	1	No-Go	NGW	0	0		1	0.0	1	0.2319	0.7711675977595349	-0.2644056597322731
6v44zezjk7c1zcphfa0gtc1c	1	1	80	20	1	No-Go	NGW	0	0		1	1.0	0	0.2061	0.7904683982043932	-0.23911906691821938
6v44zezjk7c1zcphfa0gtc1c	1	1	84	21	1	No-Go	NGW	0	0		1	0.0	1	0.2729	0.7267587603061669	-0.3290164721909332
6v44zezjk7c1zcphfa0gtc1c	1	1	86	22	1	No-Go	NGW	0	0		1	0.0	1	0.2439	0.7561861210953436	-0.2857420819688802
6v44zezjk7c1zcphfa0gtc1c	1	1	90	23	1	No-Go	NGW	0	0		1	0.0	1	0.2179	0.7800549645212227	-0.2534468622956664
6v44zezjk7c1zcphfa0gtc1c	1	1	94	24	1	No-Go	NGW	0	0		1	0.0	1	0.1996	0.799995091414941	-0.22753169898187664
6v44zezjk7c1zcphfa0gtc1c	1	1	99	25	1	No-Go	NGW	0	0		1	1.0	0	0.1795	0.8169693006000758	-0.20608342129613882
6v44zezjk7c1zcphfa0gtc1c	1	1	102	26	1	No-Go	NGW	0	0		1	0.0	1	0.243	0.7562914119699371	-0.2932069485466961
6v44zezjk7c1zcphfa0gtc1c	1	1	106	27	1	No-Go	NGW	0	0		1	0.0	1	0.2164	0.7831949270646704	-0.25259437828189485
6v44zezjk7c1zcphfa0gtc1c	1	1	110	28	1	No-Go	NGW	0	0		1	0.0	1	0.2	0.8045596359730672	-0.2236667105308
6v44zezjk7c1zcphfa0gtc1c	1	1	113	29	1	No-Go	NGW	0	0		1	0.0	1	0.1795	0.8221056099063546	-0.20106085104768393
6v44zezjk7c1zcphfa0gtc1c	1	1	119	30	1	No-Go	NGW	0	0		1	1.0	0	0.1637	0.8368516961104128	-0.1826533597533012
6v44zezjk7c1zcphfa0gtc1c	1	1	1	1	0	Go	GAL	1	1	0.697	1	1.0	0	0.5869	0.5926915809272175	-0.5303244851963774
6v44zezjk7c1zcphfa0gtc1c	1	1	6	2	0	Go	GAL	1	0		0	0.0	0	0.5345	0.46292166381566874	-0.7806385896138229
6v44zezjk7c1zcphfa0gtc1c	1	1	11	3	0	Go	GAL	1	0		0	0.0	0	0.55	0.4524626225135099	-0.8027428706512727
6v44zezjk7c1zcphfa0gtc1c	1	1	16	4	0	Go	GAL	1	1	1.109	1	0.0	1	0.5526	0.5574464079352905	-0.5906670418280696
6v44zezjk7c1zcphfa0gtc1c	1	1	19	5	0	Go	GAL	1	1	0.929	1	0.0	1	0.6101	0.6175478422097808	-0.49037061827151424
6v44zezjk7c1zcphfa0gtc1c	1	1	24	6	0	Go	GAL	1	0		0	0.0	0	0.6643	0.33355143385350927	-1.1516214343930335
6v44zezjk7c1zcphfa0gtc1c	1	1	25	7	0	Go	GAL	1	1	0.737	1	0.0	1	0.6788	0.6744047671232517	-0.4032131982684909
6v44zezjk7c1zcphfa0gtc1c	1	1	30	8	0	Go	GAL	1	1	1.386	1	0.0	1	0.7199	0.7145683622661952	-0.34478556084113793
6v44zezjk7c1zcphfa0gtc1c	1	1	35	9	0	Go	GAL	1	1	0.725	1	1.0	0	0.751	0.7485779658920985	-0.29723100984239775
6v44zezjk7c1zcphfa0gtc1c	1	1	40	10	0	Go	GAL	1	0		0	0.0	0	0.6976	0.3043186888210516	-1.2209547675628059
6v44zezjk7c1zcphfa0gtc1c	1	1	41	11	0	Go	GAL	1	1	0.525	1	1.0	0	0.7087	0.7031615919471885	-0.35797075692727964
6v44zezjk7c1zcphfa0gtc1c	1	1	47	12	0	Go	GAL	1	0		0	0.0	0	0.6386	0.35050980863988296	-1.066712358066737
6v44zezjk7c1zcphfa0gtc1c	1	1	52	13	0	Go	GAL	1	0		0	0.0	0	0.6612	0.3425582803990617	-1.0927054317591889
6v44zezjk7c1zcphfa0gtc1c	1	1	55	14	0	Go	GAL	1	1	0.817	1	0.0	1	0.6714	0.6650198182046227	-0.4138520618885089
6v44zezjk7c1zcphfa0gtc1c	1	1	57	15	0	Go	GAL	1	1	0.694	1	0.0	1	0.7109	0.7128814353829919	-0.3450022966082427
6v44zezjk7c1zcphfa0gtc1c	1	1	63	16	0	Go	GAL	1	0		0	0.0	0	0.7454	0.2493988955813777	-1.4690427441238196
6v44zezjk7c1zcphfa0gtc1c	1	1	67	17	0	Go	GAL	1	0		0	1.0	1	0.7559	0.24362444288838864	-1.5007917555539876
6v44zezjk7c1zcphfa0gtc1c	1	1	70	18	0	Go	GAL	1	1	0.675	1	0.0	1	0.7032	0.7102089875787709	-0.3479305723507728
6v44zezjk7c1zcphfa0gtc1c	1	1	73	19	0	Go	GAL	1	0		0	0.0	0	0.7438	0.2546995427268682	-1.417763481605533
6v44zezjk7c1zcphfa0gtc1c	1	1	77	20	0	Go	GAL	1	0		0	0.0	0	0.7532	0.24781339847779033	-1.4570768687174718
6v44zezjk7c1zcphfa0gtc1c	1	1	81	21	0	Go	GAL	1	1	0.789	1	0.0	1	0.759	0.7585248588491298	-0.28262153047314137
6v44zezjk7c1zcphfa0gtc1c	1	1	88	22	0	Go	GAL	1	0		0	0.0	0	0.7867	0.21333583881358012	-1.6332915631320168
6v44zezjk7c1zcphfa0gtc1c	1	1	91	23	0	Go	GAL	1	0		0	0.0	0	0.7917	0.20798956348368192	-1.673562317962865
6v44zezjk7c1zcphfa0gtc1c	1	1	95	24	0	Go	GAL	1	0		0	1.0	1	0.7971	0.20295920069947562	-1.7131623543765448
6v44zezjk7c1zcphfa0gtc1c	1	1	98	25	0	Go	GAL	1	1	1.118	1	0.0	1	0.762	0.7588369931009602	-0.2818931672344415
6v44zezjk7c1zcphfa0gtc1c	1	1	103	26	0	Go	GAL	1	0		0	0.0	0	0.7824	0.215006160776771	-1.614060823942737
6v44zezjk7c1zcphfa0gtc1c	1	1	105	27	0	Go	GAL	1	1	0.564	1	1.0	0	0.7897	0.7910455922555276	-0.23983847960679905
6v44zezjk7c1zcphfa0gtc1c	1	1	112	28	0	Go	GAL	1	1	1.041	1	0.0	1	0.7406	0.7361285530756267	-0.3138036970786241
6v44zezjk7c1zcphfa0gtc1c	1	1	114	29	0	Go	GAL	1	1	1.02	1	0.0	1	0.7716	0.7696524128165423	-0.2673165411231919
6v44zezjk7c1zcphfa0gtc1c	1	1	120	30	0	Go	GAL	1	1	0.777	1	0.0	1	0.8043	0.7965296888377009	-0.2321260019988553
73axljwbabsrpj8gvfh5dabg	1	1	4	1	1	No-Go	NGW	0	1	0.879	0	0.0	0	0.5308	0.5370864537856788	-0.6619255272136255
73axljwbabsrpj8gvfh5dabg	1	1	6	2	1	No-Go	NGW	0	0		1	1.0	0	0.3574	0.6345020376903363	-0.4781857194489106
73axljwbabsrpj8gvfh5dabg	1	1	11	3	1	No-Go	NGW	0	0		1	0.0	1	0.5332	0.4629135462143213	-0.8230080349172695
73axljwbabsrpj8gvfh5dabg	1	1	14	4	1	No-Go	NGW	0	0		1	0.0	1	0.3587	0.6467318241930624	-0.4581015315210824
73axljwbabsrpj8gvfh5dabg	1	1	17	5	1	No-Go	NGW	0	0		1	0.0	1	0.2154	0.7850695186429688	-0.25188108306663404
73axljwbabsrpj8gvfh5dabg	1	1	24	6	1	No-Go	NGW	0	0		1	0.0	1	0.1292	0.8728566836157966	-0.1403420283803552
73axljwbabsrpj8gvfh5dabg	1	1	26	7	1	No-Go	NGW	0	0		1	0.0	1	0.0765	0.924541177836581	-0.08036496884436353
73axljwbabsrpj8gvfh5dabg	1	1	32	8	1	No-Go	NGW	0	0		1	0.0	1	0.0432	0.9543568938896564	-0.047562114504881854
73axljwbabsrpj8gvfh5dabg	1	1	33	9	1	No-Go	NGW	0	0		1	0.0	1	0.0283	0.9716702613159274	-0.029122102308862616
73axljwbabsrpj8gvfh5dabg	1	1	37	10	1	No-Go	NGW	0	0		1	1.0	0	0.0155	0.9819151861234019	-0.01842998476983373
73axljwbabsrpj8gvfh5dabg	1	1	44	11	1	No-Go	NGW	0	0		1	0.0	1	0.0456	0.9567180404394887	-0.0448325952171157
73axljwbabsrpj8gvfh5dabg	1	1	46	12	1	No-Go	NGW	0	0		1	0.0	1	0.0249	0.9732870962488316	-0.02734854835547855
73axljwbabsrpj8gvfh5dabg	1	1	49	13	1	No-Go	NGW	0	0		1	0.0	1	0.018	0.9829855370835887	-0.017291920711336298
73axljwbabsrpj8gvfh5dabg	1	1	56	14	1	No-Go	NGW	0	0		1	0.0	1	0.0101	0.9888261367454132	-0.01130208315072432
73axljwbabsrpj8gvfh5dabg	1	1	58	15	1	No-Go	NGW	0	0		1	1.0	0	0.0075	0.9924455234868478	-0.007616919046310704
73axljwbabsrpj8gvfh5dabg	1	1	61	16	1	No-Go	NGW	0	0		1	1.0	0	0.021	0.9802600212884279	-0.02007925364124581
73axljwbabsrpj8gvfh5dabg	1	1	66	17	1	No-Go	NGW	0	0		1	0.0	1	0.0478	0.9506878241514404	-0.05133014063950566
73axljwbabsrpj8gvfh5dabg	1	1	69	18	1	No-Go	NGW	0	0		1	0.0	1	0.0289	0.9705066002184484	-0.030219754170289558
73axljwbabsrpj8gvfh5dabg	1	1	76	19	1	No-Go	NGW	0	0		1	0.0	1	0.0194	0.9816520660638778	-0.01864224993962369
73axljwbabsrpj8gvfh5dabg	1	1	79	20	1	No-Go	NGW	0	0		1	0.0	1	0.0126	0.9881547387157874	-0.01197566906792343
73axljwbabsrpj8gvfh5dabg	1	1	84	21	1	No-Go	NGW	0	0		1	0.0	1	0.0073	0.992089074505349	-0.007973021808927611
73axljwbabsrpj8gvfh5dabg	1	1	86	22	1	No-Go	NGW	0	0		1	0.0	1	0.0054	0.9945507621992219	-0.005480670721559613
73axljwbabsrpj8gvfh5dabg	1	1	92	23	1	No-Go	NGW	0	0		1	1.0	0	0.0031	0.9961387394664308	-0.0038780532690818495
73axljwbabsrpj8gvfh5dabg	1	1	96	24	1	No-Go	NGW	0	0		1	0.0	1	0.0129	0.9890230488956729	-0.011097552154973454
73axljwbabsrpj8gvfh5dabg	1	1	99	25	1	No-Go	NGW	0	0		1	0.0	1	0.0067	0.9927008267397812	-0.007354529796486931
73axljwbabsrpj8gvfh5dabg	1	1	101	26	1	No-Go	NGW	0	0		1	0.0	1	0.0051	0.9949768196673998	-0.005050763586066876
73axljwbabsrpj8gvfh5dabg	1	1	106	27	1	No-Go	NGW	0	0		1	0.0	1	0.003	0.9964357764739178	-0.003578909360203314
73axljwbabsrpj8gvfh5dabg	1	1	111	28	1	No-Go	NGW	0	0		1	0.0	1	0.0017	0.9974003829871373	-0.0026078893893646373
73axljwbabsrpj8gvfh5dabg	1	1	113	29	1	No-Go	NGW	0	0		1	1.0	0	0.0019	0.9980558759533847	-0.0019490212678486027
73axljwbabsrpj8gvfh5dabg	1	1	118	30	1	No-Go	NGW	0	0		1	0.0	1	0.0079	0.99403095512828	-0.0060137492295742265
73axljwbabsrpj8gvfh5dabg	1	1	1	1	1	Go	GW	1	1	1.487	1	0.0	1	0.5323	0.5370864537856788	-0.6619255272136255
73axljwbabsrpj8gvfh5dabg	1	1	5	2	1	Go	GW	1	1	0.783	1	0.0	1	0.8084	0.8124568245603099	-0.21584540979844088
73axljwbabsrpj8gvfh5dabg	1	1	10	3	1	Go	GW	1	1	0.649	1	0.0	1	0.9304	0.9259489941830141	-0.07937156215922091
73axljwbabsrpj8gvfh5dabg	1	1	16	4	1	Go	GW	1	1	0.715	1	1.0	0	0.9666	0.9677930439962034	-0.03347688082867372
73axljwbabsrpj8gvfh5dabg	1	1	18	5	1	Go	GW	1	1	0.555	1	0.0	1	0.9256	0.924981098309701	-0.0807706927383332
73axljwbabsrpj8gvfh5dabg	1	1	23	6	1	Go	GW	1	1	0.474	1	0.0	1	0.9694	0.9671017349061319	-0.03430825018895683
73axljwbabsrpj8gvfh5dabg	1	1	27	7	1	Go	GW	1	1	0.469	1	1.0	0	0.9851	0.9840445616448553	-0.01636554025419861
73axljwbabsrpj8gvfh5dabg	1	1	30	8	1	Go	GW	1	1	0.49	1	0.0	1	0.9615	0.9598077226946198	-0.04236226238195579
73axljwbabsrpj8gvfh5dabg	1	1	34	9	1	Go	GW	1	1	0.581	1	0.0	1	0.9813	0.981000846340428	-0.019596268252924525
73axljwbabsrpj8gvfh5dabg	1	1	38	10	1	Go	GW	1	1	0.561	1	0.0	1	0.9902	0.9901337267789804	-0.010058364771364068
73axljwbabsrpj8gvfh5dabg	1	1	41	11	1	Go	GW	1	1	0.45	1	0.0	1	0.994	0.9944499793218543	-0.00561985389278475
73axljwbabsrpj8gvfh5dabg	1	1	47	12	1	Go	GW	1	1	0.434	1	0.0	1	0.9958	0.9966543905135211	-0.003373750592163803
73axljwbabsrpj8gvfh5dabg	1	1	50	13	1	Go	GW	1	1	0.487	1	0.0	1	0.9981	0.9978562112744501	-0.0021562154432289886
73axljwbabsrpj8gvfh5dabg	1	1	55	14	1	Go	GW	1	1	0.473	1	0.0	1	0.9981	0.9985489092458072	-0.0014570652923040904
73axljwbabsrpj8gvfh5dabg	1	1	60	15	1	Go	GW	1	1	0.424	1	1.0	0	0.9987	0.9989677623609208	-0.0010353556701243193
73axljwbabsrpj8gvfh5dabg	1	1	62	16	1	Go	GW	1	1	0.566	1	0.0	1	0.9961	0.9965778420145809	-0.003450867089552863
73axljwbabsrpj8gvfh5dabg	1	1	67	17	1	Go	GW	1	1	0.433	1	0.0	1	0.9982	0.9978551069901117	-0.0021569148583206062
73axljwbabsrpj8gvfh5dabg	1	1	71	18	1	Go	GW	1	1	1.271	1	0.0	1	0.9983	0.998560997996229	-0.0014447401350866137
73axljwbabsrpj8gvfh5dabg	1	1	73	19	1	Go	GW	1	1	0.551	1	0.0	1	0.9989	0.9989786855360898	-0.001024348835304359
73axljwbabsrpj8gvfh5dabg	1	1	77	20	1	Go	GW	1	1	0.422	1	1.0	0	0.9995	0.9992392606579779	-0.0007624940006980186
73axljwbabsrpj8gvfh5dabg	1	1	82	21	1	Go	GW	1	1	0.439	1	0.0	1	0.997	0.9972505314407052	-0.002771955076437597
73axljwbabsrpj8gvfh5dabg	1	1	85	22	1	Go	GW	1	1	0.471	1	0.0	1	0.9985	0.9982648364617069	-0.0017441354015092661
73axljwbabsrpj8gvfh5dabg	1	1	91	23	1	Go	GW	1	1	0.633	1	1.0	0	0.9984	0.998817120268822	-0.0011871695510399908
73axljwbabsrpj8gvfh5dabg	1	1	95	24	1	Go	GW	1	1	0.689	1	0.0	1	0.9964	0.9957515966790746	-0.004306690517640886
73axljwbabsrpj8gvfh5dabg	1	1	98	25	1	Go	GW	1	1	0.531	1	0.0	1	0.9979	0.9975265956764028	-0.002492378973484435
73axljwbabsrpj8gvfh5dabg	1	1	104	26	1	Go	GW	1	1	0.426	1	0.0	1	0.9983	0.99841272383793	-0.0015951668729287057
73axljwbabsrpj8gvfh5dabg	1	1	105	27	1	Go	GW	1	1	0.694	1	0.0	1	0.9987	0.9989043677850783	-0.0010994839145844078
73axljwbabsrpj8gvfh5dabg	1	1	109	28	1	Go	GW	1	1	0.531	1	0.0	1	0.9992	0.9991984559514809	-0.0008036657193205692
73axljwbabsrpj8gvfh5dabg	1	1	116	29	1	Go	GW	1	1	0.489	1	0.0	1	0.9994	0.9993846853365379	-0.0006166047362574862
73axljwbabsrpj8gvfh5dabg	1	1	119	30	1	Go	GW	1	1	0.468	1	1.0	0	0.9993	0.9995080355891074	-0.0004928177876342985
73axljwbabsrpj8gvfh5dabg	1	1	3	1	0	Go	GAL	1	0		0	1.0	1	0.5535	0.450623067860203	-0.8160009881492551
73axljwbabsrpj8gvfh5dabg	1	1	7	2	0	Go	GAL	1	0		0	0.0	0	0.3704	0.6266053142861397	-0.4783569749646806
73axljwbabsrpj8gvfh5dabg	1	1	12	3	0	Go	GAL	1	1	0.733	1	0.0	1	0.4719	0.4700705654835265	-0.7750400209801652
73axljwbabsrpj8gvfh5dabg	1	1	13	4	0	Go	GAL	1	1	0.649	1	0.0	1	0.6432	0.6443006737719433	-0.4505004864110296
73axljwbabsrpj8gvfh5dabg	1	1	19	5	0	Go	GAL	1	1	0.67	1	0.0	1	0.7777	0.7762496786407788	-0.25957272938805526
73axljwbabsrpj8gvfh5dabg	1	1	22	6	0	Go	GAL	1	1	0.75	1	0.0	1	0.8551	0.8624242418706075	-0.15137776681852116
73axljwbabsrpj8gvfh5dabg	1	1	28	7	0	Go	GAL	1	1	0.863	1	1.0	0	0.9168	0.9150993183451086	-0.09043422973407529
73axljwbabsrpj8gvfh5dabg	1	1	29	8	0	Go	GAL	1	0		0	0.0	0	0.8226	0.18027503356693916	-1.7958346814450876
73axljwbabsrpj8gvfh5dabg	1	1	35	9	0	Go	GAL	1	0		0	0.0	0	0.8632	0.1344271918814264	-2.1786538706826435
73axljwbabsrpj8gvfh5dabg	1	1	39	10	0	Go	GAL	1	1	0.673	1	0.0	1	0.8961	0.8980461702728392	-0.11072647201737373
73axljwbabsrpj8gvfh5dabg	1	1	42	11	0	Go	GAL	1	1	0.639	1	0.0	1	0.9369	0.9389105883172805	-0.06449321001387848
73axljwbabsrpj8gvfh5dabg	1	1	48	12	0	Go	GAL	1	1	0.593	1	0.0	1	0.9618	0.9624874274216336	-0.038912055358560856
73axljwbabsrpj8gvfh5dabg	1	1	52	13	0	Go	GAL	1	1	0.573	1	1.0	0	0.9752	0.9763072494923778	-0.024301132972989976
73axljwbabsrpj8gvfh5dabg	1	1	54	14	0	Go	GAL	1	1	0.672	1	0.0	1	0.9471	0.9451211046274158	-0.0574999537173441
73axljwbabsrpj8gvfh5dabg	1	1	57	15	0	Go	GAL	1	1	0.451	1	0.0	1	0.9667	0.966371590977145	-0.034699871288407236
73axljwbabsrpj8gvfh5dabg	1	1	64	16	0	Go	GAL	1	1	0.581	1	0.0	1	0.9793	0.9787388943352034	-0.021728491946095586
73axljwbabsrpj8gvfh5dabg	1	1	65	17	0	Go	GAL	1	1	0.684	1	0.0	1	0.9875	0.9861380480383334	-0.014077985564272756
73axljwbabsrpj8gvfh5dabg	1	1	70	18	0	Go	GAL	1	1	0.489	1	1.0	0	0.9906	0.990693514311562	-0.009411722784214942
73axljwbabsrpj8gvfh5dabg	1	1	75	19	0	Go	GAL	1	1	0.761	1	0.0	1	0.9766	0.9765124051891722	-0.02401639314800998
73axljwbabsrpj8gvfh5dabg	1	1	80	20	0	Go	GAL	1	1	0.546	1	0.0	1	0.9854	0.9849197079941617	-0.015316538880894561
73axljwbabsrpj8gvfh5dabg	1	1	81	21	0	Go	GAL	1	1	0.621	1	0.0	1	0.9881	0.9899942131231093	-0.010118499233834384
73axljwbabsrpj8gvfh5dabg	1	1	88	22	0	Go	GAL	1	1	0.499	1	0.0	1	0.9934	0.9931572950529928	-0.0068996117637828945
73axljwbabsrpj8gvfh5dabg	1	1	90	23	0	Go	GAL	1	1	0.569	1	1.0	0	0.9953	0.9951883480498737	-0.0048418690663313835
73axljwbabsrpj8gvfh5dabg	1	1	94	24	0	Go	GAL	1	1	0.531	1	0.0	1	0.9869	0.9870052940815367	-0.013175169862126147
73axljwbabsrpj8gvfh5dabg	1	1	97	25	0	Go	GAL	1	1	0.52	1	0.0	1	0.9913	0.9913625163882425	-0.008722621820503361
73axljwbabsrpj8gvfh5dabg	1	1	102	26	0	Go	GAL	1	1	0.533	1	1.0	0	0.9942	0.9940671478197337	-0.0059759264364064105
73axljwbabsrpj8gvfh5dabg	1	1	107	27	0	Go	GAL	1	1	0.558	1	0.0	1	0.9849	0.983816177751813	-0.016471222143238408
73axljwbabsrpj8gvfh5dabg	1	1	112	28	0	Go	GAL	1	1	0.624	1	0.0	1	0.9893	0.9895149676584922	-0.01061027426747485
73axljwbabsrpj8gvfh5dabg	1	1	115	29	0	Go	GAL	1	1	0.472	1	0.0	1	0.9926	0.9929483086695738	-0.00711161082460985
73axljwbabsrpj8gvfh5dabg	1	1	120	30	0	Go	GAL	1	1	0.588	1	0.0	1	0.9955	0.9950981663051834	-0.004932677377559394
73axljwbabsrpj8gvfh5dabg	1	1	2	1	0	No-Go	NGAL	0	0		1	0.0	1	0.5464	0.450623067860203	-0.8160009881492551
73axljwbabsrpj8gvfh5dabg	1	1	8	2	0	No-Go	NGAL	0	0		1	0.0	1	0.3673	0.6266053142861397	-0.4783569749646806
73axljwbabsrpj8gvfh5dabg	1	1	9	3	0	No-Go	NGAL	0	1	1.114	0	0.0	0	0.2347	0.2370848326880553	-1.5141344540532595
73axljwbabsrpj8gvfh5dabg	1	1	15	4	0	No-Go	NGAL	0	0		1	0.0	1	0.1349	0.8646403722876624	-0.14918084000978574
73axljwbabsrpj8gvfh5dabg	1	1	20	5	0	No-Go	NGAL	0	0		1	1.0	0	0.0824	0.9192587076705874	-0.08606070127275828
73axljwbabsrpj8gvfh5dabg	1	1	21	6	0	No-Go	NGAL	0	1	0.698	0	0.0	0	0.1198	0.11683909361337544	-2.3028785443936104
73axljwbabsrpj8gvfh5dabg	1	1	25	7	0	No-Go	NGAL	0	0		1	1.0	0	0.068	0.9338879911233409	-0.06962659212332649
73axljwbabsrpj8gvfh5dabg	1	1	31	8	0	No-Go	NGAL	0	0		1	0.0	1	0.0973	0.9034609586745266	-0.10376500559021015
73axljwbabsrpj8gvfh5dabg	1	1	36	9	0	No-Go	NGAL	0	0		1	0.0	1	0.0607	0.9448161474101431	-0.05772740606194771
73axljwbabsrpj8gvfh5dabg	1	1	40	10	0	No-Go	NGAL	0	0		1	0.0	1	0.0287	0.9674617337740626	-0.03351211659607131
73axljwbabsrpj8gvfh5dabg	1	1	43	11	0	No-Go	NGAL	0	0		1	0.0	1	0.0196	0.9801529315220425	-0.020247771660853137
73axljwbabsrpj8gvfh5dabg	1	1	45	12	0	No-Go	NGAL	0	0		1	0.0	1	0.0132	0.9874841746331956	-0.012691410304847375
73axljwbabsrpj8gvfh5dabg	1	1	51	13	0	No-Go	NGAL	0	0		1	1.0	0	0.0083	0.9918543132792252	-0.008227054156893258
73axljwbabsrpj8gvfh5dabg	1	1	53	14	0	No-Go	NGAL	0	0		1	0.0	1	0.0131	0.9870264069627614	-0.013154417400157709
73axljwbabsrpj8gvfh5dabg	1	1	59	15	0	No-Go	NGAL	0	0		1	0.0	1	0.0078	0.9916575948435857	-0.008423067151725262
73axljwbabsrpj8gvfh5dabg	1	1	63	16	0	No-Go	NGAL	0	0		1	0.0	1	0.0061	0.9944570073300992	-0.005581350695969482
73axljwbabsrpj8gvfh5dabg	1	1	68	17	0	No-Go	NGAL	0	0		1	1.0	0	0.0038	0.9962050900965099	-0.003814184600646024
73axljwbabsrpj8gvfh5dabg	1	1	72	18	0	No-Go	NGAL	0	0		1	0.0	1	0.0061	0.9936329381773575	-0.0064171876552535445
73axljwbabsrpj8gvfh5dabg	1	1	74	19	0	No-Go	NGAL	0	0		1	0.0	1	0.003	0.995733233262656	-0.004290291113245944
73axljwbabsrpj8gvfh5dabg	1	1	78	20	0	No-Go	NGAL	0	0		1	0.0	1	0.0036	0.9970474556045672	-0.002964391080660397
73axljwbabsrpj8gvfh5dabg	1	1	83	21	0	No-Go	NGAL	0	0		1	0.0	1	0.0018	0.9978971827102574	-0.0021091430291219145
73axljwbabsrpj8gvfh5dabg	1	1	87	22	0	No-Go	NGAL	0	0		1	0.0	1	0.0014	0.9984626824576324	-0.0015408719123672504
73axljwbabsrpj8gvfh5dabg	1	1	89	23	0	No-Go	NGAL	0	0		1	0.0	1	0.0011	0.99884885138389	-0.0011532393673220462
73axljwbabsrpj8gvfh5dabg	1	1	93	24	0	No-Go	NGAL	0	0		1	1.0	0	0.001	0.9991187514128406	-0.0008825312538637013
73axljwbabsrpj8gvfh5dabg	1	1	100	25	0	No-Go	NGAL	0	0		1	0.0	1	0.0014	0.9984167408997365	-0.0015871997649362576
73axljwbabsrpj8gvfh5dabg	1	1	103	26	0	No-Go	NGAL	0	0		1	0.0	1	0.0009	0.9988297879949274	-0.001172411743475491
73axljwbabsrpj8gvfh5dabg	1	1	108	27	0	No-Go	NGAL	0	0		1	0.0	1	0.0007	0.999112141834262	-0.0008891662126050887
73axljwbabsrpj8gvfh5dabg	1	1	110	28	0	No-Go	NGAL	0	0		1	1.0	0	0.0007	0.999310457374831	-0.0006903623736934776
73axljwbabsrpj8gvfh5dabg	1	1	114	29	0	No-Go	NGAL	0	0		1	0.0	1	0.0016	0.9986871641205296	-0.0013161826822359877
73axljwbabsrpj8gvfh5dabg	1	1	117	30	0	No-Go	NGAL	0	0		1	0.0	1	0.0006	0.9990274276456943	-0.0009743496549407666
73axljwbabsrpj8gvfh5dabg	1	2	122	1	1	No-Go	NGW	0	1	0.812	0	0.0	0	0.5352	0.5370864537856788	-0.6619255272136255
73axljwbabsrpj8gvfh5dabg	1	2	126	2	1	No-Go	NGW	0	1	0.829	0	1.0	1	0.3624	0.3654979623096637	-1.0773228387583937
73axljwbabsrpj8gvfh5dabg	1	2	132	3	1	No-Go	NGW	0	0		1	0.0	1	0.7007	0.29488938199459863	-1.322111134615664
73axljwbabsrpj8gvfh5dabg	1	2	134	4	1	No-Go	NGW	0	0		1	0.0	1	0.5404	0.4565134816324465	-0.836770773123854
73axljwbabsrpj8gvfh5dabg	1	2	137	5	1	No-Go	NGW	0	0		1	0.0	1	0.3803	0.6156720628820268	-0.5127189670248103
73axljwbabsrpj8gvfh5dabg	1	2	141	6	1	No-Go	NGW	0	0		1	0.0	1	0.2554	0.7435292783257508	-0.3104782423576378
73axljwbabsrpj8gvfh5dabg	1	2	145	7	1	No-Go	NGW	0	0		1	0.0	1	0.168	0.833400274640108	-0.18923504538379232
73axljwbabsrpj8gvfh5dabg	1	2	151	8	1	No-Go	NGW	0	0		1	0.0	1	0.1062	0.8921953516435238	-0.11748989448068747
73axljwbabsrpj8gvfh5dabg	1	2	155	9	1	No-Go	NGW	0	0		1	0.0	1	0.07	0.9295173687268045	-0.07477353317939177
73axljwbabsrpj8gvfh5dabg	1	2	157	10	1	No-Go	NGW	0	0		1	1.0	0	0.0465	0.953079384630495	-0.04890310218271183
73axljwbabsrpj8gvfh5dabg	1	2	163	11	1	No-Go	NGW	0	0		1	0.0	1	0.1154	0.8857951635523548	-0.12443629698238756
73axljwbabsrpj8gvfh5dabg	1	2	166	12	1	No-Go	NGW	0	0		1	0.0	1	0.0737	0.9261325256479831	-0.07826748103983854
73axljwbabsrpj8gvfh5dabg	1	2	171	13	1	No-Go	NGW	0	0		1	0.0	1	0.0513	0.9512455894601689	-0.05075385992224727
73axljwbabsrpj8gvfh5dabg	1	2	175	14	1	No-Go	NGW	0	0		1	0.0	1	0.0331	0.9670385700764326	-0.03392071032983163
73axljwbabsrpj8gvfh5dabg	1	2	180	15	1	No-Go	NGW	0	0		1	1.0	0	0.0234	0.9771482727027616	-0.02333667439809904
73axljwbabsrpj8gvfh5dabg	1	2	184	16	1	No-Go	NGW	0	0		1	1.0	0	0.059	0.9379687870229484	-0.06538563107129695
73axljwbabsrpj8gvfh5dabg	1	2	185	17	1	No-Go	NGW	0	0		1	0.0	1	0.1493	0.8496909076042092	-0.1730177915036657
73axljwbabsrpj8gvfh5dabg	1	2	189	18	1	No-Go	NGW	0	0		1	0.0	1	0.0943	0.9048035369923031	-0.1035669621234772
73axljwbabsrpj8gvfh5dabg	1	2	196	19	1	No-Go	NGW	0	0		1	0.0	1	0.0618	0.9387825684257521	-0.06458809580195835
73axljwbabsrpj8gvfh5dabg	1	2	200	20	1	No-Go	NGW	0	0		1	0.0	1	0.0407	0.9596251129273685	-0.041856675384371905
73axljwbabsrpj8gvfh5dabg	1	2	204	21	1	No-Go	NGW	0	0		1	0.0	1	0.0273	0.9726063722596787	-0.028097823426051438
73axljwbabsrpj8gvfh5dabg	1	2	206	22	1	No-Go	NGW	0	0		1	0.0	1	0.0178	0.9808803987909276	-0.019477870564996162
73axljwbabsrpj8gvfh5dabg	1	2	212	23	1	No-Go	NGW	0	0		1	1.0	0	0.0155	0.9862886027624107	-0.01390501771029256
73axljwbabsrpj8gvfh5dabg	1	2	216	24	1	No-Go	NGW	0	0		1	0.0	1	0.0415	0.9594088491931377	-0.04241132766924446
73axljwbabsrpj8gvfh5dabg	1	2	220	25	1	No-Go	NGW	0	0		1	0.0	1	0.03	0.9727117259805452	-0.028097287225566654
73axljwbabsrpj8gvfh5dabg	1	2	223	26	1	No-Go	NGW	0	0		1	0.0	1	0.0174	0.981076619525661	-0.019317569896415546
73axljwbabsrpj8gvfh5dabg	1	2	225	27	1	No-Go	NGW	0	0		1	0.0	1	0.0133	0.9864844806862231	-0.013722882555426617
73axljwbabsrpj8gvfh5dabg	1	2	231	28	1	No-Go	NGW	0	0		1	0.0	1	0.0083	0.9900788705767692	-0.010037558975230745
73axljwbabsrpj8gvfh5dabg	1	2	234	29	1	No-Go	NGW	0	0		1	1.0	0	0.0086	0.9925310530441699	-0.0075381375076298465
73axljwbabsrpj8gvfh5dabg	1	2	238	30	1	No-Go	NGW	0	0		1	0.0	1	0.0237	0.975970667748029	-0.024851986701817704
73axljwbabsrpj8gvfh5dabg	1	2	124	1	0	No-Go	NGAL	0	1	0.683	0	0.0	0	0.5551	0.5493769321397969	-0.6120623450248022
73axljwbabsrpj8gvfh5dabg	1	2	125	2	0	No-Go	NGAL	0	1	0.591	0	0.0	0	0.3755	0.3733946857138602	-1.0173360625374002
73axljwbabsrpj8gvfh5dabg	1	2	131	3	0	No-Go	NGAL	0	0		1	0.0	1	0.2344	0.7629151673119446	-0.27739770667602004
73axljwbabsrpj8gvfh5dabg	1	2	136	4	0	No-Go	NGAL	0	0		1	0.0	1	0.1345	0.8646403722876624	-0.14918084000978574
73axljwbabsrpj8gvfh5dabg	1	2	138	5	0	No-Go	NGAL	0	0		1	1.0	0	0.0733	0.9223689832573898	-0.08264291173140977
73axljwbabsrpj8gvfh5dabg	1	2	143	6	0	No-Go	NGAL	0	0		1	0.0	1	0.112	0.889912762844749	-0.11912299048829181
73axljwbabsrpj8gvfh5dabg	1	2	146	7	0	No-Go	NGAL	0	0		1	1.0	0	0.0637	0.9368507402139076	-0.06643186329245634
73axljwbabsrpj8gvfh5dabg	1	2	152	8	0	No-Go	NGAL	0	0		1	0.0	1	0.0917	0.9079061382420603	-0.09869945229688974
73axljwbabsrpj8gvfh5dabg	1	2	156	9	0	No-Go	NGAL	0	0		1	0.0	1	0.0542	0.9471259492170466	-0.05523937404200306
73axljwbabsrpj8gvfh5dabg	1	2	160	10	0	No-Go	NGAL	0	0		1	0.0	1	0.0307	0.9686906202062694	-0.032225542706630306
73axljwbabsrpj8gvfh5dabg	1	2	164	11	0	No-Go	NGAL	0	0		1	0.0	1	0.0183	0.9808304638858077	-0.019549648880240043
73axljwbabsrpj8gvfh5dabg	1	2	167	12	0	No-Go	NGAL	0	0		1	0.0	1	0.0124	0.9878720110681058	-0.012295596252818194
73axljwbabsrpj8gvfh5dabg	1	2	170	13	0	No-Go	NGAL	0	0		1	1.0	0	0.0087	0.992084484407221	-0.007993566163501612
73axljwbabsrpj8gvfh5dabg	1	2	176	14	0	No-Go	NGAL	0	0		1	0.0	1	0.0119	0.9874222433183695	-0.012748866347493686
73axljwbabsrpj8gvfh5dabg	1	2	177	15	0	No-Go	NGAL	0	0		1	0.0	1	0.0076	0.9918872092089552	-0.008189709952789654
73axljwbabsrpj8gvfh5dabg	1	2	181	16	0	No-Go	NGAL	0	0		1	0.0	1	0.0052	0.994595410668504	-0.005441378732352329
73axljwbabsrpj8gvfh5dabg	1	2	187	17	0	No-Go	NGAL	0	0		1	1.0	0	0.0026	0.9962914545809639	-0.0037271150439861385
73axljwbabsrpj8gvfh5dabg	1	2	190	18	0	No-Go	NGAL	0	0		1	0.0	1	0.0071	0.9937885339617957	-0.006259180805033232
73axljwbabsrpj8gvfh5dabg	1	2	195	19	0	No-Go	NGAL	0	0		1	0.0	1	0.004	0.9958272037305854	-0.00419534700226299
73axljwbabsrpj8gvfh5dabg	1	2	197	20	0	No-Go	NGAL	0	0		1	0.0	1	0.003	0.9971063755066066	-0.002905041251628925
73axljwbabsrpj8gvfh5dabg	1	2	203	21	0	No-Go	NGAL	0	0		1	0.0	1	0.0018	0.9979353644655881	-0.002070757226689733
73axljwbabsrpj8gvfh5dabg	1	2	207	22	0	No-Go	NGAL	0	0		1	0.0	1	0.0013	0.9984881612527923	-0.001515290195008206
73axljwbabsrpj8gvfh5dabg	1	2	209	23	0	No-Go	NGAL	0	0		1	0.0	1	0.0018	0.9988663061066191	-0.0011357299092970583
73axljwbabsrpj8gvfh5dabg	1	2	214	24	0	No-Go	NGAL	0	0		1	1.0	0	0.0008	0.9991309961273175	-0.0008702560310718298
73axljwbabsrpj8gvfh5dabg	1	2	218	25	0	No-Go	NGAL	0	0		1	0.0	1	0.0013	0.9984399380529854	-0.0015638881257353278
73axljwbabsrpj8gvfh5dabg	1	2	224	26	0	No-Go	NGAL	0	0		1	0.0	1	0.001	0.9988453290976448	-0.0011568144425108298
73axljwbabsrpj8gvfh5dabg	1	2	226	27	0	No-Go	NGAL	0	0		1	0.0	1	0.0012	0.9991228583450098	-0.0008784200989175946
73axljwbabsrpj8gvfh5dabg	1	2	232	28	0	No-Go	NGAL	0	0		1	1.0	0	0.0005	0.999318035855769	-0.0006827673723204865
73axljwbabsrpj8gvfh5dabg	1	2	236	29	0	No-Go	NGAL	0	0		1	0.0	1	0.0011	0.9987019903339209	-0.0013012818185301057
73axljwbabsrpj8gvfh5dabg	1	2	239	30	0	No-Go	NGAL	0	0		1	0.0	1	0.0007	0.9990373781186387	-0.0009643640166411164
73axljwbabsrpj8gvfh5dabg	1	2	123	1	0	Go	GAL	1	1	0.696	1	1.0	0	0.5573	0.5493769321397969	-0.6120623450248022
73axljwbabsrpj8gvfh5dabg	1	2	127	2	0	Go	GAL	1	0		0	0.0	0	0.3763	0.6266053142861397	-0.4783569749646806
73axljwbabsrpj8gvfh5dabg	1	2	130	3	0	Go	GAL	1	1	0.71	1	0.0	1	0.4589	0.462898670068664	-0.7905282751811978
73axljwbabsrpj8gvfh5dabg	1	2	135	4	0	Go	GAL	1	1	0.538	1	0.0	1	0.6446	0.6502109045087329	-0.44109274189036496
73axljwbabsrpj8gvfh5dabg	1	2	139	5	0	Go	GAL	1	0		0	0.0	0	0.7853	0.21148819515979317	-1.6492580777252264
73axljwbabsrpj8gvfh5dabg	1	2	142	6	0	Go	GAL	1	1	0.523	1	0.0	1	0.8427	0.837224538698703	-0.1833866590759347
73axljwbabsrpj8gvfh5dabg	1	2	147	7	0	Go	GAL	1	0		0	1.0	1	0.9011	0.094801889302077	-2.6509761310447626
73axljwbabsrpj8gvfh5dabg	1	2	149	8	0	Go	GAL	1	1	0.736	1	0.0	1	0.8176	0.8231200349536255	-0.20033026260803746
73axljwbabsrpj8gvfh5dabg	1	2	154	9	0	Go	GAL	1	1	1.332	1	0.0	1	0.8944	0.8926576882109309	-0.11637482737906882
73axljwbabsrpj8gvfh5dabg	1	2	158	10	0	Go	GAL	1	1	0.685	1	0.0	1	0.933	0.934100602846383	-0.069539237529504
73axljwbabsrpj8gvfh5dabg	1	2	161	11	0	Go	GAL	1	1	0.702	1	0.0	1	0.9636	0.958663625584402	-0.042878369243181925
73axljwbabsrpj8gvfh5dabg	1	2	165	12	0	Go	GAL	1	1	0.589	1	0.0	1	0.9735	0.973398531588605	-0.02728862629185268
73axljwbabsrpj8gvfh5dabg	1	2	169	13	0	Go	GAL	1	0		0	1.0	1	0.9822	0.017583999317909025	-4.565952204272981
73axljwbabsrpj8gvfh5dabg	1	2	174	14	0	Go	GAL	1	1	0.899	1	0.0	1	0.968	0.9669242085457398	-0.03403028075055358
73axljwbabsrpj8gvfh5dabg	1	2	179	15	0	Go	GAL	1	1	0.806	1	0.0	1	0.978	0.9774984028300161	-0.0229686566952837
73axljwbabsrpj8gvfh5dabg	1	2	182	16	0	Go	GAL	1	1	0.558	1	0.0	1	0.9836	0.9843053433066232	-0.01593423823827215
73axljwbabsrpj8gvfh5dabg	1	2	186	17	0	Go	GAL	1	1	0.585	1	0.0	1	0.9889	0.9887819819290232	-0.011346694918345047
73axljwbabsrpj8gvfh5dabg	1	2	192	18	0	Go	GAL	1	1	0.579	1	1.0	0	0.9921	0.99178999622541	-0.008282281791607914
73axljwbabsrpj8gvfh5dabg	1	2	193	19	0	Go	GAL	1	1	0.497	1	0.0	1	0.9768	0.9766367291771854	-0.023847979632471043
73axljwbabsrpj8gvfh5dabg	1	2	199	20	0	Go	GAL	1	1	0.721	1	0.0	1	0.9833	0.9838639722254436	-0.016379655228941307
73axljwbabsrpj8gvfh5dabg	1	2	202	21	0	Go	GAL	1	1	0.56	1	0.0	1	0.9891	0.9885379301872689	-0.011592357444862651
73axljwbabsrpj8gvfh5dabg	1	2	208	22	0	Go	GAL	1	1	0.562	1	0.0	1	0.9922	0.9916416710497012	-0.008431913257491548
73axljwbabsrpj8gvfh5dabg	1	2	210	23	0	Go	GAL	1	1	0.618	1	1.0	0	0.9924	0.9937542108891776	-0.0062894559252463875
73axljwbabsrpj8gvfh5dabg	1	2	215	24	0	Go	GAL	1	1	0.425	1	0.0	1	0.9817	0.9808246597629219	-0.019602488407488322
73axljwbabsrpj8gvfh5dabg	1	2	219	25	0	Go	GAL	1	1	0.511	1	0.0	1	0.9884	0.9867061301555142	-0.013498518775402969
73axljwbabsrpj8gvfh5dabg	1	2	221	26	0	Go	GAL	1	1	0.609	1	1.0	0	0.9902	0.9904898668210977	-0.00961747550987069
73axljwbabsrpj8gvfh5dabg	1	2	227	27	0	Go	GAL	1	1	0.606	1	0.0	1	0.9727	0.9709283237704125	-0.030269848327659308
73axljwbabsrpj8gvfh5dabg	1	2	230	28	0	Go	GAL	1	1	0.621	1	0.0	1	0.9807	0.9806812068065166	-0.01980812558938356
73axljwbabsrpj8gvfh5dabg	1	2	235	29	0	Go	GAL	1	1	0.501	1	0.0	1	0.987	0.9866886383691784	-0.013538265282148057
73axljwbabsrpj8gvfh5dabg	1	2	237	30	0	Go	GAL	1	1	0.459	1	0.0	1	0.9896	0.9905182145866976	-0.009597966031905148
73axljwbabsrpj8gvfh5dabg	1	2	121	1	1	Go	GW	1	1	0.952	1	0.0	1	0.5327	0.5370864537856788	-0.6619255272136255
73axljwbabsrpj8gvfh5dabg	1	2	128	2	1	Go	GW	1	1	0.659	1	0.0	1	0.8093	0.8124568245603099	-0.21584540979844088
73axljwbabsrpj8gvfh5dabg	1	2	129	3	1	Go	GW	1	1	0.399	1	0.0	1	0.9253	0.9259489941830141	-0.07937156215922091
73axljwbabsrpj8gvfh5dabg	1	2	133	4	1	Go	GW	1	1	0.393	1	1.0	0	0.9678	0.9677930439962034	-0.03347688082867372
73axljwbabsrpj8gvfh5dabg	1	2	140	5	1	Go	GW	1	1	0.553	1	0.0	1	0.925	0.924981098309701	-0.0807706927383332
73axljwbabsrpj8gvfh5dabg	1	2	144	6	1	Go	GW	1	1	0.484	1	0.0	1	0.9659	0.9671017349061319	-0.03430825018895683
73axljwbabsrpj8gvfh5dabg	1	2	148	7	1	Go	GW	1	1	0.426	1	1.0	0	0.9852	0.9840445616448553	-0.01636554025419861
73axljwbabsrpj8gvfh5dabg	1	2	150	8	1	Go	GW	1	1	0.433	1	0.0	1	0.9589	0.9598077226946198	-0.04236226238195579
73axljwbabsrpj8gvfh5dabg	1	2	153	9	1	Go	GW	1	1	0.433	1	0.0	1	0.9815	0.981000846340428	-0.019596268252924525
73axljwbabsrpj8gvfh5dabg	1	2	159	10	1	Go	GW	1	1	0.548	1	0.0	1	0.9892	0.9901337267789804	-0.010058364771364068
73axljwbabsrpj8gvfh5dabg	1	2	162	11	1	Go	GW	1	1	0.584	1	0.0	1	0.9956	0.9944499793218543	-0.00561985389278475
73axljwbabsrpj8gvfh5dabg	1	2	168	12	1	Go	GW	1	1	0.403	1	0.0	1	0.9971	0.9966543905135211	-0.003373750592163803
73axljwbabsrpj8gvfh5dabg	1	2	172	13	1	Go	GW	1	1	0.367	1	0.0	1	0.9979	0.9978562112744501	-0.0021562154432289886
73axljwbabsrpj8gvfh5dabg	1	2	173	14	1	Go	GW	1	1	0.537	1	0.0	1	0.9987	0.9985489092458072	-0.0014570652923040904
73axljwbabsrpj8gvfh5dabg	1	2	178	15	1	Go	GW	1	1	0.379	1	1.0	0	0.9987	0.9989677623609208	-0.0010353556701243193
73axljwbabsrpj8gvfh5dabg	1	2	183	16	1	Go	GW	1	1	0.415	1	0.0	1	0.9975	0.9965778420145809	-0.003450867089552863
73axljwbabsrpj8gvfh5dabg	1	2	188	17	1	Go	GW	1	1	0.451	1	0.0	1	0.9971	0.9978551069901117	-0.0021569148583206062
73axljwbabsrpj8gvfh5dabg	1	2	191	18	1	Go	GW	1	1	0.419	1	0.0	1	0.9989	0.998560997996229	-0.0014447401350866137
73axljwbabsrpj8gvfh5dabg	1	2	194	19	1	Go	GW	1	1	0.359	1	0.0	1	0.9985	0.9989786855360898	-0.001024348835304359
73axljwbabsrpj8gvfh5dabg	1	2	198	20	1	Go	GW	1	1	0.504	1	1.0	0	0.9993	0.9992392606579779	-0.0007624940006980186
73axljwbabsrpj8gvfh5dabg	1	2	201	21	1	Go	GW	1	1	0.515	1	0.0	1	0.9969	0.9972505314407052	-0.002771955076437597
73axljwbabsrpj8gvfh5dabg	1	2	205	22	1	Go	GW	1	1	0.524	1	0.0	1	0.9977	0.9982648364617069	-0.0017441354015092661
73axljwbabsrpj8gvfh5dabg	1	2	211	23	1	Go	GW	1	1	0.554	1	1.0	0	0.9989	0.998817120268822	-0.0011871695510399908
73axljwbabsrpj8gvfh5dabg	1	2	213	24	1	Go	GW	1	1	0.605	1	0.0	1	0.9969	0.9957515966790746	-0.004306690517640886
73axljwbabsrpj8gvfh5dabg	1	2	217	25	1	Go	GW	1	1	0.51	1	0.0	1	0.9978	0.9975265956764028	-0.002492378973484435
73axljwbabsrpj8gvfh5dabg	1	2	222	26	1	Go	GW	1	1	0.53	1	0.0	1	0.999	0.99841272383793	-0.0015951668729287057
73axljwbabsrpj8gvfh5dabg	1	2	228	27	1	Go	GW	1	1	0.598	1	0.0	1	0.9988	0.9989043677850783	-0.0010994839145844078
73axljwbabsrpj8gvfh5dabg	1	2	229	28	1	Go	GW	1	1	0.465	1	0.0	1	0.9993	0.9991984559514809	-0.0008036657193205692
73axljwbabsrpj8gvfh5dabg	1	2	233	29	1	Go	GW	1	1	0.362	1	0.0	1	0.9998	0.9993846853365379	-0.0006166047362574862
73axljwbabsrpj8gvfh5dabg	1	2	240	30	1	Go	GW	1	1	0.409	1	1.0	0	0.9994	0.9995080355891074	-0.0004928177876342985
7bta3bfm5fbj4vsch0128msc	1	1	3	1	1	Go	GW	1	1	1.454	1	0.0	1	0.5864	0.5839660388249771	-0.5491955071908651
7bta3bfm5fbj4vsch0128msc	1	1	6	2	1	Go	GW	1	1	0.731	1	0.0	1	0.6439	0.6375326673292663	-0.4582157726048925
7bta3bfm5fbj4vsch0128msc	1	1	9	3	1	Go	GW	1	1	0.857	1	0.0	1	0.6624	0.659583761656586	-0.42319999521071955
7bta3bfm5fbj4vsch0128msc	1	1	15	4	1	Go	GW	1	1	0.499	1	1.0	0	0.6691	0.67230704489899	-0.4032979896191903
7bta3bfm5fbj4vsch0128msc	1	1	18	5	1	Go	GW	1	1	0.621	1	0.0	1	0.6363	0.6388431049772361	-0.453530412820111
7bta3bfm5fbj4vsch0128msc	1	1	23	6	1	Go	GW	1	1	0.429	1	0.0	1	0.6807	0.6689752579540856	-0.4073368898990863
7bta3bfm5fbj4vsch0128msc	1	1	26	7	1	Go	GW	1	1	0.33	1	1.0	0	0.6767	0.6817564300029176	-0.3883427039013848
7bta3bfm5fbj4vsch0128msc	1	1	31	8	1	Go	GW	1	1	0.267	1	0.0	1	0.6565	0.648514406517242	-0.43868889877976536
7bta3bfm5fbj4vsch0128msc	1	1	33	9	1	Go	GW	1	1	0.327	1	0.0	1	0.6824	0.6777234415535414	-0.3939981865542235
7bta3bfm5fbj4vsch0128msc	1	1	38	10	1	Go	GW	1	1	0.714	1	0.0	1	0.6983	0.6897022573163974	-0.3765865667346876
7bta3bfm5fbj4vsch0128msc	1	1	42	11	1	Go	GW	1	1	0.31	1	0.0	1	0.7053	0.6971700601157288	-0.36596292632669997
7bta3bfm5fbj4vsch0128msc	1	1	48	12	1	Go	GW	1	0		0	0.0	0	0.7095	0.29714489478383366	-1.2461460948195557
7bta3bfm5fbj4vsch0128msc	1	1	51	13	1	Go	GW	1	1	0.492	1	1.0	0	0.7205	0.7195561391948829	-0.3346175980107347
7bta3bfm5fbj4vsch0128msc	1	1	56	14	1	Go	GW	1	0		0	0.0	0	0.6819	0.3126274582312332	-1.1955061264773448
7bta3bfm5fbj4vsch0128msc	1	1	60	15	1	Go	GW	1	0		0	0.0	0	0.7011	0.29976626385965127	-1.2386234127330988
7bta3bfm5fbj4vsch0128msc	1	1	61	16	1	Go	GW	1	1	0.593	1	1.0	0	0.7032	0.70985291232037	-0.3483282784933075
7bta3bfm5fbj4vsch0128msc	1	1	67	17	1	Go	GW	1	1	0.569	1	0.0	1	0.6828	0.686305852818499	-0.3829843580646958
7bta3bfm5fbj4vsch0128msc	1	1	72	18	1	Go	GW	1	0		0	0.0	0	0.732	0.27570661033452154	-1.32900962784967
7bta3bfm5fbj4vsch0128msc	1	1	74	19	1	Go	GW	1	1	0.61	1	0.0	1	0.7282	0.7315939812642743	-0.31813207002654476
7bta3bfm5fbj4vsch0128msc	1	1	80	20	1	Go	GW	1	1	0.581	1	0.0	1	0.745	0.7445881049418691	-0.3007292447943955
7bta3bfm5fbj4vsch0128msc	1	1	83	21	1	Go	GW	1	1	0.492	1	1.0	0	0.7447	0.7517668952495358	-0.29127787844348085
7bta3bfm5fbj4vsch0128msc	1	1	86	22	1	Go	GW	1	1	0.587	1	0.0	1	0.7199	0.7225643854117619	-0.3313931477142117
7bta3bfm5fbj4vsch0128msc	1	1	90	23	1	Go	GW	1	1	0.619	1	0.0	1	0.7466	0.7462109926186262	-0.2988577080605949
7bta3bfm5fbj4vsch0128msc	1	1	93	24	1	Go	GW	1	0		0	0.0	0	0.755	0.24469840962586978	-1.4745392293301463
7bta3bfm5fbj4vsch0128msc	1	1	99	25	1	Go	GW	1	1	0.561	1	0.0	1	0.7557	0.7608537301006134	-0.27957503121397176
7bta3bfm5fbj4vsch0128msc	1	1	101	26	1	Go	GW	1	1	0.541	1	0.0	1	0.7753	0.7661936468147282	-0.27277355515599316
7bta3bfm5fbj4vsch0128msc	1	1	105	27	1	Go	GW	1	1	0.426	1	0.0	1	0.7715	0.7701587709310075	-0.2678303242672266
7bta3bfm5fbj4vsch0128msc	1	1	111	28	1	Go	GW	1	1	0.642	1	0.0	1	0.7733	0.7734401152316961	-0.2638189977612264
7bta3bfm5fbj4vsch0128msc	1	1	115	29	1	Go	GW	1	0		0	1.0	1	0.7792	0.22368824483530866	-1.6081113324194245
7bta3bfm5fbj4vsch0128msc	1	1	118	30	1	Go	GW	1	0		0	0.0	0	0.7531	0.24909604645902808	-1.5076596896730776
7bta3bfm5fbj4vsch0128msc	1	1	2	1	1	No-Go	NGW	0	0		1	1.0	0	0.585	0.4160339611750229	-0.8970321694567261
7bta3bfm5fbj4vsch0128msc	1	1	8	2	1	No-Go	NGW	0	0		1	0.0	1	0.6044	0.39631972152688993	-0.9500600850771499
7bta3bfm5fbj4vsch0128msc	1	1	12	3	1	No-Go	NGW	0	1	0.683	0	0.0	0	0.5723	0.5786275038745226	-0.5580763324549938
7bta3bfm5fbj4vsch0128msc	1	1	16	4	1	No-Go	NGW	0	1	0.642	0	0.0	0	0.5544	0.5583100073975565	-0.595115486447959
7bta3bfm5fbj4vsch0128msc	1	1	17	5	1	No-Go	NGW	0	1	0.88	0	0.0	0	0.5462	0.5432919070317901	-0.6242661420657859
7bta3bfm5fbj4vsch0128msc	1	1	21	6	1	No-Go	NGW	0	1	0.332	0	0.0	0	0.5395	0.5316474101416503	-0.6477949361849603
7bta3bfm5fbj4vsch0128msc	1	1	40	10	1	No-Go	NGW	0	1	0.266	0	0.0	0	0.5596	0.5597462817200102	-0.588793941858262
7bta3bfm5fbj4vsch0128msc	1	1	41	11	1	No-Go	NGW	0	1	0.359	0	0.0	0	0.5314	0.544485845550303	-0.6178971560035484
7bta3bfm5fbj4vsch0128msc	1	1	46	12	1	No-Go	NGW	0	1	0.211	0	0.0	0	0.5313	0.5324281722513986	-0.6418581077082444
7bta3bfm5fbj4vsch0128msc	1	1	49	13	1	No-Go	NGW	0	0		1	1.0	0	0.5178	0.4774103566744344	-0.7549515401890906
7bta3bfm5fbj4vsch0128msc	1	1	54	14	1	No-Go	NGW	0	0		1	0.0	1	0.5501	0.454699658384197	-0.8031959955015087
7bta3bfm5fbj4vsch0128msc	1	1	57	15	1	No-Go	NGW	0	0		1	0.0	1	0.5254	0.47967733581846195	-0.750465432791522
7bta3bfm5fbj4vsch0128msc	1	1	64	16	1	No-Go	NGW	0	1	0.509	0	0.0	0	0.4936	0.502499821160948	-0.7059484843617607
7bta3bfm5fbj4vsch0128msc	1	1	68	17	1	No-Go	NGW	0	1	0.616	0	1.0	1	0.4923	0.494288707863817	-0.7242676173198052
7bta3bfm5fbj4vsch0128msc	1	1	71	18	1	No-Go	NGW	0	0		1	0.0	1	0.5791	0.41964936870237124	-0.8866266239841583
7bta3bfm5fbj4vsch0128msc	1	1	75	19	1	No-Go	NGW	0	1	0.285	0	0.0	0	0.568	0.5671310533995445	-0.5772204483072473
7bta3bfm5fbj4vsch0128msc	1	1	77	20	1	No-Go	NGW	0	1	0.406	0	0.0	0	0.5361	0.5391707559847688	-0.6281978842172371
7bta3bfm5fbj4vsch0128msc	1	1	81	21	1	No-Go	NGW	0	1	0.519	0	0.0	0	0.52	0.5190993917789438	-0.6687589282732772
7bta3bfm5fbj4vsch0128msc	1	1	85	22	1	No-Go	NGW	0	1	0.494	0	0.0	0	0.5067	0.5039905507085799	-0.701194338166093
7bta3bfm5fbj4vsch0128msc	1	1	91	23	1	No-Go	NGW	0	1	0.757	0	0.0	0	0.4878	0.4921294938607019	-0.7277037594726163
7bta3bfm5fbj4vsch0128msc	1	1	95	24	1	No-Go	NGW	0	0		1	0.0	1	0.4857	0.5175095012869687	-0.6766209735064682
7bta3bfm5fbj4vsch0128msc	1	1	98	25	1	No-Go	NGW	0	1	0.521	0	1.0	1	0.4715	0.47191049086710307	-0.77522046818381
7bta3bfm5fbj4vsch0128msc	1	1	103	26	1	No-Go	NGW	0	1	0.447	0	0.0	0	0.5523	0.5543770838614034	-0.6030187912456567
7bta3bfm5fbj4vsch0128msc	1	1	108	27	1	No-Go	NGW	0	1	0.565	0	0.0	0	0.5343	0.5259827424802652	-0.6558201589970847
7bta3bfm5fbj4vsch0128msc	1	1	110	28	1	No-Go	NGW	0	1	0.406	0	1.0	1	0.5012	0.5056538258466717	-0.6980046358157548
7bta3bfm5fbj4vsch0128msc	1	1	114	29	1	No-Go	NGW	0	0		1	0.0	1	0.5667	0.4318781222762014	-0.8605927984847949
7bta3bfm5fbj4vsch0128msc	1	1	120	30	1	No-Go	NGW	0	1	0.435	0	0.0	0	0.5592	0.5594799376278655	-0.5950357835257547
7bta3bfm5fbj4vsch0128msc	1	1	1	1	0	Go	GAL	1	0		0	0.0	0	0.5356	0.47048959833662046	-0.7636675400554107
7bta3bfm5fbj4vsch0128msc	1	1	5	2	0	Go	GAL	1	1	0.803	1	0.0	1	0.5351	0.535651195778717	-0.6316000039478955
7bta3bfm5fbj4vsch0128msc	1	1	11	3	0	Go	GAL	1	1	0.425	1	0.0	1	0.5581	0.5560485254546689	-0.5960176368303987
7bta3bfm5fbj4vsch0128msc	1	1	14	4	0	Go	GAL	1	1	0.393	1	0.0	1	0.5715	0.5707777832509562	-0.5711000064606616
7bta3bfm5fbj4vsch0128msc	1	1	20	5	0	Go	GAL	1	1	0.375	1	1.0	0	0.579	0.5820609136223552	-0.5522038199108846
7bta3bfm5fbj4vsch0128msc	1	1	24	6	0	Go	GAL	1	1	0.381	1	1.0	0	0.5529	0.551172466694371	-0.6032888061068022
7bta3bfm5fbj4vsch0128msc	1	1	28	7	0	Go	GAL	1	1	0.306	1	0.0	1	0.5221	0.5288734027808838	-0.6439231486719739
7bta3bfm5fbj4vsch0128msc	1	1	29	8	0	Go	GAL	1	1	0.312	1	0.0	1	0.547	0.5533823062776125	-0.5994090848771206
7bta3bfm5fbj4vsch0128msc	1	1	36	9	0	Go	GAL	1	1	0.601	1	0.0	1	0.5766	0.5702578166015155	-0.5707485828394911
7bta3bfm5fbj4vsch0128msc	1	1	37	10	0	Go	GAL	1	1	0.393	1	0.0	1	0.5893	0.5827218649369533	-0.5500187166660934
7bta3bfm5fbj4vsch0128msc	1	1	44	11	0	Go	GAL	1	1	0.312	1	1.0	0	0.5944	0.5924320430812549	-0.5339826040013512
7bta3bfm5fbj4vsch0128msc	1	1	50	13	0	Go	GAL	1	0		0	0.0	0	0.5926	0.42175738645052224	-0.8793383344863135
7bta3bfm5fbj4vsch0128msc	1	1	53	14	0	Go	GAL	1	1	1.357	1	0.0	1	0.5908	0.5832319984134685	-0.5476550201580329
7bta3bfm5fbj4vsch0128msc	1	1	59	15	0	Go	GAL	1	0		0	0.0	0	0.5932	0.40446970793088993	-0.9259682485623592
7bta3bfm5fbj4vsch0128msc	1	1	63	16	0	Go	GAL	1	1	0.618	1	0.0	1	0.5901	0.5998027097631624	-0.5207224518599148
7bta3bfm5fbj4vsch0128msc	1	1	66	17	0	Go	GAL	1	1	0.442	1	0.0	1	0.6069	0.6090694846775044	-0.5059143922027988
7bta3bfm5fbj4vsch0128msc	1	1	70	18	0	Go	GAL	1	1	0.274	1	0.0	1	0.6138	0.6164773422847516	-0.4940782021157206
7bta3bfm5fbj4vsch0128msc	1	1	76	19	0	Go	GAL	1	0		0	0.0	0	0.634	0.37736105571820105	-1.0034182368362177
7bta3bfm5fbj4vsch0128msc	1	1	78	20	0	Go	GAL	1	1	0.36	1	1.0	0	0.6234	0.6263440373968501	-0.47845386716986865
7bta3bfm5fbj4vsch0128msc	1	1	84	21	0	Go	GAL	1	1	1.444	1	0.0	1	0.5957	0.5932425956468433	-0.529905219370851
7bta3bfm5fbj4vsch0128msc	1	1	87	22	0	Go	GAL	1	1	0.576	1	0.0	1	0.6005	0.6085243385185322	-0.5051630040203443
7bta3bfm5fbj4vsch0128msc	1	1	92	23	0	Go	GAL	1	0		0	0.0	0	0.6215	0.38089180820924295	-0.9892744270215996
7bta3bfm5fbj4vsch0128msc	1	1	96	24	0	Go	GAL	1	1	0.254	1	1.0	0	0.6262	0.6225213867747744	-0.48324996186203195
7bta3bfm5fbj4vsch0128msc	1	1	100	25	0	Go	GAL	1	1	0.556	1	0.0	1	0.5891	0.5918264609166592	-0.5320227424053606
7bta3bfm5fbj4vsch0128msc	1	1	102	26	0	Go	GAL	1	1	0.503	1	0.0	1	0.6169	0.6089952462967041	-0.5040104484748984
7bta3bfm5fbj4vsch0128msc	1	1	106	27	0	Go	GAL	1	1	0.607	1	0.0	1	0.6255	0.620801147407159	-0.4855230257025232
7bta3bfm5fbj4vsch0128msc	1	1	112	28	0	Go	GAL	1	1	0.419	1	0.0	1	0.6321	0.6295944696395789	-0.47193034629172087
7bta3bfm5fbj4vsch0128msc	1	1	117	30	0	Go	GAL	1	1	1.402	1	1.0	0	0.6418	0.6422296436506209	-0.45253461852561905
7bta3bfm5fbj4vsch0128msc	1	1	4	1	0	No-Go	NGAL	0	1	0.723	0	0.0	0	0.5223	0.5295104016633795	-0.6434002039030503
7bta3bfm5fbj4vsch0128msc	1	1	7	2	0	No-Go	NGAL	0	1	0.856	0	1.0	1	0.5101	0.5087927816488136	-0.6831960462964276
7bta3bfm5fbj4vsch0128msc	1	1	10	3	0	No-Go	NGAL	0	1	0.453	0	0.0	0	0.5276	0.5350111968456723	-0.6335925849353824
7bta3bfm5fbj4vsch0128msc	1	1	13	4	0	No-Go	NGAL	0	1	0.675	0	0.0	0	0.5096	0.5122366477955471	-0.6763366539393451
7bta3bfm5fbj4vsch0128msc	1	1	19	5	0	No-Go	NGAL	0	1	0.385	0	0.0	0	0.4976	0.49585743675167876	-0.709304460364271
7bta3bfm5fbj4vsch0128msc	1	1	25	7	0	No-Go	NGAL	0	1	0.359	0	1.0	1	0.4687	0.4734904289056672	-0.7566510601839203
7bta3bfm5fbj4vsch0128msc	1	1	32	8	0	No-Go	NGAL	0	1	0.357	0	0.0	0	0.5118	0.5067972142513556	-0.6879980563385604
7bta3bfm5fbj4vsch0128msc	1	1	35	9	0	No-Go	NGAL	0	1	0.316	0	0.0	0	0.484	0.4887255743576523	-0.7239155183555627
7bta3bfm5fbj4vsch0128msc	1	1	39	10	0	No-Go	NGAL	0	1	0.331	0	0.0	0	0.4672	0.4757946257962591	-0.7513366262948467
7bta3bfm5fbj4vsch0128msc	1	1	43	11	0	No-Go	NGAL	0	1	0.273	0	0.0	0	0.4726	0.46590915379890174	-0.7730531102819148
7bta3bfm5fbj4vsch0128msc	1	1	47	12	0	No-Go	NGAL	0	1	0.475	0	0.0	0	0.451	0.45796752803018487	-0.7909584582869694
7bta3bfm5fbj4vsch0128msc	1	1	52	13	0	No-Go	NGAL	0	0		1	1.0	0	0.45	0.5486569824651194	-0.6074175098582937
7bta3bfm5fbj4vsch0128msc	1	1	55	14	0	No-Go	NGAL	0	0		1	0.0	1	0.4662	0.5425775463363021	-0.6182690667261118
7bta3bfm5fbj4vsch0128msc	1	1	58	15	0	No-Go	NGAL	0	0		1	0.0	1	0.4338	0.5647836689614373	-0.5787912132844512
7bta3bfm5fbj4vsch0128msc	1	1	62	16	0	No-Go	NGAL	0	0		1	0.0	1	0.4267	0.5804582904360375	-0.5523809126181048
7bta3bfm5fbj4vsch0128msc	1	1	65	17	0	No-Go	NGAL	0	0		1	0.0	1	0.4135	0.5922663273529685	-0.5329314120771981
7bta3bfm5fbj4vsch0128msc	1	1	69	18	0	No-Go	NGAL	0	0		1	1.0	0	0.4013	0.6016002627281797	-0.5177494459701121
7bta3bfm5fbj4vsch0128msc	1	1	73	19	0	No-Go	NGAL	0	1	0.258	0	0.0	0	0.4129	0.4076758773479129	-0.9165366641256923
7bta3bfm5fbj4vsch0128msc	1	1	79	20	0	No-Go	NGAL	0	0		1	0.0	1	0.4059	0.5978110123976572	-0.5234996433099927
7bta3bfm5fbj4vsch0128msc	1	1	82	21	0	No-Go	NGAL	0	0		1	0.0	1	0.3935	0.6086045364198728	-0.5060463527880821
7bta3bfm5fbj4vsch0128msc	1	1	88	22	0	No-Go	NGAL	0	0		1	0.0	1	0.3908	0.6167285653347891	-0.4931853539647395
7bta3bfm5fbj4vsch0128msc	1	1	89	23	0	No-Go	NGAL	0	1	0.241	0	0.0	0	0.3735	0.37672151568202084	-1.0047601156424835
7bta3bfm5fbj4vsch0128msc	1	1	94	24	0	No-Go	NGAL	0	0		1	0.0	1	0.3645	0.6279443171597523	-0.47555754704509
7bta3bfm5fbj4vsch0128msc	1	1	97	25	0	No-Go	NGAL	0	1	0.326	0	1.0	1	0.3598	0.3665806478096623	-1.035541948072389
7bta3bfm5fbj4vsch0128msc	1	1	104	26	0	No-Go	NGAL	0	1	0.473	0	0.0	0	0.4017	0.4008423659372276	-0.9373825099761353
7bta3bfm5fbj4vsch0128msc	1	1	107	27	0	No-Go	NGAL	0	0		1	0.0	1	0.3897	0.6136612301636614	-0.49780402938699664
7bta3bfm5fbj4vsch0128msc	1	1	109	28	0	No-Go	NGAL	0	0		1	1.0	0	0.3893	0.61851983129003	-0.4902565319661229
7bta3bfm5fbj4vsch0128msc	1	1	113	29	0	No-Go	NGAL	0	1	0.285	0	0.0	0	0.3855	0.3915176565531635	-0.9637179022112313
7bta3bfm5fbj4vsch0128msc	1	1	119	30	0	No-Go	NGAL	0	1	0.596	0	0.0	0	0.3844	0.3814612396259979	-0.9916080781635301
7bta3bfm5fbj4vsch0128msc	1	2	122	1	0	No-Go	NGAL	0	1	0.326	0	0.0	0	0.5346	0.5295104016633795	-0.6434002039030503
7bta3bfm5fbj4vsch0128msc	1	2	127	2	0	No-Go	NGAL	0	0		1	1.0	0	0.4999	0.49120721835118636	-0.7188542537006896
7bta3bfm5fbj4vsch0128msc	1	2	131	3	0	No-Go	NGAL	0	0		1	0.0	1	0.5101	0.48503747045475476	-0.7310471955597788
7bta3bfm5fbj4vsch0128msc	1	2	133	4	0	No-Go	NGAL	0	0		1	0.0	1	0.4962	0.5076217301686698	-0.685562044884124
7bta3bfm5fbj4vsch0128msc	1	2	139	5	0	No-Go	NGAL	0	0		1	0.0	1	0.4873	0.5237918001142956	-0.6546564166448218
7bta3bfm5fbj4vsch0128msc	1	2	143	6	0	No-Go	NGAL	0	0		1	0.0	1	0.4623	0.5360867367350469	-0.6316959316257234
7bta3bfm5fbj4vsch0128msc	1	2	148	7	0	No-Go	NGAL	0	0		1	1.0	0	0.4502	0.5458705450457731	-0.6136824702248183
7bta3bfm5fbj4vsch0128msc	1	2	151	8	0	No-Go	NGAL	0	0		1	0.0	1	0.4565	0.536174488622646	-0.630369951692656
7bta3bfm5fbj4vsch0128msc	1	2	154	9	0	No-Go	NGAL	0	0		1	0.0	1	0.4493	0.5475331994132161	-0.6098507377087745
7bta3bfm5fbj4vsch0128msc	1	2	158	10	0	No-Go	NGAL	0	0		1	0.0	1	0.4433	0.556155128486777	-0.5944871296721485
7bta3bfm5fbj4vsch0128msc	1	2	162	11	0	No-Go	NGAL	0	0		1	0.0	1	0.4268	0.5631458644652414	-0.5821028116464289
7bta3bfm5fbj4vsch0128msc	1	2	167	12	0	No-Go	NGAL	0	0		1	0.0	1	0.4207	0.5690620354210165	-0.571689719236121
7bta3bfm5fbj4vsch0128msc	1	2	171	13	0	No-Go	NGAL	0	0		1	1.0	0	0.4205	0.5742205444632257	-0.5626826969578995
7bta3bfm5fbj4vsch0128msc	1	2	173	14	0	No-Go	NGAL	0	0		1	0.0	1	0.4384	0.5639108898287696	-0.5801959414350818
7bta3bfm5fbj4vsch0128msc	1	2	178	15	0	No-Go	NGAL	0	1	0.495	0	0.0	0	0.4217	0.4280340209647734	-0.8620274375540806
7bta3bfm5fbj4vsch0128msc	1	2	182	16	0	No-Go	NGAL	0	0		1	0.0	1	0.4144	0.5865989197943007	-0.5416742048841258
7bta3bfm5fbj4vsch0128msc	1	2	185	17	0	No-Go	NGAL	0	0		1	0.0	1	0.4025	0.5925804133415626	-0.5317095566931072
7bta3bfm5fbj4vsch0128msc	1	2	191	18	0	No-Go	NGAL	0	0		1	1.0	0	0.4052	0.5974790190176898	-0.5235962461208161
7bta3bfm5fbj4vsch0128msc	1	2	194	19	0	No-Go	NGAL	0	0		1	0.0	1	0.414	0.5874452951105549	-0.5401909251829897
7bta3bfm5fbj4vsch0128msc	1	2	197	20	0	No-Go	NGAL	0	0		1	0.0	1	0.4022	0.5950269766987195	-0.5274059568594477
7bta3bfm5fbj4vsch0128msc	1	2	201	21	0	No-Go	NGAL	0	1	0.439	0	0.0	0	0.3999	0.39937052794089256	-0.937167605264952
7bta3bfm5fbj4vsch0128msc	1	2	205	22	0	No-Go	NGAL	0	0		1	0.0	1	0.3934	0.6116356979456836	-0.5006362753094248
7bta3bfm5fbj4vsch0128msc	1	2	209	23	0	No-Go	NGAL	0	0		1	0.0	1	0.3762	0.6161140881290516	-0.4934805288124922
7bta3bfm5fbj4vsch0128msc	1	2	216	24	0	No-Go	NGAL	0	0		1	0.0	1	0.3877	0.6199509398035755	-0.48739820084752605
7bta3bfm5fbj4vsch0128msc	1	2	220	25	0	No-Go	NGAL	0	0		1	1.0	0	0.3764	0.6233613155564864	-0.4820383014760403
7bta3bfm5fbj4vsch0128msc	1	2	221	26	0	No-Go	NGAL	0	1	0.501	0	0.0	0	0.3923	0.38673434248922167	-0.974078510677691
7bta3bfm5fbj4vsch0128msc	1	2	227	27	0	No-Go	NGAL	0	1	0.447	0	0.0	0	0.3832	0.37801640072523024	-1.0001831561417331
7bta3bfm5fbj4vsch0128msc	1	2	231	28	0	No-Go	NGAL	0	0		1	1.0	0	0.374	0.6291402033584752	-0.4738112718180024
7bta3bfm5fbj4vsch0128msc	1	2	233	29	0	No-Go	NGAL	0	0		1	0.0	1	0.3767	0.6208317134078564	-0.4877306576225173
7bta3bfm5fbj4vsch0128msc	1	2	239	30	0	No-Go	NGAL	0	0		1	0.0	1	0.3644	0.6297959008186466	-0.472543692005302
7bta3bfm5fbj4vsch0128msc	1	2	123	1	1	Go	GW	1	1	0.596	1	0.0	1	0.5796	0.5839660388249771	-0.5491955071908651
7bta3bfm5fbj4vsch0128msc	1	2	128	2	1	Go	GW	1	1	0.37	1	0.0	1	0.6427	0.6375326673292663	-0.4582157726048925
7bta3bfm5fbj4vsch0128msc	1	2	130	3	1	Go	GW	1	0		0	0.0	0	0.6497	0.3404162383434138	-1.1039815126916857
7bta3bfm5fbj4vsch0128msc	1	2	134	4	1	Go	GW	1	0		0	1.0	1	0.6745	0.3229009097356328	-1.168135659201116
7bta3bfm5fbj4vsch0128msc	1	2	140	5	1	Go	GW	1	0		0	0.0	0	0.6487	0.34519295483536533	-1.0870140773193242
7bta3bfm5fbj4vsch0128msc	1	2	141	6	1	Go	GW	1	0		0	0.0	0	0.6766	0.3256773708000601	-1.1565423177219123
7bta3bfm5fbj4vsch0128msc	1	2	147	7	1	Go	GW	1	0		0	1.0	1	0.6875	0.312223063295569	-1.2082914339930224
7bta3bfm5fbj4vsch0128msc	1	2	150	8	1	Go	GW	1	0		0	0.0	0	0.6582	0.336240781241621	-1.1159636974631881
7bta3bfm5fbj4vsch0128msc	1	2	155	9	1	Go	GW	1	0		0	0.0	0	0.6779	0.31856045051019366	-1.1807726675690997
7bta3bfm5fbj4vsch0128msc	1	2	157	10	1	Go	GW	1	0		0	0.0	0	0.6969	0.3063176965715271	-1.2288259455990502
7bta3bfm5fbj4vsch0128msc	1	2	163	11	1	Go	GW	1	0		0	0.0	0	0.7018	0.297124242375274	-1.2655755947305443
7bta3bfm5fbj4vsch0128msc	1	2	165	12	1	Go	GW	1	0		0	0.0	0	0.7153	0.28983472619734935	-1.2947382306522486
7bta3bfm5fbj4vsch0128msc	1	2	169	13	1	Go	GW	1	0		0	1.0	1	0.719	0.28382071382263657	-1.3186647386635242
7bta3bfm5fbj4vsch0128msc	1	2	176	14	1	Go	GW	1	1	0.491	1	0.0	1	0.6917	0.6890040775035717	-0.3793826985477697
7bta3bfm5fbj4vsch0128msc	1	2	179	15	1	Go	GW	1	1	0.596	1	0.0	1	0.7069	0.7009459487642908	-0.3617633097010403
7bta3bfm5fbj4vsch0128msc	1	2	184	16	1	Go	GW	1	1	0.489	1	1.0	0	0.704	0.7092865663883137	-0.34957908405478055
7bta3bfm5fbj4vsch0128msc	1	2	187	17	1	Go	GW	1	1	0.918	1	0.0	1	0.6727	0.6770850011931244	-0.3967852637660323
7bta3bfm5fbj4vsch0128msc	1	2	190	18	1	Go	GW	1	1	0.59	1	0.0	1	0.7032	0.7041805576697556	-0.3563089425661079
7bta3bfm5fbj4vsch0128msc	1	2	196	19	1	Go	GW	1	1	0.678	1	0.0	1	0.7175	0.7152373168064015	-0.34075101843325184
7bta3bfm5fbj4vsch0128msc	1	2	199	20	1	Go	GW	1	0		0	0.0	0	0.7225	0.2777986772221872	-1.3212796307402352
7bta3bfm5fbj4vsch0128msc	1	2	202	21	1	Go	GW	1	1	0.399	1	1.0	0	0.7383	0.7352048000300029	-0.31321066752685145
7bta3bfm5fbj4vsch0128msc	1	2	207	22	1	Go	GW	1	1	0.674	1	0.0	1	0.6991	0.7045312383954502	-0.3564357795032411
7bta3bfm5fbj4vsch0128msc	1	2	212	23	1	Go	GW	1	1	0.714	1	0.0	1	0.7224	0.7293293643118185	-0.3211152465330147
7bta3bfm5fbj4vsch0128msc	1	2	215	24	1	Go	GW	1	1	0.577	1	0.0	1	0.742	0.7390656624498956	-0.30798578393811393
7bta3bfm5fbj4vsch0128msc	1	2	217	25	1	Go	GW	1	1	0.571	1	0.0	1	0.7448	0.7450543161893723	-0.3000972205982575
7bta3bfm5fbj4vsch0128msc	1	2	222	26	1	Go	GW	1	1	0.594	1	0.0	1	0.7537	0.7496054794320413	-0.2942341465100156
7bta3bfm5fbj4vsch0128msc	1	2	228	27	1	Go	GW	1	1	0.625	1	0.0	1	0.7499	0.7534317546932575	-0.28941054135951344
7bta3bfm5fbj4vsch0128msc	1	2	232	28	1	Go	GW	1	1	0.534	1	0.0	1	0.7613	0.7568136368511205	-0.2852336000235408
7bta3bfm5fbj4vsch0128msc	1	2	236	29	1	Go	GW	1	0		0	1.0	1	0.7575	0.2401175470549731	-1.5102973188864877
7bta3bfm5fbj4vsch0128msc	1	2	240	30	1	Go	GW	1	1	0.635	1	0.0	1	0.7412	0.7372782109072125	-0.31345861699173105
7bta3bfm5fbj4vsch0128msc	1	2	124	1	1	No-Go	NGW	0	1	0.547	0	1.0	1	0.5829	0.5839660388249771	-0.5491955071908651
7bta3bfm5fbj4vsch0128msc	1	2	125	2	1	No-Go	NGW	0	1	0.454	0	0.0	0	0.6421	0.6375326673292663	-0.4582157726048925
7bta3bfm5fbj4vsch0128msc	1	2	132	3	1	No-Go	NGW	0	0		1	0.0	1	0.6147	0.3927033124556408	-0.9499012094941172
7bta3bfm5fbj4vsch0128msc	1	2	135	4	1	No-Go	NGW	0	0		1	0.0	1	0.5855	0.41265623323655726	-0.899330810369504
7bta3bfm5fbj4vsch0128msc	1	2	138	5	1	No-Go	NGW	0	0		1	0.0	1	0.574	0.42749527765984857	-0.8640698253181648
7bta3bfm5fbj4vsch0128msc	1	2	142	6	1	No-Go	NGW	0	0		1	0.0	1	0.5698	0.4390600860623368	-0.8375397655912439
7bta3bfm5fbj4vsch0128msc	1	2	145	7	1	No-Go	NGW	0	0		1	1.0	0	0.5485	0.4484252675728673	-0.8165646960335158
7bta3bfm5fbj4vsch0128msc	1	2	152	8	1	No-Go	NGW	0	0		1	0.0	1	0.5841	0.41544436438861065	-0.8933448451704066
7bta3bfm5fbj4vsch0128msc	1	2	153	9	1	No-Go	NGW	0	0		1	0.0	1	0.5659	0.43285623613862645	-0.851048307036247
7bta3bfm5fbj4vsch0128msc	1	2	160	10	1	No-Go	NGW	0	0		1	0.0	1	0.548	0.4454753786649681	-0.8224750088877868
7bta3bfm5fbj4vsch0128msc	1	2	161	11	1	No-Go	NGW	0	0		1	0.0	1	0.5425	0.4552013017626974	-0.8011513457577056
7bta3bfm5fbj4vsch0128msc	1	2	168	12	1	No-Go	NGW	0	0		1	0.0	1	0.5415	0.4630658671956402	-0.7842752347461586
7bta3bfm5fbj4vsch0128msc	1	2	172	13	1	No-Go	NGW	0	0		1	1.0	0	0.5324	0.4696646003897427	-0.7703652115736003
7bta3bfm5fbj4vsch0128msc	1	2	175	14	1	No-Go	NGW	0	1	0.532	0	0.0	0	0.5627	0.5656408545737232	-0.5799543820138378
7bta3bfm5fbj4vsch0128msc	1	2	180	15	1	No-Go	NGW	0	1	0.654	0	0.0	0	0.5393	0.5426847188277827	-0.6222586157774529
7bta3bfm5fbj4vsch0128msc	1	2	181	16	1	No-Go	NGW	0	1	0.485	0	0.0	0	0.5272	0.5252724466672892	-0.6571913025984173
7bta3bfm5fbj4vsch0128msc	1	2	186	17	1	No-Go	NGW	0	0		1	1.0	0	0.5134	0.48838552622916315	-0.7342162287284458
7bta3bfm5fbj4vsch0128msc	1	2	189	18	1	No-Go	NGW	0	1	0.604	0	0.0	0	0.5369	0.5367539370179508	-0.6353272098543191
7bta3bfm5fbj4vsch0128msc	1	2	193	19	1	No-Go	NGW	0	1	0.584	0	0.0	0	0.52	0.5256815807079581	-0.6583747938559675
7bta3bfm5fbj4vsch0128msc	1	2	200	20	1	No-Go	NGW	0	0		1	0.0	1	0.5177	0.48354633287379095	-0.746522906119013
7bta3bfm5fbj4vsch0128msc	1	2	203	21	1	No-Go	NGW	0	1	0.607	0	0.0	0	0.4943	0.4941320572289398	-0.724339718983099
7bta3bfm5fbj4vsch0128msc	1	2	208	22	1	No-Go	NGW	0	1	0.568	0	0.0	0	0.4967	0.4863117799231603	-0.7427795710621883
7bta3bfm5fbj4vsch0128msc	1	2	211	23	1	No-Go	NGW	0	0		1	0.0	1	0.4813	0.5204647967076024	-0.6728283902383962
7bta3bfm5fbj4vsch0128msc	1	2	213	24	1	No-Go	NGW	0	0		1	0.0	1	0.4665	0.5357571338903171	-0.6444200882917189
7bta3bfm5fbj4vsch0128msc	1	2	218	25	1	No-Go	NGW	0	0		1	1.0	0	0.446	0.5469798061695095	-0.6244862049481655
7bta3bfm5fbj4vsch0128msc	1	2	224	26	1	No-Go	NGW	0	1	0.685	0	0.0	0	0.4921	0.48475930855255217	-0.7486425903719901
7bta3bfm5fbj4vsch0128msc	1	2	225	27	1	No-Go	NGW	0	1	0.534	0	0.0	0	0.468	0.4787839485200003	-0.7636610373937749
7bta3bfm5fbj4vsch0128msc	1	2	230	28	1	No-Go	NGW	0	1	0.338	0	1.0	1	0.4691	0.4734456160298595	-0.7774765686288014
7bta3bfm5fbj4vsch0128msc	1	2	235	29	1	No-Go	NGW	0	1	0.725	0	0.0	0	0.5592	0.5655128025086191	-0.593087047708588
7bta3bfm5fbj4vsch0128msc	1	2	237	30	1	No-Go	NGW	0	1	0.711	0	0.0	0	0.5339	0.5391447961659586	-0.6368296102872305
7bta3bfm5fbj4vsch0128msc	1	2	121	1	0	Go	GAL	1	0		0	0.0	0	0.5262	0.47048959833662046	-0.7636675400554107
7bta3bfm5fbj4vsch0128msc	1	2	126	2	0	Go	GAL	1	1	0.722	1	0.0	1	0.5401	0.535651195778717	-0.6316000039478955
7bta3bfm5fbj4vsch0128msc	1	2	129	3	0	Go	GAL	1	0		0	0.0	0	0.5575	0.44395147454533107	-0.826766419686224
7bta3bfm5fbj4vsch0128msc	1	2	136	4	0	Go	GAL	1	0		0	0.0	0	0.5636	0.43891210193679064	-0.8392454909791979
7bta3bfm5fbj4vsch0128msc	1	2	137	5	0	Go	GAL	1	0		0	1.0	1	0.5705	0.4345191385442782	-0.8503128765550021
7bta3bfm5fbj4vsch0128msc	1	2	144	6	0	Go	GAL	1	0		0	1.0	1	0.5394	0.45890893659090615	-0.78862412656645
7bta3bfm5fbj4vsch0128msc	1	2	146	7	0	Go	GAL	1	0		0	0.0	0	0.514	0.47648386182702235	-0.7490956845413574
7bta3bfm5fbj4vsch0128msc	1	2	149	8	0	Go	GAL	1	0		0	0.0	0	0.5298	0.4682270736148429	-0.767360151336912
7bta3bfm5fbj4vsch0128msc	1	2	156	9	0	Go	GAL	1	0		0	0.0	0	0.538	0.46153265248964354	-0.7831756234002002
7bta3bfm5fbj4vsch0128msc	1	2	159	10	0	Go	GAL	1	0		0	0.0	0	0.5419	0.4558154911420868	-0.7971245857554666
7bta3bfm5fbj4vsch0128msc	1	2	164	11	0	Go	GAL	1	0		0	1.0	1	0.5526	0.4507800637056185	-0.8096699737463816
7bta3bfm5fbj4vsch0128msc	1	2	166	12	0	Go	GAL	1	0		0	0.0	0	0.5239	0.4714256500376663	-0.7601061984583728
7bta3bfm5fbj4vsch0128msc	1	2	170	13	0	Go	GAL	1	0		0	0.0	0	0.538	0.4643155731217661	-0.776958868879212
7bta3bfm5fbj4vsch0128msc	1	2	174	14	0	Go	GAL	1	1	0.534	1	0.0	1	0.5418	0.5415890501212552	-0.6210902412731848
7bta3bfm5fbj4vsch0128msc	1	2	177	15	0	Go	GAL	1	0		0	0.0	0	0.5635	0.44345573645694913	-0.8273701758422402
7bta3bfm5fbj4vsch0128msc	1	2	183	16	0	Go	GAL	1	1	0.572	1	0.0	1	0.5726	0.5616135989283683	-0.5861119921935689
7bta3bfm5fbj4vsch0128msc	1	2	188	17	0	Go	GAL	1	0		0	0.0	0	0.5659	0.42695211780330183	-0.8695322255912545
7bta3bfm5fbj4vsch0128msc	1	2	192	18	0	Go	GAL	1	1	0.945	1	0.0	1	0.5774	0.5775239996245387	-0.5591110781810286
7bta3bfm5fbj4vsch0128msc	1	2	195	19	0	Go	GAL	1	0		0	0.0	0	0.5845	0.41334965828513814	-0.905651862103813
7bta3bfm5fbj4vsch0128msc	1	2	198	20	0	Go	GAL	1	1	0.657	1	1.0	0	0.5809	0.5906774122596288	-0.5372059140739
7bta3bfm5fbj4vsch0128msc	1	2	204	21	0	Go	GAL	1	0		0	0.0	0	0.5593	0.44154566712894094	-0.830788217244651
7bta3bfm5fbj4vsch0128msc	1	2	206	22	0	Go	GAL	1	1	0.688	1	0.0	1	0.5641	0.5623105288498702	-0.5839042216937125
7bta3bfm5fbj4vsch0128msc	1	2	210	23	0	Go	GAL	1	1	0.685	1	0.0	1	0.5734	0.579587085811046	-0.5546504573763515
7bta3bfm5fbj4vsch0128msc	1	2	214	24	0	Go	GAL	1	1	0.82	1	1.0	0	0.586	0.5917771971754875	-0.5345306624869985
7bta3bfm5fbj4vsch0128msc	1	2	219	25	0	Go	GAL	1	1	0.849	1	0.0	1	0.5667	0.5612912053053732	-0.5855874120755143
7bta3bfm5fbj4vsch0128msc	1	2	223	26	0	Go	GAL	1	1	1.454	1	0.0	1	0.5696	0.579743262642132	-0.5540118331040077
7bta3bfm5fbj4vsch0128msc	1	2	226	27	0	Go	GAL	1	0		0	0.0	0	0.5969	0.40735957967644304	-0.9199030640766019
7bta3bfm5fbj4vsch0128msc	1	2	229	28	0	Go	GAL	1	0		0	0.0	0	0.5935	0.40389920804714363	-0.9302009826905784
7bta3bfm5fbj4vsch0128msc	1	2	234	29	0	Go	GAL	1	1	1.463	1	0.0	1	0.5968	0.5993353421259066	-0.5222127292600418
7bta3bfm5fbj4vsch0128msc	1	2	238	30	0	Go	GAL	1	0		0	1.0	1	0.6085	0.3910370168560344	-0.9672775780873571
7iv5iyrqps4pg6vrc61221ul	1	1	2	1	0	No-Go	NGAL	0	1	0.739	0	1.0	1	0.6114	0.6155182493413704	-0.4941230582257917
7iv5iyrqps4pg6vrc61221ul	1	1	6	2	0	No-Go	NGAL	0	1	0.633	0	0.0	0	0.7812	0.7896974796649867	-0.24095911821638535
7iv5iyrqps4pg6vrc61221ul	1	1	11	3	0	No-Go	NGAL	0	0		1	0.0	1	0.5989	0.4059272604129649	-0.9223285010567247
7iv5iyrqps4pg6vrc61221ul	1	1	13	4	0	No-Go	NGAL	0	0		1	0.0	1	0.3852	0.6178208058222994	-0.49502860508559543
7iv5iyrqps4pg6vrc61221ul	1	1	20	5	0	No-Go	NGAL	0	0		1	0.0	1	0.2226	0.7743123296762618	-0.2638856190928678
7iv5iyrqps4pg6vrc61221ul	1	1	22	6	0	No-Go	NGAL	0	1	0.949	0	1.0	1	0.128	0.1306694203057269	-2.2329621688180836
7iv5iyrqps4pg6vrc61221ul	1	1	28	7	0	No-Go	NGAL	0	0		1	0.0	1	0.2536	0.7441043592492633	-0.3032105813777388
7iv5iyrqps4pg6vrc61221ul	1	1	29	8	0	No-Go	NGAL	0	1	0.877	0	0.0	0	0.1603	0.157816897085168	-1.9688556502445693
7iv5iyrqps4pg6vrc61221ul	1	1	35	9	0	No-Go	NGAL	0	0		1	0.0	1	0.0722	0.9272233426075829	-0.07737301274215477
7iv5iyrqps4pg6vrc61221ul	1	1	38	10	0	No-Go	NGAL	0	0		1	0.0	1	0.0423	0.9558954949534011	-0.04592876492392594
7iv5iyrqps4pg6vrc61221ul	1	1	42	11	0	No-Go	NGAL	0	0		1	0.0	1	0.0302	0.9722795039346503	-0.028493947667606597
7iv5iyrqps4pg6vrc61221ul	1	1	45	12	0	No-Go	NGAL	0	0		1	0.0	1	0.0183	0.9819147214191051	-0.018435352644442148
7iv5iyrqps4pg6vrc61221ul	1	1	52	13	0	No-Go	NGAL	0	0		1	1.0	0	0.0134	0.9877630636397186	-0.012405856656192206
7iv5iyrqps4pg6vrc61221ul	1	1	53	14	0	No-Go	NGAL	0	0		1	0.0	1	0.0168	0.9834570959535729	-0.016821239917584226
7iv5iyrqps4pg6vrc61221ul	1	1	58	15	0	No-Go	NGAL	0	0		1	0.0	1	0.012	0.9887432062276499	-0.011393641496647424
7iv5iyrqps4pg6vrc61221ul	1	1	63	16	0	No-Go	NGAL	0	0		1	0.0	1	0.0094	0.9920611115114418	-0.008010752209544758
7iv5iyrqps4pg6vrc61221ul	1	1	66	17	0	No-Go	NGAL	0	0		1	0.0	1	0.0063	0.994211089257222	-0.005829117080568897
7iv5iyrqps4pg6vrc61221ul	1	1	70	18	0	No-Go	NGAL	0	0		1	0.0	1	0.0044	0.9956456923424121	-0.004378225006016909
7iv5iyrqps4pg6vrc61221ul	1	1	75	19	0	No-Go	NGAL	0	0		1	1.0	0	0.0032	0.9966289820726215	-0.003386114575803399
7iv5iyrqps4pg6vrc61221ul	1	1	77	20	0	No-Go	NGAL	0	0		1	0.0	1	0.0049	0.9951601131369829	-0.004870240599288309
7iv5iyrqps4pg6vrc61221ul	1	1	81	21	0	No-Go	NGAL	0	0		1	0.0	1	0.0032	0.996303813365657	-0.003714764907535417
7iv5iyrqps4pg6vrc61221ul	1	1	87	22	0	No-Go	NGAL	0	0		1	0.0	1	0.0024	0.9970936900865357	-0.002918445974141943
7iv5iyrqps4pg6vrc61221ul	1	1	90	23	0	No-Go	NGAL	0	0		1	0.0	1	0.0018	0.9976537551399742	-0.0023546439584433685
7iv5iyrqps4pg6vrc61221ul	1	1	93	24	0	No-Go	NGAL	0	0		1	0.0	1	0.0019	0.9980601908057372	-0.001945930322147356
7iv5iyrqps4pg6vrc61221ul	1	1	99	25	0	No-Go	NGAL	0	0		1	1.0	0	0.002	0.9983612785184381	-0.0016433927151500486
7iv5iyrqps4pg6vrc61221ul	1	1	104	26	0	No-Go	NGAL	0	0		1	0.0	1	0.0017	0.9975273163596474	-0.0024840826557230478
7iv5iyrqps4pg6vrc61221ul	1	1	107	27	0	No-Go	NGAL	0	0		1	0.0	1	0.0021	0.9979795771329962	-0.0020281962175177086
7iv5iyrqps4pg6vrc61221ul	1	1	112	28	0	No-Go	NGAL	0	0		1	0.0	1	0.0016	0.9983074658329965	-0.0016982041392345798
7iv5iyrqps4pg6vrc61221ul	1	1	115	29	0	No-Go	NGAL	0	0		1	1.0	0	0.0014	0.9985511319738182	-0.0014532275587392847
7iv5iyrqps4pg6vrc61221ul	1	1	120	30	0	No-Go	NGAL	0	0		1	0.0	1	0.0022	0.9977460113964125	-0.0022662075779912574
7iv5iyrqps4pg6vrc61221ul	1	1	3	1	1	Go	GW	1	1	0.965	1	0.0	1	0.6924	0.6940298041064755	-0.38235677181781286
7iv5iyrqps4pg6vrc61221ul	1	1	5	2	1	Go	GW	1	1	0.562	1	0.0	1	0.959	0.9567585639437337	-0.04518196231537063
7iv5iyrqps4pg6vrc61221ul	1	1	12	3	1	Go	GW	1	1	0.679	1	1.0	0	0.9898	0.9902593637752732	-0.009902471135966269
7iv5iyrqps4pg6vrc61221ul	1	1	14	4	1	Go	GW	1	1	0.939	1	0.0	1	0.9719	0.9707851485440455	-0.030188235286946797
7iv5iyrqps4pg6vrc61221ul	1	1	18	5	1	Go	GW	1	1	0.669	1	0.0	1	0.9937	0.9927915957004577	-0.007308445888028927
7iv5iyrqps4pg6vrc61221ul	1	1	24	6	1	Go	GW	1	1	0.86	1	0.0	1	0.9966	0.9974054235198175	-0.002612864243864594
7iv5iyrqps4pg6vrc61221ul	1	1	25	7	1	Go	GW	1	1	0.555	1	1.0	0	0.9988	0.9987851774030496	-0.0012196451763137831
7iv5iyrqps4pg6vrc61221ul	1	1	31	8	1	Go	GW	1	1	0.553	1	0.0	1	0.9954	0.9951161894715369	-0.00493726244155433
7iv5iyrqps4pg6vrc61221ul	1	1	33	9	1	Go	GW	1	1	0.892	1	0.0	1	0.9978	0.9981787138602168	-0.0018304563835880164
7iv5iyrqps4pg6vrc61221ul	1	1	39	10	1	Go	GW	1	1	0.724	1	0.0	1	0.9982	0.9990775184250659	-0.0009252662432728567
7iv5iyrqps4pg6vrc61221ul	1	1	43	11	1	Go	GW	1	1	0.421	1	0.0	1	0.9996	0.9994310726342188	-0.0005700931360173243
7iv5iyrqps4pg6vrc61221ul	1	1	48	12	1	Go	GW	1	1	0.503	1	0.0	1	0.9996	0.9995952337763155	-0.0004054022156196101
7iv5iyrqps4pg6vrc61221ul	1	1	49	13	1	Go	GW	1	1	0.584	1	0.0	1	0.9997	0.9996804757347769	-0.00031995484438235826
7iv5iyrqps4pg6vrc61221ul	1	1	56	14	1	Go	GW	1	1	0.545	1	1.0	0	0.9998	0.9997284660735859	-0.0002718742141589324
7iv5iyrqps4pg6vrc61221ul	1	1	60	15	1	Go	GW	1	1	0.71	1	0.0	1	0.9979	0.9984054926651297	-0.0016079272162670796
7iv5iyrqps4pg6vrc61221ul	1	1	64	16	1	Go	GW	1	1	0.566	1	0.0	1	0.9992	0.9992832516714598	-0.0007187723887249277
7iv5iyrqps4pg6vrc61221ul	1	1	67	17	1	Go	GW	1	1	0.457	1	1.0	0	0.9997	0.9995466388740213	-0.00045419971023296935
7iv5iyrqps4pg6vrc61221ul	1	1	71	18	1	Go	GW	1	1	0.621	1	0.0	1	0.9983	0.9974636976105489	-0.002565221756956239
7iv5iyrqps4pg6vrc61221ul	1	1	73	19	1	Go	GW	1	1	0.561	1	0.0	1	0.999	0.9990258388875296	-0.0009775903734088713
7iv5iyrqps4pg6vrc61221ul	1	1	80	20	1	Go	GW	1	1	0.604	1	0.0	1	0.9996	0.9994430226638331	-0.0005581510512967285
7iv5iyrqps4pg6vrc61221ul	1	1	84	21	1	Go	GW	1	1	0.631	1	0.0	1	1.0	0.9996108703986641	-0.0003897528098567628
7iv5iyrqps4pg6vrc61221ul	1	1	85	22	1	Go	GW	1	1	0.57	1	0.0	1	0.9994	0.9996927052657735	-0.00030772134289994434
7iv5iyrqps4pg6vrc61221ul	1	1	92	23	1	Go	GW	1	1	0.592	1	0.0	1	0.9998	0.9997373893847651	-0.0002629512489656018
7iv5iyrqps4pg6vrc61221ul	1	1	96	24	1	Go	GW	1	1	0.507	1	0.0	1	0.9998	0.9997636832349359	-0.0002366148340086759
7iv5iyrqps4pg6vrc61221ul	1	1	98	25	1	Go	GW	1	1	0.468	1	1.0	0	0.9998	0.9997800011827012	-0.00022027399379725672
7iv5iyrqps4pg6vrc61221ul	1	1	103	26	1	Go	GW	1	1	0.441	1	0.0	1	0.998	0.9986033496757031	-0.001409127607708346
7iv5iyrqps4pg6vrc61221ul	1	1	105	27	1	Go	GW	1	1	0.639	1	0.0	1	0.9994	0.9993722578438886	-0.0006295380784244675
7iv5iyrqps4pg6vrc61221ul	1	1	110	28	1	Go	GW	1	1	0.503	1	1.0	0	0.9995	0.9995938831338433	-0.00040687222826525285
7iv5iyrqps4pg6vrc61221ul	1	1	114	29	1	Go	GW	1	1	0.401	1	0.0	1	0.9973	0.9976333390625063	-0.0023945088996334186
7iv5iyrqps4pg6vrc61221ul	1	1	117	30	1	Go	GW	1	1	0.469	1	0.0	1	0.9988	0.9990973538175871	-0.0009058400785745227
7iv5iyrqps4pg6vrc61221ul	1	1	4	1	1	No-Go	NGW	0	1	0.733	0	0.0	0	0.7033	0.6940298041064755	-0.38235677181781286
7iv5iyrqps4pg6vrc61221ul	1	1	7	2	1	No-Go	NGW	0	1	0.761	0	0.0	0	0.4936	0.49398180922626644	-0.7495833832579303
7iv5iyrqps4pg6vrc61221ul	1	1	9	3	1	No-Go	NGW	0	1	0.555	0	0.0	0	0.3134	0.31533785607650094	-1.253089160562658
7iv5iyrqps4pg6vrc61221ul	1	1	16	4	1	No-Go	NGW	0	0		1	1.0	0	0.1939	0.8088680577627007	-0.22126793944448372
7iv5iyrqps4pg6vrc61221ul	1	1	19	5	1	No-Go	NGW	0	1	0.705	0	0.0	0	0.3634	0.35077678144004976	-1.1209115268163452
7iv5iyrqps4pg6vrc61221ul	1	1	23	6	1	No-Go	NGW	0	1	0.876	0	0.0	0	0.2302	0.2271784685837732	-1.5994788682760883
7iv5iyrqps4pg6vrc61221ul	1	1	26	7	1	No-Go	NGW	0	1	0.585	0	1.0	1	0.1426	0.14534691614406983	-2.0920382541127274
7iv5iyrqps4pg6vrc61221ul	1	1	30	8	1	No-Go	NGW	0	1	0.516	0	0.0	0	0.8129	0.8082360306744798	-0.23280715975619737
7iv5iyrqps4pg6vrc61221ul	1	1	34	9	1	No-Go	NGW	0	1	0.627	0	0.0	0	0.6655	0.6634236424352985	-0.45078922592632087
7iv5iyrqps4pg6vrc61221ul	1	1	37	10	1	No-Go	NGW	0	0		1	0.0	1	0.4946	0.5108754064541411	-0.7382895479096
7iv5iyrqps4pg6vrc61221ul	1	1	44	11	1	No-Go	NGW	0	0		1	0.0	1	0.2748	0.7241672150054772	-0.340063373872464
7iv5iyrqps4pg6vrc61221ul	1	1	46	12	1	No-Go	NGW	0	1	0.574	0	1.0	1	0.1453	0.1434901944013143	-2.1479269315894784
7iv5iyrqps4pg6vrc61221ul	1	1	50	13	1	No-Go	NGW	0	1	0.712	0	0.0	0	0.7022	0.7096973874747996	-0.4143146683250786
7iv5iyrqps4pg6vrc61221ul	1	1	54	14	1	No-Go	NGW	0	1	0.705	0	0.0	0	0.5034	0.5074717163217957	-0.8158192329577327
7iv5iyrqps4pg6vrc61221ul	1	1	57	15	1	No-Go	NGW	0	0		1	0.0	1	0.3123	0.6877178791451098	-0.4184173478635964
7iv5iyrqps4pg6vrc61221ul	1	1	61	16	1	No-Go	NGW	0	0		1	0.0	1	0.1795	0.8171717863727128	-0.21905707701512978
7iv5iyrqps4pg6vrc61221ul	1	1	65	17	1	No-Go	NGW	0	0		1	1.0	0	0.1134	0.8942442751346258	-0.11836012964609294
7iv5iyrqps4pg6vrc61221ul	1	1	72	18	1	No-Go	NGW	0	0		1	0.0	1	0.2495	0.752528332303786	-0.311206386200314
7iv5iyrqps4pg6vrc61221ul	1	1	76	19	1	No-Go	NGW	0	0		1	0.0	1	0.1402	0.8584410369846901	-0.16248631903519145
7iv5iyrqps4pg6vrc61221ul	1	1	78	20	1	No-Go	NGW	0	0		1	0.0	1	0.0803	0.9184658247026231	-0.08880067122618994
7iv5iyrqps4pg6vrc61221ul	1	1	82	21	1	No-Go	NGW	0	0		1	0.0	1	0.0484	0.9516410121223802	-0.051069623582972984
7iv5iyrqps4pg6vrc61221ul	1	1	86	22	1	No-Go	NGW	0	0		1	0.0	1	0.0303	0.9702140100620098	-0.03087728936460884
7iv5iyrqps4pg6vrc61221ul	1	1	89	23	1	No-Go	NGW	0	0		1	1.0	0	0.0172	0.9809086211999729	-0.019565342018172838
7iv5iyrqps4pg6vrc61221ul	1	1	94	24	1	No-Go	NGW	0	0		1	0.0	1	0.0639	0.9384344095191868	-0.06572999466836152
7iv5iyrqps4pg6vrc61221ul	1	1	100	25	1	No-Go	NGW	0	0		1	0.0	1	0.0372	0.9634874870908494	-0.03803473744716572
7iv5iyrqps4pg6vrc61221ul	1	1	102	26	1	No-Go	NGW	0	0		1	0.0	1	0.0227	0.9772764081742243	-0.02334775974050916
7iv5iyrqps4pg6vrc61221ul	1	1	108	27	1	No-Go	NGW	0	0		1	1.0	0	0.0165	0.9851957442088906	-0.01508594886333331
7iv5iyrqps4pg6vrc61221ul	1	1	109	28	1	No-Go	NGW	0	0		1	0.0	1	0.052	0.9483540463150434	-0.05503458193085559
7iv5iyrqps4pg6vrc61221ul	1	1	116	29	1	No-Go	NGW	0	0		1	0.0	1	0.0288	0.9694418026266789	-0.031728353865257374
7iv5iyrqps4pg6vrc61221ul	1	1	119	30	1	No-Go	NGW	0	0		1	0.0	1	0.0177	0.9808941331554737	-0.019578605663191258
7iv5iyrqps4pg6vrc61221ul	1	1	1	1	0	Go	GAL	1	0		0	0.0	0	0.6251	0.3844817506586296	-0.9787240200148644
7iv5iyrqps4pg6vrc61221ul	1	1	8	2	0	Go	GAL	1	1	0.805	1	0.0	1	0.6668	0.6657975744185994	-0.4145591773881803
7iv5iyrqps4pg6vrc61221ul	1	1	10	3	0	Go	GAL	1	1	0.551	1	0.0	1	0.8239	0.8226339711500528	-0.19948291754428651
7iv5iyrqps4pg6vrc61221ul	1	1	15	4	0	Go	GAL	1	1	0.961	1	0.0	1	0.9061	0.9064514143997044	-0.10022545938415969
7iv5iyrqps4pg6vrc61221ul	1	1	17	5	0	Go	GAL	1	1	0.77	1	1.0	0	0.9507	0.9490036664760688	-0.053213982621390446
7iv5iyrqps4pg6vrc61221ul	1	1	21	6	0	Go	GAL	1	0		0	0.0	0	0.8647	0.1296486492635248	-2.141762803744384
7iv5iyrqps4pg6vrc61221ul	1	1	27	7	0	Go	GAL	1	1	0.711	1	0.0	1	0.8943	0.891187568749256	-0.11715526358559382
7iv5iyrqps4pg6vrc61221ul	1	1	32	8	0	Go	GAL	1	0		0	0.0	0	0.9401	0.057008035448686406	-3.1105015342268736
7iv5iyrqps4pg6vrc61221ul	1	1	36	9	0	Go	GAL	1	1	0.623	1	0.0	1	0.9519	0.9519917228102327	-0.049945056607524754
7iv5iyrqps4pg6vrc61221ul	1	1	40	10	0	Go	GAL	1	1	0.441	1	1.0	0	0.9742	0.9735464962129872	-0.027123296503955514
7iv5iyrqps4pg6vrc61221ul	1	1	41	11	0	Go	GAL	1	1	0.704	1	0.0	1	0.9303	0.9287525622364019	-0.07500338556415309
7iv5iyrqps4pg6vrc61221ul	1	1	47	12	0	Go	GAL	1	1	0.528	1	0.0	1	0.9617	0.9625775479593646	-0.03858363103778196
7iv5iyrqps4pg6vrc61221ul	1	1	51	13	0	Go	GAL	1	1	0.54	1	0.0	1	0.9805	0.9791177971658476	-0.02129304875910199
7iv5iyrqps4pg6vrc61221ul	1	1	55	14	0	Go	GAL	1	1	0.562	1	0.0	1	0.9899	0.9876830293974789	-0.01247798038892456
7iv5iyrqps4pg6vrc61221ul	1	1	59	15	0	Go	GAL	1	1	0.585	1	1.0	0	0.993	0.992365132605109	-0.007703566193585094
7iv5iyrqps4pg6vrc61221ul	1	1	62	16	0	Go	GAL	1	1	0.614	1	0.0	1	0.9775	0.9763775186448868	-0.024103459634291946
7iv5iyrqps4pg6vrc61221ul	1	1	68	17	0	Go	GAL	1	1	0.568	1	0.0	1	0.986	0.9864904908505953	-0.013684046368071594
7iv5iyrqps4pg6vrc61221ul	1	1	69	18	0	Go	GAL	1	1	0.537	1	0.0	1	0.9921	0.9917961250343736	-0.008275677384139084
7iv5iyrqps4pg6vrc61221ul	1	1	74	19	0	Go	GAL	1	1	0.575	1	0.0	1	0.9942	0.9947565547696374	-0.005275904852830766
7iv5iyrqps4pg6vrc61221ul	1	1	79	20	0	Go	GAL	1	1	0.539	1	1.0	0	0.9964	0.9964958298069887	-0.0035200414822103092
7iv5iyrqps4pg6vrc61221ul	1	1	83	21	0	Go	GAL	1	1	0.896	1	0.0	1	0.9883	0.9879046500725526	-0.012246092469429563
7iv5iyrqps4pg6vrc61221ul	1	1	88	22	0	Go	GAL	1	1	0.671	1	0.0	1	0.9931	0.9927308149143417	-0.007327020174292213
7iv5iyrqps4pg6vrc61221ul	1	1	91	23	0	Go	GAL	1	1	0.563	1	1.0	0	0.9952	0.9953604158602913	-0.004665213701228483
7iv5iyrqps4pg6vrc61221ul	1	1	95	24	0	Go	GAL	1	1	0.51	1	0.0	1	0.9852	0.9837250346645731	-0.01657121865039849
7iv5iyrqps4pg6vrc61221ul	1	1	97	25	0	Go	GAL	1	1	0.372	1	0.0	1	0.9912	0.9906963788527939	-0.009399457475797506
7iv5iyrqps4pg6vrc61221ul	1	1	101	26	0	Go	GAL	1	1	0.445	1	0.0	1	0.9955	0.9942791978170616	-0.005759154093164387
7iv5iyrqps4pg6vrc61221ul	1	1	106	27	0	Go	GAL	1	1	0.641	1	0.0	1	0.9958	0.9962715663070029	-0.0037460315540976973
7iv5iyrqps4pg6vrc61221ul	1	1	111	28	0	Go	GAL	1	1	0.531	1	1.0	0	0.9968	0.9974499215907437	-0.002559006903900672
7iv5iyrqps4pg6vrc61221ul	1	1	113	29	0	Go	GAL	1	1	0.57	1	0.0	1	0.9905	0.9903914251501302	-0.009727115766820633
7iv5iyrqps4pg6vrc61221ul	1	1	118	30	0	Go	GAL	1	1	0.585	1	0.0	1	0.9939	0.9942194816648516	-0.005823273925361203
7iv5iyrqps4pg6vrc61221ul	1	2	121	1	0	Go	GAL	1	1	1.095	1	0.0	1	0.6109	0.6155182493413704	-0.4941230582257917
7iv5iyrqps4pg6vrc61221ul	1	2	125	2	0	Go	GAL	1	1	0.774	1	0.0	1	0.7907	0.7896974796649867	-0.24095911821638535
7iv5iyrqps4pg6vrc61221ul	1	2	131	3	0	Go	GAL	1	1	0.618	1	0.0	1	0.8862	0.8876166133689354	-0.12165009899768978
7iv5iyrqps4pg6vrc61221ul	1	2	133	4	0	Go	GAL	1	1	0.692	1	0.0	1	0.9375	0.9384244800025737	-0.06464469856490257
7iv5iyrqps4pg6vrc61221ul	1	2	137	5	0	Go	GAL	1	1	0.458	1	1.0	0	0.9673	0.9648487998441698	-0.03626080860846468
7iv5iyrqps4pg6vrc61221ul	1	2	141	6	0	Go	GAL	1	1	0.677	1	0.0	1	0.9042	0.9039701856373183	-0.10228899013161488
7iv5iyrqps4pg6vrc61221ul	1	2	147	7	0	Go	GAL	1	1	0.567	1	0.0	1	0.9469	0.9477969136945503	-0.054237567082184676
7iv5iyrqps4pg6vrc61221ul	1	2	151	8	0	Go	GAL	1	1	0.613	1	0.0	1	0.9713	0.97015342059944	-0.03058860171365479
7iv5iyrqps4pg6vrc61221ul	1	2	155	9	0	Go	GAL	1	1	0.472	1	0.0	1	0.9835	0.9820636379329817	-0.01823357840741913
7iv5iyrqps4pg6vrc61221ul	1	2	157	10	0	Go	GAL	1	1	0.539	1	1.0	0	0.9896	0.9887085405146175	-0.011420579927462576
7iv5iyrqps4pg6vrc61221ul	1	2	163	11	0	Go	GAL	1	1	0.506	1	0.0	1	0.9675	0.9638970690286008	-0.03709747774790513
7iv5iyrqps4pg6vrc61221ul	1	2	166	12	0	Go	GAL	1	1	0.68	1	0.0	1	0.9788	0.9791116676375655	-0.021248352467025416
7iv5iyrqps4pg6vrc61221ul	1	2	172	13	0	Go	GAL	1	1	0.558	1	0.0	1	0.9877	0.9871981141894477	-0.012950549723137252
7iv5iyrqps4pg6vrc61221ul	1	2	174	14	0	Go	GAL	1	1	0.582	1	0.0	1	0.9916	0.9917503513746334	-0.008317356984412992
7iv5iyrqps4pg6vrc61221ul	1	2	180	15	0	Go	GAL	1	1	0.607	1	1.0	0	0.9946	0.9944434406488037	-0.005590003379360421
7iv5iyrqps4pg6vrc61221ul	1	2	184	16	0	Go	GAL	1	1	0.55	1	0.0	1	0.981	0.9799871941682607	-0.020391779121704045
7iv5iyrqps4pg6vrc61221ul	1	2	187	17	0	Go	GAL	1	1	0.504	1	0.0	1	0.9881	0.9879648366237556	-0.012174888283134585
7iv5iyrqps4pg6vrc61221ul	1	2	190	18	0	Go	GAL	1	1	0.675	1	0.0	1	0.9927	0.9923089149990827	-0.007751864351601018
7iv5iyrqps4pg6vrc61221ul	1	2	195	19	0	Go	GAL	1	1	0.385	1	0.0	1	0.9936	0.9948299085963735	-0.005199715214270023
7iv5iyrqps4pg6vrc61221ul	1	2	198	20	0	Go	GAL	1	1	0.893	1	1.0	0	0.9964	0.9963707543847732	-0.0036450166954124464
7iv5iyrqps4pg6vrc61221ul	1	2	202	21	0	Go	GAL	1	1	0.449	1	0.0	1	0.9863	0.9857048256786946	-0.014541802343831687
7iv5iyrqps4pg6vrc61221ul	1	2	206	22	0	Go	GAL	1	1	0.503	1	0.0	1	0.99	0.9912472115335892	-0.0088418793566698
7iv5iyrqps4pg6vrc61221ul	1	2	212	23	0	Go	GAL	1	1	0.633	1	1.0	0	0.9939	0.9942842450006146	-0.005754861060616655
7iv5iyrqps4pg6vrc61221ul	1	2	213	24	0	Go	GAL	1	1	0.76	1	0.0	1	0.9801	0.977753435940044	-0.022927865997383258
7iv5iyrqps4pg6vrc61221ul	1	2	219	25	0	Go	GAL	1	1	0.598	1	0.0	1	0.987	0.9872474450692876	-0.012950579592834672
7iv5iyrqps4pg6vrc61221ul	1	2	224	26	0	Go	GAL	1	1	0.513	1	0.0	1	0.9925	0.992098060389415	-0.007977000624713303
7iv5iyrqps4pg6vrc61221ul	1	2	225	27	0	Go	GAL	1	1	0.528	1	0.0	1	0.9952	0.9947891306450037	-0.005244667244618095
7iv5iyrqps4pg6vrc61221ul	1	2	230	28	0	Go	GAL	1	1	0.509	1	1.0	0	0.996	0.9963841273977527	-0.0036330708589052867
7iv5iyrqps4pg6vrc61221ul	1	2	235	29	0	Go	GAL	1	1	0.513	1	0.0	1	0.9865	0.9851298800681935	-0.015188142654775798
7iv5iyrqps4pg6vrc61221ul	1	2	238	30	0	Go	GAL	1	1	0.539	1	0.0	1	0.9909	0.9910906459038593	-0.00901480707975123
7iv5iyrqps4pg6vrc61221ul	1	2	123	1	1	No-Go	NGW	0	0		1	0.0	1	0.6883	0.3059701958935244	-1.2711727243594129
7iv5iyrqps4pg6vrc61221ul	1	2	128	2	1	No-Go	NGW	0	0		1	0.0	1	0.4955	0.5060181907737337	-0.7224139390442584
7iv5iyrqps4pg6vrc61221ul	1	2	130	3	1	No-Go	NGW	0	0		1	0.0	1	0.3135	0.6846621439234991	-0.3988773286506844
7iv5iyrqps4pg6vrc61221ul	1	2	136	4	1	No-Go	NGW	0	0		1	1.0	0	0.1901	0.8088680577627007	-0.22126793944448372
7iv5iyrqps4pg6vrc61221ul	1	2	140	5	1	No-Go	NGW	0	0		1	0.0	1	0.4102	0.5947048398699194	-0.5446837356780869
7iv5iyrqps4pg6vrc61221ul	1	2	142	6	1	No-Go	NGW	0	0		1	0.0	1	0.2521	0.7518354032342748	-0.29614301549442973
7iv5iyrqps4pg6vrc61221ul	1	2	148	7	1	No-Go	NGW	0	0		1	1.0	0	0.1435	0.8522448994456155	-0.16477843232436332
7iv5iyrqps4pg6vrc61221ul	1	2	149	8	1	No-Go	NGW	0	0		1	0.0	1	0.3426	0.6583273867248574	-0.43702998298072415
7iv5iyrqps4pg6vrc61221ul	1	2	153	9	1	No-Go	NGW	0	0		1	0.0	1	0.2036	0.7959155194583847	-0.2353843103866612
7iv5iyrqps4pg6vrc61221ul	1	2	158	10	1	No-Go	NGW	0	0		1	0.0	1	0.1208	0.8794643019669093	-0.13151279496924806
7iv5iyrqps4pg6vrc61221ul	1	2	164	11	1	No-Go	NGW	0	0		1	0.0	1	0.0719	0.9272761562706472	-0.07689447658841139
7iv5iyrqps4pg6vrc61221ul	1	2	165	12	1	No-Go	NGW	0	0		1	1.0	0	0.0483	0.9546053692694897	-0.04711109499263929
7iv5iyrqps4pg6vrc61221ul	1	2	171	13	1	No-Go	NGW	0	0		1	0.0	1	0.1418	0.8612559899444626	-0.15385960570121743
7iv5iyrqps4pg6vrc61221ul	1	2	176	14	1	No-Go	NGW	0	0		1	0.0	1	0.0795	0.918259685325359	-0.08689392432773839
7iv5iyrqps4pg6vrc61221ul	1	2	179	15	1	No-Go	NGW	0	0		1	0.0	1	0.0524	0.9500184067090409	-0.051976863859182036
7iv5iyrqps4pg6vrc61221ul	1	2	183	16	1	No-Go	NGW	0	0		1	0.0	1	0.0327	0.9681108958696341	-0.0327469952583132
7iv5iyrqps4pg6vrc61221ul	1	2	186	17	1	No-Go	NGW	0	0		1	1.0	0	0.0202	0.9787869645332323	-0.021616461656539986
7iv5iyrqps4pg6vrc61221ul	1	2	191	18	1	No-Go	NGW	0	0		1	0.0	1	0.0794	0.9244684027536972	-0.08096067008971555
7iv5iyrqps4pg6vrc61221ul	1	2	196	19	1	No-Go	NGW	0	0		1	0.0	1	0.0466	0.9543439608571127	-0.04753961236825445
7iv5iyrqps4pg6vrc61221ul	1	2	200	20	1	No-Go	NGW	0	0		1	0.0	1	0.0308	0.9710087312639704	-0.029761818015004538
7iv5iyrqps4pg6vrc61221ul	1	2	201	21	1	No-Go	NGW	0	0		1	0.0	1	0.0164	0.9807031024786736	-0.019653581368989162
7iv5iyrqps4pg6vrc61221ul	1	2	205	22	1	No-Go	NGW	0	0		1	0.0	1	0.013	0.9865952338042197	-0.013586913478664897
7iv5iyrqps4pg6vrc61221ul	1	2	210	23	1	No-Go	NGW	0	0		1	1.0	0	0.0113	0.9903234805864931	-0.009777553101109178
7iv5iyrqps4pg6vrc61221ul	1	2	216	24	1	No-Go	NGW	0	0		1	0.0	1	0.0408	0.9599712055278058	-0.04212972137819833
7iv5iyrqps4pg6vrc61221ul	1	2	217	25	1	No-Go	NGW	0	0		1	0.0	1	0.0241	0.9747819563272325	-0.025976657204340413
7iv5iyrqps4pg6vrc61221ul	1	2	222	26	1	No-Go	NGW	0	0		1	0.0	1	0.016	0.9832204978531001	-0.017110101666169095
7iv5iyrqps4pg6vrc61221ul	1	2	227	27	1	No-Go	NGW	0	0		1	1.0	0	0.0125	0.9882866352371157	-0.011878254445113968
7iv5iyrqps4pg6vrc61221ul	1	2	229	28	1	No-Go	NGW	0	0		1	0.0	1	0.0465	0.9512933997297145	-0.05253272399517223
7iv5iyrqps4pg6vrc61221ul	1	2	233	29	1	No-Go	NGW	0	0		1	0.0	1	0.0311	0.9702549650059473	-0.030957290274275018
7iv5iyrqps4pg6vrc61221ul	1	2	237	30	1	No-Go	NGW	0	0		1	0.0	1	0.0189	0.9807339720413837	-0.0197454164478472
7iv5iyrqps4pg6vrc61221ul	1	2	122	1	1	Go	GW	1	1	0.836	1	0.0	1	0.6911	0.6940298041064755	-0.38235677181781286
7iv5iyrqps4pg6vrc61221ul	1	2	126	2	1	Go	GW	1	1	0.443	1	0.0	1	0.9582	0.9567585639437337	-0.04518196231537063
7iv5iyrqps4pg6vrc61221ul	1	2	132	3	1	Go	GW	1	1	0.433	1	1.0	0	0.9913	0.9902593637752732	-0.009902471135966269
7iv5iyrqps4pg6vrc61221ul	1	2	135	4	1	Go	GW	1	1	0.509	1	0.0	1	0.9696	0.9707851485440455	-0.030188235286946797
7iv5iyrqps4pg6vrc61221ul	1	2	139	5	1	Go	GW	1	1	0.302	1	0.0	1	0.9927	0.9927915957004577	-0.007308445888028927
7iv5iyrqps4pg6vrc61221ul	1	2	144	6	1	Go	GW	1	1	0.512	1	0.0	1	0.9976	0.9974054235198175	-0.002612864243864594
7iv5iyrqps4pg6vrc61221ul	1	2	146	7	1	Go	GW	1	1	0.404	1	1.0	0	0.9985	0.9987851774030496	-0.0012196451763137831
7iv5iyrqps4pg6vrc61221ul	1	2	150	8	1	Go	GW	1	1	0.586	1	0.0	1	0.9961	0.9951161894715369	-0.00493726244155433
7iv5iyrqps4pg6vrc61221ul	1	2	154	9	1	Go	GW	1	1	0.728	1	0.0	1	0.9985	0.9981787138602168	-0.0018304563835880164
7iv5iyrqps4pg6vrc61221ul	1	2	160	10	1	Go	GW	1	1	0.49	1	0.0	1	0.999	0.9990775184250659	-0.0009252662432728567
7iv5iyrqps4pg6vrc61221ul	1	2	162	11	1	Go	GW	1	1	0.649	1	0.0	1	0.9994	0.9994310726342188	-0.0005700931360173243
7iv5iyrqps4pg6vrc61221ul	1	2	167	12	1	Go	GW	1	1	0.502	1	0.0	1	0.9991	0.9995952337763155	-0.0004054022156196101
7iv5iyrqps4pg6vrc61221ul	1	2	170	13	1	Go	GW	1	1	0.498	1	0.0	1	0.9998	0.9996804757347769	-0.00031995484438235826
7iv5iyrqps4pg6vrc61221ul	1	2	175	14	1	Go	GW	1	1	1.149	1	1.0	0	0.9997	0.9997284660735859	-0.0002718742141589324
7iv5iyrqps4pg6vrc61221ul	1	2	177	15	1	Go	GW	1	1	0.638	1	0.0	1	0.9989	0.9984054926651297	-0.0016079272162670796
7iv5iyrqps4pg6vrc61221ul	1	2	181	16	1	Go	GW	1	1	0.588	1	0.0	1	0.9987	0.9992832516714598	-0.0007187723887249277
7iv5iyrqps4pg6vrc61221ul	1	2	185	17	1	Go	GW	1	1	0.74	1	1.0	0	0.9999	0.9995466388740213	-0.00045419971023296935
7iv5iyrqps4pg6vrc61221ul	1	2	189	18	1	Go	GW	1	1	0.406	1	0.0	1	0.9979	0.9974636976105489	-0.002565221756956239
7iv5iyrqps4pg6vrc61221ul	1	2	194	19	1	Go	GW	1	1	0.682	1	0.0	1	0.9986	0.9990258388875296	-0.0009775903734088713
7iv5iyrqps4pg6vrc61221ul	1	2	199	20	1	Go	GW	1	1	0.672	1	0.0	1	0.9997	0.9994430226638331	-0.0005581510512967285
7iv5iyrqps4pg6vrc61221ul	1	2	203	21	1	Go	GW	1	1	0.563	1	0.0	1	0.9997	0.9996108703986641	-0.0003897528098567628
7iv5iyrqps4pg6vrc61221ul	1	2	207	22	1	Go	GW	1	1	0.611	1	0.0	1	0.9998	0.9996927052657735	-0.00030772134289994434
7iv5iyrqps4pg6vrc61221ul	1	2	209	23	1	Go	GW	1	1	0.477	1	0.0	1	1.0	0.9997373893847651	-0.0002629512489656018
7iv5iyrqps4pg6vrc61221ul	1	2	214	24	1	Go	GW	1	1	0.631	1	0.0	1	0.9998	0.9997636832349359	-0.0002366148340086759
7iv5iyrqps4pg6vrc61221ul	1	2	220	25	1	Go	GW	1	1	0.702	1	1.0	0	0.9998	0.9997800011827012	-0.00022027399379725672
7iv5iyrqps4pg6vrc61221ul	1	2	223	26	1	Go	GW	1	1	0.54	1	0.0	1	0.9992	0.9986033496757031	-0.001409127607708346
7iv5iyrqps4pg6vrc61221ul	1	2	228	27	1	Go	GW	1	1	0.522	1	0.0	1	0.9995	0.9993722578438886	-0.0006295380784244675
7iv5iyrqps4pg6vrc61221ul	1	2	231	28	1	Go	GW	1	1	0.508	1	1.0	0	0.9998	0.9995938831338433	-0.00040687222826525285
7iv5iyrqps4pg6vrc61221ul	1	2	234	29	1	Go	GW	1	1	0.627	1	0.0	1	0.9969	0.9976333390625063	-0.0023945088996334186
7iv5iyrqps4pg6vrc61221ul	1	2	239	30	1	Go	GW	1	1	0.516	1	0.0	1	0.999	0.9990973538175871	-0.0009058400785745227
7iv5iyrqps4pg6vrc61221ul	1	2	124	1	0	No-Go	NGAL	0	0		1	1.0	0	0.6193	0.3844817506586296	-0.9787240200148644
7iv5iyrqps4pg6vrc61221ul	1	2	127	2	0	No-Go	NGAL	0	1	0.512	0	0.0	0	0.6706	0.6657975744185994	-0.4145591773881803
7iv5iyrqps4pg6vrc61221ul	1	2	129	3	0	No-Go	NGAL	0	1	0.809	0	0.0	0	0.4529	0.45663178822236633	-0.8053456715825396
7iv5iyrqps4pg6vrc61221ul	1	2	134	4	0	No-Go	NGAL	0	0		1	0.0	1	0.2845	0.7185899079122203	-0.33978967118652664
7iv5iyrqps4pg6vrc61221ul	1	2	138	5	0	No-Go	NGAL	0	0		1	0.0	1	0.1433	0.8553870670971011	-0.16113524196634485
7iv5iyrqps4pg6vrc61221ul	1	2	143	6	0	No-Go	NGAL	0	0		1	1.0	0	0.0717	0.924733414750678	-0.0803831661840291
7iv5iyrqps4pg6vrc61221ul	1	2	145	7	0	No-Go	NGAL	0	0		1	0.0	1	0.0896	0.906493679638371	-0.10110601829274102
7iv5iyrqps4pg6vrc61221ul	1	2	152	8	0	No-Go	NGAL	0	0		1	0.0	1	0.0504	0.9502143632589323	-0.05225295308378774
7iv5iyrqps4pg6vrc61221ul	1	2	156	9	0	No-Go	NGAL	0	0		1	0.0	1	0.0277	0.9722479543517509	-0.028625221703392326
7iv5iyrqps4pg6vrc61221ul	1	2	159	10	0	No-Go	NGAL	0	0		1	0.0	1	0.0145	0.9837872980855422	-0.016547030083761384
7iv5iyrqps4pg6vrc61221ul	1	2	161	11	0	No-Go	NGAL	0	0		1	0.0	1	0.0093	0.9900956954172063	-0.010041889613933203
7iv5iyrqps4pg6vrc61221ul	1	2	168	12	0	No-Go	NGAL	0	0		1	0.0	1	0.006	0.9936920560286577	-0.0063684632124277815
7iv5iyrqps4pg6vrc61221ul	1	2	169	13	0	No-Go	NGAL	0	0		1	1.0	0	0.0042	0.9958242406478374	-0.004204087851796586
7iv5iyrqps4pg6vrc61221ul	1	2	173	14	0	No-Go	NGAL	0	0		1	0.0	1	0.0047	0.9944126618817136	-0.00563356138656089
7iv5iyrqps4pg6vrc61221ul	1	2	178	15	0	No-Go	NGAL	0	0		1	0.0	1	0.0026	0.9962740911988469	-0.0037478259080928533
7iv5iyrqps4pg6vrc61221ul	1	2	182	16	0	No-Go	NGAL	0	0		1	0.0	1	0.0019	0.9974226639644912	-0.002588397626904209
7iv5iyrqps4pg6vrc61221ul	1	2	188	17	0	No-Go	NGAL	0	0		1	0.0	1	0.0012	0.9981560553597089	-0.0018498655986140418
7iv5iyrqps4pg6vrc61221ul	1	2	192	18	0	No-Go	NGAL	0	0		1	0.0	1	0.0009	0.9986390023129148	-0.0013643506104216638
7iv5iyrqps4pg6vrc61221ul	1	2	193	19	0	No-Go	NGAL	0	0		1	1.0	0	0.0012	0.9989660205128448	-0.001035984472079739
7iv5iyrqps4pg6vrc61221ul	1	2	197	20	0	No-Go	NGAL	0	0		1	0.0	1	0.0017	0.9985459098008561	-0.0014578094817554973
7iv5iyrqps4pg6vrc61221ul	1	2	204	21	0	No-Go	NGAL	0	0		1	0.0	1	0.0009	0.9989056185616828	-0.0010965725265323128
7iv5iyrqps4pg6vrc61221ul	1	2	208	22	0	No-Go	NGAL	0	0		1	0.0	1	0.0014	0.9991521989061807	-0.0008491706919505143
7iv5iyrqps4pg6vrc61221ul	1	2	211	23	0	No-Go	NGAL	0	0		1	0.0	1	0.0009	0.9993257464750009	-0.0006751576250550696
7iv5iyrqps4pg6vrc61221ul	1	2	215	24	0	No-Go	NGAL	0	0		1	0.0	1	0.0006	0.9994507770914568	-0.000549850661031046
7iv5iyrqps4pg6vrc61221ul	1	2	218	25	0	No-Go	NGAL	0	0		1	1.0	0	0.0008	0.9995427510970181	-0.0004577055852440394
7iv5iyrqps4pg6vrc61221ul	1	2	221	26	0	No-Go	NGAL	0	0		1	0.0	1	0.0005	0.9993276003051457	-0.0006733891701859757
7iv5iyrqps4pg6vrc61221ul	1	2	226	27	0	No-Go	NGAL	0	0		1	0.0	1	0.0002	0.9994548033736588	-0.0005458675423966987
7iv5iyrqps4pg6vrc61221ul	1	2	232	28	0	No-Go	NGAL	0	0		1	0.0	1	0.0006	0.9995471470184842	-0.0004533349347039083
7iv5iyrqps4pg6vrc61221ul	1	2	236	29	0	No-Go	NGAL	0	0		1	1.0	0	0.0002	0.9996157731606141	-0.000384590130647422
7iv5iyrqps4pg6vrc61221ul	1	2	240	30	0	No-Go	NGAL	0	0		1	0.0	1	0.0009	0.9994180482762145	-0.0005828472638694737
84bneiymbaj8wii2y89ot9pm	1	2	124	1	1	No-Go	NGW	0	1	1.049	0	0.0	0	0.5654	0.5640167093656898	-0.6054285420860382
84bneiymbaj8wii2y89ot9pm	1	2	128	2	1	No-Go	NGW	0	1	0.862	0	0.0	0	0.3561	0.3560830942046276	-1.098522890751271
84bneiymbaj8wii2y89ot9pm	1	2	129	3	1	No-Go	NGW	0	0		1	1.0	0	0.2091	0.7926528422051208	-0.24078687366441529
84bneiymbaj8wii2y89ot9pm	1	2	135	4	1	No-Go	NGW	0	1	1.007	0	0.0	0	0.3825	0.3781834309726281	-1.0314100275286806
84bneiymbaj8wii2y89ot9pm	1	2	137	5	1	No-Go	NGW	0	0		1	0.0	1	0.2328	0.7629056228466816	-0.27997570495912194
84bneiymbaj8wii2y89ot9pm	1	2	142	6	1	No-Go	NGW	0	1	0.691	0	0.0	0	0.1109	0.11062084127437731	-2.4377081843002
84bneiymbaj8wii2y89ot9pm	1	2	147	7	1	No-Go	NGW	0	1	1.346	0	0.0	0	0.0674	0.06500587953536051	-3.051916211762563
84bneiymbaj8wii2y89ot9pm	1	2	149	8	1	No-Go	NGW	0	0		1	0.0	1	0.0391	0.9603125886256836	-0.04114094530082717
84bneiymbaj8wii2y89ot9pm	1	2	154	9	1	No-Go	NGW	0	0		1	0.0	1	0.0191	0.9811485300037842	-0.019255535535410397
84bneiymbaj8wii2y89ot9pm	1	2	159	10	1	No-Go	NGW	0	0		1	1.0	0	0.0103	0.9902909745993469	-0.009838115749226817
84bneiymbaj8wii2y89ot9pm	1	2	161	11	1	No-Go	NGW	0	0		1	0.0	1	0.0223	0.9762227780252857	-0.02433697076987639
84bneiymbaj8wii2y89ot9pm	1	2	165	12	1	No-Go	NGW	0	0		1	0.0	1	0.0129	0.9882007323193546	-0.011967941276675937
84bneiymbaj8wii2y89ot9pm	1	2	172	13	1	No-Go	NGW	0	0		1	0.0	1	0.0072	0.9936660591723481	-0.006391853297773752
84bneiymbaj8wii2y89ot9pm	1	2	173	14	1	No-Go	NGW	0	0		1	1.0	0	0.0044	0.9963717182826806	-0.00365028221375465
84bneiymbaj8wii2y89ot9pm	1	2	180	15	1	No-Go	NGW	0	0		1	0.0	1	0.0082	0.990287849269659	-0.009819717037630973
84bneiymbaj8wii2y89ot9pm	1	2	184	16	1	No-Go	NGW	0	0		1	1.0	0	0.0056	0.9947683511106484	-0.005268868033420976
84bneiymbaj8wii2y89ot9pm	1	2	185	17	1	No-Go	NGW	0	0		1	0.0	1	0.0148	0.9860170441612806	-0.014179931519581296
84bneiymbaj8wii2y89ot9pm	1	2	192	18	1	No-Go	NGW	0	0		1	0.0	1	0.0077	0.9928818380776396	-0.007178601688116497
84bneiymbaj8wii2y89ot9pm	1	2	196	19	1	No-Go	NGW	0	0		1	0.0	1	0.003	0.9960511582196221	-0.003970773415184282
84bneiymbaj8wii2y89ot9pm	1	2	200	20	1	No-Go	NGW	0	0		1	0.0	1	0.002	0.9976573091409886	-0.0023515895875347963
84bneiymbaj8wii2y89ot9pm	1	2	201	21	1	No-Go	NGW	0	0		1	0.0	1	0.002	0.9985307691331862	-0.0014731760168321462
84bneiymbaj8wii2y89ot9pm	1	2	207	22	1	No-Go	NGW	0	0		1	0.0	1	0.001	0.9990334776384491	-0.000968409796399383
84bneiymbaj8wii2y89ot9pm	1	2	211	23	1	No-Go	NGW	0	0		1	0.0	1	0.0007	0.999336821152363	-0.0006641458326446043
84bneiymbaj8wii2y89ot9pm	1	2	214	24	1	No-Go	NGW	0	0		1	0.0	1	0.0003	0.9995274281992319	-0.0004730996254888703
84bneiymbaj8wii2y89ot9pm	1	2	219	25	1	No-Go	NGW	0	0		1	1.0	0	0.0005	0.9996514962248709	-0.00034880962885643166
84bneiymbaj8wii2y89ot9pm	1	2	224	26	1	No-Go	NGW	0	0		1	1.0	0	0.0017	0.998786185652249	-0.0012164673923469632
84bneiymbaj8wii2y89ot9pm	1	2	226	27	1	No-Go	NGW	0	0		1	0.0	1	0.0043	0.9959366469102284	-0.004092398727319829
84bneiymbaj8wii2y89ot9pm	1	2	231	28	1	No-Go	NGW	0	0		1	0.0	1	0.0017	0.9977969590035566	-0.0022108611748389265
84bneiymbaj8wii2y89ot9pm	1	2	233	29	1	No-Go	NGW	0	0		1	0.0	1	0.0017	0.998674902280211	-0.0013281153392162637
84bneiymbaj8wii2y89ot9pm	1	2	238	30	1	No-Go	NGW	0	0		1	0.0	1	0.001	0.9991437020240365	-0.0008576813370383815
84bneiymbaj8wii2y89ot9pm	1	2	123	1	0	Go	GAL	1	1	1.148	1	0.0	1	0.6229	0.6186466901209152	-0.48990929905425845
84bneiymbaj8wii2y89ot9pm	1	2	125	2	0	Go	GAL	1	1	0.738	1	0.0	1	0.7913	0.7923917652610175	-0.23767816662775243
84bneiymbaj8wii2y89ot9pm	1	2	132	3	0	Go	GAL	1	1	0.65	1	0.0	1	0.8914	0.888772170610484	-0.12037538499830196
84bneiymbaj8wii2y89ot9pm	1	2	134	4	0	Go	GAL	1	1	0.771	1	1.0	0	0.9373	0.9385277931355427	-0.06455234742463643
84bneiymbaj8wii2y89ot9pm	1	2	139	5	0	Go	GAL	1	1	0.919	1	0.0	1	0.836	0.8421062441633272	-0.1744375925245304
84bneiymbaj8wii2y89ot9pm	1	2	141	6	0	Go	GAL	1	0		0	0.0	0	0.9091	0.08402338985158456	-2.629670012490906
84bneiymbaj8wii2y89ot9pm	1	2	148	7	0	Go	GAL	1	1	0.713	1	0.0	1	0.9258	0.9270396578418638	-0.07699137478887645
84bneiymbaj8wii2y89ot9pm	1	2	152	8	0	Go	GAL	1	0		0	0.0	0	0.9579	0.04077609100752282	-3.529678879475267
84bneiymbaj8wii2y89ot9pm	1	2	153	9	0	Go	GAL	1	1	0.522	1	0.0	1	0.9622	0.9638144683133444	-0.03740595534824292
84bneiymbaj8wii2y89ot9pm	1	2	157	10	0	Go	GAL	1	1	0.604	1	1.0	0	0.9781	0.9786123428940531	-0.02186661342333027
84bneiymbaj8wii2y89ot9pm	1	2	162	11	0	Go	GAL	1	1	0.782	1	0.0	1	0.9412	0.9382923797037128	-0.06467963500816717
84bneiymbaj8wii2y89ot9pm	1	2	167	12	0	Go	GAL	1	1	0.625	1	0.0	1	0.9698	0.9659763580590061	-0.03502710166954895
84bneiymbaj8wii2y89ot9pm	1	2	170	13	0	Go	GAL	1	1	0.547	1	0.0	1	0.9792	0.9800149952883422	-0.020374567163704026
84bneiymbaj8wii2y89ot9pm	1	2	174	14	0	Go	GAL	1	1	0.843	1	1.0	0	0.9879	0.9875852459848078	-0.012582564576231437
84bneiymbaj8wii2y89ot9pm	1	2	178	15	0	Go	GAL	1	1	0.587	1	0.0	1	0.9577	0.9607854811461753	-0.04053775661627792
84bneiymbaj8wii2y89ot9pm	1	2	182	16	0	Go	GAL	1	1	0.583	1	1.0	0	0.9782	0.977784327775079	-0.022671271096545244
84bneiymbaj8wii2y89ot9pm	1	2	186	17	0	Go	GAL	1	1	0.579	1	0.0	1	0.929	0.9324990385529727	-0.07158890664923245
84bneiymbaj8wii2y89ot9pm	1	2	189	18	0	Go	GAL	1	1	0.696	1	0.0	1	0.9679	0.9643910734778518	-0.036714552338224724
84bneiymbaj8wii2y89ot9pm	1	2	195	19	0	Go	GAL	1	1	0.669	1	0.0	1	0.9804	0.979670216151387	-0.02071731277466366
84bneiymbaj8wii2y89ot9pm	1	2	197	20	0	Go	GAL	1	1	0.663	1	0.0	1	0.9869	0.9875829481309761	-0.01257645592534859
84bneiymbaj8wii2y89ot9pm	1	2	202	21	0	Go	GAL	1	1	0.724	1	0.0	1	0.9917	0.9919717884556061	-0.008101759524885213
84bneiymbaj8wii2y89ot9pm	1	2	205	22	0	Go	GAL	1	1	0.848	1	0.0	1	0.9955	0.9945493213853771	-0.005487868210635642
84bneiymbaj8wii2y89ot9pm	1	2	209	23	0	Go	GAL	1	1	0.66	1	0.0	1	0.9976	0.9961375544614489	-0.0038827764691829613
84bneiymbaj8wii2y89ot9pm	1	2	215	24	0	Go	GAL	1	1	0.532	1	0.0	1	0.9979	0.9971570875914516	-0.0028548234767218324
84bneiymbaj8wii2y89ot9pm	1	2	220	25	0	Go	GAL	1	1	0.581	1	1.0	0	0.9985	0.9978351046712763	-0.002172326362458694
84bneiymbaj8wii2y89ot9pm	1	2	223	26	0	Go	GAL	1	1	0.644	1	0.0	1	0.99	0.9912097024225546	-0.008901316729909858
84bneiymbaj8wii2y89ot9pm	1	2	227	27	0	Go	GAL	1	1	0.753	1	0.0	1	0.9943	0.9942845710227995	-0.005762036813259624
84bneiymbaj8wii2y89ot9pm	1	2	232	28	0	Go	GAL	1	1	0.771	1	0.0	1	0.9953	0.9960490662340635	-0.0039742621101157075
84bneiymbaj8wii2y89ot9pm	1	2	235	29	0	Go	GAL	1	1	0.663	1	0.0	1	0.9974	0.9971330383491835	-0.0028800460259120297
84bneiymbaj8wii2y89ot9pm	1	2	240	30	0	Go	GAL	1	1	0.555	1	1.0	0	0.9972	0.9978341407907212	-0.0021738518656141703
84bneiymbaj8wii2y89ot9pm	1	2	121	1	0	No-Go	NGAL	0	1	0.904	0	1.0	1	0.6159	0.6186466901209152	-0.48990929905425845
84bneiymbaj8wii2y89ot9pm	1	2	126	2	0	No-Go	NGAL	0	1	0.599	0	0.0	0	0.7943	0.7923917652610175	-0.23767816662775243
84bneiymbaj8wii2y89ot9pm	1	2	130	3	0	No-Go	NGAL	0	1	0.791	0	0.0	0	0.5852	0.5953784349142416	-0.5292924263841519
84bneiymbaj8wii2y89ot9pm	1	2	136	4	0	No-Go	NGAL	0	1	0.981	0	0.0	0	0.3735	0.38597466220186544	-0.994185840028607
84bneiymbaj8wii2y89ot9pm	1	2	138	5	0	No-Go	NGAL	0	0		1	0.0	1	0.2348	0.7684434782716566	-0.27297571343660965
84bneiymbaj8wii2y89ot9pm	1	2	144	6	0	No-Go	NGAL	0	0		1	1.0	0	0.1225	0.8808891239273644	-0.13155328494501956
84bneiymbaj8wii2y89ot9pm	1	2	145	7	0	No-Go	NGAL	0	0		1	0.0	1	0.1426	0.8618278463881308	-0.153816392904498
84bneiymbaj8wii2y89ot9pm	1	2	150	8	0	No-Go	NGAL	0	0		1	0.0	1	0.0734	0.9277803501882099	-0.07719173357089312
84bneiymbaj8wii2y89ot9pm	1	2	156	9	0	No-Go	NGAL	0	0		1	0.0	1	0.0389	0.9603928626026074	-0.04135354950491611
84bneiymbaj8wii2y89ot9pm	1	2	158	10	0	No-Go	NGAL	0	0		1	0.0	1	0.0214	0.977133438964423	-0.023536466698625694
84bneiymbaj8wii2y89ot9pm	1	2	163	11	0	No-Go	NGAL	0	0		1	1.0	0	0.0137	0.986132720190724	-0.014145519334008979
84bneiymbaj8wii2y89ot9pm	1	2	168	12	0	No-Go	NGAL	0	0		1	0.0	1	0.0174	0.983126341660329	-0.01724167298757879
84bneiymbaj8wii2y89ot9pm	1	2	169	13	0	No-Go	NGAL	0	0		1	0.0	1	0.0093	0.9895777894741828	-0.010578481858055457
84bneiymbaj8wii2y89ot9pm	1	2	176	14	0	No-Go	NGAL	0	0		1	0.0	1	0.0068	0.9932508524075403	-0.006821181038744764
84bneiymbaj8wii2y89ot9pm	1	2	177	15	0	No-Go	NGAL	0	0		1	0.0	1	0.0036	0.9954389389157786	-0.004596745659678314
84bneiymbaj8wii2y89ot9pm	1	2	181	16	0	No-Go	NGAL	0	0		1	0.0	1	0.0026	0.9967956920498382	-0.003223187408747692
84bneiymbaj8wii2y89ot9pm	1	2	187	17	0	No-Go	NGAL	0	0		1	0.0	1	0.0017	0.9976674667835383	-0.002343156129954633
84bneiymbaj8wii2y89ot9pm	1	2	191	18	0	No-Go	NGAL	0	0		1	1.0	0	0.0028	0.9982457310631009	-0.0017606070130101906
84bneiymbaj8wii2y89ot9pm	1	2	193	19	0	No-Go	NGAL	0	0		1	0.0	1	0.0029	0.9977693788339715	-0.0022396188061424493
84bneiymbaj8wii2y89ot9pm	1	2	199	20	0	No-Go	NGAL	0	0		1	0.0	1	0.0017	0.9983291614765554	-0.0016761979407488514
84bneiymbaj8wii2y89ot9pm	1	2	203	21	0	No-Go	NGAL	0	0		1	0.0	1	0.001	0.9987057261240996	-0.0012976936198307294
84bneiymbaj8wii2y89ot9pm	1	2	206	22	0	No-Go	NGAL	0	0		1	0.0	1	0.0013	0.99896720303264	-0.0010351140494640298
84bneiymbaj8wii2y89ot9pm	1	2	212	23	0	No-Go	NGAL	0	0		1	0.0	1	0.001	0.9991537326465652	-0.0008479241497013106
84bneiymbaj8wii2y89ot9pm	1	2	216	24	0	No-Go	NGAL	0	0		1	1.0	0	0.0008	0.9992899489170335	-0.0007112945943037238
84bneiymbaj8wii2y89ot9pm	1	2	218	25	0	No-Go	NGAL	0	0		1	0.0	1	0.0013	0.999051095792893	-0.0009510024649173806
84bneiymbaj8wii2y89ot9pm	1	2	222	26	0	No-Go	NGAL	0	0		1	1.0	0	0.0007	0.9992244855079307	-0.0007769832006462473
84bneiymbaj8wii2y89ot9pm	1	2	225	27	0	No-Go	NGAL	0	0		1	0.0	1	0.0012	0.9988802682073324	-0.0011235630554471219
84bneiymbaj8wii2y89ot9pm	1	2	229	28	0	No-Go	NGAL	0	0		1	0.0	1	0.0004	0.9991271235747752	-0.0008749559563773857
84bneiymbaj8wii2y89ot9pm	1	2	234	29	0	No-Go	NGAL	0	0		1	0.0	1	0.001	0.9992883377305736	-0.0007130379618993128
84bneiymbaj8wii2y89ot9pm	1	2	239	30	0	No-Go	NGAL	0	0		1	0.0	1	0.0008	0.9994001186413095	-0.0006008975244479561
84bneiymbaj8wii2y89ot9pm	1	2	122	1	1	Go	GW	1	0		0	1.0	1	0.5764	0.4359832906343102	-0.883559812470659
84bneiymbaj8wii2y89ot9pm	1	2	127	2	1	Go	GW	1	0		0	0.0	0	0.359	0.6439169057953724	-0.4600718938060422
84bneiymbaj8wii2y89ot9pm	1	2	131	3	1	Go	GW	1	0		0	0.0	0	0.5936	0.41295583424048493	-0.9473615756048148
84bneiymbaj8wii2y89ot9pm	1	2	133	4	1	Go	GW	1	0		0	0.0	0	0.7505	0.23781930165829204	-1.6048932472919184
84bneiymbaj8wii2y89ot9pm	1	2	140	5	1	Go	GW	1	1	0.933	1	0.0	1	0.8604	0.8660312098861949	-0.15148068866506245
84bneiymbaj8wii2y89ot9pm	1	2	143	6	1	Go	GW	1	1	0.758	1	1.0	0	0.9871	0.988298556102819	-0.01200931298457373
84bneiymbaj8wii2y89ot9pm	1	2	146	7	1	Go	GW	1	1	0.572	1	0.0	1	0.9659	0.9693297579074318	-0.03217716113356521
84bneiymbaj8wii2y89ot9pm	1	2	151	8	1	Go	GW	1	1	0.585	1	0.0	1	0.9948	0.9943452623810765	-0.005771411400329861
84bneiymbaj8wii2y89ot9pm	1	2	155	9	1	Go	GW	1	1	0.663	1	0.0	1	0.9984	0.9982257031432957	-0.0017921567049680928
84bneiymbaj8wii2y89ot9pm	1	2	160	10	1	Go	GW	1	1	0.638	1	0.0	1	0.9995	0.9992440733237398	-0.0007598947648367677
84bneiymbaj8wii2y89ot9pm	1	2	164	11	1	Go	GW	1	1	0.565	1	0.0	1	0.9993	0.9995962116560398	-0.00040495198743791764
84bneiymbaj8wii2y89ot9pm	1	2	166	12	1	Go	GW	1	1	0.551	1	1.0	0	0.9998	0.9997416054435664	-0.0002588371757936901
84bneiymbaj8wii2y89ot9pm	1	2	171	13	1	Go	GW	1	1	0.534	1	0.0	1	0.999	0.998870655366727	-0.0011345418509266364
84bneiymbaj8wii2y89ot9pm	1	2	175	14	1	Go	GW	1	1	0.525	1	0.0	1	0.9997	0.9995293190499367	-0.0004718322380168961
84bneiymbaj8wii2y89ot9pm	1	2	179	15	1	Go	GW	1	1	0.528	1	0.0	1	0.9998	0.9997210209870718	-0.00027941944679012637
84bneiymbaj8wii2y89ot9pm	1	2	183	16	1	Go	GW	1	1	0.583	1	0.0	1	0.9999	0.9998016189560505	-0.0001986063448496063
84bneiymbaj8wii2y89ot9pm	1	2	188	17	1	Go	GW	1	1	0.544	1	0.0	1	0.9998	0.9998411162876523	-0.00015903063375893425
84bneiymbaj8wii2y89ot9pm	1	2	190	18	1	Go	GW	1	1	0.543	1	0.0	1	0.9998	0.9998624084097731	-0.00013770628291260046
84bneiymbaj8wii2y89ot9pm	1	2	194	19	1	Go	GW	1	1	0.492	1	1.0	0	0.9999	0.9998747002583208	-0.0001253998888696314
84bneiymbaj8wii2y89ot9pm	1	2	198	20	1	Go	GW	1	1	0.605	1	0.0	1	0.9995	0.9993180159641335	-0.0006844980146513654
84bneiymbaj8wii2y89ot9pm	1	2	204	21	1	Go	GW	1	1	0.624	1	0.0	1	0.9998	0.999713219188291	-0.0002871995788798325
84bneiymbaj8wii2y89ot9pm	1	2	208	22	1	Go	GW	1	1	0.579	1	0.0	1	0.9998	0.9998099243902255	-0.0001902733746628221
84bneiymbaj8wii2y89ot9pm	1	2	210	23	1	Go	GW	1	1	0.494	1	0.0	1	0.9998	0.9998491772564836	-0.00015095678586702358
84bneiymbaj8wii2y89ot9pm	1	2	213	24	1	Go	GW	1	1	0.608	1	0.0	1	0.9999	0.9998684951730092	-0.00013161386044893732
84bneiymbaj8wii2y89ot9pm	1	2	217	25	1	Go	GW	1	1	0.506	1	1.0	0	0.9999	0.9998790920835394	-0.00012100551600451329
84bneiymbaj8wii2y89ot9pm	1	2	221	26	1	Go	GW	1	1	0.633	1	0.0	1	0.9993	0.9993281873763777	-0.0006743500805447774
84bneiymbaj8wii2y89ot9pm	1	2	228	27	1	Go	GW	1	1	0.545	1	0.0	1	0.9996	0.9997223490187611	-0.0002780570623133753
84bneiymbaj8wii2y89ot9pm	1	2	230	28	1	Go	GW	1	1	0.58	1	0.0	1	0.9999	0.999815925727074	-0.00018426513897548154
84bneiymbaj8wii2y89ot9pm	1	2	236	29	1	Go	GW	1	1	0.662	1	1.0	0	0.9996	0.9998530799017592	-0.00014705079235041507
84bneiymbaj8wii2y89ot9pm	1	2	237	30	1	Go	GW	1	1	0.575	1	0.0	1	0.9987	0.9992044601361011	-0.0007987516463523112
84bneiymbaj8wii2y89ot9pm	1	1	1	1	1	No-Go	NGW	0	1	1.229	0	0.0	0	0.5556	0.5640167093656898	-0.6054285420860382
84bneiymbaj8wii2y89ot9pm	1	1	6	2	1	No-Go	NGW	0	0		1	0.0	1	0.3591	0.6439169057953724	-0.4600718938060422
84bneiymbaj8wii2y89ot9pm	1	1	9	3	1	No-Go	NGW	0	0		1	1.0	0	0.2016	0.80688924276354	-0.2227091023544218
84bneiymbaj8wii2y89ot9pm	1	1	16	4	1	No-Go	NGW	0	0		1	0.0	1	0.3756	0.6218165690273719	-0.496614974510874
84bneiymbaj8wii2y89ot9pm	1	1	17	5	1	No-Go	NGW	0	0		1	0.0	1	0.2101	0.7944553565748745	-0.2385386033759237
84bneiymbaj8wii2y89ot9pm	1	1	24	6	1	No-Go	NGW	0	0		1	0.0	1	0.1076	0.8902159286306712	-0.11973440215549906
84bneiymbaj8wii2y89ot9pm	1	1	28	7	1	No-Go	NGW	0	0		1	0.0	1	0.0608	0.9395925117904274	-0.06370180424458503
84bneiymbaj8wii2y89ot9pm	1	1	30	8	1	No-Go	NGW	0	0		1	0.0	1	0.0338	0.965240834108663	-0.03595419558007741
84bneiymbaj8wii2y89ot9pm	1	1	36	9	1	No-Go	NGW	0	0		1	0.0	1	0.0181	0.9790245949992981	-0.02144786257479259
84bneiymbaj8wii2y89ot9pm	1	1	40	10	1	No-Go	NGW	0	0		1	1.0	0	0.0125	0.9867435606260071	-0.013458914013309122
84bneiymbaj8wii2y89ot9pm	1	1	42	11	1	No-Go	NGW	0	0		1	0.0	1	0.0424	0.9586659759330197	-0.04275430795894037
84bneiymbaj8wii2y89ot9pm	1	1	45	12	1	No-Go	NGW	0	0		1	0.0	1	0.0206	0.9759780239086298	-0.02454548005171706
84bneiymbaj8wii2y89ot9pm	1	1	49	13	1	No-Go	NGW	0	0		1	0.0	1	0.0157	0.9851989766624633	-0.01501886399528392
84bneiymbaj8wii2y89ot9pm	1	1	55	14	1	No-Go	NGW	0	0		1	1.0	0	0.0092	0.990399767207836	-0.009699985184039228
84bneiymbaj8wii2y89ot9pm	1	1	58	15	1	No-Go	NGW	0	0		1	0.0	1	0.0341	0.9672668089857056	-0.03373274647928632
84bneiymbaj8wii2y89ot9pm	1	1	63	16	1	No-Go	NGW	0	0		1	1.0	0	0.02	0.9809525235214205	-0.01939416101829164
84bneiymbaj8wii2y89ot9pm	1	1	67	17	1	No-Go	NGW	0	0		1	0.0	1	0.0614	0.9381012373173083	-0.06584725525133162
84bneiymbaj8wii2y89ot9pm	1	1	69	18	1	No-Go	NGW	0	0		1	0.0	1	0.0323	0.9668882486549338	-0.034137334437758425
84bneiymbaj8wii2y89ot9pm	1	1	73	19	1	No-Go	NGW	0	0		1	0.0	1	0.0182	0.9808136591786825	-0.01954057001817427
84bneiymbaj8wii2y89ot9pm	1	1	77	20	1	No-Go	NGW	0	0		1	0.0	1	0.0107	0.9880997683816833	-0.0120460592848675
84bneiymbaj8wii2y89ot9pm	1	1	83	21	1	No-Go	NGW	0	0		1	0.0	1	0.0059	0.9921858411452785	-0.007882156242857178
84bneiymbaj8wii2y89ot9pm	1	1	85	22	1	No-Go	NGW	0	0		1	0.0	1	0.006	0.9946126654947757	-0.0054223164658782595
84bneiymbaj8wii2y89ot9pm	1	1	91	23	1	No-Go	NGW	0	0		1	0.0	1	0.0048	0.9961246817380759	-0.0038948731946473036
84bneiymbaj8wii2y89ot9pm	1	1	95	24	1	No-Go	NGW	0	0		1	0.0	1	0.0031	0.9971057235680788	-0.002906035605141181
84bneiymbaj8wii2y89ot9pm	1	1	98	25	1	No-Go	NGW	0	0		1	1.0	0	0.0028	0.9977648237405585	-0.002242726974124242
84bneiymbaj8wii2y89ot9pm	1	1	101	26	1	No-Go	NGW	0	0		1	1.0	0	0.0098	0.9903608035718021	-0.009784273145594668
84bneiymbaj8wii2y89ot9pm	1	1	107	27	1	No-Go	NGW	0	0		1	0.0	1	0.0369	0.9635266131436316	-0.03910514896389727
84bneiymbaj8wii2y89ot9pm	1	1	110	28	1	No-Go	NGW	0	0		1	0.0	1	0.0203	0.9804771397611621	-0.020084526876310297
84bneiymbaj8wii2y89ot9pm	1	1	113	29	1	No-Go	NGW	0	0		1	0.0	1	0.0129	0.9884544638928875	-0.011727011896833952
84bneiymbaj8wii2y89ot9pm	1	1	119	30	1	No-Go	NGW	0	0		1	0.0	1	0.0084	0.9926098944970115	-0.0074649087816884875
84bneiymbaj8wii2y89ot9pm	1	1	3	1	0	Go	GAL	1	1	1.066	1	0.0	1	0.6228	0.6186466901209152	-0.48990929905425845
84bneiymbaj8wii2y89ot9pm	1	1	8	2	0	Go	GAL	1	1	0.803	1	0.0	1	0.7922	0.7923917652610175	-0.23767816662775243
84bneiymbaj8wii2y89ot9pm	1	1	10	3	0	Go	GAL	1	1	0.919	1	0.0	1	0.8885	0.888772170610484	-0.12037538499830196
84bneiymbaj8wii2y89ot9pm	1	1	14	4	0	Go	GAL	1	1	0.776	1	1.0	0	0.9398	0.9385277931355427	-0.06455234742463643
84bneiymbaj8wii2y89ot9pm	1	1	20	5	0	Go	GAL	1	1	0.754	1	0.0	1	0.8403	0.8421062441633272	-0.1744375925245304
84bneiymbaj8wii2y89ot9pm	1	1	21	6	0	Go	GAL	1	1	0.711	1	0.0	1	0.9183	0.9159766101484155	-0.08903265453892098
84bneiymbaj8wii2y89ot9pm	1	1	27	7	0	Go	GAL	1	1	0.754	1	0.0	1	0.9542	0.9531258367039832	-0.04860741701647132
84bneiymbaj8wii2y89ot9pm	1	1	31	8	0	Go	GAL	1	1	0.708	1	0.0	1	0.9748	0.9724344553123243	-0.028233003842258075
84bneiymbaj8wii2y89ot9pm	1	1	34	9	0	Go	GAL	1	1	0.794	1	0.0	1	0.9846	0.9829446191080476	-0.017337137813840393
84bneiymbaj8wii2y89ot9pm	1	1	38	10	0	Go	GAL	1	1	0.582	1	1.0	0	0.9886	0.9889378813304447	-0.011191250239871737
84bneiymbaj8wii2y89ot9pm	1	1	44	11	0	Go	GAL	1	1	0.59	1	0.0	1	0.9616	0.9634940488663783	-0.03755925235036236
84bneiymbaj8wii2y89ot9pm	1	1	46	12	0	Go	GAL	1	1	0.57	1	0.0	1	0.9765	0.9785599462394932	-0.021829145628785712
84bneiymbaj8wii2y89ot9pm	1	1	51	13	0	Go	GAL	1	1	0.608	1	0.0	1	0.9861	0.9866014107654498	-0.013565434692143424
84bneiymbaj8wii2y89ot9pm	1	1	54	14	0	Go	GAL	1	1	0.751	1	1.0	0	0.9932	0.99117089531205	-0.00890864557912805
84bneiymbaj8wii2y89ot9pm	1	1	60	15	0	Go	GAL	1	1	0.728	1	0.0	1	0.9674	0.9684478438058662	-0.032504602086184685
84bneiymbaj8wii2y89ot9pm	1	1	61	16	0	Go	GAL	1	1	0.572	1	1.0	0	0.9835	0.9815986417574266	-0.018718072095787276
84bneiymbaj8wii2y89ot9pm	1	1	65	17	0	Go	GAL	1	1	0.597	1	0.0	1	0.9394	0.9380441147168987	-0.0661860491634344
84bneiymbaj8wii2y89ot9pm	1	1	72	18	0	Go	GAL	1	1	0.606	1	0.0	1	0.9656	0.9669754199202358	-0.03403980712133615
84bneiymbaj8wii2y89ot9pm	1	1	74	19	0	Go	GAL	1	1	0.603	1	0.0	1	0.9801	0.9808573095740292	-0.019483272841829713
84bneiymbaj8wii2y89ot9pm	1	1	79	20	0	Go	GAL	1	1	0.484	1	0.0	1	0.9886	0.9880820211261313	-0.012057982938460686
84bneiymbaj8wii2y89ot9pm	1	1	84	21	0	Go	GAL	1	1	0.504	1	0.0	1	0.9918	0.9921282936767432	-0.00793775892139207
84bneiymbaj8wii2y89ot9pm	1	1	88	22	0	Go	GAL	1	1	0.637	1	0.0	1	0.9936	0.9945348833042376	-0.0054997070272615675
84bneiymbaj8wii2y89ot9pm	1	1	89	23	0	Go	GAL	1	1	0.398	1	0.0	1	0.9955	0.9960389290101078	-0.00398079942416956
84bneiymbaj8wii2y89ot9pm	1	1	93	24	0	Go	GAL	1	1	0.574	1	0.0	1	0.9976	0.9970187537070458	-0.0029933543119505467
84bneiymbaj8wii2y89ot9pm	1	1	99	25	0	Go	GAL	1	1	0.555	1	1.0	0	0.9979	0.9976800272324917	-0.0023279010395510715
84bneiymbaj8wii2y89ot9pm	1	1	102	26	0	Go	GAL	1	1	0.528	1	0.0	1	0.9888	0.9896990324474456	-0.01047009162256148
84bneiymbaj8wii2y89ot9pm	1	1	106	27	0	Go	GAL	1	1	0.665	1	0.0	1	0.9929	0.9933256742170459	-0.006739929204912388
84bneiymbaj8wii2y89ot9pm	1	1	112	28	0	Go	GAL	1	1	0.546	1	0.0	1	0.9959	0.9953781622889668	-0.004653553822806954
84bneiymbaj8wii2y89ot9pm	1	1	116	29	0	Go	GAL	1	1	0.725	1	0.0	1	0.9964	0.996629648666185	-0.003387942115608776
84bneiymbaj8wii2y89ot9pm	1	1	117	30	0	Go	GAL	1	1	0.678	1	1.0	0	0.9985	0.9974364693812843	-0.0025742965890517447
84bneiymbaj8wii2y89ot9pm	1	1	2	1	0	No-Go	NGAL	0	1	1.173	0	1.0	1	0.6175	0.6186466901209152	-0.48990929905425845
84bneiymbaj8wii2y89ot9pm	1	1	5	2	0	No-Go	NGAL	0	1	0.813	0	0.0	0	0.7899	0.7923917652610175	-0.23767816662775243
84bneiymbaj8wii2y89ot9pm	1	1	11	3	0	No-Go	NGAL	0	0		1	0.0	1	0.5956	0.4046215650857585	-0.9283456673697275
84bneiymbaj8wii2y89ot9pm	1	1	13	4	0	No-Go	NGAL	0	0		1	0.0	1	0.3882	0.6168175462273587	-0.49931602245836815
84bneiymbaj8wii2y89ot9pm	1	1	18	5	0	No-Go	NGAL	0	0		1	0.0	1	0.2228	0.7719417816705214	-0.26861747129393854
84bneiymbaj8wii2y89ot9pm	1	1	23	6	0	No-Go	NGAL	0	0		1	1.0	0	0.1292	0.8660252262548481	-0.1488075862859799
84bneiymbaj8wii2y89ot9pm	1	1	25	7	0	No-Go	NGAL	0	0		1	0.0	1	0.1647	0.8403935395993237	-0.1793069189374519
84bneiymbaj8wii2y89ot9pm	1	1	32	8	0	No-Go	NGAL	0	0		1	0.0	1	0.0907	0.9059573489216909	-0.10134694017195038
84bneiymbaj8wii2y89ot9pm	1	1	35	9	0	No-Go	NGAL	0	0		1	0.0	1	0.0577	0.9427183421139959	-0.060222438028355606
84bneiymbaj8wii2y89ot9pm	1	1	37	10	0	No-Go	NGAL	0	0		1	0.0	1	0.037	0.9636882070285612	-0.03759354386712759
84bneiymbaj8wii2y89ot9pm	1	1	41	11	0	No-Go	NGAL	0	0		1	1.0	0	0.0255	0.9760185531104724	-0.024584229371497904
84bneiymbaj8wii2y89ot9pm	1	1	48	12	0	No-Go	NGAL	0	0		1	0.0	1	0.0304	0.9695019592747475	-0.03141314563069873
84bneiymbaj8wii2y89ot9pm	1	1	52	13	0	No-Go	NGAL	0	0		1	0.0	1	0.0204	0.9797429667009872	-0.020681738752294627
84bneiymbaj8wii2y89ot9pm	1	1	56	14	0	No-Go	NGAL	0	0		1	0.0	1	0.0147	0.9859464950943906	-0.014271022034882107
84bneiymbaj8wii2y89ot9pm	1	1	57	15	0	No-Go	NGAL	0	0		1	0.0	1	0.0104	0.9898535329844386	-0.010267709170469593
84bneiymbaj8wii2y89ot9pm	1	1	62	16	0	No-Go	NGAL	0	0		1	0.0	1	0.0066	0.9924025235856355	-0.007670424685558241
84bneiymbaj8wii2y89ot9pm	1	1	66	17	0	No-Go	NGAL	0	0		1	0.0	1	0.0055	0.9941189024577664	-0.00592819413940288
84bneiymbaj8wii2y89ot9pm	1	1	71	18	0	No-Go	NGAL	0	0		1	1.0	0	0.006	0.9953077757057738	-0.004724672520132575
84bneiymbaj8wii2y89ot9pm	1	1	76	19	0	No-Go	NGAL	0	0		1	0.0	1	0.0053	0.9936478341148777	-0.006412704218322164
84bneiymbaj8wii2y89ot9pm	1	1	78	20	0	No-Go	NGAL	0	0		1	0.0	1	0.0046	0.9950398829337833	-0.004998357645285858
84bneiymbaj8wii2y89ot9pm	1	1	81	21	0	No-Go	NGAL	0	0		1	0.0	1	0.0024	0.9959921669808768	-0.004034495251083034
84bneiymbaj8wii2y89ot9pm	1	1	86	22	0	No-Go	NGAL	0	0		1	0.0	1	0.0037	0.9966662320899923	-0.0033537385986673854
84bneiymbaj8wii2y89ot9pm	1	1	92	23	0	No-Go	NGAL	0	0		1	0.0	1	0.0033	0.9971567891015432	-0.002859024044609977
84bneiymbaj8wii2y89ot9pm	1	1	96	24	0	No-Go	NGAL	0	0		1	1.0	0	0.0027	0.9975221769088622	-0.002490911522045667
84bneiymbaj8wii2y89ot9pm	1	1	100	25	0	No-Go	NGAL	0	0		1	0.0	1	0.0036	0.9964527496387323	-0.0035776822357206977
84bneiymbaj8wii2y89ot9pm	1	1	104	26	0	No-Go	NGAL	0	0		1	1.0	0	0.0036	0.9970540183780439	-0.002966538632246651
84bneiymbaj8wii2y89ot9pm	1	1	108	27	0	No-Go	NGAL	0	0		1	0.0	1	0.0044	0.9953798847208516	-0.004707107665290081
84bneiymbaj8wii2y89ot9pm	1	1	109	28	0	No-Go	NGAL	0	0		1	0.0	1	0.0027	0.9964217213938485	-0.0036171539734031408
84bneiymbaj8wii2y89ot9pm	1	1	115	29	0	No-Go	NGAL	0	0		1	0.0	1	0.0039	0.9970743898305365	-0.002949051066967279
84bneiymbaj8wii2y89ot9pm	1	1	118	30	0	No-Go	NGAL	0	0		1	0.0	1	0.0022	0.9975133785178331	-0.002503351122166814
84bneiymbaj8wii2y89ot9pm	1	1	4	1	1	Go	GW	1	0		0	1.0	1	0.5614	0.4359832906343102	-0.883559812470659
84bneiymbaj8wii2y89ot9pm	1	1	7	2	1	Go	GW	1	0		0	0.0	0	0.3598	0.6439169057953724	-0.4600718938060422
84bneiymbaj8wii2y89ot9pm	1	1	12	3	1	Go	GW	1	1	0.935	1	0.0	1	0.589	0.5870441657595151	-0.5645034023684311
84bneiymbaj8wii2y89ot9pm	1	1	15	4	1	Go	GW	1	1	0.743	1	0.0	1	0.9496	0.9519460387908357	-0.052039512877854986
84bneiymbaj8wii2y89ot9pm	1	1	19	5	1	Go	GW	1	1	0.948	1	0.0	1	0.9911	0.9881548049819722	-0.012275067453656278
84bneiymbaj8wii2y89ot9pm	1	1	22	6	1	Go	GW	1	1	0.63	1	1.0	0	0.9955	0.9955951315085664	-0.004484037424074892
84bneiymbaj8wii2y89ot9pm	1	1	26	7	1	Go	GW	1	1	0.702	1	0.0	1	0.9836	0.9839707689118788	-0.01670699815638894
84bneiymbaj8wii2y89ot9pm	1	1	29	8	1	Go	GW	1	1	0.765	1	0.0	1	0.9947	0.9947254991005455	-0.005388254503353288
84bneiymbaj8wii2y89ot9pm	1	1	33	9	1	Go	GW	1	1	0.646	1	0.0	1	0.9983	0.997537547999779	-0.0024918337391820014
84bneiymbaj8wii2y89ot9pm	1	1	39	10	1	Go	GW	1	1	0.706	1	0.0	1	0.9987	0.9985586890839059	-0.0014514277993265966
84bneiymbaj8wii2y89ot9pm	1	1	43	11	1	Go	GW	1	1	0.619	1	0.0	1	0.9994	0.9990006330972591	-0.0010039635293859418
84bneiymbaj8wii2y89ot9pm	1	1	47	12	1	Go	GW	1	1	0.635	1	1.0	0	0.999	0.9992159778347913	-0.0007867624146073802
84bneiymbaj8wii2y89ot9pm	1	1	50	13	1	Go	GW	1	1	0.518	1	0.0	1	0.9949	0.9956666804645569	-0.00441241721790669
84bneiymbaj8wii2y89ot9pm	1	1	53	14	1	Go	GW	1	1	0.569	1	0.0	1	0.9978	0.9982723141806787	-0.0017392807417679888
84bneiymbaj8wii2y89ot9pm	1	1	59	15	1	Go	GW	1	1	0.605	1	0.0	1	0.9986	0.9989287657229621	-0.0010759458000808514
84bneiymbaj8wii2y89ot9pm	1	1	64	16	1	Go	GW	1	1	0.516	1	0.0	1	0.9992	0.9991951211918753	-0.0008076605188892903
84bneiymbaj8wii2y89ot9pm	1	1	68	17	1	Go	GW	1	1	0.59	1	0.0	1	0.9995	0.9993248327030356	-0.0006772346476985834
84bneiymbaj8wii2y89ot9pm	1	1	70	18	1	Go	GW	1	1	0.476	1	0.0	1	0.9994	0.9993950034257745	-0.0006067586820929432
84bneiymbaj8wii2y89ot9pm	1	1	75	19	1	Go	GW	1	1	0.583	1	1.0	0	0.9992	0.99943578571729	-0.0005658329371303566
84bneiymbaj8wii2y89ot9pm	1	1	80	20	1	Go	GW	1	1	0.664	1	0.0	1	0.9966	0.9965152380901682	-0.003549975309865563
84bneiymbaj8wii2y89ot9pm	1	1	82	21	1	Go	GW	1	1	0.603	1	0.0	1	0.9985	0.9986347872437367	-0.001373078354035583
84bneiymbaj8wii2y89ot9pm	1	1	87	22	1	Go	GW	1	1	0.445	1	0.0	1	0.9992	0.9991118720605356	-0.0008915360347440294
84bneiymbaj8wii2y89ot9pm	1	1	90	23	1	Go	GW	1	1	0.46	1	0.0	1	0.9989	0.9992971118856467	-0.0007051508192666876
84bneiymbaj8wii2y89ot9pm	1	1	94	24	1	Go	GW	1	1	0.516	1	0.0	1	0.9993	0.9993856715797997	-0.000616169074892084
84bneiymbaj8wii2y89ot9pm	1	1	97	25	1	Go	GW	1	1	0.607	1	1.0	0	0.9995	0.9994332395392767	-0.0005684158930892036
84bneiymbaj8wii2y89ot9pm	1	1	103	26	1	Go	GW	1	1	0.512	1	0.0	1	0.9969	0.9964753868812671	-0.00359175328448073
84bneiymbaj8wii2y89ot9pm	1	1	105	27	1	Go	GW	1	1	0.698	1	0.0	1	0.9982	0.9986373015281234	-0.0013706530158934245
84bneiymbaj8wii2y89ot9pm	1	1	111	28	1	Go	GW	1	1	0.513	1	0.0	1	0.999	0.9991181395941774	-0.0008852620505743241
84bneiymbaj8wii2y89ot9pm	1	1	114	29	1	Go	GW	1	1	0.568	1	1.0	0	0.9997	0.9993024773157957	-0.0006997763435937969
84bneiymbaj8wii2y89ot9pm	1	1	120	30	1	Go	GW	1	1	0.603	1	0.0	1	0.9961	0.9957989942243194	-0.004286830523530924
8g18lriszq9mzwrvii4kud1f	1	1	1	1	0	No-Go	NGAL	0	1	1.361	0	0.0	0	0.6561	0.6586717475342037	-0.42533602218728994
8g18lriszq9mzwrvii4kud1f	1	1	7	2	0	No-Go	NGAL	0	1	0.558	0	0.0	0	0.4812	0.4760213128385571	-0.7720808932022272
8g18lriszq9mzwrvii4kud1f	1	1	12	3	0	No-Go	NGAL	0	0		1	1.0	0	0.3304	0.6696982067158181	-0.419146084561872
8g18lriszq9mzwrvii4kud1f	1	1	14	4	0	No-Go	NGAL	0	1	0.976	0	0.0	0	0.4058	0.4068508684454459	-0.9331822546075123
8g18lriszq9mzwrvii4kud1f	1	1	20	5	0	No-Go	NGAL	0	1	1.244	0	0.0	0	0.292	0.2898742448482324	-1.2990462270316436
8g18lriszq9mzwrvii4kud1f	1	1	21	6	0	No-Go	NGAL	0	1	0.854	0	0.0	0	0.2065	0.20881684828559427	-1.6536791037828218
8g18lriszq9mzwrvii4kud1f	1	1	28	7	0	No-Go	NGAL	0	0		1	1.0	0	0.1568	0.8457562262844158	-0.1712779055617236
8g18lriszq9mzwrvii4kud1f	1	1	31	8	0	No-Go	NGAL	0	0		1	0.0	1	0.197	0.801216517213929	-0.2287594992369584
8g18lriszq9mzwrvii4kud1f	1	1	33	9	0	No-Go	NGAL	0	1	0.884	0	0.0	0	0.0987	0.09929244662065817	-2.5534668840573995
8g18lriszq9mzwrvii4kud1f	1	1	37	10	0	No-Go	NGAL	0	0		1	0.0	1	0.0693	0.925954416150058	-0.07854124997516772
8g18lriszq9mzwrvii4kud1f	1	1	43	11	0	No-Go	NGAL	0	0		1	0.0	1	0.0391	0.9593736940912758	-0.04227772886300942
8g18lriszq9mzwrvii4kud1f	1	1	47	12	0	No-Go	NGAL	0	0		1	0.0	1	0.0229	0.9755194696198745	-0.025190591405206676
8g18lriszq9mzwrvii4kud1f	1	1	51	13	0	No-Go	NGAL	0	0		1	1.0	0	0.0156	0.9841398988622116	-0.016199550783952018
8g18lriszq9mzwrvii4kud1f	1	1	54	14	0	No-Go	NGAL	0	0		1	0.0	1	0.0236	0.977279265239425	-0.02327268562880751
8g18lriszq9mzwrvii4kud1f	1	1	58	15	0	No-Go	NGAL	0	0		1	0.0	1	0.013	0.9856165921795725	-0.0146307453302492
8g18lriszq9mzwrvii4kud1f	1	1	61	16	0	No-Go	NGAL	0	0		1	1.0	0	0.0092	0.9901924614000415	-0.009934152403591266
8g18lriszq9mzwrvii4kud1f	1	1	65	17	0	No-Go	NGAL	0	0		1	0.0	1	0.0149	0.9848156028766707	-0.01545000551477313
8g18lriszq9mzwrvii4kud1f	1	1	69	18	0	No-Go	NGAL	0	1	0.755	0	0.0	0	0.0117	0.009842180026833208	-5.205287173273176
8g18lriszq9mzwrvii4kud1f	1	1	75	19	0	No-Go	NGAL	0	0		1	0.0	1	0.0062	0.9925134023244254	-0.007553139846737466
8g18lriszq9mzwrvii4kud1f	1	1	77	20	0	No-Go	NGAL	0	0		1	0.0	1	0.0057	0.994709272139885	-0.005326560321371344
8g18lriszq9mzwrvii4kud1f	1	1	81	21	0	No-Go	NGAL	0	0		1	0.0	1	0.0034	0.9960279037915246	-0.003993764222799653
8g18lriszq9mzwrvii4kud1f	1	1	85	22	0	No-Go	NGAL	0	0		1	0.0	1	0.0032	0.9968741138292553	-0.0031401429135851926
8g18lriszq9mzwrvii4kud1f	1	1	92	23	0	No-Go	NGAL	0	0		1	1.0	0	0.0023	0.9974443526345078	-0.0025656865846719378
8g18lriszq9mzwrvii4kud1f	1	1	96	24	0	No-Go	NGAL	0	0		1	0.0	1	0.004	0.9959258942676188	-0.004094429357510107
8g18lriszq9mzwrvii4kud1f	1	1	99	25	0	No-Go	NGAL	0	0		1	0.0	1	0.0035	0.9969442493027242	-0.0030674822884131383
8g18lriszq9mzwrvii4kud1f	1	1	102	26	0	No-Go	NGAL	0	0		1	0.0	1	0.002	0.9975550133779312	-0.002453050982115412
8g18lriszq9mzwrvii4kud1f	1	1	105	27	0	No-Go	NGAL	0	0		1	0.0	1	0.0013	0.9979549704788347	-0.002051101708752628
8g18lriszq9mzwrvii4kud1f	1	1	109	28	0	No-Go	NGAL	0	0		1	1.0	0	0.0026	0.9982318835243208	-0.0017729759552130337
8g18lriszq9mzwrvii4kud1f	1	1	114	29	0	No-Go	NGAL	0	0		1	0.0	1	0.0029	0.9970102762170135	-0.003002317917924144
8g18lriszq9mzwrvii4kud1f	1	1	118	30	0	No-Go	NGAL	0	0		1	0.0	1	0.0019	0.9977016250705587	-0.0023054926081960744
8g18lriszq9mzwrvii4kud1f	1	1	2	1	1	No-Go	NGW	0	1	0.544	0	0.0	0	0.6479	0.6475823349254007	-0.4590481263171965
8g18lriszq9mzwrvii4kud1f	1	1	6	2	1	No-Go	NGW	0	1	0.638	0	0.0	0	0.4632	0.46831810924228673	-0.7983435784738941
8g18lriszq9mzwrvii4kud1f	1	1	11	3	1	No-Go	NGW	0	0		1	0.0	1	0.3237	0.6778247453259036	-0.40448699140401795
8g18lriszq9mzwrvii4kud1f	1	1	15	4	1	No-Go	NGW	0	0		1	0.0	1	0.1832	0.811963147591802	-0.2165155286243419
8g18lriszq9mzwrvii4kud1f	1	1	17	5	1	No-Go	NGW	0	0		1	1.0	0	0.1151	0.8859306194859026	-0.12521911592406382
8g18lriszq9mzwrvii4kud1f	1	1	23	6	1	No-Go	NGW	0	1	0.949	0	0.0	0	0.2493	0.24213820490093535	-1.4963735186536054
8g18lriszq9mzwrvii4kud1f	1	1	27	7	1	No-Go	NGW	0	0		1	0.0	1	0.1614	0.8397994302351391	-0.1787995142313284
8g18lriszq9mzwrvii4kud1f	1	1	32	8	1	No-Go	NGW	0	0		1	0.0	1	0.0919	0.9098137017707062	-0.0966940508026257
8g18lriszq9mzwrvii4kud1f	1	1	35	9	1	No-Go	NGW	0	0		1	0.0	1	0.055	0.9451689811216524	-0.05749994250892776
8g18lriszq9mzwrvii4kud1f	1	1	38	10	1	No-Go	NGW	0	0		1	1.0	0	0.0356	0.9644185952523294	-0.03679990771404065
8g18lriszq9mzwrvii4kud1f	1	1	44	11	1	No-Go	NGW	0	0		1	0.0	1	0.0963	0.9097378654851703	-0.09611644191668427
8g18lriszq9mzwrvii4kud1f	1	1	46	12	1	No-Go	NGW	0	0		1	0.0	1	0.0538	0.9467944606578752	-0.05543310541349588
8g18lriszq9mzwrvii4kud1f	1	1	52	13	1	No-Go	NGW	0	0		1	0.0	1	0.0366	0.9659094234504125	-0.03509643272901001
8g18lriszq9mzwrvii4kud1f	1	1	55	14	1	No-Go	NGW	0	0		1	1.0	0	0.0242	0.9767025158773885	-0.02380313114603621
8g18lriszq9mzwrvii4kud1f	1	1	57	15	1	No-Go	NGW	0	0		1	0.0	1	0.0631	0.93488245255078	-0.06825573894100302
8g18lriszq9mzwrvii4kud1f	1	1	63	16	1	No-Go	NGW	0	1	0.652	0	0.0	0	0.0399	0.0392052806906582	-3.4895323500032758
8g18lriszq9mzwrvii4kud1f	1	1	66	17	1	No-Go	NGW	0	0		1	1.0	0	0.0268	0.9739436702179006	-0.026618168659280742
8g18lriszq9mzwrvii4kud1f	1	1	71	18	1	No-Go	NGW	0	0		1	0.0	1	0.0713	0.9305922096211622	-0.07325058214548649
8g18lriszq9mzwrvii4kud1f	1	1	76	19	1	No-Go	NGW	0	0		1	0.0	1	0.0386	0.962037614867512	-0.03907523245592476
8g18lriszq9mzwrvii4kud1f	1	1	79	20	1	No-Go	NGW	0	0		1	0.0	1	0.0236	0.9765955638145181	-0.02386544300075691
8g18lriszq9mzwrvii4kud1f	1	1	83	21	1	No-Go	NGW	0	0		1	1.0	0	0.0129	0.9843248388394215	-0.01590084856703905
8g18lriszq9mzwrvii4kud1f	1	1	87	22	1	No-Go	NGW	0	0		1	0.0	1	0.0486	0.954826382018092	-0.04681504408573846
8g18lriszq9mzwrvii4kud1f	1	1	90	23	1	No-Go	NGW	0	0		1	0.0	1	0.0273	0.9735821066887697	-0.026986669280097294
8g18lriszq9mzwrvii4kud1f	1	1	93	24	1	No-Go	NGW	0	0		1	0.0	1	0.0159	0.9828488437220898	-0.01741051680165
8g18lriszq9mzwrvii4kud1f	1	1	97	25	1	No-Go	NGW	0	0		1	0.0	1	0.0109	0.9880178086127311	-0.012118721668490115
8g18lriszq9mzwrvii4kud1f	1	1	101	26	1	No-Go	NGW	0	0		1	0.0	1	0.0081	0.9911445043633772	-0.008934878394969025
8g18lriszq9mzwrvii4kud1f	1	1	107	27	1	No-Go	NGW	0	0		1	0.0	1	0.0056	0.9931506391321787	-0.006899292003613124
8g18lriszq9mzwrvii4kud1f	1	1	110	28	1	No-Go	NGW	0	0		1	0.0	1	0.0065	0.9944974848350925	-0.005536081103384755
8g18lriszq9mzwrvii4kud1f	1	1	113	29	1	No-Go	NGW	0	0		1	1.0	0	0.0051	0.9954350228158495	-0.004588891671703135
8g18lriszq9mzwrvii4kud1f	1	1	119	30	1	No-Go	NGW	0	1	0.544	0	0.0	0	0.0151	0.016646459464878784	-4.652499443107196
8g18lriszq9mzwrvii4kud1f	1	1	4	1	0	Go	GAL	1	1	1.052	1	0.0	1	0.6587	0.6586717475342037	-0.42533602218728994
8g18lriszq9mzwrvii4kud1f	1	1	5	2	0	Go	GAL	1	1	0.532	1	0.0	1	0.8052	0.8018826083542488	-0.22539698423304116
8g18lriszq9mzwrvii4kud1f	1	1	9	3	0	Go	GAL	1	1	0.528	1	1.0	0	0.8824	0.880681325284439	-0.12973461341643178
8g18lriszq9mzwrvii4kud1f	1	1	13	4	0	Go	GAL	1	1	0.609	1	0.0	1	0.7408	0.7423269027396653	-0.30232592456828383
8g18lriszq9mzwrvii4kud1f	1	1	18	5	0	Go	GAL	1	1	0.543	1	0.0	1	0.8477	0.8511877394395846	-0.16355689204512058
8g18lriszq9mzwrvii4kud1f	1	1	22	6	0	Go	GAL	1	1	0.486	1	0.0	1	0.9136	0.9088372161327228	-0.0970651737498038
8g18lriszq9mzwrvii4kud1f	1	1	25	7	0	Go	GAL	1	1	0.618	1	0.0	1	0.9365	0.9406409547803931	-0.062032190134003906
8g18lriszq9mzwrvii4kud1f	1	1	30	8	0	Go	GAL	1	1	0.605	1	0.0	1	0.9554	0.9591590927919731	-0.04217410360678151
8g18lriszq9mzwrvii4kud1f	1	1	34	9	0	Go	GAL	1	1	0.71	1	1.0	0	0.9722	0.9704912543534052	-0.030231185612476917
8g18lriszq9mzwrvii4kud1f	1	1	39	10	0	Go	GAL	1	1	0.509	1	0.0	1	0.9093	0.912185555255487	-0.09317062987644924
8g18lriszq9mzwrvii4kud1f	1	1	42	11	0	Go	GAL	1	1	0.716	1	0.0	1	0.944	0.945117290584343	-0.056931377028213076
8g18lriszq9mzwrvii4kud1f	1	1	48	12	0	Go	GAL	1	1	0.595	1	1.0	0	0.9639	0.9627927079225057	-0.03820051131815573
8g18lriszq9mzwrvii4kud1f	1	1	49	13	0	Go	GAL	1	1	0.661	1	0.0	1	0.885	0.8900233834661858	-0.11952367138836102
8g18lriszq9mzwrvii4kud1f	1	1	56	14	0	Go	GAL	1	1	0.65	1	0.0	1	0.9391	0.9347716949546402	-0.06814957143623253
8g18lriszq9mzwrvii4kud1f	1	1	60	15	0	Go	GAL	1	1	0.507	1	0.0	1	0.9587	0.9574359721297807	-0.04383464645057758
8g18lriszq9mzwrvii4kud1f	1	1	62	16	0	Go	GAL	1	1	0.506	1	1.0	0	0.9688	0.9701303215539325	-0.030527896115222344
8g18lriszq9mzwrvii4kud1f	1	1	67	17	0	Go	GAL	1	1	0.484	1	0.0	1	0.9054	0.9066470779844167	-0.10056126490300499
8g18lriszq9mzwrvii4kud1f	1	1	70	18	0	Go	GAL	1	1	0.445	1	0.0	1	0.9464	0.9438801437002919	-0.058383777558787056
8g18lriszq9mzwrvii4kud1f	1	1	73	19	0	Go	GAL	1	1	0.471	1	0.0	1	0.9624	0.9628229890230546	-0.038180405801383405
8g18lriszq9mzwrvii4kud1f	1	1	80	20	0	Go	GAL	1	1	0.467	1	0.0	1	0.9778	0.9735185975572904	-0.027012636905799418
8g18lriszq9mzwrvii4kud1f	1	1	82	21	0	Go	GAL	1	1	0.441	1	0.0	1	0.9807	0.9800483957869554	-0.02026759512981031
8g18lriszq9mzwrvii4kud1f	1	1	86	22	0	Go	GAL	1	1	0.511	1	0.0	1	0.9857	0.9842734583678447	-0.015931737271033145
8g18lriszq9mzwrvii4kud1f	1	1	91	23	0	Go	GAL	1	1	0.57	1	0.0	1	0.9885	0.9871324819493595	-0.013010625184493071
8g18lriszq9mzwrvii4kud1f	1	1	95	24	0	Go	GAL	1	1	0.46	1	1.0	0	0.9877	0.9891372378808044	-0.010968770503173209
8g18lriszq9mzwrvii4kud1f	1	1	100	25	0	Go	GAL	1	1	0.571	1	0.0	1	0.9545	0.9571360666734359	-0.04490948145552728
8g18lriszq9mzwrvii4kud1f	1	1	104	26	0	Go	GAL	1	1	0.597	1	0.0	1	0.9735	0.9718293618378744	-0.028890095006305246
8g18lriszq9mzwrvii4kud1f	1	1	108	27	0	Go	GAL	1	1	0.491	1	0.0	1	0.9782	0.979633908772635	-0.020731269811192714
8g18lriszq9mzwrvii4kud1f	1	1	111	28	0	Go	GAL	1	1	0.488	1	1.0	0	0.984	0.9842937399864999	-0.015926855477578248
8g18lriszq9mzwrvii4kud1f	1	1	116	29	0	Go	GAL	1	1	0.45	1	0.0	1	0.9426	0.9410809238465326	-0.06302454771226679
8g18lriszq9mzwrvii4kud1f	1	1	117	30	0	Go	GAL	1	1	0.483	1	0.0	1	0.9655	0.9636402857457935	-0.03758155136321245
8g18lriszq9mzwrvii4kud1f	1	1	3	1	1	Go	GW	1	1	0.718	1	1.0	0	0.6483	0.6475823349254007	-0.4590481263171965
8g18lriszq9mzwrvii4kud1f	1	1	8	2	1	Go	GW	1	1	0.695	1	0.0	1	0.4687	0.46831810924228673	-0.7983435784738941
8g18lriszq9mzwrvii4kud1f	1	1	10	3	1	Go	GW	1	1	0.941	1	0.0	1	0.8495	0.8501214499202959	-0.1758695344142248
8g18lriszq9mzwrvii4kud1f	1	1	16	4	1	Go	GW	1	1	0.687	1	0.0	1	0.9389	0.9364798704405808	-0.07008316370344798
8g18lriszq9mzwrvii4kud1f	1	1	19	5	1	Go	GW	1	1	0.606	1	0.0	1	0.9667	0.9659999938001396	-0.036188962241951096
8g18lriszq9mzwrvii4kud1f	1	1	24	6	1	Go	GW	1	1	0.555	1	0.0	1	0.9815	0.9788476895650372	-0.022015842220326466
8g18lriszq9mzwrvii4kud1f	1	1	26	7	1	Go	GW	1	1	0.585	1	0.0	1	0.9861	0.9852799528963838	-0.015110688545111287
8g18lriszq9mzwrvii4kud1f	1	1	29	8	1	Go	GW	1	1	0.974	1	0.0	1	0.9887	0.9888117255490011	-0.011390903352728094
8g18lriszq9mzwrvii4kud1f	1	1	36	9	1	Go	GW	1	1	0.594	1	0.0	1	0.993	0.9908840865834845	-0.009237612507096857
8g18lriszq9mzwrvii4kud1f	1	1	40	10	1	Go	GW	1	1	0.482	1	1.0	0	0.9912	0.992163472716688	-0.007921164064711127
8g18lriszq9mzwrvii4kud1f	1	1	41	11	1	Go	GW	1	1	0.576	1	0.0	1	0.9664	0.9669966358699763	-0.03462892402965215
8g18lriszq9mzwrvii4kud1f	1	1	45	12	1	Go	GW	1	1	0.601	1	0.0	1	0.9835	0.9840144050198436	-0.016285721706015655
8g18lriszq9mzwrvii4kud1f	1	1	50	13	1	Go	GW	1	1	0.45	1	0.0	1	0.9878	0.9889832446559617	-0.011163346755762757
8g18lriszq9mzwrvii4kud1f	1	1	53	14	1	Go	GW	1	1	0.648	1	1.0	0	0.9914	0.9912786594137635	-0.008815262565858366
8g18lriszq9mzwrvii4kud1f	1	1	59	15	1	Go	GW	1	1	0.591	1	0.0	1	0.9591	0.9629815882954769	-0.039023695823642374
8g18lriszq9mzwrvii4kud1f	1	1	64	16	1	Go	GW	1	1	0.596	1	0.0	1	0.9819	0.9828924735812874	-0.017451687371957087
8g18lriszq9mzwrvii4kud1f	1	1	68	17	1	Go	GW	1	1	0.475	1	1.0	0	0.9881	0.9885680030667354	-0.01158818980568997
8g18lriszq9mzwrvii4kud1f	1	1	72	18	1	Go	GW	1	1	0.525	1	0.0	1	0.9526	0.9538592083822137	-0.04912928652811748
8g18lriszq9mzwrvii4kud1f	1	1	74	19	1	Go	GW	1	1	0.476	1	0.0	1	0.9813	0.9797247003445188	-0.02077929905698743
8g18lriszq9mzwrvii4kud1f	1	1	78	20	1	Go	GW	1	0		0	0.0	0	0.9874	0.012924056315645282	-5.198649850321533
8g18lriszq9mzwrvii4kud1f	1	1	84	21	1	Go	GW	1	1	0.466	1	1.0	0	0.9953	0.9939437821143214	-0.006103282105296595
8g18lriszq9mzwrvii4kud1f	1	1	88	22	1	Go	GW	1	1	0.526	1	0.0	1	0.9792	0.9771000867667466	-0.023517216025343634
8g18lriszq9mzwrvii4kud1f	1	1	89	23	1	Go	GW	1	1	0.661	1	0.0	1	0.9892	0.9898030042575252	-0.010328674821892411
8g18lriszq9mzwrvii4kud1f	1	1	94	24	1	Go	GW	1	1	0.434	1	0.0	1	0.9928	0.9935283009137129	-0.006527610828654923
8g18lriszq9mzwrvii4kud1f	1	1	98	25	1	Go	GW	1	1	0.549	1	0.0	1	0.9939	0.9951819349590579	-0.004849365519900396
8g18lriszq9mzwrvii4kud1f	1	1	103	26	1	Go	GW	1	1	0.527	1	0.0	1	0.9954	0.9960524564263731	-0.003968809022773398
8g18lriszq9mzwrvii4kud1f	1	1	106	27	1	Go	GW	1	1	0.516	1	0.0	1	0.9968	0.9965586404658943	-0.0034579978685590766
8g18lriszq9mzwrvii4kud1f	1	1	112	28	1	Go	GW	1	1	0.46	1	0.0	1	0.9969	0.9968733338715545	-0.003140992955888384
8g18lriszq9mzwrvii4kud1f	1	1	115	29	1	Go	GW	1	1	0.482	1	1.0	0	0.9971	0.9970787721932945	-0.0029343315721514075
8g18lriszq9mzwrvii4kud1f	1	1	120	30	1	Go	GW	1	1	0.406	1	0.0	1	0.9869	0.9871691922401021	-0.013082994135996596
8g18lriszq9mzwrvii4kud1f	1	2	121	1	0	No-Go	NGAL	0	0		1	0.0	1	0.6631	0.34132825246579634	-1.1044143631174295
8g18lriszq9mzwrvii4kud1f	1	2	128	2	0	No-Go	NGAL	0	0		1	0.0	1	0.4766	0.5239786871614429	-0.6692911311476581
8g18lriszq9mzwrvii4kud1f	1	2	132	3	0	No-Go	NGAL	0	0		1	1.0	0	0.3256	0.6696982067158181	-0.419146084561872
8g18lriszq9mzwrvii4kud1f	1	2	133	4	0	No-Go	NGAL	0	0		1	0.0	1	0.4396	0.5682226136019298	-0.5855444726546405
8g18lriszq9mzwrvii4kud1f	1	2	137	5	0	No-Go	NGAL	0	0		1	0.0	1	0.2975	0.7047981610853766	-0.3599822999669177
8g18lriszq9mzwrvii4kud1f	1	2	141	6	0	No-Go	NGAL	0	0		1	0.0	1	0.2049	0.7962012428340645	-0.23425764527020723
8g18lriszq9mzwrvii4kud1f	1	2	145	7	0	No-Go	NGAL	0	0		1	1.0	0	0.1404	0.8548950405901403	-0.16084781169059575
8g18lriszq9mzwrvii4kud1f	1	2	150	8	0	No-Go	NGAL	0	0		1	0.0	1	0.2239	0.7790197229466105	-0.2629729338734457
8g18lriszq9mzwrvii4kud1f	1	2	156	9	0	No-Go	NGAL	0	0		1	0.0	1	0.1511	0.8476646588871878	-0.16951543368725586
8g18lriszq9mzwrvii4kud1f	1	2	157	10	0	No-Go	NGAL	0	0		1	0.0	1	0.117	0.8904882229386223	-0.11801075644940456
8g18lriszq9mzwrvii4kud1f	1	2	163	11	0	No-Go	NGAL	0	0		1	0.0	1	0.081	0.9176079962197148	-0.08724478588927113
8g18lriszq9mzwrvii4kud1f	1	2	165	12	0	No-Go	NGAL	0	0		1	0.0	1	0.0642	0.9353459683735118	-0.06774851194791474
8g18lriszq9mzwrvii4kud1f	1	2	170	13	0	No-Go	NGAL	0	0		1	1.0	0	0.0571	0.9473453702435166	-0.05480967968818473
8g18lriszq9mzwrvii4kud1f	1	2	174	14	0	No-Go	NGAL	0	0		1	0.0	1	0.0891	0.9069360182170796	-0.10153627480078312
8g18lriszq9mzwrvii4kud1f	1	2	180	15	0	No-Go	NGAL	0	0		1	0.0	1	0.0715	0.9312102405051286	-0.07258123992374535
8g18lriszq9mzwrvii4kud1f	1	2	183	16	0	No-Go	NGAL	0	0		1	1.0	0	0.0549	0.9460577531845132	-0.05618898708741381
8g18lriszq9mzwrvii4kud1f	1	2	186	17	0	No-Go	NGAL	0	0		1	0.0	1	0.1045	0.8971724595675776	-0.11921658777220714
8g18lriszq9mzwrvii4kud1f	1	2	192	18	0	No-Go	NGAL	0	0		1	0.0	1	0.0803	0.927005715920754	-0.07851833472158402
8g18lriszq9mzwrvii4kud1f	1	2	193	19	0	No-Go	NGAL	0	0		1	0.0	1	0.0541	0.9445631844696567	-0.058114334621555415
8g18lriszq9mzwrvii4kud1f	1	2	200	20	0	No-Go	NGAL	0	0		1	0.0	1	0.0434	0.9553554320410458	-0.04632005359530053
8g18lriszq9mzwrvii4kud1f	1	2	202	21	0	No-Go	NGAL	0	0		1	0.0	1	0.0409	0.9623691779885201	-0.03886132570504976
8g18lriszq9mzwrvii4kud1f	1	2	205	22	0	No-Go	NGAL	0	0		1	0.0	1	0.0296	0.9671529013277564	-0.033844147797297434
8g18lriszq9mzwrvii4kud1f	1	2	209	23	0	No-Go	NGAL	0	0		1	1.0	0	0.029	0.9705452824135724	-0.03031422062273592
8g18lriszq9mzwrvii4kud1f	1	2	216	24	0	No-Go	NGAL	0	0		1	0.0	1	0.0605	0.9418551078533876	-0.06306582386437408
8g18lriszq9mzwrvii4kud1f	1	2	219	25	0	No-Go	NGAL	0	0		1	0.0	1	0.0473	0.9552437799116704	-0.04696519417623909
8g18lriszq9mzwrvii4kud1f	1	2	222	26	0	No-Go	NGAL	0	0		1	0.0	1	0.0358	0.9631792283931488	-0.03820904618665653
8g18lriszq9mzwrvii4kud1f	1	2	226	27	0	No-Go	NGAL	0	0		1	0.0	1	0.032	0.968228774701548	-0.03281707586876756
8g18lriszq9mzwrvii4kud1f	1	2	231	28	0	No-Go	NGAL	0	0		1	1.0	0	0.0295	0.9716367640913255	-0.02923431476080539
8g18lriszq9mzwrvii4kud1f	1	2	235	29	0	No-Go	NGAL	0	0		1	0.0	1	0.0562	0.9418005381683011	-0.0641934101922446
8g18lriszq9mzwrvii4kud1f	1	2	237	30	0	No-Go	NGAL	0	0		1	0.0	1	0.0434	0.955872766686372	-0.046576950455221894
8g18lriszq9mzwrvii4kud1f	1	2	123	1	0	Go	GAL	1	1	0.986	1	0.0	1	0.6598	0.6586717475342037	-0.42533602218728994
8g18lriszq9mzwrvii4kud1f	1	2	127	2	0	Go	GAL	1	1	0.884	1	0.0	1	0.7985	0.8018826083542488	-0.22539698423304116
8g18lriszq9mzwrvii4kud1f	1	2	129	3	0	Go	GAL	1	1	0.724	1	1.0	0	0.8791	0.880681325284439	-0.12973461341643178
8g18lriszq9mzwrvii4kud1f	1	2	134	4	0	Go	GAL	1	0		0	0.0	0	0.742	0.2576730972603347	-1.3927899751632689
8g18lriszq9mzwrvii4kud1f	1	2	140	5	0	Go	GAL	1	1	0.803	1	0.0	1	0.8031	0.7994964402514213	-0.22876820239826473
8g18lriszq9mzwrvii4kud1f	1	2	144	6	0	Go	GAL	1	1	0.555	1	0.0	1	0.8829	0.8848324528941279	-0.12528139024628906
8g18lriszq9mzwrvii4kud1f	1	2	146	7	0	Go	GAL	1	1	0.617	1	0.0	1	0.9253	0.9290311009721836	-0.07522528257872348
8g18lriszq9mzwrvii4kud1f	1	2	149	8	0	Go	GAL	1	1	0.512	1	0.0	1	0.9538	0.9534388956133469	-0.04855572526413203
8g18lriszq9mzwrvii4kud1f	1	2	155	9	0	Go	GAL	1	1	0.842	1	1.0	0	0.9694	0.9677468250270653	-0.03327228018978785
8g18lriszq9mzwrvii4kud1f	1	2	160	10	0	Go	GAL	1	1	0.455	1	0.0	1	0.9207	0.9133815697270454	-0.09212992586893574
8g18lriszq9mzwrvii4kud1f	1	2	162	11	0	Go	GAL	1	1	0.49	1	0.0	1	0.943	0.9466203297371043	-0.05562317298585465
8g18lriszq9mzwrvii4kud1f	1	2	168	12	0	Go	GAL	1	1	0.47	1	1.0	0	0.9648	0.9643904510919789	-0.036696189838060875
8g18lriszq9mzwrvii4kud1f	1	2	169	13	0	Go	GAL	1	1	0.375	1	0.0	1	0.9055	0.9029635602082932	-0.10419766479209716
8g18lriszq9mzwrvii4kud1f	1	2	173	14	0	Go	GAL	1	1	0.497	1	0.0	1	0.9365	0.9423303303577073	-0.06020964063810726
8g18lriszq9mzwrvii4kud1f	1	2	177	15	0	Go	GAL	1	1	0.667	1	0.0	1	0.9645	0.962403484444658	-0.03875846195591282
8g18lriszq9mzwrvii4kud1f	1	2	181	16	0	Go	GAL	1	1	0.451	1	1.0	0	0.9751	0.973740014715433	-0.026868732847962828
8g18lriszq9mzwrvii4kud1f	1	2	185	17	0	Go	GAL	1	1	0.371	1	0.0	1	0.9215	0.9233694255544919	-0.0813454122170701
8g18lriszq9mzwrvii4kud1f	1	2	190	18	0	Go	GAL	1	1	0.42	1	0.0	1	0.9553	0.953463232703679	-0.04825310180558776
8g18lriszq9mzwrvii4kud1f	1	2	195	19	0	Go	GAL	1	1	0.554	1	0.0	1	0.9719	0.9689760355383628	-0.03183314479501897
8g18lriszq9mzwrvii4kud1f	1	2	197	20	0	Go	GAL	1	1	0.378	1	0.0	1	0.978	0.9778594450497107	-0.02257932763078932
8g18lriszq9mzwrvii4kud1f	1	2	201	21	0	Go	GAL	1	1	0.517	1	0.0	1	0.9825	0.9833379134606657	-0.016924351464859107
8g18lriszq9mzwrvii4kud1f	1	2	208	22	0	Go	GAL	1	1	0.509	1	0.0	1	0.9854	0.9869073272091984	-0.013261974126594123
8g18lriszq9mzwrvii4kud1f	1	2	211	23	0	Go	GAL	1	1	0.599	1	0.0	1	0.9877	0.9893342148398866	-0.010782393976492112
8g18lriszq9mzwrvii4kud1f	1	2	213	24	0	Go	GAL	1	1	0.395	1	1.0	0	0.9915	0.991041672452137	-0.009043294951689006
8g18lriszq9mzwrvii4kud1f	1	2	220	25	0	Go	GAL	1	1	0.396	1	0.0	1	0.9669	0.9670502105360376	-0.03410577692203367
8g18lriszq9mzwrvii4kud1f	1	2	221	26	0	Go	GAL	1	1	0.541	1	0.0	1	0.9804	0.9779636250998436	-0.022507441256985294
8g18lriszq9mzwrvii4kud1f	1	2	227	27	0	Go	GAL	1	1	0.413	1	0.0	1	0.9848	0.9838967005797902	-0.016358055086243148
8g18lriszq9mzwrvii4kud1f	1	2	230	28	0	Go	GAL	1	1	0.493	1	1.0	0	0.9874	0.9875075404708296	-0.012651029354665663
8g18lriszq9mzwrvii4kud1f	1	2	233	29	0	Go	GAL	1	1	0.453	1	0.0	1	0.9539	0.9555482029345447	-0.04666544499505434
8g18lriszq9mzwrvii4kud1f	1	2	239	30	0	Go	GAL	1	1	0.502	1	0.0	1	0.9678	0.9720787829864407	-0.02868452891545817
8g18lriszq9mzwrvii4kud1f	1	2	124	1	1	Go	GW	1	0		0	1.0	1	0.646	0.3524176650745993	-1.125341445383588
8g18lriszq9mzwrvii4kud1f	1	2	125	2	1	Go	GW	1	0		0	0.0	0	0.4693	0.5316818907577132	-0.6634784292486712
8g18lriszq9mzwrvii4kud1f	1	2	130	3	1	Go	GW	1	0		0	0.0	0	0.666	0.326092694541376	-1.2281333927918505
8g18lriszq9mzwrvii4kud1f	1	2	136	4	1	Go	GW	1	1	0.631	1	0.0	1	0.8056	0.8014253398408919	-0.2366972430433787
8g18lriszq9mzwrvii4kud1f	1	2	139	5	1	Go	GW	1	1	0.567	1	0.0	1	0.9496	0.9521523807608366	-0.05079950866080345
8g18lriszq9mzwrvii4kud1f	1	2	142	6	1	Go	GW	1	1	0.437	1	0.0	1	0.9802	0.9792156708218829	-0.02153040191053721
8g18lriszq9mzwrvii4kud1f	1	2	147	7	1	Go	GW	1	1	0.492	1	0.0	1	0.9885	0.9884282206282334	-0.011830484348134584
8g18lriszq9mzwrvii4kud1f	1	2	152	8	1	Go	GW	1	1	0.547	1	0.0	1	0.9926	0.9924960921106569	-0.007611955105186509
8g18lriszq9mzwrvii4kud1f	1	2	153	9	1	Go	GW	1	1	0.591	1	0.0	1	0.9959	0.9945693071185233	-0.005483290325733531
8g18lriszq9mzwrvii4kud1f	1	2	159	10	1	Go	GW	1	1	0.511	1	1.0	0	0.9967	0.9957285945583866	-0.004301156111527685
8g18lriszq9mzwrvii4kud1f	1	2	161	11	1	Go	GW	1	1	0.542	1	0.0	1	0.9855	0.9844408722821568	-0.015836713643885572
8g18lriszq9mzwrvii4kud1f	1	2	167	12	1	Go	GW	1	1	0.551	1	0.0	1	0.9923	0.9921617560254096	-0.007916986189659714
8g18lriszq9mzwrvii4kud1f	1	2	171	13	1	Go	GW	1	1	0.559	1	0.0	1	0.9952	0.9946690914171954	-0.00536986493588511
8g18lriszq9mzwrvii4kud1f	1	2	176	14	1	Go	GW	1	1	0.507	1	1.0	0	0.9946	0.9958760155554884	-0.004147550762082629
8g18lriszq9mzwrvii4kud1f	1	2	178	15	1	Go	GW	1	1	0.48	1	0.0	1	0.984	0.9842323792077539	-0.016052957390150394
8g18lriszq9mzwrvii4kud1f	1	2	184	16	1	Go	GW	1	1	0.602	1	0.0	1	0.9923	0.992364553517183	-0.007705935464541594
8g18lriszq9mzwrvii4kud1f	1	2	188	17	1	Go	GW	1	1	0.611	1	1.0	0	0.9955	0.9948558785046698	-0.005178399704525937
8g18lriszq9mzwrvii4kud1f	1	2	191	18	1	Go	GW	1	1	0.51	1	0.0	1	0.9809	0.9808002455605142	-0.019611887151259784
8g18lriszq9mzwrvii4kud1f	1	2	196	19	1	Go	GW	1	1	0.383	1	0.0	1	0.9923	0.9911995939321758	-0.008895724887860326
8g18lriszq9mzwrvii4kud1f	1	2	199	20	1	Go	GW	1	1	0.47	1	0.0	1	0.9961	0.9943115039243847	-0.0057311757404055405
8g18lriszq9mzwrvii4kud1f	1	2	204	21	1	Go	GW	1	1	0.666	1	1.0	0	0.9952	0.9957196152802867	-0.004305058528537349
8g18lriszq9mzwrvii4kud1f	1	2	207	22	1	Go	GW	1	1	0.482	1	0.0	1	0.9817	0.9834918078902561	-0.016824937747279892
8g18lriszq9mzwrvii4kud1f	1	2	212	23	1	Go	GW	1	1	0.346	1	0.0	1	0.9921	0.9921353667853992	-0.007941334204274992
8g18lriszq9mzwrvii4kud1f	1	2	214	24	1	Go	GW	1	1	0.371	1	0.0	1	0.9955	0.9947702883486809	-0.005265681039754027
8g18lriszq9mzwrvii4kud1f	1	2	217	25	1	Go	GW	1	1	0.692	1	0.0	1	0.9969	0.9959792766772951	-0.004042483778208545
8g18lriszq9mzwrvii4kud1f	1	2	223	26	1	Go	GW	1	1	0.473	1	0.0	1	0.996	0.9966315223774073	-0.0033841553829849
8g18lriszq9mzwrvii4kud1f	1	2	228	27	1	Go	GW	1	1	0.424	1	0.0	1	0.9967	0.9970180238329315	-0.0029947473586702713
8g18lriszq9mzwrvii4kud1f	1	2	232	28	1	Go	GW	1	1	0.538	1	0.0	1	0.9972	0.9972619872115689	-0.002749290958650958
8g18lriszq9mzwrvii4kud1f	1	2	234	29	1	Go	GW	1	1	0.437	1	1.0	0	0.9978	0.9974232709264174	-0.0025871990008643703
8g18lriszq9mzwrvii4kud1f	1	2	238	30	1	Go	GW	1	1	0.479	1	0.0	1	0.9879	0.9888602869009745	-0.0113242585713182
8g18lriszq9mzwrvii4kud1f	1	2	122	1	1	No-Go	NGW	0	0		1	0.0	1	0.6558	0.3524176650745993	-1.125341445383588
8g18lriszq9mzwrvii4kud1f	1	2	126	2	1	No-Go	NGW	0	1	0.862	0	0.0	0	0.4661	0.46831810924228673	-0.7983435784738941
8g18lriszq9mzwrvii4kud1f	1	2	131	3	1	No-Go	NGW	0	0		1	0.0	1	0.2903	0.7030425497779592	-0.3682396527438551
8g18lriszq9mzwrvii4kud1f	1	2	135	4	1	No-Go	NGW	0	0		1	0.0	1	0.1916	0.811963147591802	-0.2165155286243419
8g18lriszq9mzwrvii4kud1f	1	2	138	5	1	No-Go	NGW	0	0		1	1.0	0	0.1205	0.8772235820376157	-0.13515036256037863
8g18lriszq9mzwrvii4kud1f	1	2	143	6	1	No-Go	NGW	0	0		1	0.0	1	0.2769	0.7233080734665077	-0.3335591678305007
8g18lriszq9mzwrvii4kud1f	1	2	148	7	1	No-Go	NGW	0	0		1	0.0	1	0.1738	0.8288778878039781	-0.19231202149496762
8g18lriszq9mzwrvii4kud1f	1	2	151	8	1	No-Go	NGW	0	0		1	0.0	1	0.1107	0.8892436341929997	-0.11989445270008715
8g18lriszq9mzwrvii4kud1f	1	2	154	9	1	No-Go	NGW	0	0		1	0.0	1	0.0736	0.9246154466289601	-0.07976341189817863
8g18lriszq9mzwrvii4kud1f	1	2	158	10	1	No-Go	NGW	0	0		1	1.0	0	0.0558	0.9461862153238341	-0.056107615631896306
8g18lriszq9mzwrvii4kud1f	1	2	164	11	1	No-Go	NGW	0	0		1	0.0	1	0.1499	0.8473990805984011	-0.1698747818134608
8g18lriszq9mzwrvii4kud1f	1	2	166	12	1	No-Go	NGW	0	0		1	0.0	1	0.093	0.9034981509282305	-0.1030706637651843
8g18lriszq9mzwrvii4kud1f	1	2	172	13	1	No-Go	NGW	0	0		1	0.0	1	0.0708	0.9346298401055261	-0.06846358867818149
8g18lriszq9mzwrvii4kud1f	1	2	175	14	1	No-Go	NGW	0	0		1	1.0	0	0.0472	0.9530734578344687	-0.04858281406280132
8g18lriszq9mzwrvii4kud1f	1	2	179	15	1	No-Go	NGW	0	0		1	0.0	1	0.1403	0.8589026929136889	-0.1577709182838365
8g18lriszq9mzwrvii4kud1f	1	2	182	16	1	No-Go	NGW	0	0		1	0.0	1	0.0844	0.9116221818635437	-0.09416898655275112
8g18lriszq9mzwrvii4kud1f	1	2	187	17	1	No-Go	NGW	0	0		1	1.0	0	0.0602	0.940216198124497	-0.06243306024789874
8g18lriszq9mzwrvii4kud1f	1	2	189	18	1	No-Go	NGW	0	1	0.657	0	0.0	0	0.1736	0.1712162425386117	-1.989081798941207
8g18lriszq9mzwrvii4kud1f	1	2	194	19	1	No-Go	NGW	0	0		1	0.0	1	0.0989	0.9009121923696694	-0.10727511700122914
8g18lriszq9mzwrvii4kud1f	1	2	198	20	1	No-Go	NGW	0	0		1	0.0	1	0.0591	0.9413532106901928	-0.06125310537612245
8g18lriszq9mzwrvii4kud1f	1	2	203	21	1	No-Go	NGW	0	0		1	1.0	0	0.0381	0.9617058552616252	-0.039434322513643386
8g18lriszq9mzwrvii4kud1f	1	2	206	22	1	No-Go	NGW	0	0		1	0.0	1	0.1095	0.8893582840486348	-0.1209980194267129
8g18lriszq9mzwrvii4kud1f	1	2	210	23	1	No-Go	NGW	0	0		1	0.0	1	0.0663	0.9356056768731255	-0.0675509977880676
8g18lriszq9mzwrvii4kud1f	1	2	215	24	1	No-Go	NGW	0	0		1	0.0	1	0.0447	0.9586006470203636	-0.0427298559563566
8g18lriszq9mzwrvii4kud1f	1	2	218	25	1	No-Go	NGW	0	0		1	0.0	1	0.0283	0.9712823668131779	-0.02938812852242158
8g18lriszq9mzwrvii4kud1f	1	2	224	26	1	No-Go	NGW	0	0		1	0.0	1	0.0217	0.9788642289496989	-0.021516803640179997
8g18lriszq9mzwrvii4kud1f	1	2	225	27	1	No-Go	NGW	0	0		1	0.0	1	0.0167	0.9836828729667837	-0.016554366692987037
8g18lriszq9mzwrvii4kud1f	1	2	229	28	1	No-Go	NGW	0	0		1	0.0	1	0.0145	0.9868945240111081	-0.013264605193241089
8g18lriszq9mzwrvii4kud1f	1	2	236	29	1	No-Go	NGW	0	0		1	1.0	0	0.0099	0.9891179891675124	-0.010995695259699382
8g18lriszq9mzwrvii4kud1f	1	2	240	30	1	No-Go	NGW	0	0		1	0.0	1	0.0431	0.9593303009588955	-0.04234737416464822
9kg42bzf48f7hbwsvb15dcdw	1	1	4	1	1	No-Go	NGW	0	1	0.246	0	0.0	0	0.684	0.6837267285531343	-0.388486394968064
9kg42bzf48f7hbwsvb15dcdw	1	1	8	2	1	No-Go	NGW	0	1	0.442	0	0.0	0	0.6677	0.6638179591688981	-0.4183814760337353
9kg42bzf48f7hbwsvb15dcdw	1	1	12	3	1	No-Go	NGW	0	1	0.352	0	0.0	0	0.6353	0.6476030949509816	-0.4442048559016962
9kg42bzf48f7hbwsvb15dcdw	1	1	13	4	1	No-Go	NGW	0	1	0.558	0	0.0	0	0.6411	0.633947149595581	-0.4668559985413543
9kg42bzf48f7hbwsvb15dcdw	1	1	19	5	1	No-Go	NGW	0	1	0.43	0	1.0	1	0.6229	0.6220740452646051	-0.4871626707852519
9kg42bzf48f7hbwsvb15dcdw	1	1	21	6	1	No-Go	NGW	0	0		1	0.0	1	0.6983	0.3000073517376538	-1.2565088677602276
9kg42bzf48f7hbwsvb15dcdw	1	1	27	7	1	No-Go	NGW	0	1	0.538	0	0.0	0	0.6903	0.6815214444384886	-0.391371036426276
9kg42bzf48f7hbwsvb15dcdw	1	1	31	8	1	No-Go	NGW	0	0		1	0.0	1	0.6546	0.3441788304339313	-1.0901619490168613
9kg42bzf48f7hbwsvb15dcdw	1	1	36	9	1	No-Go	NGW	0	1	0.7	0	1.0	1	0.639	0.6394799016576915	-0.45409449993007195
9kg42bzf48f7hbwsvb15dcdw	1	1	39	10	1	No-Go	NGW	0	1	0.793	0	0.0	0	0.6953	0.6895104813866524	-0.3786771883089993
9kg42bzf48f7hbwsvb15dcdw	1	1	42	11	1	No-Go	NGW	0	1	0.845	0	0.0	0	0.6537	0.6609966622152813	-0.41990466497050605
9kg42bzf48f7hbwsvb15dcdw	1	1	46	12	1	No-Go	NGW	0	0		1	0.0	1	0.6372	0.3619436278522544	-1.0375887729716353
9kg42bzf48f7hbwsvb15dcdw	1	1	52	13	1	No-Go	NGW	0	1	0.366	0	0.0	0	0.6199	0.6242105116387012	-0.4791978285891178
9kg42bzf48f7hbwsvb15dcdw	1	1	56	14	1	No-Go	NGW	0	1	0.456	0	0.0	0	0.5964	0.6051312206871758	-0.5125831719160993
9kg42bzf48f7hbwsvb15dcdw	1	1	60	15	1	No-Go	NGW	0	1	0.865	0	1.0	1	0.5938	0.5891106576715521	-0.5418453624281805
9kg42bzf48f7hbwsvb15dcdw	1	1	61	16	1	No-Go	NGW	0	1	0.699	0	0.0	0	0.6649	0.6613573809803088	-0.4211522396055925
9kg42bzf48f7hbwsvb15dcdw	1	1	67	17	1	No-Go	NGW	0	1	0.811	0	0.0	0	0.6348	0.6334718080318041	-0.46372992142143876
9kg42bzf48f7hbwsvb15dcdw	1	1	72	18	1	No-Go	NGW	0	0		1	1.0	0	0.6204	0.3887165296648146	-0.9664915259386562
9kg42bzf48f7hbwsvb15dcdw	1	1	76	19	1	No-Go	NGW	0	1	0.739	0	0.0	0	0.6458	0.642398960723562	-0.4498460189378326
9kg42bzf48f7hbwsvb15dcdw	1	1	79	20	1	No-Go	NGW	0	1	0.437	0	0.0	0	0.6296	0.6249795948698263	-0.4780202376419189
9kg42bzf48f7hbwsvb15dcdw	1	1	81	21	1	No-Go	NGW	0	0		1	0.0	1	0.6077	0.3899018952516749	-0.9647049053961896
9kg42bzf48f7hbwsvb15dcdw	1	1	87	22	1	No-Go	NGW	0	0		1	0.0	1	0.5843	0.41031446375179864	-0.9130670130911588
9kg42bzf48f7hbwsvb15dcdw	1	1	91	23	1	No-Go	NGW	0	0		1	1.0	0	0.5687	0.4264049274726256	-0.8757560777672627
9kg42bzf48f7hbwsvb15dcdw	1	1	93	24	1	No-Go	NGW	0	0		1	0.0	1	0.5973	0.39509628455854423	-0.9529485730847281
9kg42bzf48f7hbwsvb15dcdw	1	1	97	25	1	No-Go	NGW	0	0		1	0.0	1	0.5849	0.4159560122934418	-0.8996805930143713
9kg42bzf48f7hbwsvb15dcdw	1	1	103	26	1	No-Go	NGW	0	1	0.846	0	0.0	0	0.5602	0.5676888730076912	-0.5798519473263596
9kg42bzf48f7hbwsvb15dcdw	1	1	106	27	1	No-Go	NGW	0	1	0.67	0	0.0	0	0.5615	0.5543800658319078	-0.605998763113714
9kg42bzf48f7hbwsvb15dcdw	1	1	110	28	1	No-Go	NGW	0	0		1	1.0	0	0.5421	0.45742793524467207	-0.8078360810350321
9kg42bzf48f7hbwsvb15dcdw	1	1	116	29	1	No-Go	NGW	0	0		1	0.0	1	0.5681	0.42588815482921016	-0.882116127418411
9kg42bzf48f7hbwsvb15dcdw	1	1	119	30	1	No-Go	NGW	0	0		1	0.0	1	0.5493	0.4470571460654146	-0.8305943716511629
9kg42bzf48f7hbwsvb15dcdw	1	1	3	1	0	No-Go	NGAL	0	1	0.413	0	0.0	0	0.5121	0.5086649217544	-0.6857322379106323
9kg42bzf48f7hbwsvb15dcdw	1	1	7	2	0	No-Go	NGAL	0	1	0.36	0	0.0	0	0.485	0.4856386637281301	-0.7315598200467952
9kg42bzf48f7hbwsvb15dcdw	1	1	9	3	0	No-Go	NGAL	0	0		1	0.0	1	0.4647	0.5323378419993137	-0.637788227458083
9kg42bzf48f7hbwsvb15dcdw	1	1	16	4	0	No-Go	NGAL	0	1	0.499	0	0.0	0	0.4417	0.44492116994233766	-0.8232454580005947
9kg42bzf48f7hbwsvb15dcdw	1	1	18	5	0	No-Go	NGAL	0	1	0.363	0	1.0	1	0.429	0.4303713368985362	-0.8580181537641789
9kg42bzf48f7hbwsvb15dcdw	1	1	22	6	0	No-Go	NGAL	0	1	0.604	0	0.0	0	0.47	0.4631474396000902	-0.7791137370733942
9kg42bzf48f7hbwsvb15dcdw	1	1	28	7	0	No-Go	NGAL	0	0		1	0.0	1	0.4476	0.5579676389764834	-0.5901072923262258
9kg42bzf48f7hbwsvb15dcdw	1	1	32	8	0	No-Go	NGAL	0	0		1	0.0	1	0.4176	0.5755828683660487	-0.5592002752154994
9kg42bzf48f7hbwsvb15dcdw	1	1	33	9	0	No-Go	NGAL	0	0		1	0.0	1	0.4066	0.5899352139146826	-0.534692260158866
9kg42bzf48f7hbwsvb15dcdw	1	1	40	10	0	No-Go	NGAL	0	0		1	1.0	0	0.4087	0.6021175883016547	-0.51427458789708
9kg42bzf48f7hbwsvb15dcdw	1	1	41	11	0	No-Go	NGAL	0	0		1	0.0	1	0.4094	0.5914470630876795	-0.5313525415909531
9kg42bzf48f7hbwsvb15dcdw	1	1	47	12	0	No-Go	NGAL	0	0		1	1.0	0	0.3902	0.605268125968285	-0.5084231980871096
9kg42bzf48f7hbwsvb15dcdw	1	1	51	13	0	No-Go	NGAL	0	1	1.356	0	0.0	0	0.3993	0.4047284591965236	-0.9181897758923275
9kg42bzf48f7hbwsvb15dcdw	1	1	55	14	0	No-Go	NGAL	0	1	0.974	0	0.0	0	0.3943	0.3890691187423009	-0.9605856338913364
9kg42bzf48f7hbwsvb15dcdw	1	1	58	15	0	No-Go	NGAL	0	1	0.628	0	0.0	0	0.3812	0.3763929863032844	-0.9966311777117283
9kg42bzf48f7hbwsvb15dcdw	1	1	63	16	0	No-Go	NGAL	0	0		1	0.0	1	0.3651	0.6343665994735211	-0.4622573103289831
9kg42bzf48f7hbwsvb15dcdw	1	1	66	17	0	No-Go	NGAL	0	0		1	1.0	0	0.3495	0.6478038693234149	-0.44137357608951394
9kg42bzf48f7hbwsvb15dcdw	1	1	71	18	0	No-Go	NGAL	0	1	0.63	0	0.0	0	0.3637	0.36146882250571316	-1.0408989590742868
9kg42bzf48f7hbwsvb15dcdw	1	1	74	19	0	No-Go	NGAL	0	1	0.583	0	0.0	0	0.356	0.3520959194142848	-1.0698125542259036
9kg42bzf48f7hbwsvb15dcdw	1	1	77	20	0	No-Go	NGAL	0	0		1	0.0	1	0.3457	0.6563245828711856	-0.4286854718534709
9kg42bzf48f7hbwsvb15dcdw	1	1	82	21	0	No-Go	NGAL	0	1	0.99	0	0.0	0	0.3244	0.33063377627935386	-1.1377865031668106
9kg42bzf48f7hbwsvb15dcdw	1	1	88	22	0	No-Go	NGAL	0	0		1	1.0	0	0.3331	0.6769154078017411	-0.39765022356211577
9kg42bzf48f7hbwsvb15dcdw	1	1	90	23	0	No-Go	NGAL	0	0		1	0.0	1	0.3306	0.6680073275764352	-0.41140249694408576
9kg42bzf48f7hbwsvb15dcdw	1	1	95	24	0	No-Go	NGAL	0	0		1	0.0	1	0.3202	0.6807361977615645	-0.3920755034151339
9kg42bzf48f7hbwsvb15dcdw	1	1	99	25	0	No-Go	NGAL	0	0		1	0.0	1	0.3047	0.6906795381016102	-0.3775806167145069
9kg42bzf48f7hbwsvb15dcdw	1	1	101	26	0	No-Go	NGAL	0	1	0.647	0	0.0	0	0.2985	0.30096420341897995	-1.2424058330043994
9kg42bzf48f7hbwsvb15dcdw	1	1	107	27	0	No-Go	NGAL	0	1	0.702	0	0.0	0	0.2912	0.29431499132765043	-1.2680799355689898
9kg42bzf48f7hbwsvb15dcdw	1	1	111	28	0	No-Go	NGAL	0	0		1	0.0	1	0.2898	0.7118865278903415	-0.3476185723488603
9kg42bzf48f7hbwsvb15dcdw	1	1	114	29	0	No-Go	NGAL	0	1	0.799	0	1.0	1	0.2876	0.2810292084872756	-1.3219249843358243
9kg42bzf48f7hbwsvb15dcdw	1	1	117	30	0	No-Go	NGAL	0	1	0.921	0	0.0	0	0.316	0.313156450466539	-1.2125291829747284
9kg42bzf48f7hbwsvb15dcdw	1	1	1	1	0	Go	GAL	1	1	0.501	1	0.0	1	0.515	0.5086649217544	-0.6857322379106323
9kg42bzf48f7hbwsvb15dcdw	1	1	6	2	0	Go	GAL	1	0		0	1.0	1	0.5327	0.4685096500505876	-0.7744199921447303
9kg42bzf48f7hbwsvb15dcdw	1	1	11	3	0	Go	GAL	1	0		0	0.0	0	0.4998	0.4913350782456	-0.7212626009312791
9kg42bzf48f7hbwsvb15dcdw	1	1	14	4	0	Go	GAL	1	1	0.665	1	0.0	1	0.5188	0.5179481561559569	-0.6674292865187207
9kg42bzf48f7hbwsvb15dcdw	1	1	20	5	0	Go	GAL	1	1	0.263	1	0.0	1	0.5355	0.5357749491480241	-0.6349131898619111
9kg42bzf48f7hbwsvb15dcdw	1	1	23	6	0	Go	GAL	1	1	0.852	1	1.0	0	0.5472	0.5503466065120806	-0.6087645682154446
9kg42bzf48f7hbwsvb15dcdw	1	1	25	7	0	Go	GAL	1	0		0	0.0	0	0.5106	0.4825572552704297	-0.7383818078587482
9kg42bzf48f7hbwsvb15dcdw	1	1	29	8	0	Go	GAL	1	1	1.069	1	0.0	1	0.5238	0.5251493010782688	-0.6520184663747659
9kg42bzf48f7hbwsvb15dcdw	1	1	34	9	0	Go	GAL	1	0		0	0.0	0	0.5478	0.45373945932463194	-0.8037453684019119
9kg42bzf48f7hbwsvb15dcdw	1	1	37	10	0	Go	GAL	1	1	0.685	1	0.0	1	0.5577	0.5528980181137134	-0.6020488620278472
9kg42bzf48f7hbwsvb15dcdw	1	1	43	11	0	Go	GAL	1	0		0	0.0	0	0.5684	0.43106062391179123	-0.8605869294607505
9kg42bzf48f7hbwsvb15dcdw	1	1	45	12	0	Go	GAL	1	1	0.709	1	0.0	1	0.5741	0.5748271267458712	-0.5645589863961146
9kg42bzf48f7hbwsvb15dcdw	1	1	49	13	0	Go	GAL	1	0		0	0.0	0	0.5844	0.4121568420566565	-0.910518753215403
9kg42bzf48f7hbwsvb15dcdw	1	1	54	14	0	Go	GAL	1	1	0.742	1	1.0	0	0.5919	0.5931841966871799	-0.5338640025900795
9kg42bzf48f7hbwsvb15dcdw	1	1	59	15	0	Go	GAL	1	1	1.165	1	0.0	1	0.5573	0.5603819037685486	-0.587069437317445
9kg42bzf48f7hbwsvb15dcdw	1	1	62	16	0	Go	GAL	1	1	0.572	1	0.0	1	0.5754	0.58025036611821	-0.5533522373643504
9kg42bzf48f7hbwsvb15dcdw	1	1	65	17	0	Go	GAL	1	1	0.849	1	0.0	1	0.5982	0.5953105057716294	-0.5286266942497374
9kg42bzf48f7hbwsvb15dcdw	1	1	69	18	0	Go	GAL	1	1	0.598	1	0.0	1	0.6065	0.6075633685888141	-0.508683538677433
9kg42bzf48f7hbwsvb15dcdw	1	1	75	19	0	Go	GAL	1	1	0.569	1	0.0	1	0.614	0.6180274190541611	-0.49173702907374445
9kg42bzf48f7hbwsvb15dcdw	1	1	78	20	0	Go	GAL	1	1	0.518	1	1.0	0	0.6269	0.6272701664783116	-0.47685865800945615
9kg42bzf48f7hbwsvb15dcdw	1	1	83	21	0	Go	GAL	1	1	0.617	1	0.0	1	0.589	0.5928880208952416	-0.531269496797132
9kg42bzf48f7hbwsvb15dcdw	1	1	85	22	0	Go	GAL	1	0		0	0.0	0	0.6049	0.389481926656743	-0.9639323609444441
9kg42bzf48f7hbwsvb15dcdw	1	1	89	23	0	Go	GAL	1	1	0.691	1	1.0	0	0.6133	0.6154423133581607	-0.4942220796950302
9kg42bzf48f7hbwsvb15dcdw	1	1	96	24	0	Go	GAL	1	0		0	0.0	0	0.5853	0.41482341210557305	-0.8984925511797539
9kg42bzf48f7hbwsvb15dcdw	1	1	100	25	0	Go	GAL	1	1	0.5	1	0.0	1	0.5931	0.589955681789559	-0.5368873383299125
9kg42bzf48f7hbwsvb15dcdw	1	1	104	26	0	Go	GAL	1	1	0.864	1	0.0	1	0.6145	0.6108853147224342	-0.5014750293639348
9kg42bzf48f7hbwsvb15dcdw	1	1	105	27	0	Go	GAL	1	1	0.638	1	0.0	1	0.6288	0.6262804860538186	-0.47699426012487717
9kg42bzf48f7hbwsvb15dcdw	1	1	112	28	0	Go	GAL	1	1	0.416	1	0.0	1	0.6288	0.6384826104380523	-0.4580438742693813
9kg42bzf48f7hbwsvb15dcdw	1	1	113	29	0	Go	GAL	1	1	0.688	1	0.0	1	0.6482	0.6486810641108673	-0.4424155040883212
9kg42bzf48f7hbwsvb15dcdw	1	1	118	30	0	Go	GAL	1	1	0.63	1	1.0	0	0.6576	0.6575328763164664	-0.4289954175084301
9kg42bzf48f7hbwsvb15dcdw	1	1	2	1	1	Go	GW	1	1	0.465	1	1.0	0	0.6805	0.6837267285531343	-0.388486394968064
9kg42bzf48f7hbwsvb15dcdw	1	1	5	2	1	Go	GW	1	1	0.526	1	0.0	1	0.6565	0.6638179591688981	-0.4183814760337353
9kg42bzf48f7hbwsvb15dcdw	1	1	10	3	1	Go	GW	1	1	0.43	1	0.0	1	0.729	0.7238501364297091	-0.33017962862351086
9kg42bzf48f7hbwsvb15dcdw	1	1	15	4	1	Go	GW	1	1	0.316	1	0.0	1	0.7538	0.7505275975199107	-0.29288195343551554
9kg42bzf48f7hbwsvb15dcdw	1	1	17	5	1	Go	GW	1	0		0	0.0	0	0.7765	0.23158232764356063	-1.5165222399505516
9kg42bzf48f7hbwsvb15dcdw	1	1	24	6	1	Go	GW	1	1	0.921	1	0.0	1	0.7853	0.7829181888776026	-0.2500065888150396
9kg42bzf48f7hbwsvb15dcdw	1	1	26	7	1	Go	GW	1	1	0.524	1	0.0	1	0.7967	0.7965796199753026	-0.23158947629428786
9kg42bzf48f7hbwsvb15dcdw	1	1	30	8	1	Go	GW	1	1	0.614	1	0.0	1	0.8098	0.8081732023190848	-0.21637762149772952
9kg42bzf48f7hbwsvb15dcdw	1	1	35	9	1	Go	GW	1	1	0.593	1	0.0	1	0.8101	0.8183154521954473	-0.20343999706952054
9kg42bzf48f7hbwsvb15dcdw	1	1	38	10	1	Go	GW	1	1	0.547	1	1.0	0	0.8297	0.8273219689774786	-0.19225331728880815
9kg42bzf48f7hbwsvb15dcdw	1	1	44	11	1	Go	GW	1	1	0.501	1	1.0	0	0.8017	0.8037025003312228	-0.22159021097687298
9kg42bzf48f7hbwsvb15dcdw	1	1	48	12	1	Go	GW	1	1	0.666	1	0.0	1	0.7817	0.7834998394750905	-0.24829441638646674
9kg42bzf48f7hbwsvb15dcdw	1	1	50	13	1	Go	GW	1	1	0.955	1	0.0	1	0.8205	0.8166522931847584	-0.20539320139025227
9kg42bzf48f7hbwsvb15dcdw	1	1	53	14	1	Go	GW	1	1	0.396	1	0.0	1	0.8254	0.8307889440239682	-0.1881788619820417
9kg42bzf48f7hbwsvb15dcdw	1	1	57	15	1	Go	GW	1	1	0.527	1	0.0	1	0.8393	0.8402817734622575	-0.17685680843568186
9kg42bzf48f7hbwsvb15dcdw	1	1	64	16	1	Go	GW	1	1	0.624	1	0.0	1	0.8523	0.8478183911463035	-0.16803680253262643
9kg42bzf48f7hbwsvb15dcdw	1	1	68	17	1	Go	GW	1	1	0.536	1	0.0	1	0.8592	0.85422721552292	-0.16066604429160028
9kg42bzf48f7hbwsvb15dcdw	1	1	70	18	1	Go	GW	1	1	0.523	1	0.0	1	0.8596	0.8598490748303222	-0.15430015853297147
9kg42bzf48f7hbwsvb15dcdw	1	1	73	19	1	Go	GW	1	1	0.679	1	1.0	0	0.8657	0.8648585205180898	-0.1487054049172841
9kg42bzf48f7hbwsvb15dcdw	1	1	80	20	1	Go	GW	1	1	0.467	1	0.0	1	0.8478	0.8424544838256653	-0.1772997086474707
9kg42bzf48f7hbwsvb15dcdw	1	1	84	21	1	Go	GW	1	1	0.447	1	0.0	1	0.8585	0.8605065121458887	-0.1545334729419793
9kg42bzf48f7hbwsvb15dcdw	1	1	86	22	1	Go	GW	1	1	0.856	1	0.0	1	0.8681	0.868282550039205	-0.14541021324439238
9kg42bzf48f7hbwsvb15dcdw	1	1	92	23	1	Go	GW	1	1	0.457	1	0.0	1	0.8682	0.873495023339734	-0.13951805256393085
9kg42bzf48f7hbwsvb15dcdw	1	1	94	24	1	Go	GW	1	1	0.719	1	1.0	0	0.8729	0.8776419904525513	-0.1349428179594813
9kg42bzf48f7hbwsvb15dcdw	1	1	98	25	1	Go	GW	1	1	1.009	1	0.0	1	0.8493	0.8557845222019798	-0.16325271577413683
9kg42bzf48f7hbwsvb15dcdw	1	1	102	26	1	Go	GW	1	1	0.376	1	1.0	0	0.875	0.8728240266127106	-0.14139452394240437
9kg42bzf48f7hbwsvb15dcdw	1	1	108	27	1	Go	GW	1	1	0.756	1	0.0	1	0.8494	0.8517276189835157	-0.1692617508848803
9kg42bzf48f7hbwsvb15dcdw	1	1	109	28	1	Go	GW	1	1	0.741	1	0.0	1	0.8651	0.8717092497613689	-0.1431657061567091
9kg42bzf48f7hbwsvb15dcdw	1	1	115	29	1	Go	GW	1	1	0.608	1	0.0	1	0.8857	0.8794327162024778	-0.13385613379896083
9kg42bzf48f7hbwsvb15dcdw	1	1	120	30	1	Go	GW	1	1	0.912	1	0.0	1	0.8849	0.8840907512199061	-0.12850288144052496
9kg42bzf48f7hbwsvb15dcdw	1	2	122	1	1	Go	GW	1	1	0.77	1	1.0	0	0.6777	0.6837267285531343	-0.388486394968064
9kg42bzf48f7hbwsvb15dcdw	1	2	126	2	1	Go	GW	1	0		0	0.0	0	0.659	0.336182040831102	-1.1211945638525533
9kg42bzf48f7hbwsvb15dcdw	1	2	131	3	1	Go	GW	1	0		0	0.0	0	0.6852	0.3162732714468656	-1.1868378249942395
9kg42bzf48f7hbwsvb15dcdw	1	2	136	4	1	Go	GW	1	1	0.492	1	0.0	1	0.7044	0.6987582156103316	-0.36649405301189375
9kg42bzf48f7hbwsvb15dcdw	1	2	137	5	1	Go	GW	1	1	0.707	1	0.0	1	0.7516	0.7527857177191196	-0.29223174286384995
9kg42bzf48f7hbwsvb15dcdw	1	2	142	6	1	Go	GW	1	1	0.63	1	0.0	1	0.7771	0.7771728908700714	-0.259085746172753
9kg42bzf48f7hbwsvb15dcdw	1	2	148	7	1	Go	GW	1	0		0	0.0	0	0.7929	0.20620305579303858	-1.671470635887858
9kg42bzf48f7hbwsvb15dcdw	1	2	151	8	1	Go	GW	1	1	0.513	1	0.0	1	0.8011	0.8025871467850008	-0.2254559845154039
9kg42bzf48f7hbwsvb15dcdw	1	2	153	9	1	Go	GW	1	1	0.612	1	0.0	1	0.8141	0.8154208144289231	-0.2084510744103424
9kg42bzf48f7hbwsvb15dcdw	1	2	159	10	1	Go	GW	1	1	0.494	1	1.0	0	0.8299	0.8263198408163888	-0.19435809562723977
9kg42bzf48f7hbwsvb15dcdw	1	2	161	11	1	Go	GW	1	1	0.549	1	1.0	0	0.8023	0.8048374844985987	-0.22000886128738692
9kg42bzf48f7hbwsvb15dcdw	1	2	167	12	1	Go	GW	1	0		0	0.0	0	0.7891	0.21380858412817524	-1.5832366334126815
9kg42bzf48f7hbwsvb15dcdw	1	2	171	13	1	Go	GW	1	0		0	0.0	0	0.7944	0.20562268841141612	-1.6263614816128442
9kg42bzf48f7hbwsvb15dcdw	1	2	173	14	1	Go	GW	1	1	0.984	1	0.0	1	0.7984	0.801352570511593	-0.22435519007952665
9kg42bzf48f7hbwsvb15dcdw	1	2	178	15	1	Go	GW	1	1	1.338	1	0.0	1	0.8275	0.8313898620269021	-0.18758550302768795
9kg42bzf48f7hbwsvb15dcdw	1	2	184	16	1	Go	GW	1	1	0.984	1	0.0	1	0.8481	0.8450718356035366	-0.17112469820283305
9kg42bzf48f7hbwsvb15dcdw	1	2	185	17	1	Go	GW	1	0		0	0.0	0	0.8525	0.1453417530461998	-2.0221005011464963
9kg42bzf48f7hbwsvb15dcdw	1	2	192	18	1	Go	GW	1	0		0	0.0	0	0.858	0.14061418270820814	-2.0603504680754336
9kg42bzf48f7hbwsvb15dcdw	1	2	196	19	1	Go	GW	1	1	0.472	1	1.0	0	0.8683	0.8636188517256922	-0.14911350710934393
9kg42bzf48f7hbwsvb15dcdw	1	2	200	20	1	Go	GW	1	1	0.491	1	0.0	1	0.8449	0.8449617296549724	-0.17121193881642804
9kg42bzf48f7hbwsvb15dcdw	1	2	202	21	1	Go	GW	1	1	0.592	1	0.0	1	0.8645	0.8631558457833193	-0.14963270517209362
9kg42bzf48f7hbwsvb15dcdw	1	2	206	22	1	Go	GW	1	1	0.535	1	0.0	1	0.8662	0.8723414985565523	-0.1389818528608706
9kg42bzf48f7hbwsvb15dcdw	1	2	210	23	1	Go	GW	1	1	0.656	1	0.0	1	0.8763	0.8790466719616455	-0.1313032564797804
9kg42bzf48f7hbwsvb15dcdw	1	2	216	24	1	Go	GW	1	1	0.628	1	1.0	0	0.8881	0.8845759337621195	-0.12505124202721596
9kg42bzf48f7hbwsvb15dcdw	1	2	218	25	1	Go	GW	1	0		0	0.0	0	0.8635	0.13350671138958708	-2.185823578280106
9kg42bzf48f7hbwsvb15dcdw	1	2	223	26	1	Go	GW	1	1	0.222	1	1.0	0	0.8691	0.8699731995889278	-0.142695807499424
9kg42bzf48f7hbwsvb15dcdw	1	2	226	27	1	Go	GW	1	0		0	0.0	0	0.8488	0.1452810404476383	-2.129252420575823
9kg42bzf48f7hbwsvb15dcdw	1	2	230	28	1	Go	GW	1	1	0.779	1	0.0	1	0.8571	0.8581068607087607	-0.15781196821510085
9kg42bzf48f7hbwsvb15dcdw	1	2	234	29	1	Go	GW	1	1	0.286	1	0.0	1	0.8814	0.8821787304325673	-0.1282226488565722
9kg42bzf48f7hbwsvb15dcdw	1	2	238	30	1	Go	GW	1	0		0	0.0	0	0.8896	0.10875253709910296	-2.4353888232244416
9kg42bzf48f7hbwsvb15dcdw	1	2	124	1	0	Go	GAL	1	0		0	0.0	0	0.5109	0.4913350782456	-0.7212626009312791
9kg42bzf48f7hbwsvb15dcdw	1	2	127	2	0	Go	GAL	1	0		0	1.0	1	0.5233	0.4837907639227789	-0.7367744768618116
9kg42bzf48f7hbwsvb15dcdw	1	2	130	3	0	Go	GAL	1	0		0	0.0	0	0.4803	0.5085752068452449	-0.6838689391246554
9kg42bzf48f7hbwsvb15dcdw	1	2	133	4	0	Go	GAL	1	0		0	0.0	0	0.5001	0.4998622163545472	-0.7010021459509707
9kg42bzf48f7hbwsvb15dcdw	1	2	140	5	0	Go	GAL	1	0		0	0.0	0	0.5081	0.49253605547223944	-0.7162921234276288
9kg42bzf48f7hbwsvb15dcdw	1	2	141	6	0	Go	GAL	1	1	0.627	1	1.0	0	0.5154	0.5139327293167544	-0.6735290808398099
9kg42bzf48f7hbwsvb15dcdw	1	2	145	7	0	Go	GAL	1	0		0	0.0	0	0.4961	0.5091457111899336	-0.6816442207161502
9kg42bzf48f7hbwsvb15dcdw	1	2	149	8	0	Go	GAL	1	1	0.867	1	0.0	1	0.4901	0.4967639288815098	-0.7068199647451935
9kg42bzf48f7hbwsvb15dcdw	1	2	154	9	0	Go	GAL	1	0		0	0.0	0	0.5234	0.4752176080288082	-0.7556985606573864
9kg42bzf48f7hbwsvb15dcdw	1	2	157	10	0	Go	GAL	1	0		0	0.0	0	0.5369	0.469791770713672	-0.7681746367317767
9kg42bzf48f7hbwsvb15dcdw	1	2	163	11	0	Go	GAL	1	0		0	0.0	0	0.5375	0.46469869805157543	-0.7800329647927383
9kg42bzf48f7hbwsvb15dcdw	1	2	165	12	0	Go	GAL	1	0		0	0.0	0	0.5335	0.4598728164833393	-0.7914121244501088
9kg42bzf48f7hbwsvb15dcdw	1	2	169	13	0	Go	GAL	1	0		0	0.0	0	0.5444	0.45526799193649875	-0.8024157000113327
9kg42bzf48f7hbwsvb15dcdw	1	2	174	14	0	Go	GAL	1	0		0	1.0	1	0.5459	0.4508505553532113	-0.8131233455530489
9kg42bzf48f7hbwsvb15dcdw	1	2	180	15	0	Go	GAL	1	0		0	0.0	0	0.5188	0.47882128610406305	-0.7458748301829073
9kg42bzf48f7hbwsvb15dcdw	1	2	183	16	0	Go	GAL	1	0		0	0.0	0	0.5358	0.47147187647257954	-0.7627369153072783
9kg42bzf48f7hbwsvb15dcdw	1	2	186	17	0	Go	GAL	1	0		0	0.0	0	0.539	0.46524067760916776	-0.7777567447414151
9kg42bzf48f7hbwsvb15dcdw	1	2	191	18	0	Go	GAL	1	0		0	0.0	0	0.5462	0.4596724824271001	-0.7915268057935821
9kg42bzf48f7hbwsvb15dcdw	1	2	194	19	0	Go	GAL	1	0		0	0.0	0	0.5465	0.45455285344464147	-0.8044400089414677
9kg42bzf48f7hbwsvb15dcdw	1	2	199	20	0	Go	GAL	1	1	0.501	1	1.0	0	0.555	0.5502359643365955	-0.6083657771483286
9kg42bzf48f7hbwsvb15dcdw	1	2	204	21	0	Go	GAL	1	0		0	0.0	0	0.5246	0.47437905928429325	-0.7597159682137888
9kg42bzf48f7hbwsvb15dcdw	1	2	208	22	0	Go	GAL	1	1	0.588	1	0.0	1	0.5269	0.5302209745363967	-0.6453683090692333
9kg42bzf48f7hbwsvb15dcdw	1	2	211	23	0	Go	GAL	1	1	0.85	1	1.0	0	0.5622	0.5568184230525427	-0.5972233822694352
9kg42bzf48f7hbwsvb15dcdw	1	2	213	24	0	Go	GAL	1	1	0.654	1	0.0	1	0.5309	0.5316916864438623	-0.6425306518163589
9kg42bzf48f7hbwsvb15dcdw	1	2	219	25	0	Go	GAL	1	0		0	0.0	0	0.5504	0.4421378604516805	-0.8365470534827832
9kg42bzf48f7hbwsvb15dcdw	1	2	224	26	0	Go	GAL	1	1	0.322	1	0.0	1	0.5488	0.5621703993402865	-0.588220863209709
9kg42bzf48f7hbwsvb15dcdw	1	2	227	27	0	Go	GAL	1	0		0	0.0	0	0.5822	0.41837704349573135	-0.8996850517558619
9kg42bzf48f7hbwsvb15dcdw	1	2	232	28	0	Go	GAL	1	0		0	0.0	0	0.5869	0.41432366674296073	-0.9114704172167215
9kg42bzf48f7hbwsvb15dcdw	1	2	235	29	0	Go	GAL	1	1	0.733	1	0.0	1	0.5912	0.5895790803425495	-0.5424917454343618
9kg42bzf48f7hbwsvb15dcdw	1	2	240	30	0	Go	GAL	1	0		0	1.0	1	0.6094	0.39509028126812484	-0.9663927308038182
9kg42bzf48f7hbwsvb15dcdw	1	2	123	1	1	No-Go	NGW	0	1	0.838	0	0.0	0	0.6861	0.6837267285531343	-0.388486394968064
9kg42bzf48f7hbwsvb15dcdw	1	2	128	2	1	No-Go	NGW	0	0		1	0.0	1	0.665	0.336182040831102	-1.1211945638525533
9kg42bzf48f7hbwsvb15dcdw	1	2	132	3	1	No-Go	NGW	0	0		1	0.0	1	0.6425	0.35702473258645245	-1.060550191356023
9kg42bzf48f7hbwsvb15dcdw	1	2	135	4	1	No-Go	NGW	0	0		1	0.0	1	0.6243	0.37377132142816527	-1.015701594718852
9kg42bzf48f7hbwsvb15dcdw	1	2	139	5	1	No-Go	NGW	0	1	0.986	0	1.0	1	0.6069	0.6122441263158029	-0.5046651975021633
9kg42bzf48f7hbwsvb15dcdw	1	2	143	6	1	No-Go	NGW	0	1	0.805	0	0.0	0	0.6797	0.6788256185852218	-0.3934955513788655
9kg42bzf48f7hbwsvb15dcdw	1	2	146	7	1	No-Go	NGW	0	1	0.756	0	0.0	0	0.6582	0.650167978046203	-0.43685556352962585
9kg42bzf48f7hbwsvb15dcdw	1	2	152	8	1	No-Go	NGW	0	1	0.508	0	0.0	0	0.6286	0.6274032238518816	-0.4748366160554791
9kg42bzf48f7hbwsvb15dcdw	1	2	156	9	1	No-Go	NGW	0	1	0.678	0	1.0	1	0.6146	0.6089004303938749	-0.5076409748056607
9kg42bzf48f7hbwsvb15dcdw	1	2	160	10	1	No-Go	NGW	0	1	0.544	0	0.0	0	0.6792	0.676280389977456	-0.3969482780078782
9kg42bzf48f7hbwsvb15dcdw	1	2	162	11	1	No-Go	NGW	0	1	0.417	0	0.0	0	0.6467	0.6480927026272544	-0.4397492175328633
9kg42bzf48f7hbwsvb15dcdw	1	2	166	12	1	No-Go	NGW	0	0		1	0.0	1	0.6281	0.37435927231891314	-1.0048029948323893
9kg42bzf48f7hbwsvb15dcdw	1	2	172	13	1	No-Go	NGW	0	1	1.153	0	0.0	0	0.6171	0.6136263266929625	-0.49757566009891185
9kg42bzf48f7hbwsvb15dcdw	1	2	176	14	1	No-Go	NGW	0	1	0.358	0	0.0	0	0.5941	0.5951154253097617	-0.5313686746487886
9kg42bzf48f7hbwsvb15dcdw	1	2	177	15	1	No-Go	NGW	0	0		1	1.0	0	0.5829	0.42043845739682784	-0.8934441983067176
9kg42bzf48f7hbwsvb15dcdw	1	2	181	16	1	No-Go	NGW	0	1	1.172	0	0.0	0	0.6148	0.6132362296213225	-0.4979745232286879
9kg42bzf48f7hbwsvb15dcdw	1	2	187	17	1	No-Go	NGW	0	0		1	0.0	1	0.5952	0.4000227651926527	-0.9404371258793536
9kg42bzf48f7hbwsvb15dcdw	1	2	190	18	1	No-Go	NGW	0	1	0.307	0	1.0	1	0.5837	0.5804504865186407	-0.5570927685977844
9kg42bzf48f7hbwsvb15dcdw	1	2	193	19	1	No-Go	NGW	0	1	0.666	0	0.0	0	0.6599	0.6580356617263191	-0.42846019300279115
9kg42bzf48f7hbwsvb15dcdw	1	2	198	20	1	No-Go	NGW	0	1	0.439	0	0.0	0	0.6298	0.6312825808872247	-0.46821152652978015
9kg42bzf48f7hbwsvb15dcdw	1	2	203	21	1	No-Go	NGW	0	1	0.708	0	0.0	0	0.6126	0.6097635636636501	-0.5034487084558347
9kg42bzf48f7hbwsvb15dcdw	1	2	207	22	1	No-Go	NGW	0	1	0.561	0	0.0	0	0.5912	0.5920930664383073	-0.5344777786338734
9kg42bzf48f7hbwsvb15dcdw	1	2	209	23	1	No-Go	NGW	0	1	0.602	0	1.0	1	0.5795	0.5771481662700324	-0.562135059245045
9kg42bzf48f7hbwsvb15dcdw	1	2	214	24	1	No-Go	NGW	0	1	0.543	0	0.0	0	0.656	0.6514656008258507	-0.4415028715835319
9kg42bzf48f7hbwsvb15dcdw	1	2	220	25	1	No-Go	NGW	0	1	0.252	0	0.0	0	0.6256	0.6245150190843785	-0.4814881732122821
9kg42bzf48f7hbwsvb15dcdw	1	2	222	26	1	No-Go	NGW	0	1	0.315	0	0.0	0	0.6073	0.6028225477720771	-0.5170600408044965
9kg42bzf48f7hbwsvb15dcdw	1	2	225	27	1	No-Go	NGW	0	0		1	0.0	1	0.5787	0.4149851004410644	-0.9037000694803606
9kg42bzf48f7hbwsvb15dcdw	1	2	229	28	1	No-Go	NGW	0	1	0.564	0	1.0	1	0.5713	0.5697102135333972	-0.5768435154940238
9kg42bzf48f7hbwsvb15dcdw	1	2	236	29	1	No-Go	NGW	0	0		1	0.0	1	0.6446	0.3611649659650042	-1.0651525493042815
9kg42bzf48f7hbwsvb15dcdw	1	2	237	30	1	No-Go	NGW	0	0		1	0.0	1	0.626	0.37299427350119024	-1.0308702315280118
9kg42bzf48f7hbwsvb15dcdw	1	2	121	1	0	No-Go	NGAL	0	1	0.934	0	0.0	0	0.5112	0.5086649217544	-0.6857322379106323
9kg42bzf48f7hbwsvb15dcdw	1	2	125	2	0	No-Go	NGAL	0	0		1	0.0	1	0.4869	0.5143613362718699	-0.6729799323094585
9kg42bzf48f7hbwsvb15dcdw	1	2	129	3	0	No-Go	NGAL	0	0		1	0.0	1	0.4549	0.5372983264069536	-0.6290572023470227
9kg42bzf48f7hbwsvb15dcdw	1	2	134	4	0	No-Go	NGAL	0	0		1	0.0	1	0.4442	0.5550788300576622	-0.5965532392937513
9kg42bzf48f7hbwsvb15dcdw	1	2	138	5	0	No-Go	NGAL	0	0		1	1.0	0	0.4284	0.5696286631014639	-0.5705920777575639
9kg42bzf48f7hbwsvb15dcdw	1	2	144	6	0	No-Go	NGAL	0	0		1	0.0	1	0.4357	0.559131377935603	-0.5877630254315938
9kg42bzf48f7hbwsvb15dcdw	1	2	147	7	0	No-Go	NGAL	0	0		1	0.0	1	0.4254	0.5745888210641917	-0.560875864652587
9kg42bzf48f7hbwsvb15dcdw	1	2	150	8	0	No-Go	NGAL	0	1	0.939	0	0.0	0	0.4124	0.4128593659107373	-0.8992380221606
9kg42bzf48f7hbwsvb15dcdw	1	2	155	9	0	No-Go	NGAL	0	1	0.982	0	0.0	0	0.405	0.39577604478165274	-0.9460442434160703
9kg42bzf48f7hbwsvb15dcdw	1	2	158	10	0	No-Go	NGAL	0	0		1	1.0	0	0.3822	0.6180971413572259	-0.4891916968939133
9kg42bzf48f7hbwsvb15dcdw	1	2	164	11	0	No-Go	NGAL	0	0		1	0.0	1	0.3857	0.6079943312158655	-0.5047703511119288
9kg42bzf48f7hbwsvb15dcdw	1	2	168	12	0	No-Go	NGAL	0	0		1	1.0	0	0.3759	0.6213343711752121	-0.4833354469317954
9kg42bzf48f7hbwsvb15dcdw	1	2	170	13	0	No-Go	NGAL	0	1	0.993	0	0.0	0	0.3866	0.38831262147401663	-0.9641695076862827
9kg42bzf48f7hbwsvb15dcdw	1	2	175	14	0	No-Go	NGAL	0	0		1	0.0	1	0.3794	0.6235246380239094	-0.47967843260465776
9kg42bzf48f7hbwsvb15dcdw	1	2	179	15	0	No-Go	NGAL	0	0		1	0.0	1	0.357	0.6369014633709361	-0.4585411220661864
9kg42bzf48f7hbwsvb15dcdw	1	2	182	16	0	No-Go	NGAL	0	0		1	0.0	1	0.3551	0.6475735276821258	-0.44201988239043205
9kg42bzf48f7hbwsvb15dcdw	1	2	188	17	0	No-Go	NGAL	0	0		1	1.0	0	0.3385	0.6566845375025169	-0.42803175808374927
9kg42bzf48f7hbwsvb15dcdw	1	2	189	18	0	No-Go	NGAL	0	0		1	0.0	1	0.3597	0.6465307816761677	-0.44337430099328157
9kg42bzf48f7hbwsvb15dcdw	1	2	195	19	0	No-Go	NGAL	0	0		1	0.0	1	0.3396	0.6576311652517585	-0.4262422192300376
9kg42bzf48f7hbwsvb15dcdw	1	2	197	20	0	No-Go	NGAL	0	0		1	0.0	1	0.3412	0.666656587346563	-0.41261978465058213
9kg42bzf48f7hbwsvb15dcdw	1	2	201	21	0	No-Go	NGAL	0	0		1	0.0	1	0.3263	0.6744931485758733	-0.4009261753677792
9kg42bzf48f7hbwsvb15dcdw	1	2	205	22	0	No-Go	NGAL	0	0		1	1.0	0	0.3182	0.6815573093649051	-0.3905027584627444
9kg42bzf48f7hbwsvb15dcdw	1	2	212	23	0	No-Go	NGAL	0	0		1	0.0	1	0.3288	0.6712733357894484	-0.40591161278269877
9kg42bzf48f7hbwsvb15dcdw	1	2	215	24	0	No-Go	NGAL	0	1	0.51	0	0.0	0	0.3146	0.3191402601826306	-1.1747794149566353
9kg42bzf48f7hbwsvb15dcdw	1	2	217	25	0	No-Go	NGAL	0	0		1	0.0	1	0.3107	0.6902236473285595	-0.37806113939773406
9kg42bzf48f7hbwsvb15dcdw	1	2	221	26	0	No-Go	NGAL	0	1	0.3	0	0.0	0	0.3125	0.3021410267593044	-1.2363849034050356
9kg42bzf48f7hbwsvb15dcdw	1	2	228	27	0	No-Go	NGAL	0	0		1	0.0	1	0.2939	0.7060138992952589	-0.35565114323445474
9kg42bzf48f7hbwsvb15dcdw	1	2	231	28	0	No-Go	NGAL	0	0		1	0.0	1	0.2878	0.7125167853271929	-0.34654302610337495
9kg42bzf48f7hbwsvb15dcdw	1	2	233	29	0	No-Go	NGAL	0	1	0.314	0	1.0	1	0.2757	0.2816129814903959	-1.3180090715641521
9kg42bzf48f7hbwsvb15dcdw	1	2	239	30	0	No-Go	NGAL	0	0		1	0.0	1	0.3068	0.6875826250809981	-0.38523598843953866
a999bxrmsrbho722z3h1ixwx	1	2	124	1	1	No-Go	NGW	0	1	0.553	0	0.0	0	0.6525	0.6521953229563553	-0.4435016767743397
a999bxrmsrbho722z3h1ixwx	1	2	127	2	1	No-Go	NGW	0	1	0.614	0	0.0	0	0.5498	0.5439483845137729	-0.6338145232165845
a999bxrmsrbho722z3h1ixwx	1	2	132	3	1	No-Go	NGW	0	1	0.676	0	0.0	0	0.4371	0.43730373607021245	-0.8646609186129369
a999bxrmsrbho722z3h1ixwx	1	2	135	4	1	No-Go	NGW	0	0		1	1.0	0	0.3419	0.6584091020983591	-0.4323847561550113
a999bxrmsrbho722z3h1ixwx	1	2	138	5	1	No-Go	NGW	0	1	0.794	0	0.0	0	0.4541	0.4494909836269615	-0.8350094042682711
a999bxrmsrbho722z3h1ixwx	1	2	142	6	1	No-Go	NGW	0	0		1	0.0	1	0.3557	0.6422142376024074	-0.4580470427924066
a999bxrmsrbho722z3h1ixwx	1	2	146	7	1	No-Go	NGW	0	0		1	0.0	1	0.254	0.7430425864856256	-0.306141809555804
a999bxrmsrbho722z3h1ixwx	1	2	151	8	1	No-Go	NGW	0	0		1	0.0	1	0.1817	0.8186750139261795	-0.20561415254904564
a999bxrmsrbho722z3h1ixwx	1	2	156	9	1	No-Go	NGW	0	0		1	0.0	1	0.1302	0.8726420578701228	-0.13955351419967535
a999bxrmsrbho722z3h1ixwx	1	2	158	10	1	No-Go	NGW	0	0		1	1.0	0	0.0863	0.9102186431323502	-0.09604114285898209
a999bxrmsrbho722z3h1ixwx	1	2	164	11	1	No-Go	NGW	0	1	0.667	0	0.0	0	0.1386	0.14075071795047955	-2.0941247891186907
a999bxrmsrbho722z3h1ixwx	1	2	166	12	1	No-Go	NGW	0	1	1.037	0	1.0	1	0.1012	0.10301860968229903	-2.439233950086836
a999bxrmsrbho722z3h1ixwx	1	2	169	13	1	No-Go	NGW	0	0		1	0.0	1	0.5343	0.46778632258925	-0.832867133612639
a999bxrmsrbho722z3h1ixwx	1	2	175	14	1	No-Go	NGW	0	1	0.697	0	0.0	0	0.4267	0.43248461682959016	-0.9076214163943228
a999bxrmsrbho722z3h1ixwx	1	2	177	15	1	No-Go	NGW	0	1	0.446	0	0.0	0	0.3232	0.323164055676255	-1.2149429087294588
a999bxrmsrbho722z3h1ixwx	1	2	182	16	1	No-Go	NGW	0	1	0.567	0	1.0	1	0.2325	0.23419894247401876	-1.5540029808282145
a999bxrmsrbho722z3h1ixwx	1	2	186	17	1	No-Go	NGW	0	1	0.649	0	0.0	0	0.6721	0.6715679241892576	-0.4622601447285391
a999bxrmsrbho722z3h1ixwx	1	2	191	18	1	No-Go	NGW	0	1	0.562	0	0.0	0	0.5577	0.5578305516947868	-0.6772331027564015
a999bxrmsrbho722z3h1ixwx	1	2	194	19	1	No-Go	NGW	0	0		1	0.0	1	0.4419	0.5590310216075753	-0.6570214142435706
a999bxrmsrbho722z3h1ixwx	1	2	198	20	1	No-Go	NGW	0	0		1	0.0	1	0.3536	0.6469206273009684	-0.4838856190376044
a999bxrmsrbho722z3h1ixwx	1	2	202	21	1	No-Go	NGW	0	0		1	0.0	1	0.2782	0.7221738710135156	-0.3558670907518341
a999bxrmsrbho722z3h1ixwx	1	2	206	22	1	No-Go	NGW	0	1	0.599	0	0.0	0	0.2195	0.21626497906152822	-1.7789445063540479
a999bxrmsrbho722z3h1ixwx	1	2	211	23	1	No-Go	NGW	0	0		1	0.0	1	0.1409	0.8520980491186118	-0.16872109514952502
a999bxrmsrbho722z3h1ixwx	1	2	215	24	1	No-Go	NGW	0	0		1	0.0	1	0.1123	0.8878707825966025	-0.12417688128281776
a999bxrmsrbho722z3h1ixwx	1	2	219	25	1	No-Go	NGW	0	0		1	1.0	0	0.0848	0.914573833025935	-0.09251097404139785
a999bxrmsrbho722z3h1ixwx	1	2	221	26	1	No-Go	NGW	0	0		1	1.0	0	0.1442	0.8553378264379157	-0.16417215430063017
a999bxrmsrbho722z3h1ixwx	1	2	226	27	1	No-Go	NGW	0	0		1	0.0	1	0.2315	0.7707432885047382	-0.2796392575513655
a999bxrmsrbho722z3h1ixwx	1	2	232	28	1	No-Go	NGW	0	0		1	0.0	1	0.1788	0.8269934813669104	-0.20112076363329773
a999bxrmsrbho722z3h1ixwx	1	2	236	29	1	No-Go	NGW	0	0		1	0.0	1	0.134	0.8696094547539956	-0.1463091245802703
a999bxrmsrbho722z3h1ixwx	1	2	239	30	1	No-Go	NGW	0	0		1	0.0	1	0.0976	0.9013500754176285	-0.10784143492084372
a999bxrmsrbho722z3h1ixwx	1	2	121	1	1	Go	GW	1	0		0	1.0	1	0.654	0.3478046770436447	-1.112570900439406
a999bxrmsrbho722z3h1ixwx	1	2	128	2	1	Go	GW	1	0		0	0.0	0	0.5439	0.4560516154862271	-0.8204281051845692
a999bxrmsrbho722z3h1ixwx	1	2	130	3	1	Go	GW	1	0		0	0.0	0	0.6685	0.3421083388399198	-1.1310739521437843
a999bxrmsrbho722z3h1ixwx	1	2	136	4	1	Go	GW	1	0		0	0.0	0	0.7532	0.24966737121606242	-1.4797041618004703
a999bxrmsrbho722z3h1ixwx	1	2	139	5	1	Go	GW	1	1	0.685	1	0.0	1	0.8215	0.8202195431263266	-0.20459043996395518
a999bxrmsrbho722z3h1ixwx	1	2	143	6	1	Go	GW	1	1	0.7	1	1.0	0	0.9621	0.963751340589656	-0.037578798914997685
a999bxrmsrbho722z3h1ixwx	1	2	148	7	1	Go	GW	1	1	0.586	1	0.0	1	0.9396	0.9410405146290483	-0.06202706569841616
a999bxrmsrbho722z3h1ixwx	1	2	150	8	1	Go	GW	1	1	0.433	1	0.0	1	0.9842	0.9844659687554007	-0.015888550696001567
a999bxrmsrbho722z3h1ixwx	1	2	154	9	1	Go	GW	1	1	0.501	1	0.0	1	0.9946	0.9944588712901157	-0.005610318742023238
a999bxrmsrbho722z3h1ixwx	1	2	160	10	1	Go	GW	1	1	0.631	1	0.0	1	0.9976	0.9975417824565235	-0.0024767561834134967
a999bxrmsrbho722z3h1ixwx	1	2	162	11	1	Go	GW	1	1	0.578	1	0.0	1	0.9987	0.998710766393269	-0.0012954694738296008
a999bxrmsrbho722z3h1ixwx	1	2	167	12	1	Go	GW	1	1	0.298	1	0.0	1	0.9995	0.9992255816835901	-0.0007769555205091826
a999bxrmsrbho722z3h1ixwx	1	2	172	13	1	Go	GW	1	1	0.339	1	0.0	1	0.9995	0.9994793482483381	-0.0005218852612825055
a999bxrmsrbho722z3h1ixwx	1	2	173	14	1	Go	GW	1	1	0.286	1	0.0	1	1.0	0.9996158538677974	-0.0003848578281737304
a999bxrmsrbho722z3h1ixwx	1	2	180	15	1	Go	GW	1	1	0.514	1	1.0	0	0.9997	0.9996945437525632	-0.00030593567617544817
a999bxrmsrbho722z3h1ixwx	1	2	183	16	1	Go	GW	1	1	0.285	1	0.0	1	0.9991	0.9992937888188548	-0.0007086054209885933
a999bxrmsrbho722z3h1ixwx	1	2	188	17	1	Go	GW	1	1	0.487	1	0.0	1	0.9997	0.9995314776508074	-0.00046961166383175865
a999bxrmsrbho722z3h1ixwx	1	2	189	18	1	Go	GW	1	1	0.389	1	0.0	1	0.9997	0.9996499146655551	-0.00035073779195632056
a999bxrmsrbho722z3h1ixwx	1	2	195	19	1	Go	GW	1	1	0.407	1	1.0	0	0.9996	0.9997168037989064	-0.0002836547093689061
a999bxrmsrbho722z3h1ixwx	1	2	197	20	1	Go	GW	1	1	0.294	1	0.0	1	0.9991	0.9993192801962386	-0.0006833233587860245
a999bxrmsrbho722z3h1ixwx	1	2	201	21	1	Go	GW	1	1	0.523	1	1.0	0	0.9992	0.9995553362709452	-0.00044575787219679707
a999bxrmsrbho722z3h1ixwx	1	2	207	22	1	Go	GW	1	1	0.267	1	0.0	1	0.9993	0.9989557680868373	-0.0010501688103389613
a999bxrmsrbho722z3h1ixwx	1	2	210	23	1	Go	GW	1	1	0.462	1	0.0	1	0.9992	0.9994012707945199	-0.00060061699910509
a999bxrmsrbho722z3h1ixwx	1	2	214	24	1	Go	GW	1	1	0.458	1	0.0	1	0.9994	0.9995878033672317	-0.00041313605440524586
a999bxrmsrbho722z3h1ixwx	1	2	224	26	1	Go	GW	1	1	0.421	1	0.0	1	0.9997	0.9997377905631726	-0.0002626376526344861
a999bxrmsrbho722z3h1ixwx	1	2	228	27	1	Go	GW	1	1	1.287	1	0.0	1	0.9998	0.9997712901428504	-0.0002290545187558721
a999bxrmsrbho722z3h1ixwx	1	2	229	28	1	Go	GW	1	1	0.528	1	0.0	1	0.9998	0.9997929310837986	-0.00020736630212484408
a999bxrmsrbho722z3h1ixwx	1	2	234	29	1	Go	GW	1	1	0.736	1	0.0	1	0.9998	0.9998074544093771	-0.00019281455903309708
a999bxrmsrbho722z3h1ixwx	1	2	237	30	1	Go	GW	1	1	0.508	1	1.0	0	0.9999	0.9998174977065152	-0.0001827533746294061
a999bxrmsrbho722z3h1ixwx	1	2	123	1	0	No-Go	NGAL	0	0		1	0.0	1	0.5882	0.4171471904301821	-0.889444407312446
a999bxrmsrbho722z3h1ixwx	1	2	126	2	0	No-Go	NGAL	0	0		1	1.0	0	0.4652	0.5317732485427424	-0.6416781771335015
a999bxrmsrbho722z3h1ixwx	1	2	131	3	0	No-Go	NGAL	0	0		1	0.0	1	0.4865	0.5137826888158122	-0.6762745142619723
a999bxrmsrbho722z3h1ixwx	1	2	133	4	0	No-Go	NGAL	0	1	0.798	0	0.0	0	0.3927	0.37899748909528314	-0.9919246160230016
a999bxrmsrbho722z3h1ixwx	1	2	137	5	0	No-Go	NGAL	0	0		1	0.0	1	0.2812	0.7210587794793796	-0.33317143395242727
a999bxrmsrbho722z3h1ixwx	1	2	141	6	0	No-Go	NGAL	0	1	0.367	0	1.0	1	0.2019	0.2049568246971597	-1.6554990068279423
a999bxrmsrbho722z3h1ixwx	1	2	147	7	0	No-Go	NGAL	0	0		1	0.0	1	0.2874	0.7067382783520019	-0.3530733722558077
a999bxrmsrbho722z3h1ixwx	1	2	152	8	0	No-Go	NGAL	0	0		1	0.0	1	0.2271	0.7799090751180474	-0.2529756212476388
a999bxrmsrbho722z3h1ixwx	1	2	155	9	0	No-Go	NGAL	0	0		1	0.0	1	0.1664	0.8357442840128275	-0.1825323397431863
a999bxrmsrbho722z3h1ixwx	1	2	159	10	0	No-Go	NGAL	0	0		1	0.0	1	0.1198	0.8772895372150565	-0.1330396268499455
a999bxrmsrbho722z3h1ixwx	1	2	161	11	0	No-Go	NGAL	0	0		1	1.0	0	0.0905	0.9078199490157576	-0.09813882223046287
a999bxrmsrbho722z3h1ixwx	1	2	165	12	0	No-Go	NGAL	0	0		1	0.0	1	0.102	0.9002945053040506	-0.10662566001085788
a999bxrmsrbho722z3h1ixwx	1	2	171	13	0	No-Go	NGAL	0	0		1	0.0	1	0.0724	0.9246766468624683	-0.07938101168755202
a999bxrmsrbho722z3h1ixwx	1	2	176	14	0	No-Go	NGAL	0	0		1	0.0	1	0.0589	0.9425295895032878	-0.05990882519481073
a999bxrmsrbho722z3h1ixwx	1	2	179	15	0	No-Go	NGAL	0	0		1	0.0	1	0.0485	0.9556598234497511	-0.04584370454912833
a999bxrmsrbho722z3h1ixwx	1	2	181	16	0	No-Go	NGAL	0	0		1	0.0	1	0.0335	0.9653834553538027	-0.03556857195514903
a999bxrmsrbho722z3h1ixwx	1	2	187	17	0	No-Go	NGAL	0	0		1	0.0	1	0.0268	0.9726447475030958	-0.0279746996356604
a999bxrmsrbho722z3h1ixwx	1	2	192	18	0	No-Go	NGAL	0	0		1	0.0	1	0.021	0.9781172005557017	-0.022297186130755108
a999bxrmsrbho722z3h1ixwx	1	2	196	19	0	No-Go	NGAL	0	0		1	1.0	0	0.0179	0.9822811148767728	-0.01800400827027464
a999bxrmsrbho722z3h1ixwx	1	2	200	20	0	No-Go	NGAL	0	0		1	0.0	1	0.0199	0.980407900343276	-0.019940670342677713
a999bxrmsrbho722z3h1ixwx	1	2	203	21	0	No-Go	NGAL	0	0		1	0.0	1	0.0162	0.9840356008642346	-0.01620819277952035
a999bxrmsrbho722z3h1ixwx	1	2	205	22	0	No-Go	NGAL	0	0		1	0.0	1	0.0124	0.9868359606040256	-0.013339477803936494
a999bxrmsrbho722z3h1ixwx	1	2	212	23	0	No-Go	NGAL	0	0		1	0.0	1	0.0124	0.989018651249307	-0.011111205760697762
a999bxrmsrbho722z3h1ixwx	1	2	213	24	0	No-Go	NGAL	0	0		1	1.0	0	0.0095	0.9907359788908174	-0.009362830812105327
a999bxrmsrbho722z3h1ixwx	1	2	217	25	0	No-Go	NGAL	0	0		1	0.0	1	0.0124	0.9896464311461014	-0.010480139231791308
a999bxrmsrbho722z3h1ixwx	1	2	223	26	0	No-Go	NGAL	0	0		1	0.0	1	0.0079	0.9912321212757004	-0.008864768188860802
a999bxrmsrbho722z3h1ixwx	1	2	225	27	0	No-Go	NGAL	0	0		1	0.0	1	0.008	0.9924945143962787	-0.007581649257713054
a999bxrmsrbho722z3h1ixwx	1	2	230	28	0	No-Go	NGAL	0	0		1	0.0	1	0.0064	0.9935084169436025	-0.006552971426272089
a999bxrmsrbho722z3h1ixwx	1	2	235	29	0	No-Go	NGAL	0	0		1	1.0	0	0.0052	0.994329608005016	-0.00572104150548627
a999bxrmsrbho722z3h1ixwx	1	2	240	30	0	No-Go	NGAL	0	0		1	0.0	1	0.0056	0.9936002784300026	-0.006467568495943835
a999bxrmsrbho722z3h1ixwx	1	2	122	1	0	Go	GAL	1	0		0	0.0	0	0.5767	0.4171471904301821	-0.889444407312446
a999bxrmsrbho722z3h1ixwx	1	2	125	2	0	Go	GAL	1	1	0.693	1	0.0	1	0.597	0.5994088885304283	-0.5188661539537175
a999bxrmsrbho722z3h1ixwx	1	2	129	3	0	Go	GAL	1	1	0.441	1	0.0	1	0.7074	0.7032506721849143	-0.35702852454006284
a999bxrmsrbho722z3h1ixwx	1	2	134	4	0	Go	GAL	1	1	1.127	1	0.0	1	0.7879	0.7846297561994947	-0.2461586642076878
a999bxrmsrbho722z3h1ixwx	1	2	140	5	0	Go	GAL	1	0		0	1.0	1	0.8437	0.15508004654634214	-1.9394159954581185
a999bxrmsrbho722z3h1ixwx	1	2	144	6	0	Go	GAL	1	0		0	0.0	0	0.7665	0.2242739035624093	-1.5374210503830548
a999bxrmsrbho722z3h1ixwx	1	2	145	7	0	Go	GAL	1	1	0.649	1	0.0	1	0.7892	0.7877196395428242	-0.24197450541563345
a999bxrmsrbho722z3h1ixwx	1	2	149	8	0	Go	GAL	1	1	0.578	1	1.0	0	0.8427	0.8445832833529419	-0.1712457823184437
a999bxrmsrbho722z3h1ixwx	1	2	153	9	0	Go	GAL	1	1	0.541	1	0.0	1	0.762	0.7591506447789707	-0.2789719418457472
a999bxrmsrbho722z3h1ixwx	1	2	157	10	0	Go	GAL	1	1	0.438	1	0.0	1	0.8243	0.823808385891632	-0.19620872600594866
a999bxrmsrbho722z3h1ixwx	1	2	163	11	0	Go	GAL	1	1	1.039	1	1.0	0	0.8655	0.871254651382628	-0.139473494238082
a999bxrmsrbho722z3h1ixwx	1	2	168	12	0	Go	GAL	1	1	0.45	1	0.0	1	0.7976	0.7950335074532962	-0.2321835403575767
a999bxrmsrbho722z3h1ixwx	1	2	170	13	0	Go	GAL	1	1	0.442	1	0.0	1	0.8542	0.850610533309824	-0.16367642775015315
a999bxrmsrbho722z3h1ixwx	1	2	174	14	0	Go	GAL	1	1	0.428	1	0.0	1	0.889	0.8908265221975624	-0.11687464399640787
a999bxrmsrbho722z3h1ixwx	1	2	178	15	0	Go	GAL	1	1	0.378	1	0.0	1	0.9189	0.9196059085816942	-0.0846657340539595
a999bxrmsrbho722z3h1ixwx	1	2	184	16	0	Go	GAL	1	1	0.443	1	0.0	1	0.9453	0.9401732961811111	-0.06226629820713821
a999bxrmsrbho722z3h1ixwx	1	2	185	17	0	Go	GAL	1	1	0.446	1	0.0	1	0.9524	0.9549371796221325	-0.0464973395438328
a999bxrmsrbho722z3h1ixwx	1	2	190	18	0	Go	GAL	1	1	0.58	1	1.0	0	0.9699	0.9656176555033792	-0.035250580596716374
a999bxrmsrbho722z3h1ixwx	1	2	193	19	0	Go	GAL	1	1	0.449	1	0.0	1	0.9413	0.9376424211565846	-0.06505592644432644
a999bxrmsrbho722z3h1ixwx	1	2	199	20	0	Go	GAL	1	1	0.5	1	0.0	1	0.953	0.953257107813469	-0.048305568032226166
a999bxrmsrbho722z3h1ixwx	1	2	204	21	0	Go	GAL	1	1	0.434	1	0.0	1	0.9623	0.9644752477981605	-0.0364619310049548
a999bxrmsrbho722z3h1ixwx	1	2	208	22	0	Go	GAL	1	1	0.509	1	0.0	1	0.9713	0.9726208844803874	-0.02795990745638039
a999bxrmsrbho722z3h1ixwx	1	2	209	23	0	Go	GAL	1	1	0.36	1	0.0	1	0.9818	0.978604279051921	-0.021767053385662823
a999bxrmsrbho722z3h1ixwx	1	2	216	24	0	Go	GAL	1	1	0.544	1	1.0	0	0.981	0.9830516934232252	-0.017192937983420895
a999bxrmsrbho722z3h1ixwx	1	2	218	25	0	Go	GAL	1	1	0.524	1	0.0	1	0.9682	0.9672683014223641	-0.0336480225280419
a999bxrmsrbho722z3h1ixwx	1	2	222	26	0	Go	GAL	1	1	0.865	1	0.0	1	0.9725	0.974748891692932	-0.02581117294943698
a999bxrmsrbho722z3h1ixwx	1	2	227	27	0	Go	GAL	1	1	0.457	1	0.0	1	0.9804	0.9802266146917636	-0.02012970603452821
a999bxrmsrbho722z3h1ixwx	1	2	231	28	0	Go	GAL	1	1	0.508	1	0.0	1	0.9843	0.9842918718767549	-0.015943057867378478
a999bxrmsrbho722z3h1ixwx	1	2	233	29	0	Go	GAL	1	1	0.505	1	1.0	0	0.9869	0.9873484433095975	-0.01281158354009155
a999bxrmsrbho722z3h1ixwx	1	2	238	30	0	Go	GAL	1	1	0.385	1	0.0	1	0.9754	0.9747292353120931	-0.02595728298579588
a999bxrmsrbho722z3h1ixwx	1	1	4	1	0	Go	GAL	1	1	0.758	1	0.0	1	0.5825	0.5828528095698179	-0.5476744662501825
a999bxrmsrbho722z3h1ixwx	1	1	5	2	0	Go	GAL	1	0		0	0.0	0	0.6883	0.31119020693515265	-1.194058270861477
a999bxrmsrbho722z3h1ixwx	1	1	9	3	0	Go	GAL	1	1	0.628	1	0.0	1	0.7057	0.7032506721849143	-0.35702852454006284
a999bxrmsrbho722z3h1ixwx	1	1	14	4	0	Go	GAL	1	0		0	0.0	0	0.7884	0.21537024380050535	-1.5839209148631428
a999bxrmsrbho722z3h1ixwx	1	1	20	5	0	Go	GAL	1	0		0	1.0	1	0.7938	0.20436374680150116	-1.6404425140923893
a999bxrmsrbho722z3h1ixwx	1	1	22	6	0	Go	GAL	1	0		0	0.0	0	0.7079	0.2896520865049401	-1.267244912199339
a999bxrmsrbho722z3h1ixwx	1	1	28	7	0	Go	GAL	1	0		0	0.0	0	0.7211	0.2755357382936375	-1.3213617166875722
a999bxrmsrbho722z3h1ixwx	1	1	31	8	0	Go	GAL	1	1	0.633	1	1.0	0	0.737	0.7378621547611987	-0.3086816493417992
a999bxrmsrbho722z3h1ixwx	1	1	33	9	0	Go	GAL	1	1	0.604	1	0.0	1	0.6269	0.6286998716253722	-0.4713132815067129
a999bxrmsrbho722z3h1ixwx	1	1	39	10	0	Go	GAL	1	0		0	0.0	0	0.7292	0.27586508586181446	-1.321114168135411
a999bxrmsrbho722z3h1ixwx	1	1	41	11	0	Go	GAL	1	1	0.749	1	1.0	0	0.7333	0.7373154164494797	-0.30960663446818726
a999bxrmsrbho722z3h1ixwx	1	1	47	12	0	Go	GAL	1	1	0.605	1	0.0	1	0.6327	0.6290314722926448	-0.4717530954950178
a999bxrmsrbho722z3h1ixwx	1	1	50	13	0	Go	GAL	1	0		0	0.0	0	0.7281	0.2747919420172999	-1.3285916924792502
a999bxrmsrbho722z3h1ixwx	1	1	54	14	0	Go	GAL	1	1	0.486	1	0.0	1	0.7366	0.7381211605165576	-0.3088923278845532
a999bxrmsrbho722z3h1ixwx	1	1	60	15	0	Go	GAL	1	1	0.543	1	0.0	1	0.809	0.8099837003521366	-0.21413303532730973
a999bxrmsrbho722z3h1ixwx	1	1	61	16	0	Go	GAL	1	1	0.542	1	0.0	1	0.8644	0.8626853842346965	-0.149913672130233
a999bxrmsrbho722z3h1ixwx	1	1	65	17	0	Go	GAL	1	1	0.61	1	0.0	1	0.9021	0.9004334856590734	-0.10630627834189849
a999bxrmsrbho722z3h1ixwx	1	1	70	18	0	Go	GAL	1	1	0.577	1	1.0	0	0.9284	0.9272230366322401	-0.07647840651856978
a999bxrmsrbho722z3h1ixwx	1	1	76	19	0	Go	GAL	1	1	0.572	1	0.0	1	0.88	0.8784670068107634	-0.1312995807098267
a999bxrmsrbho722z3h1ixwx	1	1	80	20	0	Go	GAL	1	1	0.438	1	0.0	1	0.9125	0.9119021634755685	-0.0933257360499828
a999bxrmsrbho722z3h1ixwx	1	1	84	21	0	Go	GAL	1	1	0.914	1	0.0	1	0.933	0.9354994587299796	-0.06738682216116115
a999bxrmsrbho722z3h1ixwx	1	1	85	22	0	Go	GAL	1	1	0.886	1	0.0	1	0.952	0.9522008132382678	-0.04944217438489963
a999bxrmsrbho722z3h1ixwx	1	1	89	23	0	Go	GAL	1	1	0.541	1	0.0	1	0.9672	0.9641077973805772	-0.03685586952169606
a999bxrmsrbho722z3h1ixwx	1	1	93	24	0	Go	GAL	1	1	0.453	1	1.0	0	0.9724	0.9726794714056752	-0.02790250382433304
a999bxrmsrbho722z3h1ixwx	1	1	98	25	0	Go	GAL	1	1	0.592	1	0.0	1	0.954	0.9503853257522397	-0.05139990231389494
a999bxrmsrbho722z3h1ixwx	1	1	101	26	0	Go	GAL	1	1	0.378	1	0.0	1	0.9584	0.9629244976131451	-0.038107760047272204
a999bxrmsrbho722z3h1ixwx	1	1	106	27	0	Go	GAL	1	1	0.432	1	0.0	1	0.9727	0.9718867896129253	-0.02873135508729924
a999bxrmsrbho722z3h1ixwx	1	1	110	28	0	Go	GAL	1	1	0.426	1	0.0	1	0.9779	0.9783710445529068	-0.022011382741972164
a999bxrmsrbho722z3h1ixwx	1	1	115	29	0	Go	GAL	1	1	0.631	1	1.0	0	0.9836	0.9831218581548478	-0.017122140302598038
a999bxrmsrbho722z3h1ixwx	1	1	119	30	0	Go	GAL	1	1	0.474	1	0.0	1	0.9667	0.9679866710504513	-0.03287121053841132
a999bxrmsrbho722z3h1ixwx	1	1	2	1	1	No-Go	NGW	0	1	0.727	0	0.0	0	0.6516	0.6521953229563553	-0.4435016767743397
a999bxrmsrbho722z3h1ixwx	1	1	7	2	1	No-Go	NGW	0	1	0.541	0	0.0	0	0.5393	0.5439483845137729	-0.6338145232165845
a999bxrmsrbho722z3h1ixwx	1	1	10	3	1	No-Go	NGW	0	1	0.54	0	0.0	0	0.435	0.43730373607021245	-0.8646609186129369
a999bxrmsrbho722z3h1ixwx	1	1	13	4	1	No-Go	NGW	0	0		1	1.0	0	0.3311	0.6584091020983591	-0.4323847561550113
a999bxrmsrbho722z3h1ixwx	1	1	17	5	1	No-Go	NGW	0	1	0.859	0	0.0	0	0.4527	0.4494909836269615	-0.8350094042682711
a999bxrmsrbho722z3h1ixwx	1	1	23	6	1	No-Go	NGW	0	0		1	0.0	1	0.3717	0.6422142376024074	-0.4580470427924066
a999bxrmsrbho722z3h1ixwx	1	1	25	7	1	No-Go	NGW	0	0		1	0.0	1	0.266	0.7430425864856256	-0.306141809555804
a999bxrmsrbho722z3h1ixwx	1	1	30	8	1	No-Go	NGW	0	0		1	0.0	1	0.1806	0.8186750139261795	-0.20561415254904564
a999bxrmsrbho722z3h1ixwx	1	1	36	9	1	No-Go	NGW	0	0		1	0.0	1	0.1279	0.8726420578701228	-0.13955351419967535
a999bxrmsrbho722z3h1ixwx	1	1	40	10	1	No-Go	NGW	0	0		1	1.0	0	0.0879	0.9102186431323502	-0.09604114285898209
a999bxrmsrbho722z3h1ixwx	1	1	44	11	1	No-Go	NGW	0	0		1	0.0	1	0.1409	0.8592492820495204	-0.15523525632274876
a999bxrmsrbho722z3h1ixwx	1	1	45	12	1	No-Go	NGW	0	0		1	1.0	0	0.0997	0.9011735414825758	-0.106167598550939
a999bxrmsrbho722z3h1ixwx	1	1	52	13	1	No-Go	NGW	0	0		1	0.0	1	0.1556	0.846196166724459	-0.17083496062299217
a999bxrmsrbho722z3h1ixwx	1	1	55	14	1	No-Go	NGW	0	0		1	0.0	1	0.1067	0.8923356588490661	-0.1161878582310428
a999bxrmsrbho722z3h1ixwx	1	1	59	15	1	No-Go	NGW	0	0		1	0.0	1	0.0755	0.9240841020176387	-0.08030649074485714
a999bxrmsrbho722z3h1ixwx	1	1	63	16	1	No-Go	NGW	0	0		1	1.0	0	0.0521	0.9458708194420722	-0.05645798985532372
a999bxrmsrbho722z3h1ixwx	1	1	66	17	1	No-Go	NGW	0	0		1	0.0	1	0.0862	0.9110622542131467	-0.09473763705035683
a999bxrmsrbho722z3h1ixwx	1	1	71	18	1	No-Go	NGW	0	0		1	0.0	1	0.0694	0.9371013364945702	-0.06591039577758072
a999bxrmsrbho722z3h1ixwx	1	1	75	19	1	No-Go	NGW	0	0		1	0.0	1	0.0425	0.9549289317691533	-0.04668698396615229
a999bxrmsrbho722z3h1ixwx	1	1	79	20	1	No-Go	NGW	0	0		1	0.0	1	0.0337	0.967236308120893	-0.033658118638822794
a999bxrmsrbho722z3h1ixwx	1	1	82	21	1	No-Go	NGW	0	0		1	0.0	1	0.0223	0.9758281860104473	-0.024681867292038456
a999bxrmsrbho722z3h1ixwx	1	1	86	22	1	No-Go	NGW	0	0		1	0.0	1	0.0194	0.9819016811051638	-0.018397646471111143
a999bxrmsrbho722z3h1ixwx	1	1	92	23	1	No-Go	NGW	0	0		1	0.0	1	0.0125	0.9862510573396603	-0.013929553369880833
a999bxrmsrbho722z3h1ixwx	1	1	95	24	1	No-Go	NGW	0	0		1	0.0	1	0.0109	0.98940647674993	-0.010705491441466233
a999bxrmsrbho722z3h1ixwx	1	1	99	25	1	No-Go	NGW	0	0		1	1.0	0	0.0087	0.991725040394696	-0.008346239040628213
a999bxrmsrbho722z3h1ixwx	1	1	103	26	1	No-Go	NGW	0	0		1	1.0	0	0.0166	0.9846081983185806	-0.015611105773402833
a999bxrmsrbho722z3h1ixwx	1	1	107	27	1	No-Go	NGW	0	0		1	0.0	1	0.0256	0.9720401095991962	-0.02865246000647077
a999bxrmsrbho722z3h1ixwx	1	1	111	28	1	No-Go	NGW	0	0		1	0.0	1	0.0183	0.9794082907629738	-0.020976044278131618
a999bxrmsrbho722z3h1ixwx	1	1	113	29	1	No-Go	NGW	0	0		1	0.0	1	0.0162	0.9845639287567057	-0.015660102879352142
a999bxrmsrbho722z3h1ixwx	1	1	118	30	1	No-Go	NGW	0	0		1	0.0	1	0.0118	0.9882341919585454	-0.01190172651901629
a999bxrmsrbho722z3h1ixwx	1	1	3	1	0	No-Go	NGAL	0	1	1.007	0	0.0	0	0.5856	0.5828528095698179	-0.5476744662501825
a999bxrmsrbho722z3h1ixwx	1	1	8	2	0	No-Go	NGAL	0	0		1	1.0	0	0.4728	0.5317732485427424	-0.6416781771335015
a999bxrmsrbho722z3h1ixwx	1	1	12	3	0	No-Go	NGAL	0	1	1.068	0	0.0	0	0.4797	0.4852655930983854	-0.7348645982116456
a999bxrmsrbho722z3h1ixwx	1	1	16	4	0	No-Go	NGAL	0	0		1	0.0	1	0.3787	0.6209458905261037	-0.4843722258518499
a999bxrmsrbho722z3h1ixwx	1	1	18	5	0	No-Go	NGAL	0	1	1.357	0	0.0	0	0.2857	0.2782505021013448	-1.3224361273111216
a999bxrmsrbho722z3h1ixwx	1	1	24	6	0	No-Go	NGAL	0	0		1	1.0	0	0.2036	0.7950095721077054	-0.23386016937839327
a999bxrmsrbho722z3h1ixwx	1	1	26	7	0	No-Go	NGAL	0	1	0.717	0	0.0	0	0.2237	0.21662889970832686	-1.595472203705461
a999bxrmsrbho722z3h1ixwx	1	1	32	8	0	No-Go	NGAL	0	1	0.45	0	0.0	0	0.1669	0.15936960341228285	-1.9336613298296428
a999bxrmsrbho722z3h1ixwx	1	1	35	9	0	No-Go	NGAL	0	0		1	0.0	1	0.1146	0.8826380132501969	-0.12706368044504962
a999bxrmsrbho722z3h1ixwx	1	1	37	10	0	No-Go	NGAL	0	0		1	0.0	1	0.0803	0.9196744044518446	-0.08513181369606035
a999bxrmsrbho722z3h1ixwx	1	1	43	11	0	No-Go	NGAL	0	0		1	1.0	0	0.056	0.9443687273063972	-0.05809025786683275
a999bxrmsrbho722z3h1ixwx	1	1	48	12	0	No-Go	NGAL	0	0		1	0.0	1	0.0627	0.940317683854571	-0.06249151509537363
a999bxrmsrbho722z3h1ixwx	1	1	51	13	0	No-Go	NGAL	0	0		1	0.0	1	0.0412	0.9581983464351342	-0.04327377465895456
a999bxrmsrbho722z3h1ixwx	1	1	53	14	0	No-Go	NGAL	0	0		1	0.0	1	0.0315	0.9702751842880265	-0.030519681102915284
a999bxrmsrbho722z3h1ixwx	1	1	58	15	0	No-Go	NGAL	0	0		1	0.0	1	0.0229	0.9785327919959658	-0.0219088302122522
a999bxrmsrbho722z3h1ixwx	1	1	62	16	0	No-Go	NGAL	0	0		1	0.0	1	0.0166	0.9842558184829632	-0.0159963585323593
a999bxrmsrbho722z3h1ixwx	1	1	68	17	0	No-Go	NGAL	0	0		1	0.0	1	0.0115	0.9882777580300399	-0.011870092394393756
a999bxrmsrbho722z3h1ixwx	1	1	72	18	0	No-Go	NGAL	0	0		1	0.0	1	0.0089	0.9911435764964456	-0.008945352496651732
a999bxrmsrbho722z3h1ixwx	1	1	74	19	0	No-Go	NGAL	0	0		1	1.0	0	0.0059	0.9932133423081521	-0.00684149594217706
a999bxrmsrbho722z3h1ixwx	1	1	77	20	0	No-Go	NGAL	0	0		1	0.0	1	0.0067	0.9925801871731881	-0.007484201527354602
a999bxrmsrbho722z3h1ixwx	1	1	81	21	0	No-Go	NGAL	0	0		1	0.0	1	0.0055	0.994263737599201	-0.005776601932560611
a999bxrmsrbho722z3h1ixwx	1	1	87	22	0	No-Go	NGAL	0	0		1	0.0	1	0.0044	0.9955051933809677	-0.0045207075482761525
a999bxrmsrbho722z3h1ixwx	1	1	90	23	0	No-Go	NGAL	0	0		1	0.0	1	0.003	0.9964319757948098	-0.003585062233821149
a999bxrmsrbho722z3h1ixwx	1	1	96	24	0	No-Go	NGAL	0	0		1	1.0	0	0.0033	0.9971320055595566	-0.0028794746729568403
a999bxrmsrbho722z3h1ixwx	1	1	100	25	0	No-Go	NGAL	0	0		1	0.0	1	0.0045	0.9968354897586543	-0.003178310675948435
a999bxrmsrbho722z3h1ixwx	1	1	102	26	0	No-Go	NGAL	0	0		1	0.0	1	0.0024	0.9974398741277511	-0.0025695492354555092
a999bxrmsrbho722z3h1ixwx	1	1	105	27	0	No-Go	NGAL	0	0		1	0.0	1	0.0023	0.9979039531354749	-0.0021026392711056014
a999bxrmsrbho722z3h1ixwx	1	1	112	28	0	No-Go	NGAL	0	0		1	0.0	1	0.0024	0.9982640690502063	-0.0017406548852465622
a999bxrmsrbho722z3h1ixwx	1	1	114	29	0	No-Go	NGAL	0	0		1	1.0	0	0.0012	0.9985463172237885	-0.001457149139540961
a999bxrmsrbho722z3h1ixwx	1	1	120	30	0	No-Go	NGAL	0	0		1	0.0	1	0.0009	0.9983815736823426	-0.001622722665185505
a999bxrmsrbho722z3h1ixwx	1	1	1	1	1	Go	GW	1	1	0.631	1	1.0	0	0.6554	0.6521953229563553	-0.4435016767743397
a999bxrmsrbho722z3h1ixwx	1	1	6	2	1	Go	GW	1	0		0	0.0	0	0.5547	0.4560516154862271	-0.8204281051845692
a999bxrmsrbho722z3h1ixwx	1	1	11	3	1	Go	GW	1	1	0.442	1	0.0	1	0.6525	0.6521953229563553	-0.4435016767743397
a999bxrmsrbho722z3h1ixwx	1	1	15	4	1	Go	GW	1	1	0.566	1	0.0	1	0.9218	0.9254959773263536	-0.07946642663849399
a999bxrmsrbho722z3h1ixwx	1	1	19	5	1	Go	GW	1	1	0.475	1	0.0	1	0.9789	0.9793052728005734	-0.021310578287792294
a999bxrmsrbho722z3h1ixwx	1	1	21	6	1	Go	GW	1	1	0.616	1	1.0	0	0.9923	0.9924089039282838	-0.007715152621633129
a999bxrmsrbho722z3h1ixwx	1	1	27	7	1	Go	GW	1	1	0.619	1	0.0	1	0.9849	0.9863175759768823	-0.014005091521922659
a999bxrmsrbho722z3h1ixwx	1	1	29	8	1	Go	GW	1	1	0.743	1	0.0	1	0.9959	0.9945062361108625	-0.005570093058918616
a999bxrmsrbho722z3h1ixwx	1	1	34	9	1	Go	GW	1	1	0.475	1	0.0	1	0.9972	0.9973248192932999	-0.002698632389786522
a999bxrmsrbho722z3h1ixwx	1	1	38	10	1	Go	GW	1	1	0.662	1	0.0	1	0.9988	0.9984854635319189	-0.0015233570589629002
a999bxrmsrbho722z3h1ixwx	1	1	42	11	1	Go	GW	1	1	0.599	1	0.0	1	0.999	0.9990297701604415	-0.000974210326645715
a999bxrmsrbho722z3h1ixwx	1	1	46	12	1	Go	GW	1	1	0.294	1	0.0	1	0.9996	0.999311471094081	-0.0006906706741170504
a999bxrmsrbho722z3h1ixwx	1	1	49	13	1	Go	GW	1	1	0.481	1	0.0	1	0.9991	0.9994689174602795	-0.0005324418225917482
a999bxrmsrbho722z3h1ixwx	1	1	56	14	1	Go	GW	1	1	0.37	1	0.0	1	0.9997	0.9995624799291972	-0.0004385127564771482
a999bxrmsrbho722z3h1ixwx	1	1	57	15	1	Go	GW	1	1	0.554	1	1.0	0	0.9995	0.9996209113427059	-0.00037989481850710685
a999bxrmsrbho722z3h1ixwx	1	1	64	16	1	Go	GW	1	1	0.225	1	0.0	1	0.9995	0.9990726431494604	-0.0009322917262706843
a999bxrmsrbho722z3h1ixwx	1	1	67	17	1	Go	GW	1	1	0.24	1	0.0	1	0.9995	0.9993682967196968	-0.0006338902785069572
a999bxrmsrbho722z3h1ixwx	1	1	69	18	1	Go	GW	1	1	0.361	1	0.0	1	0.9994	0.9995126423582591	-0.0004887126779565862
a999bxrmsrbho722z3h1ixwx	1	1	73	19	1	Go	GW	1	1	0.355	1	1.0	0	0.9991	0.9995940041059285	-0.0004069903875890176
a999bxrmsrbho722z3h1ixwx	1	1	78	20	1	Go	GW	1	1	0.23	1	0.0	1	0.9991	0.9989918120372903	-0.0010144701712781047
a999bxrmsrbho722z3h1ixwx	1	1	83	21	1	Go	GW	1	1	0.499	1	1.0	0	0.9994	0.9993403006944067	-0.0006622234833024982
a999bxrmsrbho722z3h1ixwx	1	1	88	22	1	Go	GW	1	1	0.229	1	0.0	1	0.9981	0.9984128075575253	-0.0016020153572045288
a999bxrmsrbho722z3h1ixwx	1	1	91	23	1	Go	GW	1	1	0.383	1	0.0	1	0.9988	0.9990963264752188	-0.000908108582793127
a999bxrmsrbho722z3h1ixwx	1	1	94	24	1	Go	GW	1	1	0.77	1	0.0	1	0.9996	0.9993756547310025	-0.0006265229017420474
a999bxrmsrbho722z3h1ixwx	1	1	97	25	1	Go	GW	1	1	0.39	1	0.0	1	0.9995	0.9995166928125655	-0.0004846794439039856
a999bxrmsrbho722z3h1ixwx	1	1	104	26	1	Go	GW	1	1	0.686	1	0.0	1	0.9994	0.9995966796612904	-0.00040433036607618087
a999bxrmsrbho722z3h1ixwx	1	1	108	27	1	Go	GW	1	1	0.328	1	0.0	1	1.0	0.9996455425295251	-0.0003552810924711689
a999bxrmsrbho722z3h1ixwx	1	1	109	28	1	Go	GW	1	1	0.433	1	0.0	1	0.9997	0.9996769864499493	-0.0003237324485814373
a999bxrmsrbho722z3h1ixwx	1	1	116	29	1	Go	GW	1	1	0.426	1	0.0	1	0.9996	0.9996980216334176	-0.000302634672358455
a999bxrmsrbho722z3h1ixwx	1	1	117	30	1	Go	GW	1	1	0.344	1	1.0	0	0.9994	0.9997125269318774	-0.0002880901827841318
c04g8el6o97pgtvk4dsvt4sb	1	2	123	1	1	Go	GW	1	1	0.413	1	0.0	1	0.7852	0.7881423336827073	-0.24178304844698745
c04g8el6o97pgtvk4dsvt4sb	1	2	127	2	1	Go	GW	1	1	0.559	1	0.0	1	0.929	0.9329918343032827	-0.07009499864847603
c04g8el6o97pgtvk4dsvt4sb	1	2	129	3	1	Go	GW	1	1	0.468	1	0.0	1	0.9449	0.9500185401750884	-0.05167689762444592
c04g8el6o97pgtvk4dsvt4sb	1	2	136	4	1	Go	GW	1	1	0.499	1	1.0	0	0.956	0.95412422049094	-0.04730480575443486
c04g8el6o97pgtvk4dsvt4sb	1	2	140	5	1	Go	GW	1	0		0	0.0	0	0.7455	0.2570626949961148	-1.4266316950858324
c04g8el6o97pgtvk4dsvt4sb	1	2	141	6	1	Go	GW	1	1	0.525	1	1.0	0	0.8846	0.8878329526413874	-0.12042412145848122
c04g8el6o97pgtvk4dsvt4sb	1	2	146	7	1	Go	GW	1	1	0.711	1	0.0	1	0.7762	0.7742265194575364	-0.25979495040117934
c04g8el6o97pgtvk4dsvt4sb	1	2	150	8	1	Go	GW	1	1	0.529	1	0.0	1	0.9665	0.9651074103830156	-0.03590742155201998
c04g8el6o97pgtvk4dsvt4sb	1	2	155	9	1	Go	GW	1	1	0.546	1	0.0	1	0.9795	0.9786257175763355	-0.021743859706114206
c04g8el6o97pgtvk4dsvt4sb	1	2	157	10	1	Go	GW	1	1	0.562	1	0.0	1	0.9777	0.9815178461945918	-0.0187522516633483
c04g8el6o97pgtvk4dsvt4sb	1	2	161	11	1	Go	GW	1	1	0.414	1	0.0	1	0.9852	0.9823954519395925	-0.017848749746281492
c04g8el6o97pgtvk4dsvt4sb	1	2	167	12	1	Go	GW	1	1	0.593	1	0.0	1	0.9834	0.9827151029426608	-0.01752044946016287
c04g8el6o97pgtvk4dsvt4sb	1	2	169	13	1	Go	GW	1	1	0.674	1	0.0	1	0.9813	0.982846430652761	-0.01738575921272816
c04g8el6o97pgtvk4dsvt4sb	1	2	173	14	1	Go	GW	1	1	0.516	1	1.0	0	0.9847	0.9829054356185141	-0.017325300916685667
c04g8el6o97pgtvk4dsvt4sb	1	2	179	15	1	Go	GW	1	1	0.538	1	0.0	1	0.8926	0.8899230368918152	-0.1181015618908134
c04g8el6o97pgtvk4dsvt4sb	1	2	183	16	1	Go	GW	1	1	0.383	1	1.0	0	0.9731	0.9725613632468728	-0.028013904615906318
c04g8el6o97pgtvk4dsvt4sb	1	2	188	17	1	Go	GW	1	1	0.43	1	0.0	1	0.8674	0.8677678751196932	-0.1435241646929898
c04g8el6o97pgtvk4dsvt4sb	1	2	190	18	1	Go	GW	1	1	0.396	1	0.0	1	0.9729	0.9702886437894651	-0.030418389819835762
c04g8el6o97pgtvk4dsvt4sb	1	2	193	19	1	Go	GW	1	1	0.421	1	0.0	1	0.9785	0.9796717419095358	-0.020655878944862413
c04g8el6o97pgtvk4dsvt4sb	1	2	199	20	1	Go	GW	1	1	0.441	1	0.0	1	0.9813	0.9818351624154742	-0.018424449098902413
c04g8el6o97pgtvk4dsvt4sb	1	2	201	21	1	Go	GW	1	1	0.427	1	0.0	1	0.9798	0.9825132065813151	-0.01772751334084837
c04g8el6o97pgtvk4dsvt4sb	1	2	206	22	1	Go	GW	1	1	0.475	1	0.0	1	0.9827	0.9827647524697956	-0.01746943246146395
c04g8el6o97pgtvk4dsvt4sb	1	2	210	23	1	Go	GW	1	1	0.408	1	1.0	0	0.9856	0.9828693869381919	-0.01736220112505371
c04g8el6o97pgtvk4dsvt4sb	1	2	216	24	1	Go	GW	1	1	0.489	1	0.0	1	0.8895	0.8898307711032201	-0.11820274763183972
c04g8el6o97pgtvk4dsvt4sb	1	2	220	25	1	Go	GW	1	1	0.5	1	0.0	1	0.9701	0.9725411690331554	-0.028035460032639816
c04g8el6o97pgtvk4dsvt4sb	1	2	222	26	1	Go	GW	1	1	0.516	1	0.0	1	0.9832	0.9802495485069141	-0.020054872269644048
c04g8el6o97pgtvk4dsvt4sb	1	2	228	27	1	Go	GW	1	1	0.494	1	0.0	1	0.982	0.9820396773220659	-0.018213200377039537
c04g8el6o97pgtvk4dsvt4sb	1	2	231	28	1	Go	GW	1	1	0.414	1	1.0	0	0.9809	0.982598492673114	-0.017639735477530703
c04g8el6o97pgtvk4dsvt4sb	1	2	236	29	1	Go	GW	1	1	0.513	1	0.0	1	0.8888	0.8891442011037132	-0.11896325496417427
c04g8el6o97pgtvk4dsvt4sb	1	2	238	30	1	Go	GW	1	1	0.545	1	0.0	1	0.9713	0.9724199208462296	-0.028164347996816837
c04g8el6o97pgtvk4dsvt4sb	1	2	121	1	0	No-Go	NGAL	0	1	0.54	0	0.0	0	0.6031	0.5984111914633286	-0.5253154191701621
c04g8el6o97pgtvk4dsvt4sb	1	2	125	2	0	No-Go	NGAL	0	1	0.653	0	0.0	0	0.3514	0.35395812822851996	-1.08166245647754
c04g8el6o97pgtvk4dsvt4sb	1	2	132	3	0	No-Go	NGAL	0	0		1	0.0	1	0.2656	0.7364788738671894	-0.313487566908643
c04g8el6o97pgtvk4dsvt4sb	1	2	135	4	0	No-Go	NGAL	0	0		1	0.0	1	0.117	0.8808983166229031	-0.12982794475743167
c04g8el6o97pgtvk4dsvt4sb	1	2	139	5	0	No-Go	NGAL	0	1	0.878	0	1.0	1	0.0798	0.08143443573451674	-2.6901944124365036
c04g8el6o97pgtvk4dsvt4sb	1	2	144	6	0	No-Go	NGAL	0	0		1	0.0	1	0.3386	0.6560760362329079	-0.432322938855015
c04g8el6o97pgtvk4dsvt4sb	1	2	148	7	0	No-Go	NGAL	0	0		1	0.0	1	0.3014	0.6968670348635662	-0.3711412936906468
c04g8el6o97pgtvk4dsvt4sb	1	2	151	8	0	No-Go	NGAL	0	0		1	0.0	1	0.2833	0.7142902240770146	-0.34651078594980816
c04g8el6o97pgtvk4dsvt4sb	1	2	154	9	0	No-Go	NGAL	0	0		1	0.0	1	0.2684	0.7221470244906972	-0.33579759135718545
c04g8el6o97pgtvk4dsvt4sb	1	2	160	10	0	No-Go	NGAL	0	0		1	1.0	0	0.2801	0.7258441849835187	-0.3308860481122134
c04g8el6o97pgtvk4dsvt4sb	1	2	164	11	0	No-Go	NGAL	0	0		1	1.0	0	0.5713	0.43634974143296185	-0.9584515356240225
c04g8el6o97pgtvk4dsvt4sb	1	2	168	12	0	No-Go	NGAL	0	1	0.626	0	0.0	0	0.7146	0.713450557085038	-0.39341358996047354
c04g8el6o97pgtvk4dsvt4sb	1	2	171	13	0	No-Go	NGAL	0	0		1	0.0	1	0.4347	0.5545978687786873	-0.6473865520331569
c04g8el6o97pgtvk4dsvt4sb	1	2	174	14	0	No-Go	NGAL	0	0		1	0.0	1	0.1963	0.8012287382688381	-0.22495198301925912
c04g8el6o97pgtvk4dsvt4sb	1	2	180	15	0	No-Go	NGAL	0	0		1	0.0	1	0.1317	0.8659954254229455	-0.14579696797307787
c04g8el6o97pgtvk4dsvt4sb	1	2	181	16	0	No-Go	NGAL	0	0		1	0.0	1	0.112	0.8873213328226158	-0.12118140180372401
c04g8el6o97pgtvk4dsvt4sb	1	2	187	17	0	No-Go	NGAL	0	0		1	0.0	1	0.106	0.8956953610121753	-0.11168243471884884
c04g8el6o97pgtvk4dsvt4sb	1	2	189	18	0	No-Go	NGAL	0	0		1	1.0	0	0.1054	0.8993101209192155	-0.10760994715158603
c04g8el6o97pgtvk4dsvt4sb	1	2	194	19	0	No-Go	NGAL	0	0		1	0.0	1	0.2849	0.7166660845111009	-0.3499596628401792
c04g8el6o97pgtvk4dsvt4sb	1	2	200	20	0	No-Go	NGAL	0	0		1	0.0	1	0.1507	0.8458881429826228	-0.16938767177898265
c04g8el6o97pgtvk4dsvt4sb	1	2	202	21	0	No-Go	NGAL	0	0		1	0.0	1	0.1175	0.880948639056545	-0.1283563370616215
c04g8el6o97pgtvk4dsvt4sb	1	2	207	22	0	No-Go	NGAL	0	0		1	0.0	1	0.1061	0.8933361753937541	-0.11430299375849977
c04g8el6o97pgtvk4dsvt4sb	1	2	211	23	0	No-Go	NGAL	0	0		1	0.0	1	0.1004	0.8983675754148626	-0.10865042138063308
c04g8el6o97pgtvk4dsvt4sb	1	2	215	24	0	No-Go	NGAL	0	0		1	1.0	0	0.1016	0.9005703770273081	-0.1061849290831696
c04g8el6o97pgtvk4dsvt4sb	1	2	219	25	0	No-Go	NGAL	0	0		1	0.0	1	0.2809	0.7184428336542353	-0.34757797313395783
c04g8el6o97pgtvk4dsvt4sb	1	2	224	26	0	No-Go	NGAL	0	0		1	1.0	0	0.1536	0.8465281685014914	-0.16861581139961182
c04g8el6o97pgtvk4dsvt4sb	1	2	226	27	0	No-Go	NGAL	0	0		1	0.0	1	0.3387	0.6538639326525303	-0.4511973931927718
c04g8el6o97pgtvk4dsvt4sb	1	2	229	28	0	No-Go	NGAL	0	0		1	0.0	1	0.1697	0.8281146382707651	-0.19113627330770616
c04g8el6o97pgtvk4dsvt4sb	1	2	235	29	0	No-Go	NGAL	0	0		1	0.0	1	0.1242	0.8746659368458913	-0.135652574415858
c04g8el6o97pgtvk4dsvt4sb	1	2	240	30	0	No-Go	NGAL	0	0		1	0.0	1	0.112	0.8907244169436824	-0.11728372841237725
c04g8el6o97pgtvk4dsvt4sb	1	2	124	1	0	Go	GAL	1	0		0	0.0	0	0.6006	0.40158880853667145	-0.9387664135934498
c04g8el6o97pgtvk4dsvt4sb	1	2	126	2	0	Go	GAL	1	1	0.703	1	0.0	1	0.7454	0.7379169857477086	-0.30852680270590777
c04g8el6o97pgtvk4dsvt4sb	1	2	131	3	0	Go	GAL	1	1	0.727	1	0.0	1	0.8855	0.8826878879941914	-0.12679336842703606
c04g8el6o97pgtvk4dsvt4sb	1	2	133	4	0	Go	GAL	1	1	0.51	1	1.0	0	0.9194	0.9201224521025472	-0.08427058839529203
c04g8el6o97pgtvk4dsvt4sb	1	2	137	5	0	Go	GAL	1	1	0.867	1	0.0	1	0.6596	0.6569693008383101	-0.42696636503169133
c04g8el6o97pgtvk4dsvt4sb	1	2	143	6	0	Go	GAL	1	0		0	0.0	0	0.8714	0.13278931589713683	-2.1098023667856034
c04g8el6o97pgtvk4dsvt4sb	1	2	147	7	0	Go	GAL	1	1	0.753	1	0.0	1	0.9046	0.9024556527616587	-0.1042146105023731
c04g8el6o97pgtvk4dsvt4sb	1	2	149	8	0	Go	GAL	1	1	1.043	1	0.0	1	0.9401	0.938774918621164	-0.06396619561518281
c04g8el6o97pgtvk4dsvt4sb	1	2	153	9	0	Go	GAL	1	1	0.875	1	1.0	0	0.9498	0.9505551704743178	-0.051228256402566875
c04g8el6o97pgtvk4dsvt4sb	1	2	158	10	0	Go	GAL	1	1	1.261	1	0.0	1	0.7425	0.7477458169050669	-0.29593224362523207
c04g8el6o97pgtvk4dsvt4sb	1	2	162	11	0	Go	GAL	1	1	0.696	1	0.0	1	0.9118	0.9058706397585331	-0.10024407541577347
c04g8el6o97pgtvk4dsvt4sb	1	2	165	12	0	Go	GAL	1	1	0.695	1	0.0	1	0.94	0.9399399636935647	-0.06266663725454305
c04g8el6o97pgtvk4dsvt4sb	1	2	172	13	0	Go	GAL	1	1	0.793	1	0.0	1	0.9508	0.9510477182751332	-0.050688606650190704
c04g8el6o97pgtvk4dsvt4sb	1	2	175	14	0	Go	GAL	1	1	0.68	1	0.0	1	0.9536	0.9554636789609229	-0.04596432969383777
c04g8el6o97pgtvk4dsvt4sb	1	2	177	15	0	Go	GAL	1	1	0.534	1	1.0	0	0.9583	0.9574084751095444	-0.04389018283729881
c04g8el6o97pgtvk4dsvt4sb	1	2	184	16	0	Go	GAL	1	1	0.612	1	0.0	1	0.7615	0.7604896390585871	-0.2791601625588508
c04g8el6o97pgtvk4dsvt4sb	1	2	185	17	0	Go	GAL	1	1	0.521	1	0.0	1	0.9093	0.9090281815588358	-0.09660535107823462
c04g8el6o97pgtvk4dsvt4sb	1	2	191	18	0	Go	GAL	1	1	0.466	1	0.0	1	0.9414	0.9410505883651181	-0.06143283588016167
c04g8el6o97pgtvk4dsvt4sb	1	2	195	19	0	Go	GAL	1	1	0.77	1	1.0	0	0.9481	0.9515275436081938	-0.050163990958829154
c04g8el6o97pgtvk4dsvt4sb	1	2	198	20	0	Go	GAL	1	0		0	0.0	0	0.745	0.2505867193924256	-1.4316965571518196
c04g8el6o97pgtvk4dsvt4sb	1	2	204	21	0	Go	GAL	1	1	0.904	1	0.0	1	0.7869	0.7885007614224608	-0.2420276596648589
c04g8el6o97pgtvk4dsvt4sb	1	2	205	22	0	Go	GAL	1	1	0.87	1	0.0	1	0.9204	0.9232368647936884	-0.08093107196292512
c04g8el6o97pgtvk4dsvt4sb	1	2	209	23	0	Go	GAL	1	1	0.836	1	1.0	0	0.9486	0.9511550303022448	-0.05063279672788579
c04g8el6o97pgtvk4dsvt4sb	1	2	214	24	0	Go	GAL	1	1	0.927	1	0.0	1	0.7713	0.7716838843491918	-0.26381505989571463
c04g8el6o97pgtvk4dsvt4sb	1	2	217	25	0	Go	GAL	1	1	0.619	1	0.0	1	0.9166	0.9196499571671997	-0.08497818308577346
c04g8el6o97pgtvk4dsvt4sb	1	2	221	26	0	Go	GAL	1	1	0.753	1	1.0	0	0.9506	0.9499848068188745	-0.05191028477152422
c04g8el6o97pgtvk4dsvt4sb	1	2	227	27	0	Go	GAL	1	1	0.948	1	0.0	1	0.7668	0.7697891220121773	-0.2662850935943045
c04g8el6o97pgtvk4dsvt4sb	1	2	232	28	0	Go	GAL	1	1	0.587	1	0.0	1	0.9191	0.919167903495366	-0.0855374408390362
c04g8el6o97pgtvk4dsvt4sb	1	2	233	29	0	Go	GAL	1	1	0.588	1	0.0	1	0.9523	0.9498120514475675	-0.05210287123498837
c04g8el6o97pgtvk4dsvt4sb	1	2	237	30	0	Go	GAL	1	1	0.718	1	0.0	1	0.9628	0.9596331033150993	-0.04160689358909303
c04g8el6o97pgtvk4dsvt4sb	1	2	122	1	1	No-Go	NGW	0	1	0.39	0	0.0	0	0.7983	0.7881423336827073	-0.24178304844698745
c04g8el6o97pgtvk4dsvt4sb	1	2	128	2	1	No-Go	NGW	0	1	0.489	0	0.0	0	0.5803	0.5767623177140325	-0.5628566610730251
c04g8el6o97pgtvk4dsvt4sb	1	2	130	3	1	No-Go	NGW	0	1	0.464	0	0.0	0	0.4727	0.47014831509458266	-0.7741187025264588
c04g8el6o97pgtvk4dsvt4sb	1	2	134	4	1	No-Go	NGW	0	0		1	0.0	1	0.4218	0.5767554987121486	-0.5629055590676629
c04g8el6o97pgtvk4dsvt4sb	1	2	138	5	1	No-Go	NGW	0	0		1	1.0	0	0.2122	0.7867694762101621	-0.2449605799755608
c04g8el6o97pgtvk4dsvt4sb	1	2	142	6	1	No-Go	NGW	0	0		1	0.0	1	0.5683	0.4341070280274954	-0.8643887896233545
c04g8el6o97pgtvk4dsvt4sb	1	2	145	7	1	No-Go	NGW	0	0		1	0.0	1	0.2563	0.7446463433800676	-0.3012936875923278
c04g8el6o97pgtvk4dsvt4sb	1	2	152	8	1	No-Go	NGW	0	0		1	0.0	1	0.1666	0.8358734871966497	-0.18265992082792534
c04g8el6o97pgtvk4dsvt4sb	1	2	156	9	1	No-Go	NGW	0	0		1	1.0	0	0.1406	0.8667388607201708	-0.14539465635898302
c04g8el6o97pgtvk4dsvt4sb	1	2	159	10	1	No-Go	NGW	0	0		1	0.0	1	0.5096	0.4973726660693605	-0.730484471426847
c04g8el6o97pgtvk4dsvt4sb	1	2	163	11	1	No-Go	NGW	0	0		1	0.0	1	0.2362	0.7665590091828781	-0.2710765283673201
c04g8el6o97pgtvk4dsvt4sb	1	2	166	12	1	No-Go	NGW	0	0		1	0.0	1	0.15	0.8435712788362459	-0.17310110465278555
c04g8el6o97pgtvk4dsvt4sb	1	2	170	13	1	No-Go	NGW	0	0		1	0.0	1	0.1265	0.869918741683806	-0.1416080838026897
c04g8el6o97pgtvk4dsvt4sb	1	2	176	14	1	No-Go	NGW	0	0		1	1.0	0	0.117	0.8804343459553248	-0.12932881044067726
c04g8el6o97pgtvk4dsvt4sb	1	2	178	15	1	No-Go	NGW	0	0		1	0.0	1	0.4869	0.5119172600603736	-0.7041292917817312
c04g8el6o97pgtvk4dsvt4sb	1	2	182	16	1	No-Go	NGW	0	0		1	1.0	0	0.2274	0.7716925346894226	-0.2641822677019041
c04g8el6o97pgtvk4dsvt4sb	1	2	186	17	1	No-Go	NGW	0	0		1	0.0	1	0.5727	0.42640958103569626	-0.8872349869321203
c04g8el6o97pgtvk4dsvt4sb	1	2	192	18	1	No-Go	NGW	0	0		1	0.0	1	0.2456	0.7427209904617482	-0.30374283656759044
c04g8el6o97pgtvk4dsvt4sb	1	2	196	19	1	No-Go	NGW	0	0		1	0.0	1	0.1633	0.8355225647076718	-0.1830195352656429
c04g8el6o97pgtvk4dsvt4sb	1	2	197	20	1	No-Go	NGW	0	0		1	0.0	1	0.1341	0.866699618527211	-0.14542039293088443
c04g8el6o97pgtvk4dsvt4sb	1	2	203	21	1	No-Go	NGW	0	0		1	0.0	1	0.1239	0.8790029810364886	-0.13099214691519961
c04g8el6o97pgtvk4dsvt4sb	1	2	208	22	1	No-Go	NGW	0	0		1	0.0	1	0.1148	0.8843411400165018	-0.12481599998265075
c04g8el6o97pgtvk4dsvt4sb	1	2	212	23	1	No-Go	NGW	0	0		1	0.0	1	0.1153	0.8867999607104088	-0.12199317334791505
c04g8el6o97pgtvk4dsvt4sb	1	2	213	24	1	No-Go	NGW	0	0		1	0.0	1	0.1103	0.8879819745636074	-0.12064303614718073
c04g8el6o97pgtvk4dsvt4sb	1	2	218	25	1	No-Go	NGW	0	0		1	1.0	0	0.1091	0.888569853958389	-0.11997399528893295
c04g8el6o97pgtvk4dsvt4sb	1	2	223	26	1	No-Go	NGW	0	0		1	0.0	1	0.4781	0.5215723883312654	-0.6878399197802102
c04g8el6o97pgtvk4dsvt4sb	1	2	225	27	1	No-Go	NGW	0	0		1	0.0	1	0.2194	0.7751696582107803	-0.259581173914706
c04g8el6o97pgtvk4dsvt4sb	1	2	230	28	1	No-Go	NGW	0	0		1	1.0	0	0.1551	0.8468705275360827	-0.16904536758248717
c04g8el6o97pgtvk4dsvt4sb	1	2	234	29	1	No-Go	NGW	0	0		1	0.0	1	0.5232	0.4796934613874477	-0.7676972856137787
c04g8el6o97pgtvk4dsvt4sb	1	2	239	30	1	No-Go	NGW	0	0		1	0.0	1	0.2369	0.7609132795143856	-0.27868376696724795
c04g8el6o97pgtvk4dsvt4sb	1	1	4	1	0	No-Go	NGAL	0	1	0.493	0	0.0	0	0.5994	0.5984111914633286	-0.5253154191701621
c04g8el6o97pgtvk4dsvt4sb	1	1	7	2	0	No-Go	NGAL	0	0		1	0.0	1	0.3594	0.6460418717714801	-0.4500692356445985
c04g8el6o97pgtvk4dsvt4sb	1	1	12	3	0	No-Go	NGAL	0	0		1	0.0	1	0.173	0.8289101404222787	-0.1935273051065288
c04g8el6o97pgtvk4dsvt4sb	1	1	13	4	0	No-Go	NGAL	0	0		1	0.0	1	0.122	0.8808983166229031	-0.12982794475743167
c04g8el6o97pgtvk4dsvt4sb	1	1	20	5	0	No-Go	NGAL	0	0		1	1.0	0	0.0969	0.8996971345713806	-0.1077072029021105
c04g8el6o97pgtvk4dsvt4sb	1	1	23	6	0	No-Go	NGAL	0	0		1	0.0	1	0.2674	0.7304399834993588	-0.32561797325986114
c04g8el6o97pgtvk4dsvt4sb	1	1	28	7	0	No-Go	NGAL	0	0		1	0.0	1	0.1367	0.8585354240527632	-0.1546120814745867
c04g8el6o97pgtvk4dsvt4sb	1	1	32	8	0	No-Go	NGAL	0	0		1	0.0	1	0.1119	0.8928795447186171	-0.1149326570029404
c04g8el6o97pgtvk4dsvt4sb	1	1	36	9	0	No-Go	NGAL	0	0		1	0.0	1	0.0898	0.9051483070139701	-0.10109991536828829
c04g8el6o97pgtvk4dsvt4sb	1	1	38	10	0	No-Go	NGAL	0	0		1	1.0	0	0.0891	0.9102173992833176	-0.0954232111892215
c04g8el6o97pgtvk4dsvt4sb	1	1	41	11	0	No-Go	NGAL	0	1	1.096	0	1.0	1	0.2558	0.25547378447313257	-1.4649145963678358
c04g8el6o97pgtvk4dsvt4sb	1	1	46	12	0	No-Go	NGAL	0	1	0.754	0	0.0	0	0.6157	0.6127329011205628	-0.5386239752822486
c04g8el6o97pgtvk4dsvt4sb	1	1	49	13	0	No-Go	NGAL	0	0		1	0.0	1	0.3094	0.6974219175167574	-0.3777615250866298
c04g8el6o97pgtvk4dsvt4sb	1	1	53	14	0	No-Go	NGAL	0	1	0.613	0	0.0	0	0.171	0.16664919593092176	-1.8522795448133724
c04g8el6o97pgtvk4dsvt4sb	1	1	58	15	0	No-Go	NGAL	0	0		1	0.0	1	0.1044	0.8973076474559141	-0.10956255546676688
c04g8el6o97pgtvk4dsvt4sb	1	1	64	16	0	No-Go	NGAL	0	0		1	0.0	1	0.0787	0.9216319053912951	-0.08254264356873153
c04g8el6o97pgtvk4dsvt4sb	1	1	65	17	0	No-Go	NGAL	0	1	0.737	0	0.0	0	0.0681	0.06988496014591765	-2.813249097565826
c04g8el6o97pgtvk4dsvt4sb	1	1	71	18	0	No-Go	NGAL	0	0		1	1.0	0	0.0559	0.9443860958598572	-0.05779979903387165
c04g8el6o97pgtvk4dsvt4sb	1	1	75	19	0	No-Go	NGAL	0	1	0.561	0	0.0	0	0.1653	0.1693026025395315	-1.9353438167403603
c04g8el6o97pgtvk4dsvt4sb	1	1	79	20	0	No-Go	NGAL	0	0		1	0.0	1	0.1525	0.8446442455194552	-0.17532307400440011
c04g8el6o97pgtvk4dsvt4sb	1	1	81	21	0	No-Go	NGAL	0	1	1.263	0	0.0	0	0.078	0.07529527370990137	-2.701213003508236
c04g8el6o97pgtvk4dsvt4sb	1	1	88	22	0	No-Go	NGAL	0	1	0.925	0	0.0	0	0.0727	0.07184688344799806	-2.7533370944672617
c04g8el6o97pgtvk4dsvt4sb	1	1	90	23	0	No-Go	NGAL	0	0		1	0.0	1	0.0719	0.92973329207794	-0.07355512499601821
c04g8el6o97pgtvk4dsvt4sb	1	1	93	24	0	No-Go	NGAL	0	0		1	1.0	0	0.0543	0.947326101052577	-0.054593736310715166
c04g8el6o97pgtvk4dsvt4sb	1	1	98	25	0	No-Go	NGAL	0	0		1	0.0	1	0.1604	0.842957837508461	-0.17786870591607457
c04g8el6o97pgtvk4dsvt4sb	1	1	102	26	0	No-Go	NGAL	0	0		1	1.0	0	0.0755	0.9273311982704903	-0.07617290055817957
c04g8el6o97pgtvk4dsvt4sb	1	1	108	27	0	No-Go	NGAL	0	1	0.495	0	0.0	0	0.176	0.18643503341096088	-1.878975153371969
c04g8el6o97pgtvk4dsvt4sb	1	1	111	28	0	No-Go	NGAL	0	1	0.521	0	0.0	0	0.185	0.1848709158409718	-1.8930239181038675
c04g8el6o97pgtvk4dsvt4sb	1	1	113	29	0	No-Go	NGAL	0	1	0.495	0	0.0	0	0.1839	0.1841089346379837	-1.9005954821445321
c04g8el6o97pgtvk4dsvt4sb	1	1	118	30	0	No-Go	NGAL	0	1	0.813	0	0.0	0	0.1801	0.18372723551365408	-1.9047717370017316
c04g8el6o97pgtvk4dsvt4sb	1	1	2	1	1	No-Go	NGW	0	1	0.61	0	0.0	0	0.7882	0.7881423336827073	-0.24178304844698745
c04g8el6o97pgtvk4dsvt4sb	1	1	8	2	1	No-Go	NGW	0	1	0.556	0	0.0	0	0.5694	0.5767623177140325	-0.5628566610730251
c04g8el6o97pgtvk4dsvt4sb	1	1	10	3	1	No-Go	NGW	0	1	0.69	0	0.0	0	0.4629	0.47014831509458266	-0.7741187025264588
c04g8el6o97pgtvk4dsvt4sb	1	1	16	4	1	No-Go	NGW	0	1	0.48	0	0.0	0	0.4221	0.4232445012878514	-0.8833858373731961
c04g8el6o97pgtvk4dsvt4sb	1	1	18	5	1	No-Go	NGW	0	1	0.44	0	1.0	1	0.4043	0.40224105254108045	-0.9374614257995962
c04g8el6o97pgtvk4dsvt4sb	1	1	24	6	1	No-Go	NGW	0	1	0.515	0	0.0	0	0.902	0.8969285750985251	-0.11203375266166181
c04g8el6o97pgtvk4dsvt4sb	1	1	25	7	1	No-Go	NGW	0	1	0.528	0	0.0	0	0.6788	0.6671239371671078	-0.41445239093073716
c04g8el6o97pgtvk4dsvt4sb	1	1	29	8	1	No-Go	NGW	0	1	0.683	0	0.0	0	0.5071	0.5129951236877892	-0.6840285999331368
c04g8el6o97pgtvk4dsvt4sb	1	1	33	9	1	No-Go	NGW	0	0		1	1.0	0	0.4435	0.5575312690025831	-0.5971945732532179
c04g8el6o97pgtvk4dsvt4sb	1	1	39	10	1	No-Go	NGW	0	0		1	0.0	1	0.6842	0.31563317207280234	-1.1880630817612046
c04g8el6o97pgtvk4dsvt4sb	1	1	44	11	1	No-Go	NGW	0	1	0.63	0	0.0	0	0.3087	0.3099142149073344	-1.223997782762459
c04g8el6o97pgtvk4dsvt4sb	1	1	45	12	1	No-Go	NGW	0	0		1	0.0	1	0.286	0.7171312720490102	-0.3404020842081396
c04g8el6o97pgtvk4dsvt4sb	1	1	51	13	1	No-Go	NGW	0	0		1	0.0	1	0.1674	0.830650368062172	-0.18918808351950608
c04g8el6o97pgtvk4dsvt4sb	1	1	55	14	1	No-Go	NGW	0	0		1	1.0	0	0.131	0.8677215729626496	-0.14423655544911607
c04g8el6o97pgtvk4dsvt4sb	1	1	59	15	1	No-Go	NGW	0	0		1	0.0	1	0.4831	0.5048054849748494	-0.7146494612396471
c04g8el6o97pgtvk4dsvt4sb	1	1	62	16	1	No-Go	NGW	0	0		1	1.0	0	0.2304	0.7736481677343977	-0.2615164452674589
c04g8el6o97pgtvk4dsvt4sb	1	1	66	17	1	No-Go	NGW	0	0		1	0.0	1	0.5674	0.43376029664911364	-0.8683743895138769
c04g8el6o97pgtvk4dsvt4sb	1	1	69	18	1	No-Go	NGW	0	0		1	0.0	1	0.2449	0.750277830004618	-0.2931688180336229
c04g8el6o97pgtvk4dsvt4sb	1	1	73	19	1	No-Go	NGW	0	1	1.013	0	0.0	0	0.1637	0.15844128675834637	-1.9294600201956682
c04g8el6o97pgtvk4dsvt4sb	1	1	80	20	1	No-Go	NGW	0	0		1	0.0	1	0.146	0.8494324078877944	-0.16595375307864962
c04g8el6o97pgtvk4dsvt4sb	1	1	82	21	1	No-Go	NGW	0	0		1	0.0	1	0.1201	0.8784685795753115	-0.13159323899170136
c04g8el6o97pgtvk4dsvt4sb	1	1	86	22	1	No-Go	NGW	0	0		1	0.0	1	0.1146	0.8898102533696918	-0.11852744568124898
c04g8el6o97pgtvk4dsvt4sb	1	1	89	23	1	No-Go	NGW	0	0		1	0.0	1	0.106	0.8946962495090401	-0.11297415022432562
c04g8el6o97pgtvk4dsvt4sb	1	1	95	24	1	No-Go	NGW	0	0		1	0.0	1	0.111	0.896934188052308	-0.11045160783407561
c04g8el6o97pgtvk4dsvt4sb	1	1	99	25	1	No-Go	NGW	0	1	0.726	0	1.0	1	0.1077	0.10199504232394276	-2.4116057604403247
c04g8el6o97pgtvk4dsvt4sb	1	1	101	26	1	No-Go	NGW	0	1	0.801	0	0.0	0	0.6079	0.6052384297300583	-0.5480099288953665
c04g8el6o97pgtvk4dsvt4sb	1	1	106	27	1	No-Go	NGW	0	0		1	0.0	1	0.2501	0.7459800398131176	-0.3002272123520174
c04g8el6o97pgtvk4dsvt4sb	1	1	109	28	1	No-Go	NGW	0	0		1	1.0	0	0.2484	0.7471946835078963	-0.29849825590896495
c04g8el6o97pgtvk4dsvt4sb	1	1	116	29	1	No-Go	NGW	0	1	0.561	0	0.0	0	0.7128	0.7118998780021176	-0.3517628105879215
c04g8el6o97pgtvk4dsvt4sb	1	1	119	30	1	No-Go	NGW	0	1	0.61	0	0.0	0	0.5713	0.5667585730430456	-0.5893032010797643
c04g8el6o97pgtvk4dsvt4sb	1	1	1	1	0	Go	GAL	1	0		0	0.0	0	0.6019	0.40158880853667145	-0.9387664135934498
c04g8el6o97pgtvk4dsvt4sb	1	1	5	2	0	Go	GAL	1	1	0.667	1	0.0	1	0.7408	0.7379169857477086	-0.30852680270590777
c04g8el6o97pgtvk4dsvt4sb	1	1	9	3	0	Go	GAL	1	1	0.813	1	0.0	1	0.8862	0.8826878879941914	-0.12679336842703606
c04g8el6o97pgtvk4dsvt4sb	1	1	15	4	0	Go	GAL	1	1	0.936	1	1.0	0	0.9202	0.9201224521025472	-0.08427058839529203
c04g8el6o97pgtvk4dsvt4sb	1	1	19	5	0	Go	GAL	1	0		0	0.0	0	0.6641	0.34303069916168993	-1.0946697762765927
c04g8el6o97pgtvk4dsvt4sb	1	1	21	6	0	Go	GAL	1	1	0.609	1	0.0	1	0.7385	0.7334594476483024	-0.31530504024256223
c04g8el6o97pgtvk4dsvt4sb	1	1	27	7	0	Go	GAL	1	1	0.65	1	0.0	1	0.9015	0.9024556527616587	-0.1042146105023731
c04g8el6o97pgtvk4dsvt4sb	1	1	31	8	0	Go	GAL	1	1	0.669	1	0.0	1	0.9384	0.938774918621164	-0.06396619561518281
c04g8el6o97pgtvk4dsvt4sb	1	1	34	9	0	Go	GAL	1	1	1.129	1	1.0	0	0.95	0.9505551704743178	-0.051228256402566875
c04g8el6o97pgtvk4dsvt4sb	1	1	37	10	0	Go	GAL	1	0		0	0.0	0	0.7503	0.25225418309493314	-1.423614116114577
c04g8el6o97pgtvk4dsvt4sb	1	1	42	11	0	Go	GAL	1	0		0	0.0	0	0.7846	0.21297363296885546	-1.6064360647256044
c04g8el6o97pgtvk4dsvt4sb	1	1	47	12	0	Go	GAL	1	1	0.882	1	0.0	1	0.811	0.8098451047530209	-0.21480901253684578
c04g8el6o97pgtvk4dsvt4sb	1	1	50	13	0	Go	GAL	1	1	1.416	1	0.0	1	0.9254	0.9323910389125036	-0.07089772177387124
c04g8el6o97pgtvk4dsvt4sb	1	1	56	14	0	Go	GAL	1	1	1.047	1	0.0	1	0.9531	0.9572015993150339	-0.04420198574561145
c04g8el6o97pgtvk4dsvt4sb	1	1	57	15	0	Go	GAL	1	1	0.803	1	1.0	0	0.9664	0.9651875269198655	-0.035748040065426125
c04g8el6o97pgtvk4dsvt4sb	1	1	61	16	0	Go	GAL	1	1	0.563	1	0.0	1	0.8158	0.8105206166200914	-0.2139800141503636
c04g8el6o97pgtvk4dsvt4sb	1	1	67	17	0	Go	GAL	1	1	0.505	1	0.0	1	0.9314	0.9325819213046472	-0.07067887373218544
c04g8el6o97pgtvk4dsvt4sb	1	1	72	18	0	Go	GAL	1	1	0.537	1	0.0	1	0.9593	0.9572761397884062	-0.0441191736642705
c04g8el6o97pgtvk4dsvt4sb	1	1	76	19	0	Go	GAL	1	1	0.548	1	1.0	0	0.9642	0.9652224772400837	-0.03570984757137748
c04g8el6o97pgtvk4dsvt4sb	1	1	77	20	0	Go	GAL	1	1	0.565	1	0.0	1	0.8115	0.8105827895795549	-0.21390412266646663
c04g8el6o97pgtvk4dsvt4sb	1	1	83	21	0	Go	GAL	1	0		0	0.0	0	0.93	0.06739656199142169	-2.853466257614454
c04g8el6o97pgtvk4dsvt4sb	1	1	85	22	0	Go	GAL	1	1	1.057	1	0.0	1	0.9375	0.9385069004270559	-0.0642098074757852
c04g8el6o97pgtvk4dsvt4sb	1	1	91	23	0	Go	GAL	1	1	1.008	1	1.0	0	0.961	0.9611104580591273	-0.040051127157504224
c04g8el6o97pgtvk4dsvt4sb	1	1	94	24	0	Go	GAL	1	0		0	0.0	0	0.8073	0.18917509979960842	-1.7333563271145787
c04g8el6o97pgtvk4dsvt4sb	1	1	100	25	0	Go	GAL	1	0		0	0.0	0	0.8225	0.17919012302716847	-1.7935599683859211
c04g8el6o97pgtvk4dsvt4sb	1	1	104	26	0	Go	GAL	1	0		0	1.0	1	0.8313	0.1723083346767371	-1.8381021577963759
c04g8el6o97pgtvk4dsvt4sb	1	1	105	27	0	Go	GAL	1	0		0	0.0	0	0.4212	0.5768044279575846	-0.5958918573804657
c04g8el6o97pgtvk4dsvt4sb	1	1	110	28	0	Go	GAL	1	0		0	0.0	0	0.6017	0.3952187728007003	-0.9722874883721582
c04g8el6o97pgtvk4dsvt4sb	1	1	114	29	0	Go	GAL	1	0		0	0.0	0	0.7069	0.29963337933500833	-1.2683613529818436
c04g8el6o97pgtvk4dsvt4sb	1	1	117	30	0	Go	GAL	1	0		0	0.0	0	0.76	0.24845460008658857	-1.4684391512376676
c04g8el6o97pgtvk4dsvt4sb	1	1	3	1	1	Go	GW	1	1	0.597	1	0.0	1	0.7877	0.7881423336827073	-0.24178304844698745
c04g8el6o97pgtvk4dsvt4sb	1	1	6	2	1	Go	GW	1	1	0.455	1	0.0	1	0.9314	0.9329918343032827	-0.07009499864847603
c04g8el6o97pgtvk4dsvt4sb	1	1	11	3	1	Go	GW	1	1	0.696	1	0.0	1	0.9482	0.9500185401750884	-0.05167689762444592
c04g8el6o97pgtvk4dsvt4sb	1	1	14	4	1	Go	GW	1	1	0.54	1	1.0	0	0.9526	0.95412422049094	-0.04730480575443486
c04g8el6o97pgtvk4dsvt4sb	1	1	17	5	1	Go	GW	1	1	0.449	1	0.0	1	0.7406	0.7429373050038852	-0.30534790720238814
c04g8el6o97pgtvk4dsvt4sb	1	1	22	6	1	Go	GW	1	1	1.051	1	1.0	0	0.9295	0.929780884081763	-0.07360679649435362
c04g8el6o97pgtvk4dsvt4sb	1	1	26	7	1	Go	GW	1	1	0.486	1	0.0	1	0.7043	0.7045482037558138	-0.35892911074661105
c04g8el6o97pgtvk4dsvt4sb	1	1	30	8	1	Go	GW	1	1	0.645	1	0.0	1	0.9196	0.9250879222627598	-0.07892249546093631
c04g8el6o97pgtvk4dsvt4sb	1	1	35	9	1	Go	GW	1	1	0.52	1	0.0	1	0.9486	0.9481803824929899	-0.053661030972208305
c04g8el6o97pgtvk4dsvt4sb	1	1	40	10	1	Go	GW	1	1	0.463	1	0.0	1	0.9519	0.9535238585770287	-0.04794370629385069
c04g8el6o97pgtvk4dsvt4sb	1	1	43	11	1	Go	GW	1	1	0.558	1	0.0	1	0.954	0.9551887492590982	-0.046178886977296094
c04g8el6o97pgtvk4dsvt4sb	1	1	48	12	1	Go	GW	1	1	0.543	1	0.0	1	0.9556	0.9558018643354975	-0.04553242196412327
c04g8el6o97pgtvk4dsvt4sb	1	1	52	13	1	Go	GW	1	1	0.414	1	0.0	1	0.9579	0.9560550596128844	-0.045266402192278704
c04g8el6o97pgtvk4dsvt4sb	1	1	54	14	1	Go	GW	1	1	0.483	1	1.0	0	0.958	0.956169118737425	-0.04514688106199838
c04g8el6o97pgtvk4dsvt4sb	1	1	60	15	1	Go	GW	1	1	0.632	1	0.0	1	0.749	0.746998602204369	-0.30024287655523635
c04g8el6o97pgtvk4dsvt4sb	1	1	63	16	1	Go	GW	1	1	0.455	1	1.0	0	0.9335	0.9305732641358443	-0.07270488841190649
c04g8el6o97pgtvk4dsvt4sb	1	1	68	17	1	Go	GW	1	1	0.403	1	0.0	1	0.705	0.7055478338073261	-0.35754822651253876
c04g8el6o97pgtvk4dsvt4sb	1	1	70	18	1	Go	GW	1	1	0.479	1	0.0	1	0.9218	0.9253143160200343	-0.07865052566965433
c04g8el6o97pgtvk4dsvt4sb	1	1	74	19	1	Go	GW	1	1	0.409	1	0.0	1	0.9498	0.9482562298036291	-0.05357589837979861
c04g8el6o97pgtvk4dsvt4sb	1	1	78	20	1	Go	GW	1	1	0.297	1	0.0	1	0.9563	0.9535557833389384	-0.047908988232419666
c04g8el6o97pgtvk4dsvt4sb	1	1	84	21	1	Go	GW	1	1	0.415	1	0.0	1	0.9525	0.9552040668802249	-0.04616250667007522
c04g8el6o97pgtvk4dsvt4sb	1	1	87	22	1	Go	GW	1	1	0.456	1	0.0	1	0.9575	0.9558098567668598	-0.045523958996481484
c04g8el6o97pgtvk4dsvt4sb	1	1	92	23	1	Go	GW	1	1	0.391	1	1.0	0	0.956	0.9560594812732496	-0.04526174953394582
c04g8el6o97pgtvk4dsvt4sb	1	1	96	24	1	Go	GW	1	1	0.476	1	0.0	1	0.7415	0.7467695169832447	-0.3005199846598884
c04g8el6o97pgtvk4dsvt4sb	1	1	97	25	1	Go	GW	1	1	0.592	1	0.0	1	0.9322	0.9305141290638447	-0.07277295735698623
c04g8el6o97pgtvk4dsvt4sb	1	1	103	26	1	Go	GW	1	1	0.429	1	0.0	1	0.9496	0.9496089905432322	-0.05210736367097339
c04g8el6o97pgtvk4dsvt4sb	1	1	107	27	1	Go	GW	1	1	0.489	1	0.0	1	0.9548	0.9540334291293621	-0.04739903491906033
c04g8el6o97pgtvk4dsvt4sb	1	1	112	28	1	Go	GW	1	1	0.351	1	1.0	0	0.9546	0.9554020460067284	-0.045952990206370496
c04g8el6o97pgtvk4dsvt4sb	1	1	115	29	1	Go	GW	1	1	0.44	1	0.0	1	0.7412	0.7454350506554601	-0.3021962779470646
c04g8el6o97pgtvk4dsvt4sb	1	1	120	30	1	Go	GW	1	1	0.402	1	0.0	1	0.9319	0.9302413266059568	-0.07308405694765506
cfa2axc94u0j5uq6vkm6ws3k	1	2	121	1	1	Go	GW	1	1	0.474	1	1.0	0	0.6892	0.6895382229583386	-0.3911194655044325
cfa2axc94u0j5uq6vkm6ws3k	1	2	126	2	1	Go	GW	1	1	1.185	1	0.0	1	0.5209	0.5227096403739654	-0.6835039379138158
cfa2axc94u0j5uq6vkm6ws3k	1	2	129	3	1	Go	GW	1	1	0.342	1	0.0	1	0.9687	0.9685208089594362	-0.032986609299515135
cfa2axc94u0j5uq6vkm6ws3k	1	2	134	4	1	Go	GW	1	1	0.444	1	0.0	1	0.9931	0.9928545099109523	-0.007253139231352674
cfa2axc94u0j5uq6vkm6ws3k	1	2	138	5	1	Go	GW	1	1	0.331	1	0.0	1	0.9973	0.9967518492648151	-0.0032697938341349317
cfa2axc94u0j5uq6vkm6ws3k	1	2	143	6	1	Go	GW	1	1	0.391	1	0.0	1	0.9982	0.9978234932718711	-0.002185789446097826
cfa2axc94u0j5uq6vkm6ws3k	1	2	146	7	1	Go	GW	1	1	0.336	1	0.0	1	0.998	0.998215887993491	-0.00179050481027357
cfa2axc94u0j5uq6vkm6ws3k	1	2	152	8	1	Go	GW	1	1	0.452	1	1.0	0	0.9986	0.9983864550655864	-0.001619017221265223
cfa2axc94u0j5uq6vkm6ws3k	1	2	154	9	1	Go	GW	1	1	0.42	1	0.0	1	0.994	0.9930508747885478	-0.007051447984134837
cfa2axc94u0j5uq6vkm6ws3k	1	2	160	10	1	Go	GW	1	1	0.382	1	0.0	1	0.9966	0.9972243244912031	-0.002790888971760941
cfa2axc94u0j5uq6vkm6ws3k	1	2	161	11	1	Go	GW	1	1	0.571	1	0.0	1	0.9986	0.9980511352850968	-0.001956690903661371
cfa2axc94u0j5uq6vkm6ws3k	1	2	168	12	1	Go	GW	1	1	0.449	1	0.0	1	0.9987	0.9983332754712104	-0.001672682084932102
cfa2axc94u0j5uq6vkm6ws3k	1	2	172	13	1	Go	GW	1	1	0.478	1	0.0	1	0.9983	0.9984518651767906	-0.0015534383817627402
cfa2axc94u0j5uq6vkm6ws3k	1	2	174	14	1	Go	GW	1	1	0.464	1	0.0	1	0.9982	0.9985080164309936	-0.0014970180962568637
cfa2axc94u0j5uq6vkm6ws3k	1	2	178	15	1	Go	GW	1	1	0.636	1	1.0	0	0.9983	0.9985368664183703	-0.0014680456516347152
cfa2axc94u0j5uq6vkm6ws3k	1	2	184	16	1	Go	GW	1	1	0.481	1	0.0	1	0.9943	0.9934993803381436	-0.006598149249560108
cfa2axc94u0j5uq6vkm6ws3k	1	2	187	17	1	Go	GW	1	1	0.473	1	0.0	1	0.9978	0.9973834011998206	-0.0026307704441826557
cfa2axc94u0j5uq6vkm6ws3k	1	2	190	18	1	Go	GW	1	1	0.404	1	0.0	1	0.9984	0.9981241881048766	-0.001883303002608314
cfa2axc94u0j5uq6vkm6ws3k	1	2	195	19	1	Go	GW	1	1	0.284	1	1.0	0	0.9988	0.9983717117245964	-0.0016341114633009314
cfa2axc94u0j5uq6vkm6ws3k	1	2	197	20	1	Go	GW	1	1	0.383	1	0.0	1	0.9943	0.9929075895392256	-0.007203250896621972
cfa2axc94u0j5uq6vkm6ws3k	1	2	201	21	1	Go	GW	1	1	0.343	1	0.0	1	0.9975	0.9972414444067014	-0.0027740863905822994
cfa2axc94u0j5uq6vkm6ws3k	1	2	208	22	1	Go	GW	1	1	0.285	1	0.0	1	0.9977	0.9980702414534127	-0.0019376032592494062
cfa2axc94u0j5uq6vkm6ws3k	1	2	209	23	1	Go	GW	1	1	0.418	1	0.0	1	0.9977	0.9983467289247077	-0.001659224782725259
cfa2axc94u0j5uq6vkm6ws3k	1	2	213	24	1	Go	GW	1	1	0.393	1	0.0	1	0.9979	0.9984609878797926	-0.0015443113232764631
cfa2axc94u0j5uq6vkm6ws3k	1	2	217	25	1	Go	GW	1	1	0.408	1	1.0	0	0.9981	0.9985142601593554	-0.0014907712149520615
cfa2axc94u0j5uq6vkm6ws3k	1	2	221	26	1	Go	GW	1	1	0.439	1	0.0	1	0.9931	0.9934170591639963	-0.006682136685351594
cfa2axc94u0j5uq6vkm6ws3k	1	2	227	27	1	Go	GW	1	1	0.632	1	0.0	1	0.9978	0.9973622644824996	-0.002652125660585224
cfa2axc94u0j5uq6vkm6ws3k	1	2	230	28	1	Go	GW	1	1	0.302	1	0.0	1	0.9973	0.998116297709257	-0.0018912544558506534
cfa2axc94u0j5uq6vkm6ws3k	1	2	235	29	1	Go	GW	1	1	0.475	1	1.0	0	0.998	0.9983682284359893	-0.001637618250258824
cfa2axc94u0j5uq6vkm6ws3k	1	2	238	30	1	Go	GW	1	1	0.382	1	0.0	1	0.993	0.9928951626550916	-0.0072159510923628795
cfa2axc94u0j5uq6vkm6ws3k	1	2	124	1	0	Go	GAL	1	1	0.494	1	0.0	1	0.6226	0.6227254415212239	-0.48238076465664104
cfa2axc94u0j5uq6vkm6ws3k	1	2	128	2	0	Go	GAL	1	1	0.496	1	0.0	1	0.7772	0.7721629660160901	-0.2637372523226345
cfa2axc94u0j5uq6vkm6ws3k	1	2	132	3	0	Go	GAL	1	1	0.29	1	1.0	0	0.8661	0.8627801149740005	-0.1504969495250612
cfa2axc94u0j5uq6vkm6ws3k	1	2	136	4	0	Go	GAL	1	1	0.433	1	0.0	1	0.7196	0.7245139505447036	-0.32730464179477853
cfa2axc94u0j5uq6vkm6ws3k	1	2	137	5	0	Go	GAL	1	1	0.495	1	0.0	1	0.8356	0.8360077003061631	-0.18203329935643087
cfa2axc94u0j5uq6vkm6ws3k	1	2	144	6	0	Go	GAL	1	1	0.391	1	0.0	1	0.8996	0.9001492778049415	-0.10681096160796046
cfa2axc94u0j5uq6vkm6ws3k	1	2	147	7	0	Go	GAL	1	1	0.478	1	0.0	1	0.9321	0.9367633157631581	-0.06618554148432312
cfa2axc94u0j5uq6vkm6ws3k	1	2	150	8	0	Go	GAL	1	1	0.561	1	0.0	1	0.9585	0.9581882189765498	-0.043170975975890494
cfa2axc94u0j5uq6vkm6ws3k	1	2	153	9	0	Go	GAL	1	1	0.308	1	1.0	0	0.969	0.9711654289972881	-0.02951118253732013
cfa2axc94u0j5uq6vkm6ws3k	1	2	159	10	0	Go	GAL	1	1	0.395	1	0.0	1	0.924	0.922047751933727	-0.08201170637439202
cfa2axc94u0j5uq6vkm6ws3k	1	2	163	11	0	Go	GAL	1	1	0.354	1	0.0	1	0.9544	0.9503155834206697	-0.05140182351723037
cfa2axc94u0j5uq6vkm6ws3k	1	2	165	12	0	Go	GAL	1	1	0.406	1	1.0	0	0.9662	0.9666870359134304	-0.03412854671922021
cfa2axc94u0j5uq6vkm6ws3k	1	2	169	13	0	Go	GAL	1	1	0.544	1	0.0	1	0.9056	0.9098614315076263	-0.09580688947679003
cfa2axc94u0j5uq6vkm6ws3k	1	2	176	14	0	Go	GAL	1	1	0.469	1	0.0	1	0.9402	0.9440255037746512	-0.05814363618296795
cfa2axc94u0j5uq6vkm6ws3k	1	2	180	15	0	Go	GAL	1	1	0.483	1	0.0	1	0.965	0.9632436565671778	-0.03772826486683601
cfa2axc94u0j5uq6vkm6ws3k	1	2	182	16	0	Go	GAL	1	1	0.44	1	1.0	0	0.9741	0.9746128200860907	-0.02587527467728355
cfa2axc94u0j5uq6vkm6ws3k	1	2	188	17	0	Go	GAL	1	1	0.405	1	0.0	1	0.9226	0.927536911558449	-0.07637310812244232
cfa2axc94u0j5uq6vkm6ws3k	1	2	189	18	0	Go	GAL	1	1	0.504	1	0.0	1	0.9492	0.9543052321284682	-0.047217021079424104
cfa2axc94u0j5uq6vkm6ws3k	1	2	193	19	0	Go	GAL	1	1	0.322	1	0.0	1	0.9634	0.969468425986313	-0.03123088597065887
cfa2axc94u0j5uq6vkm6ws3k	1	2	198	20	0	Go	GAL	1	1	0.457	1	0.0	1	0.9784	0.9785371064504463	-0.0218245752212617
cfa2axc94u0j5uq6vkm6ws3k	1	2	204	21	0	Go	GAL	1	1	0.391	1	0.0	1	0.9839	0.9842335025862691	-0.01597169756701941
cfa2axc94u0j5uq6vkm6ws3k	1	2	205	22	0	Go	GAL	1	1	0.407	1	0.0	1	0.9876	0.9879661027731811	-0.012159603007075014
cfa2axc94u0j5uq6vkm6ws3k	1	2	212	23	0	Go	GAL	1	1	0.463	1	1.0	0	0.9939	0.9905020542257272	-0.009580209781254987
cfa2axc94u0j5uq6vkm6ws3k	1	2	215	24	0	Go	GAL	1	1	0.346	1	0.0	1	0.9663	0.9681716103391973	-0.032757369373987974
cfa2axc94u0j5uq6vkm6ws3k	1	2	219	25	0	Go	GAL	1	1	0.395	1	0.0	1	0.9776	0.9781450999413708	-0.022279478125994963
cfa2axc94u0j5uq6vkm6ws3k	1	2	223	26	0	Go	GAL	1	1	0.617	1	0.0	1	0.985	0.9841705204026184	-0.016055507607986547
cfa2axc94u0j5uq6vkm6ws3k	1	2	225	27	0	Go	GAL	1	1	1.106	1	0.0	1	0.9877	0.9880170349433596	-0.012116816029155947
cfa2axc94u0j5uq6vkm6ws3k	1	2	232	28	0	Go	GAL	1	1	0.467	1	1.0	0	0.9921	0.9905853386324316	-0.009500680515710598
cfa2axc94u0j5uq6vkm6ws3k	1	2	236	29	0	Go	GAL	1	1	0.479	1	0.0	1	0.9712	0.9677827868791712	-0.03329603427146462
cfa2axc94u0j5uq6vkm6ws3k	1	2	239	30	0	Go	GAL	1	1	0.443	1	0.0	1	0.9785	0.978125964050935	-0.022338457089371946
cfa2axc94u0j5uq6vkm6ws3k	1	2	122	1	0	No-Go	NGAL	0	1	0.569	0	0.0	0	0.6226	0.6227254415212239	-0.48238076465664104
cfa2axc94u0j5uq6vkm6ws3k	1	2	125	2	0	No-Go	NGAL	0	0		1	0.0	1	0.4441	0.5564571298748513	-0.5988813246401581
cfa2axc94u0j5uq6vkm6ws3k	1	2	131	3	0	No-Go	NGAL	0	0		1	0.0	1	0.2804	0.7201030830312514	-0.3369311070789365
cfa2axc94u0j5uq6vkm6ws3k	1	2	135	4	0	No-Go	NGAL	0	0		1	1.0	0	0.177	0.826349500963947	-0.19583757811961858
cfa2axc94u0j5uq6vkm6ws3k	1	2	140	5	0	No-Go	NGAL	0	0		1	0.0	1	0.1799	0.8165804781314342	-0.2079162157817352
cfa2axc94u0j5uq6vkm6ws3k	1	2	141	6	0	No-Go	NGAL	0	0		1	0.0	1	0.1175	0.8845235586489875	-0.12562187515457846
cfa2axc94u0j5uq6vkm6ws3k	1	2	145	7	0	No-Go	NGAL	0	0		1	0.0	1	0.0799	0.9248813244844547	-0.07964723024865605
cfa2axc94u0j5uq6vkm6ws3k	1	2	149	8	0	No-Go	NGAL	0	0		1	1.0	0	0.0532	0.9492507965441839	-0.05292280203690734
cfa2axc94u0j5uq6vkm6ws3k	1	2	156	9	0	No-Go	NGAL	0	0		1	0.0	1	0.056	0.9452613706748847	-0.05723253130528706
cfa2axc94u0j5uq6vkm6ws3k	1	2	158	10	0	No-Go	NGAL	0	0		1	0.0	1	0.0357	0.9619120496172913	-0.03935142214020215
cfa2axc94u0j5uq6vkm6ws3k	1	2	164	11	0	No-Go	NGAL	0	0		1	0.0	1	0.0276	0.972481121804302	-0.028204860667303794
cfa2axc94u0j5uq6vkm6ws3k	1	2	167	12	0	No-Go	NGAL	0	0		1	0.0	1	0.0191	0.9794049325945112	-0.020992784328127057
cfa2axc94u0j5uq6vkm6ws3k	1	2	171	13	0	No-Go	NGAL	0	0		1	0.0	1	0.0151	0.9840776464868423	-0.016167811465539833
cfa2axc94u0j5uq6vkm6ws3k	1	2	175	14	0	No-Go	NGAL	0	0		1	0.0	1	0.0135	0.9873186689571263	-0.012842075202302775
cfa2axc94u0j5uq6vkm6ws3k	1	2	177	15	0	No-Go	NGAL	0	0		1	1.0	0	0.01	0.9896233267758218	-0.010487975788235413
cfa2axc94u0j5uq6vkm6ws3k	1	2	181	16	0	No-Go	NGAL	0	0		1	0.0	1	0.0102	0.9885029089585147	-0.011635478984590707
cfa2axc94u0j5uq6vkm6ws3k	1	2	185	17	0	No-Go	NGAL	0	0		1	0.0	1	0.0099	0.9904933163319322	-0.009604410443315668
cfa2axc94u0j5uq6vkm6ws3k	1	2	192	18	0	No-Go	NGAL	0	0		1	0.0	1	0.0072	0.991949557642953	-0.008123131787724606
cfa2axc94u0j5uq6vkm6ws3k	1	2	194	19	0	No-Go	NGAL	0	0		1	1.0	0	0.0054	0.9930371670866385	-0.00701941830985527
cfa2axc94u0j5uq6vkm6ws3k	1	2	200	20	0	No-Go	NGAL	0	0		1	0.0	1	0.0071	0.9921746459684424	-0.007901377201654276
cfa2axc94u0j5uq6vkm6ws3k	1	2	203	21	0	No-Go	NGAL	0	0		1	0.0	1	0.0065	0.9932266528308934	-0.006831372990535443
cfa2axc94u0j5uq6vkm6ws3k	1	2	206	22	0	No-Go	NGAL	0	0		1	0.0	1	0.0052	0.9940215969716087	-0.006024928829796463
cfa2axc94u0j5uq6vkm6ws3k	1	2	211	23	0	No-Go	NGAL	0	0		1	0.0	1	0.0054	0.9946336850187134	-0.0054050980788864006
cfa2axc94u0j5uq6vkm6ws3k	1	2	214	24	0	No-Go	NGAL	0	0		1	1.0	0	0.0054	0.995112487521526	-0.004920879514988359
cfa2axc94u0j5uq6vkm6ws3k	1	2	220	25	0	No-Go	NGAL	0	0		1	0.0	1	0.0069	0.9944399465281827	-0.005607565435122847
cfa2axc94u0j5uq6vkm6ws3k	1	2	224	26	0	No-Go	NGAL	0	0		1	0.0	1	0.0043	0.9949808312023358	-0.0050578340571517935
cfa2axc94u0j5uq6vkm6ws3k	1	2	228	27	0	No-Go	NGAL	0	0		1	0.0	1	0.0041	0.9954004200494606	-0.004632495988890977
cfa2axc94u0j5uq6vkm6ws3k	1	2	229	28	0	No-Go	NGAL	0	0		1	0.0	1	0.0049	0.9957317260697793	-0.004297216480114232
cfa2axc94u0j5uq6vkm6ws3k	1	2	234	29	0	No-Go	NGAL	0	0		1	0.0	1	0.0035	0.9959970495931051	-0.004029031883932769
cfa2axc94u0j5uq6vkm6ws3k	1	2	237	30	0	No-Go	NGAL	0	0		1	1.0	0	0.0034	0.9962120318359524	-0.0038119276080616307
cfa2axc94u0j5uq6vkm6ws3k	1	2	123	1	1	No-Go	NGW	0	1	0.53	0	0.0	0	0.6893	0.6895382229583386	-0.3911194655044325
cfa2axc94u0j5uq6vkm6ws3k	1	2	127	2	1	No-Go	NGW	0	0		1	0.0	1	0.5106	0.47729035962603455	-0.7798744739069382
cfa2axc94u0j5uq6vkm6ws3k	1	2	130	3	1	No-Go	NGW	0	0		1	1.0	0	0.351	0.6509992804769369	-0.44716269452961666
cfa2axc94u0j5uq6vkm6ws3k	1	2	133	4	1	No-Go	NGW	0	0		1	0.0	1	0.5532	0.4550393784413988	-0.833667299385101
cfa2axc94u0j5uq6vkm6ws3k	1	2	139	5	1	No-Go	NGW	0	0		1	0.0	1	0.3703	0.6332756286564393	-0.4761094448010234
cfa2axc94u0j5uq6vkm6ws3k	1	2	142	6	1	No-Go	NGW	0	0		1	0.0	1	0.2347	0.7648210204757515	-0.27728923593543264
cfa2axc94u0j5uq6vkm6ws3k	1	2	148	7	1	No-Go	NGW	0	0		1	0.0	1	0.1485	0.8493966149304489	-0.16775814634402486
cfa2axc94u0j5uq6vkm6ws3k	1	2	151	8	1	No-Go	NGW	0	0		1	0.0	1	0.1016	0.901287630872803	-0.10621970200908538
cfa2axc94u0j5uq6vkm6ws3k	1	2	155	9	1	No-Go	NGW	0	0		1	1.0	0	0.0681	0.9330906068216723	-0.07045263027106331
cfa2axc94u0j5uq6vkm6ws3k	1	2	157	10	1	No-Go	NGW	0	0		1	0.0	1	0.1705	0.8318148546486327	-0.18943523352985814
cfa2axc94u0j5uq6vkm6ws3k	1	2	162	11	1	No-Go	NGW	0	0		1	0.0	1	0.105	0.8920077081617129	-0.11665051477122322
cfa2axc94u0j5uq6vkm6ws3k	1	2	166	12	1	No-Go	NGW	0	0		1	0.0	1	0.0695	0.9280425569407511	-0.07588763227005439
cfa2axc94u0j5uq6vkm6ws3k	1	2	170	13	1	No-Go	NGW	0	0		1	0.0	1	0.0459	0.9500609361675181	-0.05189993221408809
cfa2axc94u0j5uq6vkm6ws3k	1	2	173	14	1	No-Go	NGW	0	0		1	0.0	1	0.0346	0.9639385253559991	-0.03712588758071107
cfa2axc94u0j5uq6vkm6ws3k	1	2	179	15	1	No-Go	NGW	0	0		1	1.0	0	0.0284	0.9729763161500847	-0.027647489666819805
cfa2axc94u0j5uq6vkm6ws3k	1	2	183	16	1	No-Go	NGW	0	0		1	0.0	1	0.0823	0.9174239545349082	-0.08870256735347225
cfa2axc94u0j5uq6vkm6ws3k	1	2	186	17	1	No-Go	NGW	0	0		1	1.0	0	0.0581	0.9443786192322615	-0.058307661314313496
cfa2axc94u0j5uq6vkm6ws3k	1	2	191	18	1	No-Go	NGW	0	0		1	0.0	1	0.1517	0.8507956182716507	-0.17223702340719524
cfa2axc94u0j5uq6vkm6ws3k	1	2	196	19	1	No-Go	NGW	0	0		1	0.0	1	0.0961	0.905290862012429	-0.10286023381431104
cfa2axc94u0j5uq6vkm6ws3k	1	2	199	20	1	No-Go	NGW	0	0		1	0.0	1	0.063	0.9372263124041105	-0.06621323031492755
cfa2axc94u0j5uq6vkm6ws3k	1	2	202	21	1	No-Go	NGW	0	0		1	0.0	1	0.0417	0.956362963392655	-0.045307365216364415
cfa2axc94u0j5uq6vkm6ws3k	1	2	207	22	1	No-Go	NGW	0	0		1	1.0	0	0.0301	0.9682820118358426	-0.03262478994314364
cfa2axc94u0j5uq6vkm6ws3k	1	2	210	23	1	No-Go	NGW	0	0		1	0.0	1	0.0958	0.9039968040526959	-0.10558957348210725
cfa2axc94u0j5uq6vkm6ws3k	1	2	216	24	1	No-Go	NGW	0	1	0.717	0	0.0	0	0.0643	0.06310741834102944	-3.1405826314627583
cfa2axc94u0j5uq6vkm6ws3k	1	2	218	25	1	No-Go	NGW	0	0		1	0.0	1	0.0354	0.9654089570093991	-0.035730500515620676
cfa2axc94u0j5uq6vkm6ws3k	1	2	222	26	1	No-Go	NGW	0	0		1	0.0	1	0.0248	0.9762508097017051	-0.024289370545039737
cfa2axc94u0j5uq6vkm6ws3k	1	2	226	27	1	No-Go	NGW	0	0		1	0.0	1	0.0151	0.9828507003597997	-0.01743936832247168
cfa2axc94u0j5uq6vkm6ws3k	1	2	231	28	1	No-Go	NGW	0	0		1	0.0	1	0.0138	0.9870719623732759	-0.01309959553603897
cfa2axc94u0j5uq6vkm6ws3k	1	2	233	29	1	No-Go	NGW	0	0		1	1.0	0	0.0092	0.989887241300871	-0.010222533914328397
cfa2axc94u0j5uq6vkm6ws3k	1	2	240	30	1	No-Go	NGW	0	0		1	0.0	1	0.0327	0.9657254030678106	-0.035629192945014265
cfa2axc94u0j5uq6vkm6ws3k	1	1	3	1	0	Go	GAL	1	0		0	0.0	0	0.6248	0.37727455847877617	-0.9986116847624785
cfa2axc94u0j5uq6vkm6ws3k	1	1	6	2	0	Go	GAL	1	1	0.877	1	0.0	1	0.6276	0.6361239188630728	-0.46041528291638867
cfa2axc94u0j5uq6vkm6ws3k	1	1	10	3	0	Go	GAL	1	0		0	1.0	1	0.7754	0.21807626275528497	-1.5877523462494594
cfa2axc94u0j5uq6vkm6ws3k	1	1	16	4	0	Go	GAL	1	1	1.382	1	0.0	1	0.6379	0.634414967677406	-0.46308957093322195
cfa2axc94u0j5uq6vkm6ws3k	1	1	17	5	0	Go	GAL	1	0		0	0.0	0	0.7706	0.23450947839487732	-1.5006179386152594
cfa2axc94u0j5uq6vkm6ws3k	1	1	22	6	0	Go	GAL	1	1	1.067	1	0.0	1	0.7766	0.7763737688592216	-0.25773011060062173
cfa2axc94u0j5uq6vkm6ws3k	1	1	27	7	0	Go	GAL	1	1	1.132	1	0.0	1	0.8583	0.8571552273643087	-0.15671240794272254
cfa2axc94u0j5uq6vkm6ws3k	1	1	32	8	0	Go	GAL	1	0		0	0.0	0	0.9064	0.09360540872634693	-2.4992205446363953
cfa2axc94u0j5uq6vkm6ws3k	1	1	33	9	0	Go	GAL	1	1	1.09	1	1.0	0	0.9149	0.9110979085846744	-0.0944760388691844
cfa2axc94u0j5uq6vkm6ws3k	1	1	39	10	0	Go	GAL	1	0		0	0.0	0	0.7928	0.20857743236731982	-1.6162335668264478
cfa2axc94u0j5uq6vkm6ws3k	1	1	43	11	0	Go	GAL	1	1	1.479	1	0.0	1	0.7938	0.8008197127657449	-0.22554175712589403
cfa2axc94u0j5uq6vkm6ws3k	1	1	48	12	0	Go	GAL	1	1	1.236	1	1.0	0	0.8775	0.8750772054692189	-0.13519445558634496
cfa2axc94u0j5uq6vkm6ws3k	1	1	52	13	0	Go	GAL	1	1	0.888	1	0.0	1	0.7311	0.7289279635140143	-0.3233916137015602
cfa2axc94u0j5uq6vkm6ws3k	1	1	53	14	0	Go	GAL	1	0		0	0.0	0	0.8235	0.16740171403641355	-1.8564831708600602
cfa2axc94u0j5uq6vkm6ws3k	1	1	59	15	0	Go	GAL	1	1	1.359	1	0.0	1	0.8393	0.8401205777937719	-0.17694755490072084
cfa2axc94u0j5uq6vkm6ws3k	1	1	61	16	0	Go	GAL	1	1	0.764	1	1.0	0	0.9038	0.8992485953694839	-0.10754392701597143
cfa2axc94u0j5uq6vkm6ws3k	1	1	67	17	0	Go	GAL	1	0		0	0.0	0	0.7591	0.22962333417177705	-1.5480707370436728
cfa2axc94u0j5uq6vkm6ws3k	1	1	70	18	0	Go	GAL	1	1	0.439	1	0.0	1	0.7779	0.7798287075935234	-0.2552724631143037
cfa2axc94u0j5uq6vkm6ws3k	1	1	73	19	0	Go	GAL	1	1	0.431	1	0.0	1	0.8638	0.8651468189626994	-0.14725482701774212
cfa2axc94u0j5uq6vkm6ws3k	1	1	79	20	0	Go	GAL	1	1	0.756	1	0.0	1	0.9097	0.9146631592307296	-0.09033275626804582
cfa2axc94u0j5uq6vkm6ws3k	1	1	82	21	0	Go	GAL	1	1	0.486	1	0.0	1	0.9438	0.9436135707589083	-0.058640204565772215
cfa2axc94u0j5uq6vkm6ws3k	1	1	86	22	0	Go	GAL	1	1	0.576	1	0.0	1	0.9602	0.961075638312662	-0.04004382007653235
cfa2axc94u0j5uq6vkm6ws3k	1	1	91	23	0	Go	GAL	1	1	0.496	1	1.0	0	0.974	0.9720021325709702	-0.0286023967763768
cfa2axc94u0j5uq6vkm6ws3k	1	1	95	24	0	Go	GAL	1	1	0.608	1	0.0	1	0.9174	0.9182679550745179	-0.08667296233578049
cfa2axc94u0j5uq6vkm6ws3k	1	1	97	25	0	Go	GAL	1	1	0.42	1	0.0	1	0.9456	0.9465070178104801	-0.05559974128996915
cfa2axc94u0j5uq6vkm6ws3k	1	1	104	26	0	Go	GAL	1	1	0.596	1	0.0	1	0.9619	0.9632061804500125	-0.03781782590731746
cfa2axc94u0j5uq6vkm6ws3k	1	1	108	27	0	Go	GAL	1	1	0.422	1	0.0	1	0.9757	0.9735267494491309	-0.0270245033583471
cfa2axc94u0j5uq6vkm6ws3k	1	1	109	28	0	Go	GAL	1	1	0.53	1	1.0	0	0.9796	0.98017600843516	-0.02014675345060444
cfa2axc94u0j5uq6vkm6ws3k	1	1	114	29	0	Go	GAL	1	1	0.615	1	0.0	1	0.9377	0.9376531106568624	-0.06562834226686252
cfa2axc94u0j5uq6vkm6ws3k	1	1	118	30	0	Go	GAL	1	1	0.564	1	0.0	1	0.957	0.9584155424073048	-0.042998967129865485
cfa2axc94u0j5uq6vkm6ws3k	1	1	4	1	1	No-Go	NGW	0	1	0.563	0	0.0	0	0.6905	0.6895382229583386	-0.3911194655044325
cfa2axc94u0j5uq6vkm6ws3k	1	1	7	2	1	No-Go	NGW	0	0		1	0.0	1	0.5188	0.47729035962603455	-0.7798744739069382
cfa2axc94u0j5uq6vkm6ws3k	1	1	9	3	1	No-Go	NGW	0	1	0.779	0	1.0	1	0.351	0.3490007195230631	-1.1165284182458717
cfa2axc94u0j5uq6vkm6ws3k	1	1	15	4	1	No-Go	NGW	0	1	0.557	0	0.0	0	0.9415	0.9410141029098621	-0.06362732730219123
cfa2axc94u0j5uq6vkm6ws3k	1	1	18	5	1	No-Go	NGW	0	1	0.923	0	0.0	0	0.8652	0.8591130994341889	-0.162667227228022
cfa2axc94u0j5uq6vkm6ws3k	1	1	21	6	1	No-Go	NGW	0	1	1.004	0	0.0	0	0.7256	0.719357480413214	-0.3655659450733525
cfa2axc94u0j5uq6vkm6ws3k	1	1	28	7	1	No-Go	NGW	0	1	0.654	0	0.0	0	0.5534	0.5448959567319055	-0.6960829963164262
cfa2axc94u0j5uq6vkm6ws3k	1	1	30	8	1	No-Go	NGW	0	1	0.576	0	0.0	0	0.3771	0.3796084899767325	-1.1270480972484647
cfa2axc94u0j5uq6vkm6ws3k	1	1	34	9	1	No-Go	NGW	0	0		1	1.0	0	0.2543	0.7484121009580539	-0.31637142928457307
cfa2axc94u0j5uq6vkm6ws3k	1	1	37	10	1	No-Go	NGW	0	1	0.849	0	0.0	0	0.4128	0.4181951034394755	-0.9615055540645405
cfa2axc94u0j5uq6vkm6ws3k	1	1	42	11	1	No-Go	NGW	0	0		1	0.0	1	0.2944	0.7045988118078246	-0.3739031476198326
cfa2axc94u0j5uq6vkm6ws3k	1	1	46	12	1	No-Go	NGW	0	0		1	0.0	1	0.1705	0.8263874394286574	-0.20216801265506057
cfa2axc94u0j5uq6vkm6ws3k	1	1	50	13	1	No-Go	NGW	0	0		1	0.0	1	0.1038	0.8963287430267254	-0.1146905025098862
cfa2axc94u0j5uq6vkm6ws3k	1	1	55	14	1	No-Go	NGW	0	0		1	0.0	1	0.0641	0.9359676356586922	-0.06856653159299517
cfa2axc94u0j5uq6vkm6ws3k	1	1	58	15	1	No-Go	NGW	0	0		1	1.0	0	0.041	0.95886742828606	-0.043124630559796547
cfa2axc94u0j5uq6vkm6ws3k	1	1	64	16	1	No-Go	NGW	0	0		1	0.0	1	0.0942	0.9043347468132626	-0.10383993431646282
cfa2axc94u0j5uq6vkm6ws3k	1	1	66	17	1	No-Go	NGW	0	0		1	1.0	0	0.0562	0.9413901231381798	-0.06195826067441457
cfa2axc94u0j5uq6vkm6ws3k	1	1	69	18	1	No-Go	NGW	0	0		1	0.0	1	0.1278	0.8687624467937288	-0.14517905624996919
cfa2axc94u0j5uq6vkm6ws3k	1	1	74	19	1	No-Go	NGW	0	0		1	0.0	1	0.0781	0.9223466277145345	-0.08295141273248906
cfa2axc94u0j5uq6vkm6ws3k	1	1	77	20	1	No-Go	NGW	0	0		1	0.0	1	0.0489	0.9517510724462005	-0.050475053924237026
cfa2axc94u0j5uq6vkm6ws3k	1	1	83	21	1	No-Go	NGW	0	0		1	0.0	1	0.0309	0.968558683868488	-0.032457626920134444
cfa2axc94u0j5uq6vkm6ws3k	1	1	88	22	1	No-Go	NGW	0	0		1	1.0	0	0.0218	0.9785895465772224	-0.021909583340100586
cfa2axc94u0j5uq6vkm6ws3k	1	1	90	23	1	No-Go	NGW	0	0		1	0.0	1	0.0586	0.9441550022991662	-0.058432515127683875
cfa2axc94u0j5uq6vkm6ws3k	1	1	94	24	1	No-Go	NGW	0	0		1	0.0	1	0.0324	0.9646439066942863	-0.03647953077173297
cfa2axc94u0j5uq6vkm6ws3k	1	1	100	25	1	No-Go	NGW	0	1	0.494	0	0.0	0	0.0216	0.02357556216210853	-4.1483882637643985
cfa2axc94u0j5uq6vkm6ws3k	1	1	103	26	1	No-Go	NGW	0	0		1	0.0	1	0.0137	0.9852647249224503	-0.014953311978966191
cfa2axc94u0j5uq6vkm6ws3k	1	1	105	27	1	No-Go	NGW	0	0		1	0.0	1	0.0116	0.9897241250500931	-0.010389289452177233
cfa2axc94u0j5uq6vkm6ws3k	1	1	111	28	1	No-Go	NGW	0	0		1	0.0	1	0.0065	0.9925326989135974	-0.00753051418135918
cfa2axc94u0j5uq6vkm6ws3k	1	1	115	29	1	No-Go	NGW	0	0		1	1.0	0	0.0053	0.9943736359139767	-0.0056638296510991455
cfa2axc94u0j5uq6vkm6ws3k	1	1	117	30	1	No-Go	NGW	0	0		1	0.0	1	0.0153	0.9831847004469931	-0.01707523010238301
cfa2axc94u0j5uq6vkm6ws3k	1	1	2	1	1	Go	GW	1	1	0.645	1	1.0	0	0.6871	0.6895382229583386	-0.3911194655044325
cfa2axc94u0j5uq6vkm6ws3k	1	1	8	2	1	Go	GW	1	1	0.667	1	0.0	1	0.5156	0.5227096403739654	-0.6835039379138158
cfa2axc94u0j5uq6vkm6ws3k	1	1	12	3	1	Go	GW	1	1	1.333	1	0.0	1	0.9644	0.9685208089594362	-0.032986609299515135
cfa2axc94u0j5uq6vkm6ws3k	1	1	14	4	1	Go	GW	1	1	1.046	1	0.0	1	0.9945	0.9928545099109523	-0.007253139231352674
cfa2axc94u0j5uq6vkm6ws3k	1	1	20	5	1	Go	GW	1	1	1.15	1	0.0	1	0.9956	0.9967518492648151	-0.0032697938341349317
cfa2axc94u0j5uq6vkm6ws3k	1	1	24	6	1	Go	GW	1	1	1.197	1	0.0	1	0.9979	0.9978234932718711	-0.002185789446097826
cfa2axc94u0j5uq6vkm6ws3k	1	1	26	7	1	Go	GW	1	1	1.044	1	0.0	1	0.9985	0.998215887993491	-0.00179050481027357
cfa2axc94u0j5uq6vkm6ws3k	1	1	31	8	1	Go	GW	1	1	0.993	1	1.0	0	0.9994	0.9983864550655864	-0.001619017221265223
cfa2axc94u0j5uq6vkm6ws3k	1	1	35	9	1	Go	GW	1	1	0.98	1	0.0	1	0.9923	0.9930508747885478	-0.007051447984134837
cfa2axc94u0j5uq6vkm6ws3k	1	1	38	10	1	Go	GW	1	1	0.842	1	0.0	1	0.9977	0.9972243244912031	-0.002790888971760941
cfa2axc94u0j5uq6vkm6ws3k	1	1	41	11	1	Go	GW	1	1	0.53	1	0.0	1	0.9987	0.9980511352850968	-0.001956690903661371
cfa2axc94u0j5uq6vkm6ws3k	1	1	45	12	1	Go	GW	1	1	1.151	1	0.0	1	0.9978	0.9983332754712104	-0.001672682084932102
cfa2axc94u0j5uq6vkm6ws3k	1	1	49	13	1	Go	GW	1	1	0.681	1	0.0	1	0.9979	0.9984518651767906	-0.0015534383817627402
cfa2axc94u0j5uq6vkm6ws3k	1	1	54	14	1	Go	GW	1	1	1.072	1	0.0	1	0.9988	0.9985080164309936	-0.0014970180962568637
cfa2axc94u0j5uq6vkm6ws3k	1	1	57	15	1	Go	GW	1	1	0.624	1	1.0	0	0.9984	0.9985368664183703	-0.0014680456516347152
cfa2axc94u0j5uq6vkm6ws3k	1	1	63	16	1	Go	GW	1	1	0.46	1	0.0	1	0.9952	0.9934993803381436	-0.006598149249560108
cfa2axc94u0j5uq6vkm6ws3k	1	1	65	17	1	Go	GW	1	1	0.663	1	0.0	1	0.997	0.9973834011998206	-0.0026307704441826557
cfa2axc94u0j5uq6vkm6ws3k	1	1	71	18	1	Go	GW	1	1	0.505	1	0.0	1	0.9982	0.9981241881048766	-0.001883303002608314
cfa2axc94u0j5uq6vkm6ws3k	1	1	76	19	1	Go	GW	1	1	0.55	1	1.0	0	0.9983	0.9983717117245964	-0.0016341114633009314
cfa2axc94u0j5uq6vkm6ws3k	1	1	78	20	1	Go	GW	1	1	0.638	1	0.0	1	0.9927	0.9929075895392256	-0.007203250896621972
cfa2axc94u0j5uq6vkm6ws3k	1	1	84	21	1	Go	GW	1	1	0.623	1	0.0	1	0.9976	0.9972414444067014	-0.0027740863905822994
cfa2axc94u0j5uq6vkm6ws3k	1	1	87	22	1	Go	GW	1	1	0.52	1	0.0	1	0.9978	0.9980702414534127	-0.0019376032592494062
cfa2axc94u0j5uq6vkm6ws3k	1	1	89	23	1	Go	GW	1	1	0.496	1	0.0	1	0.9982	0.9983467289247077	-0.001659224782725259
cfa2axc94u0j5uq6vkm6ws3k	1	1	93	24	1	Go	GW	1	1	0.771	1	0.0	1	0.9982	0.9984609878797926	-0.0015443113232764631
cfa2axc94u0j5uq6vkm6ws3k	1	1	98	25	1	Go	GW	1	1	0.334	1	1.0	0	0.9986	0.9985142601593554	-0.0014907712149520615
cfa2axc94u0j5uq6vkm6ws3k	1	1	102	26	1	Go	GW	1	1	0.307	1	0.0	1	0.9941	0.9934170591639963	-0.006682136685351594
cfa2axc94u0j5uq6vkm6ws3k	1	1	107	27	1	Go	GW	1	1	0.48	1	0.0	1	0.9967	0.9973622644824996	-0.002652125660585224
cfa2axc94u0j5uq6vkm6ws3k	1	1	110	28	1	Go	GW	1	1	0.672	1	0.0	1	0.9982	0.998116297709257	-0.0018912544558506534
cfa2axc94u0j5uq6vkm6ws3k	1	1	116	29	1	Go	GW	1	1	0.6	1	1.0	0	0.9984	0.9983682284359893	-0.001637618250258824
cfa2axc94u0j5uq6vkm6ws3k	1	1	119	30	1	Go	GW	1	1	0.471	1	0.0	1	0.9953	0.9928951626550916	-0.0072159510923628795
cfa2axc94u0j5uq6vkm6ws3k	1	1	1	1	0	No-Go	NGAL	0	1	0.693	0	0.0	0	0.6288	0.6227254415212239	-0.48238076465664104
cfa2axc94u0j5uq6vkm6ws3k	1	1	5	2	0	No-Go	NGAL	0	1	0.893	0	0.0	0	0.4413	0.44354287012514876	-0.8334845040174663
cfa2axc94u0j5uq6vkm6ws3k	1	1	11	3	0	No-Go	NGAL	0	0		1	0.0	1	0.2999	0.7020905147108569	-0.36210453499233475
cfa2axc94u0j5uq6vkm6ws3k	1	1	13	4	0	No-Go	NGAL	0	0		1	1.0	0	0.1706	0.826349500963947	-0.19583757811961858
cfa2axc94u0j5uq6vkm6ws3k	1	1	19	5	0	No-Go	NGAL	0	0		1	0.0	1	0.1835	0.8174632859674672	-0.20682934949077222
cfa2axc94u0j5uq6vkm6ws3k	1	1	23	6	0	No-Go	NGAL	0	0		1	0.0	1	0.1062	0.8919226403209944	-0.11721189532402243
cfa2axc94u0j5uq6vkm6ws3k	1	1	25	7	0	No-Go	NGAL	0	0		1	0.0	1	0.0682	0.9335086912712092	-0.07024427605274594
cfa2axc94u0j5uq6vkm6ws3k	1	1	29	8	0	No-Go	NGAL	0	0		1	1.0	0	0.0409	0.9572640711777958	-0.0444074163013079
cfa2axc94u0j5uq6vkm6ws3k	1	1	36	9	0	No-Go	NGAL	0	0		1	0.0	1	0.0464	0.9541355321786157	-0.047756131065142864
cfa2axc94u0j5uq6vkm6ws3k	1	1	40	10	0	No-Go	NGAL	0	0		1	0.0	1	0.0315	0.9694670098400721	-0.03142819902251876
cfa2axc94u0j5uq6vkm6ws3k	1	1	44	11	0	No-Go	NGAL	0	0		1	0.0	1	0.0211	0.9788038312842122	-0.02165116626657578
cfa2axc94u0j5uq6vkm6ws3k	1	1	47	12	0	No-Go	NGAL	0	0		1	0.0	1	0.015	0.9847044137892131	-0.015542762234190603
cfa2axc94u0j5uq6vkm6ws3k	1	1	51	13	0	No-Go	NGAL	0	0		1	0.0	1	0.0115	0.9885631817069703	-0.011579810250796357
cfa2axc94u0j5uq6vkm6ws3k	1	1	56	14	0	No-Go	NGAL	0	0		1	0.0	1	0.009	0.9911663588171332	-0.008921457923359676
cfa2axc94u0j5uq6vkm6ws3k	1	1	60	15	0	No-Go	NGAL	0	0		1	1.0	0	0.0063	0.9929724322162706	-0.007084653391833917
cfa2axc94u0j5uq6vkm6ws3k	1	1	62	16	0	No-Go	NGAL	0	0		1	0.0	1	0.0076	0.99226138371175	-0.00780738320277446
cfa2axc94u0j5uq6vkm6ws3k	1	1	68	17	0	No-Go	NGAL	0	0		1	0.0	1	0.006	0.993755077406473	-0.006290987659280801
cfa2axc94u0j5uq6vkm6ws3k	1	1	72	18	0	No-Go	NGAL	0	0		1	0.0	1	0.0076	0.9948284899318963	-0.005204052690099092
cfa2axc94u0j5uq6vkm6ws3k	1	1	75	19	0	No-Go	NGAL	0	0		1	1.0	0	0.0045	0.9956173488269571	-0.004406778584580646
cfa2axc94u0j5uq6vkm6ws3k	1	1	80	20	0	No-Go	NGAL	0	0		1	0.0	1	0.0044	0.9951052019067566	-0.004925877279268489
cfa2axc94u0j5uq6vkm6ws3k	1	1	81	21	0	No-Go	NGAL	0	0		1	0.0	1	0.0048	0.9958336152436444	-0.0041893943333646865
cfa2axc94u0j5uq6vkm6ws3k	1	1	85	22	0	No-Go	NGAL	0	0		1	0.0	1	0.0035	0.9963786824671046	-0.0036392004243060837
cfa2axc94u0j5uq6vkm6ws3k	1	1	92	23	0	No-Go	NGAL	0	0		1	0.0	1	0.0022	0.9967945557365907	-0.0032199153659198112
cfa2axc94u0j5uq6vkm6ws3k	1	1	96	24	0	No-Go	NGAL	0	0		1	1.0	0	0.0025	0.9971171570054239	-0.002894959627621978
cfa2axc94u0j5uq6vkm6ws3k	1	1	99	25	0	No-Go	NGAL	0	0		1	0.0	1	0.0033	0.9967385505676726	-0.0032780534795568248
cfa2axc94u0j5uq6vkm6ws3k	1	1	101	26	0	No-Go	NGAL	0	0		1	0.0	1	0.0033	0.9970840943876957	-0.0029292820621786226
cfa2axc94u0j5uq6vkm6ws3k	1	1	106	27	0	No-Go	NGAL	0	1	0.528	0	0.0	0	0.0024	0.002648443809113124	-6.894626064646692
cfa2axc94u0j5uq6vkm6ws3k	1	1	112	28	0	No-Go	NGAL	0	0		1	0.0	1	0.0011	0.9984176621875204	-0.0015867666853001485
cfa2axc94u0j5uq6vkm6ws3k	1	1	113	29	0	No-Go	NGAL	0	0		1	0.0	1	0.0014	0.9985444658205371	-0.0014593718964384147
cfa2axc94u0j5uq6vkm6ws3k	1	1	120	30	0	No-Go	NGAL	0	0		1	1.0	0	0.0012	0.9986458343431115	-0.001357575114300667
coz12o3u8bejfxzrobndpgvr	1	1	1	1	1	No-Go	NGW	0	1	0.802	0	1.0	1	0.4737	0.47527233060696344	-0.7907074514147938
coz12o3u8bejfxzrobndpgvr	1	1	5	2	1	No-Go	NGW	0	1	0.364	0	0.0	0	0.8486	0.8547875096648193	-0.16102612052600673
coz12o3u8bejfxzrobndpgvr	1	1	12	3	1	No-Go	NGW	0	0		1	0.0	1	0.7804	0.21890943443645275	-1.6047054801589122
coz12o3u8bejfxzrobndpgvr	1	1	13	4	1	No-Go	NGW	0	0		1	0.0	1	0.7034	0.29955483270233235	-1.258617285883892
coz12o3u8bejfxzrobndpgvr	1	1	17	5	1	No-Go	NGW	0	1	0.671	0	0.0	0	0.6079	0.6088771193673629	-0.5095503086071205
coz12o3u8bejfxzrobndpgvr	1	1	21	6	1	No-Go	NGW	0	1	0.462	0	0.0	0	0.4857	0.48667421018538537	-0.74091226944466
coz12o3u8bejfxzrobndpgvr	1	1	26	7	1	No-Go	NGW	0	1	0.782	0	0.0	0	0.3737	0.3715922085835437	-1.0245774625695987
coz12o3u8bejfxzrobndpgvr	1	1	31	8	1	No-Go	NGW	0	1	0.682	0	0.0	0	0.2732	0.27456623545039827	-1.3499631480020036
coz12o3u8bejfxzrobndpgvr	1	1	35	9	1	No-Go	NGW	0	1	0.496	0	0.0	0	0.1914	0.1990242430583529	-1.703325564628336
coz12o3u8bejfxzrobndpgvr	1	1	37	10	1	No-Go	NGW	0	1	0.5	0	1.0	1	0.1449	0.1431078761380221	-2.07156448055571
coz12o3u8bejfxzrobndpgvr	1	1	41	11	1	No-Go	NGW	0	1	0.638	0	0.0	0	0.5682	0.5659612585151056	-0.6031021080123163
coz12o3u8bejfxzrobndpgvr	1	1	48	12	1	No-Go	NGW	0	1	0.422	0	0.0	0	0.4517	0.44666207058975443	-0.8522240619174752
coz12o3u8bejfxzrobndpgvr	1	1	52	13	1	No-Go	NGW	0	1	0.493	0	1.0	1	0.3442	0.33747888790268493	-1.148575151964198
coz12o3u8bejfxzrobndpgvr	1	1	56	14	1	No-Go	NGW	0	1	0.508	0	0.0	0	0.757	0.7476004276176521	-0.31652412500814664
coz12o3u8bejfxzrobndpgvr	1	1	58	15	1	No-Go	NGW	0	1	0.426	0	0.0	0	0.6362	0.6436518329426016	-0.4807078459444693
coz12o3u8bejfxzrobndpgvr	1	1	62	16	1	No-Go	NGW	0	1	0.507	0	0.0	0	0.5258	0.5274994392077831	-0.6984301371506468
coz12o3u8bejfxzrobndpgvr	1	1	68	17	1	No-Go	NGW	0	0		1	0.0	1	0.4191	0.5876130188413149	-0.571351329570965
coz12o3u8bejfxzrobndpgvr	1	1	70	18	1	No-Go	NGW	0	1	0.611	0	0.0	0	0.3292	0.32474173705821197	-1.2361663599786201
coz12o3u8bejfxzrobndpgvr	1	1	75	19	1	No-Go	NGW	0	0		1	1.0	0	0.2298	0.7643810309184311	-0.2824565984424968
coz12o3u8bejfxzrobndpgvr	1	1	77	20	1	No-Go	NGW	0	0		1	0.0	1	0.3298	0.6693314172741369	-0.4250005326152749
coz12o3u8bejfxzrobndpgvr	1	1	81	21	1	No-Go	NGW	0	0		1	0.0	1	0.2498	0.7482393788674763	-0.3047494236630333
coz12o3u8bejfxzrobndpgvr	1	1	87	22	1	No-Go	NGW	0	0		1	0.0	1	0.1883	0.810672099462927	-0.2189899568626054
coz12o3u8bejfxzrobndpgvr	1	1	90	23	1	No-Go	NGW	0	0		1	1.0	0	0.1365	0.8583764033948826	-0.1583029298211776
coz12o3u8bejfxzrobndpgvr	1	1	94	24	1	No-Go	NGW	0	0		1	0.0	1	0.2146	0.7865359197118141	-0.250488693820976
coz12o3u8bejfxzrobndpgvr	1	1	97	25	1	No-Go	NGW	0	1	0.761	0	0.0	0	0.1605	0.1596316568184207	-2.0071157889522024
coz12o3u8bejfxzrobndpgvr	1	1	101	26	1	No-Go	NGW	0	0		1	0.0	1	0.1101	0.889547554051692	-0.12037553468809421
coz12o3u8bejfxzrobndpgvr	1	1	105	27	1	No-Go	NGW	0	0		1	0.0	1	0.0813	0.9186321485894059	-0.08690355184072512
coz12o3u8bejfxzrobndpgvr	1	1	110	28	1	No-Go	NGW	0	0		1	1.0	0	0.0599	0.9396547144114098	-0.06349160167279602
coz12o3u8bejfxzrobndpgvr	1	1	115	29	1	No-Go	NGW	0	0		1	0.0	1	0.0961	0.9029734706251956	-0.10452828335300315
coz12o3u8bejfxzrobndpgvr	1	1	118	30	1	No-Go	NGW	0	0		1	0.0	1	0.0664	0.9284863763715301	-0.07571260197130968
coz12o3u8bejfxzrobndpgvr	1	1	2	1	0	Go	GAL	1	0		0	0.0	0	0.5289	0.4658198960076924	-0.7778006616210505
coz12o3u8bejfxzrobndpgvr	1	1	6	2	0	Go	GAL	1	1	1.483	1	0.0	1	0.5512	0.5478172766215507	-0.6118438617089934
coz12o3u8bejfxzrobndpgvr	1	1	9	3	0	Go	GAL	1	1	0.721	1	0.0	1	0.6481	0.6513943507169737	-0.4354803858848759
coz12o3u8bejfxzrobndpgvr	1	1	15	4	0	Go	GAL	1	1	0.677	1	0.0	1	0.7439	0.7378997524155984	-0.3088882666518246
coz12o3u8bejfxzrobndpgvr	1	1	19	5	0	Go	GAL	1	1	0.517	1	1.0	0	0.8072	0.8057042100848024	-0.21955790871298914
coz12o3u8bejfxzrobndpgvr	1	1	22	6	0	Go	GAL	1	0		0	0.0	0	0.7117	0.2812875669383807	-1.3005290002474001
coz12o3u8bejfxzrobndpgvr	1	1	28	7	0	Go	GAL	1	0		0	0.0	0	0.7219	0.270483104143199	-1.3417362121567855
coz12o3u8bejfxzrobndpgvr	1	1	29	8	0	Go	GAL	1	1	0.503	1	0.0	1	0.7369	0.7399346076341962	-0.30574296445496557
coz12o3u8bejfxzrobndpgvr	1	1	34	9	0	Go	GAL	1	0		0	1.0	1	0.8051	0.1917168056688358	-1.7090144663569633
coz12o3u8bejfxzrobndpgvr	1	1	38	10	0	Go	GAL	1	0		0	0.0	0	0.7254	0.2682201482721341	-1.3502287856835489
coz12o3u8bejfxzrobndpgvr	1	1	43	11	0	Go	GAL	1	1	0.449	1	0.0	1	0.7453	0.742518019157492	-0.30221368981992197
coz12o3u8bejfxzrobndpgvr	1	1	45	12	0	Go	GAL	1	1	0.724	1	0.0	1	0.8075	0.8075767959739129	-0.21685371045306454
coz12o3u8bejfxzrobndpgvr	1	1	51	13	0	Go	GAL	1	1	0.989	1	0.0	1	0.8544	0.856864234194697	-0.156638400023074
coz12o3u8bejfxzrobndpgvr	1	1	53	14	0	Go	GAL	1	1	0.839	1	1.0	0	0.8966	0.8934037553779636	-0.1141857523974619
coz12o3u8bejfxzrobndpgvr	1	1	57	15	0	Go	GAL	1	0		0	0.0	0	0.8312	0.1677427690291921	-1.8460774534633688
coz12o3u8bejfxzrobndpgvr	1	1	63	16	0	Go	GAL	1	0		0	0.0	0	0.837	0.16032004847216522	-1.8966225861288368
coz12o3u8bejfxzrobndpgvr	1	1	66	17	0	Go	GAL	1	1	0.739	1	0.0	1	0.8428	0.8467365544422202	-0.16868676839587898
coz12o3u8bejfxzrobndpgvr	1	1	69	18	0	Go	GAL	1	1	0.591	1	1.0	0	0.8876	0.8866285317780658	-0.12187587888976334
coz12o3u8bejfxzrobndpgvr	1	1	74	19	0	Go	GAL	1	1	0.963	1	0.0	1	0.8206	0.8230635168290684	-0.19758303092929774
coz12o3u8bejfxzrobndpgvr	1	1	79	20	0	Go	GAL	1	1	0.88	1	0.0	1	0.8678	0.8693779466004684	-0.1418224475841573
coz12o3u8bejfxzrobndpgvr	1	1	84	21	0	Go	GAL	1	1	1.131	1	0.0	1	0.9068	0.9033056829998777	-0.10290788367322276
coz12o3u8bejfxzrobndpgvr	1	1	85	22	0	Go	GAL	1	1	0.662	1	0.0	1	0.9273	0.9279547893405934	-0.07557668767676197
coz12o3u8bejfxzrobndpgvr	1	1	92	23	0	Go	GAL	1	1	0.614	1	1.0	0	0.9498	0.9458483879577061	-0.05620886724154235
coz12o3u8bejfxzrobndpgvr	1	1	95	24	0	Go	GAL	1	1	0.483	1	0.0	1	0.9046	0.9096525355641559	-0.09582620963317576
coz12o3u8bejfxzrobndpgvr	1	1	100	25	0	Go	GAL	1	1	0.727	1	0.0	1	0.9322	0.9326833347305022	-0.0704231196659337
coz12o3u8bejfxzrobndpgvr	1	1	104	26	0	Go	GAL	1	1	0.617	1	0.0	1	0.9477	0.9493653094643542	-0.05244489799566054
coz12o3u8bejfxzrobndpgvr	1	1	106	27	0	Go	GAL	1	0		0	0.0	0	0.9616	0.038492438418185074	-3.459271762717597
coz12o3u8bejfxzrobndpgvr	1	1	112	28	0	Go	GAL	1	1	0.586	1	1.0	0	0.9642	0.9633588338406346	-0.03763528928396526
coz12o3u8bejfxzrobndpgvr	1	1	114	29	0	Go	GAL	1	1	0.62	1	0.0	1	0.9389	0.93710441907941	-0.06570372298009855
coz12o3u8bejfxzrobndpgvr	1	1	120	30	0	Go	GAL	1	1	0.793	1	0.0	1	0.9545	0.9527745011958032	-0.04884896855322786
coz12o3u8bejfxzrobndpgvr	1	1	3	1	1	Go	GW	1	1	0.718	1	1.0	0	0.4727	0.47527233060696344	-0.7907074514147938
coz12o3u8bejfxzrobndpgvr	1	1	7	2	1	Go	GW	1	0		0	0.0	0	0.3665	0.6275228649047855	-0.4894575632560728
coz12o3u8bejfxzrobndpgvr	1	1	11	3	1	Go	GW	1	0		0	0.0	0	0.4701	0.5247276693930366	-0.6820317663563524
coz12o3u8bejfxzrobndpgvr	1	1	14	4	1	Go	GW	1	0		0	0.0	0	0.5703	0.42479642160731956	-0.9126320240222595
coz12o3u8bejfxzrobndpgvr	1	1	18	5	1	Go	GW	1	0		0	0.0	0	0.6644	0.33521658026849876	-1.1746154718723838
coz12o3u8bejfxzrobndpgvr	1	1	23	6	1	Go	GW	1	1	0.5	1	0.0	1	0.7451	0.7401137005231713	-0.3153942720946273
coz12o3u8bejfxzrobndpgvr	1	1	25	7	1	Go	GW	1	1	0.546	1	0.0	1	0.9556	0.9508039059975819	-0.05138401394361705
coz12o3u8bejfxzrobndpgvr	1	1	30	8	1	Go	GW	1	1	0.384	1	1.0	0	0.9865	0.9875272575952116	-0.012680559776848715
coz12o3u8bejfxzrobndpgvr	1	1	36	9	1	Go	GW	1	1	0.562	1	0.0	1	0.9788	0.9794946151058254	-0.02097936431128042
coz12o3u8bejfxzrobndpgvr	1	1	39	10	1	Go	GW	1	1	0.525	1	0.0	1	0.9947	0.9937514556255593	-0.006314422307512751
coz12o3u8bejfxzrobndpgvr	1	1	42	11	1	Go	GW	1	1	0.547	1	0.0	1	0.9965	0.9975867076336205	-0.0024266830749046
coz12o3u8bejfxzrobndpgvr	1	1	47	12	1	Go	GW	1	1	0.447	1	0.0	1	0.9989	0.9988815052413007	-0.0011220653061527074
coz12o3u8bejfxzrobndpgvr	1	1	49	13	1	Go	GW	1	1	0.544	1	1.0	0	0.9993	0.9993986093719442	-0.0006025786571413795
coz12o3u8bejfxzrobndpgvr	1	1	54	14	1	Go	GW	1	1	0.417	1	0.0	1	0.9989	0.998862726835442	-0.0011407045387732168
coz12o3u8bejfxzrobndpgvr	1	1	59	15	1	Go	GW	1	1	0.356	1	0.0	1	0.9991	0.9993926230004023	-0.0006085392588931326
coz12o3u8bejfxzrobndpgvr	1	1	64	16	1	Go	GW	1	1	0.456	1	0.0	1	0.9996	0.9996300924902123	-0.00037039672528694855
coz12o3u8bejfxzrobndpgvr	1	1	65	17	1	Go	GW	1	1	0.57	1	1.0	0	0.9996	0.9997492525384932	-0.0002509978370727802
coz12o3u8bejfxzrobndpgvr	1	1	71	18	1	Go	GW	1	1	0.484	1	0.0	1	0.9998	0.9994829596323949	-0.0005180306159844488
coz12o3u8bejfxzrobndpgvr	1	1	73	19	1	Go	GW	1	1	0.455	1	0.0	1	0.9999	0.999679619960242	-0.0003207895412151572
coz12o3u8bejfxzrobndpgvr	1	1	78	20	1	Go	GW	1	1	0.375	1	0.0	1	0.9996	0.9997770622474648	-0.00022315758033485169
coz12o3u8bejfxzrobndpgvr	1	1	83	21	1	Go	GW	1	1	0.458	1	1.0	0	0.9998	0.9998307524732268	-0.00016938912665485627
coz12o3u8bejfxzrobndpgvr	1	1	86	22	1	Go	GW	1	1	0.494	1	0.0	1	0.9998	0.9996318621662981	-0.00036881478354323493
coz12o3u8bejfxzrobndpgvr	1	1	89	23	1	Go	GW	1	1	0.444	1	0.0	1	0.9998	0.9997581674717306	-0.00024212353527720617
coz12o3u8bejfxzrobndpgvr	1	1	93	24	1	Go	GW	1	1	0.651	1	0.0	1	0.9998	0.9998218634783902	-0.0001783058225485934
coz12o3u8bejfxzrobndpgvr	1	1	99	25	1	Go	GW	1	1	0.587	1	0.0	1	1.0	0.9998579185602657	-0.00014219932847202809
coz12o3u8bejfxzrobndpgvr	1	1	102	26	1	Go	GW	1	1	0.668	1	0.0	1	0.9998	0.999879886012681	-0.00012020659318449844
coz12o3u8bejfxzrobndpgvr	1	1	108	27	1	Go	GW	1	1	0.46	1	0.0	1	0.9998	0.9998939876000559	-0.00010609132192976542
coz12o3u8bejfxzrobndpgvr	1	1	109	28	1	Go	GW	1	1	0.509	1	0.0	1	0.9995	0.9999034040663722	-9.66669363526495e-05
coz12o3u8bejfxzrobndpgvr	1	1	113	29	1	Go	GW	1	1	0.448	1	0.0	1	1.0	0.9999098904593046	-9.017572576328048e-05
coz12o3u8bejfxzrobndpgvr	1	1	119	30	1	Go	GW	1	1	0.483	1	1.0	0	0.9998	0.9999144726854061	-8.559045277470172e-05
coz12o3u8bejfxzrobndpgvr	1	1	4	1	0	No-Go	NGAL	0	1	1.016	0	0.0	0	0.5278	0.5341801039923076	-0.637711569571293
coz12o3u8bejfxzrobndpgvr	1	1	8	2	0	No-Go	NGAL	0	0		1	0.0	1	0.431	0.5736900690587038	-0.5653034063636896
coz12o3u8bejfxzrobndpgvr	1	1	10	3	0	No-Go	NGAL	0	0		1	0.0	1	0.3202	0.6744206191538457	-0.40115628845505447
coz12o3u8bejfxzrobndpgvr	1	1	16	4	0	No-Go	NGAL	0	0		1	0.0	1	0.2372	0.756771784363633	-0.2840942602603571
coz12o3u8bejfxzrobndpgvr	1	1	20	5	0	No-Go	NGAL	0	0		1	1.0	0	0.1781	0.8203674466848304	-0.2018463448660774
coz12o3u8bejfxzrobndpgvr	1	1	24	6	0	No-Go	NGAL	0	1	0.756	0	0.0	0	0.1883	0.188760154586266	-1.7471776483119976
coz12o3u8bejfxzrobndpgvr	1	1	27	7	0	No-Go	NGAL	0	0		1	0.0	1	0.1277	0.8648798651010946	-0.14796709084803192
coz12o3u8bejfxzrobndpgvr	1	1	32	8	0	No-Go	NGAL	0	0		1	0.0	1	0.0997	0.9018961271619961	-0.10510085399157909
coz12o3u8bejfxzrobndpgvr	1	1	33	9	0	No-Go	NGAL	0	0		1	1.0	0	0.0724	0.9283583695951327	-0.07552836840436981
coz12o3u8bejfxzrobndpgvr	1	1	40	10	0	No-Go	NGAL	0	0		1	0.0	1	0.0775	0.9239991673625926	-0.0803535354899374
coz12o3u8bejfxzrobndpgvr	1	1	44	11	0	No-Go	NGAL	0	0		1	0.0	1	0.055	0.9441258762125424	-0.05833299700059934
coz12o3u8bejfxzrobndpgvr	1	1	46	12	0	No-Go	NGAL	0	0		1	0.0	1	0.0381	0.9585247488324999	-0.04289421043736218
coz12o3u8bejfxzrobndpgvr	1	1	50	13	0	No-Go	NGAL	0	0		1	0.0	1	0.0309	0.9688864228278815	-0.03195016411471192
coz12o3u8bejfxzrobndpgvr	1	1	55	14	0	No-Go	NGAL	0	0		1	0.0	1	0.0237	0.9764016969852095	-0.024102141495985056
coz12o3u8bejfxzrobndpgvr	1	1	60	15	0	No-Go	NGAL	0	0		1	1.0	0	0.0179	0.9819017054449222	-0.018408163838976394
coz12o3u8bejfxzrobndpgvr	1	1	61	16	0	No-Go	NGAL	0	0		1	0.0	1	0.0194	0.9805908626311195	-0.019761842610420386
coz12o3u8bejfxzrobndpgvr	1	1	67	17	0	No-Go	NGAL	0	0		1	0.0	1	0.0169	0.9849941286938821	-0.01522602969938947
coz12o3u8bejfxzrobndpgvr	1	1	72	18	0	No-Go	NGAL	0	0		1	1.0	0	0.014	0.9882706079579994	-0.011869647243966877
coz12o3u8bejfxzrobndpgvr	1	1	76	19	0	No-Go	NGAL	0	0		1	0.0	1	0.0148	0.9873781121361747	-0.012782780841754724
coz12o3u8bejfxzrobndpgvr	1	1	80	20	0	No-Go	NGAL	0	0		1	0.0	1	0.0112	0.990060420476048	-0.010043476065905716
coz12o3u8bejfxzrobndpgvr	1	1	82	21	0	No-Go	NGAL	0	0		1	0.0	1	0.0076	0.9920894903094916	-0.00797894729238269
coz12o3u8bejfxzrobndpgvr	1	1	88	22	0	No-Go	NGAL	0	0		1	0.0	1	0.0069	0.993639271354015	-0.0064066963764328085
coz12o3u8bejfxzrobndpgvr	1	1	91	23	0	No-Go	NGAL	0	0		1	0.0	1	0.0052	0.9948341375533648	-0.005197334616740653
coz12o3u8bejfxzrobndpgvr	1	1	96	24	0	No-Go	NGAL	0	0		1	0.0	1	0.0043	0.9957637826946931	-0.004258174706751378
coz12o3u8bejfxzrobndpgvr	1	1	98	25	0	No-Go	NGAL	0	0		1	1.0	0	0.0054	0.9964934559834959	-0.0035221500512034785
coz12o3u8bejfxzrobndpgvr	1	1	103	26	0	No-Go	NGAL	0	0		1	0.0	1	0.0048	0.9961980762309848	-0.0038200756430865194
coz12o3u8bejfxzrobndpgvr	1	1	107	27	0	No-Go	NGAL	0	0		1	0.0	1	0.0027	0.9968365851083507	-0.003176454786055765
coz12o3u8bejfxzrobndpgvr	1	1	111	28	0	No-Go	NGAL	0	0		1	1.0	0	0.0023	0.9973443022661648	-0.002665237758618617
coz12o3u8bejfxzrobndpgvr	1	1	116	29	0	No-Go	NGAL	0	0		1	0.0	1	0.0028	0.997112795298054	-0.0028984012868070335
coz12o3u8bejfxzrobndpgvr	1	1	117	30	0	No-Go	NGAL	0	0		1	0.0	1	0.0027	0.997565303604809	-0.0024429639317669217
coz12o3u8bejfxzrobndpgvr	1	2	122	1	0	Go	GAL	1	1	0.813	1	0.0	1	0.5401	0.5341801039923076	-0.637711569571293
coz12o3u8bejfxzrobndpgvr	1	2	126	2	0	Go	GAL	1	1	1.025	1	0.0	1	0.6384	0.6388466618339589	-0.4553805259544719
coz12o3u8bejfxzrobndpgvr	1	2	129	3	0	Go	GAL	1	0		0	0.0	0	0.7293	0.27279177072426075	-1.3366979863457373
coz12o3u8bejfxzrobndpgvr	1	2	136	4	0	Go	GAL	1	1	0.804	1	0.0	1	0.7404	0.7378997524155984	-0.3088882666518246
coz12o3u8bejfxzrobndpgvr	1	2	139	5	0	Go	GAL	1	1	0.706	1	1.0	0	0.802	0.8057042100848024	-0.21955790871298914
coz12o3u8bejfxzrobndpgvr	1	2	143	6	0	Go	GAL	1	1	0.593	1	0.0	1	0.7234	0.7187124330616192	-0.33523871938980143
coz12o3u8bejfxzrobndpgvr	1	2	147	7	0	Go	GAL	1	1	0.666	1	0.0	1	0.7937	0.7911813938298815	-0.23776502751979262
coz12o3u8bejfxzrobndpgvr	1	2	150	8	0	Go	GAL	1	1	0.682	1	0.0	1	0.842	0.8461015953178405	-0.1695922350305553
coz12o3u8bejfxzrobndpgvr	1	2	155	9	0	Go	GAL	1	1	0.546	1	1.0	0	0.8914	0.8866170373502328	-0.12203000941222979
coz12o3u8bejfxzrobndpgvr	1	2	158	10	0	Go	GAL	1	1	0.617	1	0.0	1	0.8223	0.8248993158352714	-0.1951040311812189
coz12o3u8bejfxzrobndpgvr	1	2	163	11	0	Go	GAL	1	1	0.586	1	0.0	1	0.8737	0.871281095756164	-0.13959511512195832
coz12o3u8bejfxzrobndpgvr	1	2	166	12	0	Go	GAL	1	1	0.511	1	0.0	1	0.9031	0.9051103449647228	-0.10092342399278344
coz12o3u8bejfxzrobndpgvr	1	2	169	13	0	Go	GAL	1	1	0.932	1	0.0	1	0.9288	0.9295964045991097	-0.0738251324819361
coz12o3u8bejfxzrobndpgvr	1	2	176	14	0	Go	GAL	1	1	0.552	1	1.0	0	0.9479	0.9473102914601046	-0.054674303806860815
coz12o3u8bejfxzrobndpgvr	1	2	180	15	0	Go	GAL	1	1	0.691	1	0.0	1	0.9141	0.9130739273174914	-0.09193508447346715
coz12o3u8bejfxzrobndpgvr	1	2	183	16	0	Go	GAL	1	1	0.581	1	0.0	1	0.9396	0.9354860423794271	-0.06735607827515648
coz12o3u8bejfxzrobndpgvr	1	2	185	17	0	Go	GAL	1	1	0.624	1	0.0	1	0.9533	0.9516599070819822	-0.04999371905844393
coz12o3u8bejfxzrobndpgvr	1	2	192	18	0	Go	GAL	1	1	0.701	1	1.0	0	0.9616	0.9633939174245268	-0.037592084855854906
coz12o3u8bejfxzrobndpgvr	1	2	194	19	0	Go	GAL	1	1	0.644	1	0.0	1	0.9362	0.9378914876806012	-0.06474177621936993
coz12o3u8bejfxzrobndpgvr	1	2	198	20	0	Go	GAL	1	1	0.532	1	0.0	1	0.9532	0.9534953190913414	-0.048030710947833
coz12o3u8bejfxzrobndpgvr	1	2	201	21	0	Go	GAL	1	1	0.625	1	0.0	1	0.9672	0.9647887798401665	-0.03611996942865274
coz12o3u8bejfxzrobndpgvr	1	2	208	22	0	Go	GAL	1	1	1.024	1	0.0	1	0.9758	0.9730311653187511	-0.02752413455529529
coz12o3u8bejfxzrobndpgvr	1	2	210	23	0	Go	GAL	1	1	0.576	1	1.0	0	0.98	0.9791043726666417	-0.021243375778589667
coz12o3u8bejfxzrobndpgvr	1	2	216	24	0	Go	GAL	1	1	0.715	1	0.0	1	0.9622	0.9631987363641124	-0.03780413878827373
coz12o3u8bejfxzrobndpgvr	1	2	217	25	0	Go	GAL	1	1	0.608	1	0.0	1	0.9725	0.971924589778731	-0.02868051855962823
coz12o3u8bejfxzrobndpgvr	1	2	222	26	0	Go	GAL	1	1	0.731	1	0.0	1	0.9761	0.9783208612440687	-0.02205458656743671
coz12o3u8bejfxzrobndpgvr	1	2	226	27	0	Go	GAL	1	1	0.43	1	0.0	1	0.9811	0.9830597633219249	-0.017179324917593747
coz12o3u8bejfxzrobndpgvr	1	2	230	28	0	Go	GAL	1	1	0.542	1	1.0	0	0.9862	0.9866088746605632	-0.01354714238718071
coz12o3u8bejfxzrobndpgvr	1	2	236	29	0	Go	GAL	1	1	0.421	1	0.0	1	0.9734	0.9756994868592072	-0.02478734023247377
coz12o3u8bejfxzrobndpgvr	1	2	240	30	0	Go	GAL	1	1	0.529	1	0.0	1	0.9822	0.9811521160486373	-0.019150875517764718
coz12o3u8bejfxzrobndpgvr	1	2	121	1	1	Go	GW	1	1	0.659	1	1.0	0	0.476	0.47527233060696344	-0.7907074514147938
coz12o3u8bejfxzrobndpgvr	1	2	125	2	1	Go	GW	1	0		0	0.0	0	0.374	0.6275228649047855	-0.4894575632560728
coz12o3u8bejfxzrobndpgvr	1	2	130	3	1	Go	GW	1	1	0.664	1	0.0	1	0.4768	0.47527233060696344	-0.7907074514147938
coz12o3u8bejfxzrobndpgvr	1	2	133	4	1	Go	GW	1	1	0.634	1	0.0	1	0.8649	0.8646515500001329	-0.14943644435743372
coz12o3u8bejfxzrobndpgvr	1	2	137	5	1	Go	GW	1	1	0.51	1	0.0	1	0.967	0.9643166079944336	-0.03702370096661866
coz12o3u8bejfxzrobndpgvr	1	2	144	6	1	Go	GW	1	1	0.484	1	0.0	1	0.9888	0.9880290363427392	-0.0121800183192185
coz12o3u8bejfxzrobndpgvr	1	2	148	7	1	Go	GW	1	1	0.555	1	0.0	1	0.9947	0.9950446263317337	-0.005001633010415963
coz12o3u8bejfxzrobndpgvr	1	2	149	8	1	Go	GW	1	1	0.474	1	1.0	0	0.9969	0.99756275083396	-0.002450689616160466
coz12o3u8bejfxzrobndpgvr	1	2	156	9	1	Go	GW	1	1	0.478	1	0.0	1	0.9956	0.9954024572166501	-0.004636834115833732
coz12o3u8bejfxzrobndpgvr	1	2	157	10	1	Go	GW	1	1	0.532	1	0.0	1	0.9969	0.9977074569072234	-0.0023045445924280475
coz12o3u8bejfxzrobndpgvr	1	2	161	11	1	Go	GW	1	1	0.453	1	0.0	1	0.999	0.9986764571627895	-0.0013282320553889419
coz12o3u8bejfxzrobndpgvr	1	2	168	12	1	Go	GW	1	1	0.383	1	0.0	1	0.9992	0.9991385754501727	-0.0008637096195780239
coz12o3u8bejfxzrobndpgvr	1	2	172	13	1	Go	GW	1	1	0.485	1	1.0	0	0.9996	0.9993811977494231	-0.0006201643127496635
coz12o3u8bejfxzrobndpgvr	1	2	174	14	1	Go	GW	1	1	0.422	1	0.0	1	0.9992	0.9986724782238935	-0.0013338520623166184
coz12o3u8bejfxzrobndpgvr	1	2	178	15	1	Go	GW	1	1	0.407	1	0.0	1	0.9993	0.9991522151781195	-0.0008504792508335869
coz12o3u8bejfxzrobndpgvr	1	2	181	16	1	Go	GW	1	1	0.483	1	0.0	1	0.9992	0.9993926385348831	-0.0006088961890530976
coz12o3u8bejfxzrobndpgvr	1	2	186	17	1	Go	GW	1	1	0.498	1	1.0	0	0.9995	0.9995265988365388	-0.00047445357299714865
coz12o3u8bejfxzrobndpgvr	1	2	190	18	1	Go	GW	1	1	0.48	1	0.0	1	0.9992	0.9989353015635992	-0.001070327145973273
coz12o3u8bejfxzrobndpgvr	1	2	195	19	1	Go	GW	1	1	0.502	1	0.0	1	0.9993	0.999297664247353	-0.0007046853913866919
coz12o3u8bejfxzrobndpgvr	1	2	197	20	1	Go	GW	1	1	0.341	1	0.0	1	0.9996	0.9994780823253135	-0.0005232929454240621
coz12o3u8bejfxzrobndpgvr	1	2	203	21	1	Go	GW	1	1	0.495	1	1.0	0	0.9998	0.9995795301551063	-0.0004214445853795007
coz12o3u8bejfxzrobndpgvr	1	2	205	22	1	Go	GW	1	1	0.482	1	0.0	1	0.9985	0.9990334601622297	-0.0009719627180623354
coz12o3u8bejfxzrobndpgvr	1	2	212	23	1	Go	GW	1	1	0.476	1	0.0	1	0.9996	0.9993550742712136	-0.0006471707655519717
coz12o3u8bejfxzrobndpgvr	1	2	215	24	1	Go	GW	1	1	0.407	1	0.0	1	0.9995	0.9995135646899336	-0.00048775835323011186
coz12o3u8bejfxzrobndpgvr	1	2	218	25	1	Go	GW	1	1	0.602	1	0.0	1	0.9998	0.9996025096681309	-0.0003984376615002588
coz12o3u8bejfxzrobndpgvr	1	2	223	26	1	Go	GW	1	1	0.818	1	0.0	1	0.9997	0.9996565702477391	-0.00034419498000566617
coz12o3u8bejfxzrobndpgvr	1	2	227	27	1	Go	GW	1	1	0.529	1	0.0	1	0.9998	0.9996912707253687	-0.00030939654303722107
coz12o3u8bejfxzrobndpgvr	1	2	229	28	1	Go	GW	1	1	0.396	1	0.0	1	0.9998	0.9997144540105235	-0.0002861567742670701
coz12o3u8bejfxzrobndpgvr	1	2	234	29	1	Go	GW	1	1	0.445	1	0.0	1	0.9998	0.9997304281821131	-0.0002701483720436112
coz12o3u8bejfxzrobndpgvr	1	2	239	30	1	Go	GW	1	1	0.41	1	1.0	0	0.9995	0.9997417102419495	-0.00025884476978733564
coz12o3u8bejfxzrobndpgvr	1	2	124	1	0	No-Go	NGAL	0	0		1	0.0	1	0.5321	0.4658198960076924	-0.7778006616210505
coz12o3u8bejfxzrobndpgvr	1	2	127	2	0	No-Go	NGAL	0	1	1.065	0	0.0	0	0.4263	0.4263099309412964	-0.8703670597003436
coz12o3u8bejfxzrobndpgvr	1	2	131	3	0	No-Go	NGAL	0	0		1	0.0	1	0.3333	0.6744206191538457	-0.40115628845505447
coz12o3u8bejfxzrobndpgvr	1	2	134	4	0	No-Go	NGAL	0	0		1	0.0	1	0.2369	0.756771784363633	-0.2840942602603571
coz12o3u8bejfxzrobndpgvr	1	2	138	5	0	No-Go	NGAL	0	0		1	1.0	0	0.1789	0.8203674466848304	-0.2018463448660774
coz12o3u8bejfxzrobndpgvr	1	2	141	6	0	No-Go	NGAL	0	0		1	0.0	1	0.1906	0.8112398454137341	-0.21330905441498232
coz12o3u8bejfxzrobndpgvr	1	2	145	7	0	No-Go	NGAL	0	0		1	0.0	1	0.1313	0.8610366460101115	-0.1524466348548346
coz12o3u8bejfxzrobndpgvr	1	2	151	8	0	No-Go	NGAL	0	0		1	0.0	1	0.1059	0.8975588003511826	-0.10996385776773593
coz12o3u8bejfxzrobndpgvr	1	2	154	9	0	No-Go	NGAL	0	0		1	1.0	0	0.0755	0.9240843012874149	-0.0801904169781391
coz12o3u8bejfxzrobndpgvr	1	2	159	10	0	No-Go	NGAL	0	0		1	0.0	1	0.0825	0.9193393994486694	-0.08546304177911587
coz12o3u8bejfxzrobndpgvr	1	2	162	11	0	No-Go	NGAL	0	0		1	0.0	1	0.0589	0.9398635977182057	-0.0629080767774342
coz12o3u8bejfxzrobndpgvr	1	2	165	12	0	No-Go	NGAL	0	0		1	0.0	1	0.0461	0.9547616453337588	-0.046870928724726126
coz12o3u8bejfxzrobndpgvr	1	2	171	13	0	No-Go	NGAL	0	0		1	0.0	1	0.0352	0.965629778526679	-0.035351969217891695
coz12o3u8bejfxzrobndpgvr	1	2	175	14	0	No-Go	NGAL	0	0		1	0.0	1	0.0275	0.9736138311731706	-0.02698892201910956
coz12o3u8bejfxzrobndpgvr	1	2	177	15	0	No-Go	NGAL	0	0		1	1.0	0	0.0216	0.979527450916317	-0.02085032492929291
coz12o3u8bejfxzrobndpgvr	1	2	184	16	0	No-Go	NGAL	0	0		1	0.0	1	0.0222	0.978009855715103	-0.022421737896060983
coz12o3u8bejfxzrobndpgvr	1	2	188	17	0	No-Go	NGAL	0	0		1	0.0	1	0.0159	0.9828093521286697	-0.01746506797146741
coz12o3u8bejfxzrobndpgvr	1	2	189	18	0	No-Go	NGAL	0	0		1	1.0	0	0.0118	0.9864188732710277	-0.013759193059330785
coz12o3u8bejfxzrobndpgvr	1	2	196	19	0	No-Go	NGAL	0	0		1	0.0	1	0.0148	0.9853619799219155	-0.014843156992754694
coz12o3u8bejfxzrobndpgvr	1	2	199	20	0	No-Go	NGAL	0	0		1	0.0	1	0.0132	0.9883545324517096	-0.011780351859779605
coz12o3u8bejfxzrobndpgvr	1	2	204	21	0	No-Go	NGAL	0	0		1	0.0	1	0.0091	0.9906399101762541	-0.009450572157364836
coz12o3u8bejfxzrobndpgvr	1	2	206	22	0	No-Go	NGAL	0	0		1	0.0	1	0.0082	0.992401285742326	-0.0076606189954372935
coz12o3u8bejfxzrobndpgvr	1	2	211	23	0	No-Go	NGAL	0	0		1	0.0	1	0.0058	0.9937710174114818	-0.006272166589248197
coz12o3u8bejfxzrobndpgvr	1	2	213	24	0	No-Go	NGAL	0	0		1	0.0	1	0.0052	0.9948455006177556	-0.005185207126164333
coz12o3u8bejfxzrobndpgvr	1	2	220	25	0	No-Go	NGAL	0	0		1	1.0	0	0.0044	0.9956955091571761	-0.004326743819088249
coz12o3u8bejfxzrobndpgvr	1	2	221	26	0	No-Go	NGAL	0	0		1	0.0	1	0.0048	0.9953253914694882	-0.0047006305624381975
coz12o3u8bejfxzrobndpgvr	1	2	225	27	0	No-Go	NGAL	0	0		1	0.0	1	0.0043	0.9960773830886656	-0.003941671953815779
coz12o3u8bejfxzrobndpgvr	1	2	231	28	0	No-Go	NGAL	0	0		1	1.0	0	0.0036	0.9966796300105801	-0.00333458502415399
coz12o3u8bejfxzrobndpgvr	1	2	233	29	0	No-Go	NGAL	0	0		1	0.0	1	0.0036	0.9963843421559876	-0.0036324423738222106
coz12o3u8bejfxzrobndpgvr	1	2	238	30	0	No-Go	NGAL	0	0		1	0.0	1	0.0029	0.9969268383863651	-0.0030857921447520597
coz12o3u8bejfxzrobndpgvr	1	2	123	1	1	No-Go	NGW	0	1	1.02	0	1.0	1	0.4754	0.47527233060696344	-0.7907074514147938
coz12o3u8bejfxzrobndpgvr	1	2	128	2	1	No-Go	NGW	0	1	0.777	0	0.0	0	0.8593	0.8547875096648193	-0.16102612052600673
coz12o3u8bejfxzrobndpgvr	1	2	132	3	1	No-Go	NGW	0	0		1	0.0	1	0.7871	0.21890943443645275	-1.6047054801589122
coz12o3u8bejfxzrobndpgvr	1	2	135	4	1	No-Go	NGW	0	0		1	0.0	1	0.6972	0.29955483270233235	-1.258617285883892
coz12o3u8bejfxzrobndpgvr	1	2	140	5	1	No-Go	NGW	0	0		1	0.0	1	0.6104	0.39112288063263717	-0.9716050640127706
coz12o3u8bejfxzrobndpgvr	1	2	142	6	1	No-Go	NGW	0	0		1	0.0	1	0.5083	0.48688764623503705	-0.7403272918020418
coz12o3u8bejfxzrobndpgvr	1	2	146	7	1	No-Go	NGW	0	0		1	0.0	1	0.427	0.5794178688136213	-0.5589793537816133
coz12o3u8bejfxzrobndpgvr	1	2	152	8	1	No-Go	NGW	0	0		1	0.0	1	0.3369	0.6627939934872328	-0.420034126300187
coz12o3u8bejfxzrobndpgvr	1	2	153	9	1	No-Go	NGW	0	0		1	0.0	1	0.2724	0.7337925265044453	-0.31541150707329957
coz12o3u8bejfxzrobndpgvr	1	2	160	10	1	No-Go	NGW	0	0		1	1.0	0	0.2103	0.791748735806404	-0.23751549572800973
coz12o3u8bejfxzrobndpgvr	1	2	164	11	1	No-Go	NGW	0	0		1	0.0	1	0.3093	0.6862953127761606	-0.38400174095796463
coz12o3u8bejfxzrobndpgvr	1	2	167	12	1	No-Go	NGW	0	0		1	0.0	1	0.2496	0.7535303029943851	-0.2879731335955399
coz12o3u8bejfxzrobndpgvr	1	2	170	13	1	No-Go	NGW	0	0		1	1.0	0	0.1951	0.8077625448941219	-0.21686498907072807
coz12o3u8bejfxzrobndpgvr	1	2	173	14	1	No-Go	NGW	0	0		1	0.0	1	0.2958	0.7061721177189716	-0.3555466272865208
coz12o3u8bejfxzrobndpgvr	1	2	179	15	1	No-Go	NGW	0	0		1	0.0	1	0.2239	0.7699362281788077	-0.2663128319763368
coz12o3u8bejfxzrobndpgvr	1	2	182	16	1	No-Go	NGW	0	0		1	0.0	1	0.1855	0.8209116072553173	-0.20055313401704541
coz12o3u8bejfxzrobndpgvr	1	2	187	17	1	No-Go	NGW	0	0		1	0.0	1	0.1342	0.8607104708903655	-0.15217716882171353
coz12o3u8bejfxzrobndpgvr	1	2	191	18	1	No-Go	NGW	0	0		1	0.0	1	0.1109	0.891359415218964	-0.1165151163469824
coz12o3u8bejfxzrobndpgvr	1	2	193	19	1	No-Go	NGW	0	0		1	1.0	0	0.0834	0.9148092041256185	-0.0900980258112845
coz12o3u8bejfxzrobndpgvr	1	2	200	20	1	No-Go	NGW	0	0		1	0.0	1	0.1452	0.8548490881534615	-0.15980375298777538
coz12o3u8bejfxzrobndpgvr	1	2	202	21	1	No-Go	NGW	0	0		1	0.0	1	0.1146	0.8869867466686715	-0.12187567001930802
coz12o3u8bejfxzrobndpgvr	1	2	207	22	1	No-Go	NGW	0	0		1	0.0	1	0.0885	0.9115544706754029	-0.09392303009072915
coz12o3u8bejfxzrobndpgvr	1	2	209	23	1	No-Go	NGW	0	0		1	1.0	0	0.0734	0.9302922055862349	-0.07317119653595994
coz12o3u8bejfxzrobndpgvr	1	2	214	24	1	No-Go	NGW	0	0		1	0.0	1	0.1213	0.8783544432808252	-0.13274898399323454
coz12o3u8bejfxzrobndpgvr	1	2	219	25	1	No-Go	NGW	0	0		1	0.0	1	0.091	0.9050485843023652	-0.10170133039849402
coz12o3u8bejfxzrobndpgvr	1	2	224	26	1	No-Go	NGW	0	0		1	0.0	1	0.0713	0.9253932646137965	-0.07881291413981989
coz12o3u8bejfxzrobndpgvr	1	2	228	27	1	No-Go	NGW	0	0		1	0.0	1	0.0613	0.9409029851118943	-0.06178478188816297
coz12o3u8bejfxzrobndpgvr	1	2	232	28	1	No-Go	NGW	0	0		1	1.0	0	0.0475	0.9527682080258879	-0.04899254872727208
coz12o3u8bejfxzrobndpgvr	1	2	235	29	1	No-Go	NGW	0	0		1	0.0	1	0.0856	0.9142516737291411	-0.09194182267154308
coz12o3u8bejfxzrobndpgvr	1	2	237	30	1	No-Go	NGW	0	0		1	0.0	1	0.0708	0.9324686682275446	-0.07138060292368792
cspu6oze190o8a7gb4wvbkgp	1	1	4	1	1	Go	GW	1	1	0.856	1	0.0	1	0.6032	0.6036811756716698	-0.5343004884297529
cspu6oze190o8a7gb4wvbkgp	1	1	5	2	1	Go	GW	1	1	0.739	1	1.0	0	0.9374	0.9381146219844648	-0.06592694632664492
cspu6oze190o8a7gb4wvbkgp	1	1	12	3	1	Go	GW	1	1	0.822	1	0.0	1	0.7997	0.8031238134529868	-0.22899614483567227
cspu6oze190o8a7gb4wvbkgp	1	1	14	4	1	Go	GW	1	1	0.512	1	0.0	1	0.9602	0.9616426998444804	-0.040232542236543704
cspu6oze190o8a7gb4wvbkgp	1	1	18	5	1	Go	GW	1	1	0.303	1	0.0	1	0.9863	0.9862142086347311	-0.014089342394461727
cspu6oze190o8a7gb4wvbkgp	1	1	24	6	1	Go	GW	1	1	0.539	1	0.0	1	0.9923	0.9927542616979943	-0.007332745931042359
cspu6oze190o8a7gb4wvbkgp	1	1	28	7	1	Go	GW	1	1	0.496	1	0.0	1	0.9954	0.9951166353984989	-0.0049226722274537124
cspu6oze190o8a7gb4wvbkgp	1	1	29	8	1	Go	GW	1	1	0.521	1	0.0	1	0.9968	0.9961460782141545	-0.0038790383949041563
cspu6oze190o8a7gb4wvbkgp	1	1	35	9	1	Go	GW	1	1	0.467	1	0.0	1	0.9962	0.9966542196672213	-0.003365704113884582
cspu6oze190o8a7gb4wvbkgp	1	1	37	10	1	Go	GW	1	1	0.519	1	1.0	0	0.9976	0.9969280351769714	-0.0030896887536749815
cspu6oze190o8a7gb4wvbkgp	1	1	42	11	1	Go	GW	1	1	0.605	1	0.0	1	0.975	0.9753847408895399	-0.026087642303592916
cspu6oze190o8a7gb4wvbkgp	1	1	48	12	1	Go	GW	1	1	0.554	1	0.0	1	0.9927	0.9918429405426703	-0.00826645822706025
cspu6oze190o8a7gb4wvbkgp	1	1	50	13	1	Go	GW	1	1	0.602	1	1.0	0	0.995	0.995073573309929	-0.004967168634217576
cspu6oze190o8a7gb4wvbkgp	1	1	54	14	1	Go	GW	1	1	0.463	1	0.0	1	0.9657	0.9649860878067542	-0.03756998867126646
cspu6oze190o8a7gb4wvbkgp	1	1	58	15	1	Go	GW	1	1	0.473	1	0.0	1	0.991	0.9897630653940284	-0.010403401636209567
cspu6oze190o8a7gb4wvbkgp	1	1	62	16	1	Go	GW	1	1	0.373	1	0.0	1	0.9948	0.9943524477922827	-0.0056997101578474835
cspu6oze190o8a7gb4wvbkgp	1	1	68	17	1	Go	GW	1	1	0.351	1	0.0	1	0.9953	0.9958983181225897	-0.00413064484518316
cspu6oze190o8a7gb4wvbkgp	1	1	70	18	1	Go	GW	1	1	0.419	1	1.0	0	0.9975	0.9965676063854828	-0.0034538754997247814
cspu6oze190o8a7gb4wvbkgp	1	1	74	19	1	Go	GW	1	1	0.374	1	0.0	1	0.9719	0.9731510532913249	-0.02850675078026584
cspu6oze190o8a7gb4wvbkgp	1	1	79	20	1	Go	GW	1	1	0.373	1	0.0	1	0.9905	0.9913645872190433	-0.008758664773553821
cspu6oze190o8a7gb4wvbkgp	1	1	81	21	1	Go	GW	1	1	0.398	1	1.0	0	0.9957	0.9949117629943829	-0.0051319303451553035
cspu6oze190o8a7gb4wvbkgp	1	1	87	22	1	Go	GW	1	1	0.416	1	0.0	1	0.9638	0.9641432681746006	-0.03850116400867451
cspu6oze190o8a7gb4wvbkgp	1	1	89	23	1	Go	GW	1	1	0.388	1	0.0	1	0.9899	0.989590040792223	-0.010583774642548154
cspu6oze190o8a7gb4wvbkgp	1	1	95	24	1	Go	GW	1	1	0.52	1	0.0	1	0.9959	0.994299945219631	-0.005753613051217858
cspu6oze190o8a7gb4wvbkgp	1	1	98	25	1	Go	GW	1	1	0.493	1	0.0	1	0.9951	0.9958786006514844	-0.00415076401248813
cspu6oze190o8a7gb4wvbkgp	1	1	103	26	1	Go	GW	1	1	0.697	1	1.0	0	0.9971	0.996559231892605	-0.0034624015404223145
cspu6oze190o8a7gb4wvbkgp	1	1	108	27	1	Go	GW	1	1	0.457	1	0.0	1	0.9745	0.9730915272584553	-0.02857108149368786
cspu6oze190o8a7gb4wvbkgp	1	1	111	28	1	Go	GW	1	1	0.381	1	0.0	1	0.9887	0.9913522570783665	-0.008771692245253766
cspu6oze190o8a7gb4wvbkgp	1	1	113	29	1	Go	GW	1	1	0.376	1	0.0	1	0.9947	0.9949091677044495	-0.0051346866532059185
cspu6oze190o8a7gb4wvbkgp	1	1	120	30	1	Go	GW	1	1	0.252	1	0.0	1	0.9963	0.9961503942191068	-0.0038759436241545967
cspu6oze190o8a7gb4wvbkgp	1	1	1	1	0	No-Go	NGAL	0	0		1	0.0	1	0.61	0.3882501575962909	-0.9700694036808779
cspu6oze190o8a7gb4wvbkgp	1	1	7	2	0	No-Go	NGAL	0	0		1	0.0	1	0.3816	0.6311873083947744	-0.47192587188074925
cspu6oze190o8a7gb4wvbkgp	1	1	10	3	0	No-Go	NGAL	0	1	0.578	0	1.0	1	0.2056	0.20964399929739397	-1.6668983286303385
cspu6oze190o8a7gb4wvbkgp	1	1	15	4	0	No-Go	NGAL	0	1	0.516	0	0.0	0	0.4142	0.411836640367357	-0.9104852209583697
cspu6oze190o8a7gb4wvbkgp	1	1	19	5	0	No-Go	NGAL	0	0		1	0.0	1	0.1864	0.8159194235402926	-0.21065450585677242
cspu6oze190o8a7gb4wvbkgp	1	1	21	6	0	No-Go	NGAL	0	0		1	0.0	1	0.1097	0.893023436459244	-0.11645278660081172
cspu6oze190o8a7gb4wvbkgp	1	1	26	7	0	No-Go	NGAL	0	0		1	0.0	1	0.0622	0.9339928668312936	-0.06979382345875151
cspu6oze190o8a7gb4wvbkgp	1	1	32	8	0	No-Go	NGAL	0	0		1	1.0	0	0.0414	0.9566227644009568	-0.04506798881510458
cspu6oze190o8a7gb4wvbkgp	1	1	33	9	0	No-Go	NGAL	0	1	1.167	0	0.0	0	0.0666	0.06613325230673839	-2.9852275242420103
cspu6oze190o8a7gb4wvbkgp	1	1	38	10	0	No-Go	NGAL	0	0		1	0.0	1	0.0269	0.9714405877603535	-0.02937580082685269
cspu6oze190o8a7gb4wvbkgp	1	1	44	11	0	No-Go	NGAL	0	0		1	0.0	1	0.0184	0.9816867316229089	-0.018669133886874623
cspu6oze190o8a7gb4wvbkgp	1	1	46	12	0	No-Go	NGAL	0	0		1	0.0	1	0.014	0.987385381394248	-0.01279136671739143
cspu6oze190o8a7gb4wvbkgp	1	1	52	13	0	No-Go	NGAL	0	0		1	1.0	0	0.0104	0.9907816157016045	-0.00931578414375295
cspu6oze190o8a7gb4wvbkgp	1	1	56	14	0	No-Go	NGAL	0	0		1	0.0	1	0.0163	0.9847124678695925	-0.015567820489912424
cspu6oze190o8a7gb4wvbkgp	1	1	57	15	0	No-Go	NGAL	0	0		1	0.0	1	0.012	0.9894704995664412	-0.010654957608460932
cspu6oze190o8a7gb4wvbkgp	1	1	64	16	0	No-Go	NGAL	0	0		1	0.0	1	0.0078	0.9921927491330099	-0.007877494658360002
cspu6oze190o8a7gb4wvbkgp	1	1	65	17	0	No-Go	NGAL	0	0		1	0.0	1	0.0066	0.9938844544315191	-0.0061599932791998055
cspu6oze190o8a7gb4wvbkgp	1	1	71	18	0	No-Go	NGAL	0	0		1	1.0	0	0.005	0.9949952611167023	-0.005035604142040478
cspu6oze190o8a7gb4wvbkgp	1	1	76	19	0	No-Go	NGAL	0	0		1	0.0	1	0.0093	0.9909078932785574	-0.009224496711129833
cspu6oze190o8a7gb4wvbkgp	1	1	78	20	0	No-Go	NGAL	0	0		1	0.0	1	0.0056	0.9933173211168913	-0.0067432286836061
cspu6oze190o8a7gb4wvbkgp	1	1	83	21	0	No-Go	NGAL	0	0		1	0.0	1	0.0065	0.9947156242508747	-0.005321651324733555
cspu6oze190o8a7gb4wvbkgp	1	1	85	22	0	No-Go	NGAL	0	0		1	1.0	0	0.0038	0.9956085707827402	-0.004417651131740896
cspu6oze190o8a7gb4wvbkgp	1	1	90	23	0	No-Go	NGAL	0	0		1	0.0	1	0.0092	0.991596151353895	-0.008546230728355742
cspu6oze190o8a7gb4wvbkgp	1	1	94	24	0	No-Go	NGAL	0	0		1	0.0	1	0.0052	0.9938659763660002	-0.006192949011579301
cspu6oze190o8a7gb4wvbkgp	1	1	100	25	0	No-Go	NGAL	0	0		1	0.0	1	0.0076	0.9951326116347187	-0.004902575839656458
cspu6oze190o8a7gb4wvbkgp	1	1	102	26	0	No-Go	NGAL	0	0		1	0.0	1	0.0042	0.9959247860474774	-0.004099836587365278
cspu6oze190o8a7gb4wvbkgp	1	1	106	27	0	No-Go	NGAL	0	0		1	1.0	0	0.0036	0.9964548975622151	-0.0035640862246882924
cspu6oze190o8a7gb4wvbkgp	1	1	112	28	0	No-Go	NGAL	0	0		1	0.0	1	0.0076	0.9930252946693041	-0.007082312282417909
cspu6oze190o8a7gb4wvbkgp	1	1	116	29	0	No-Go	NGAL	0	0		1	0.0	1	0.0063	0.9947673124388943	-0.0052797407834563595
cspu6oze190o8a7gb4wvbkgp	1	1	117	30	0	No-Go	NGAL	0	0		1	0.0	1	0.0042	0.9957460107437736	-0.004283332708598928
cspu6oze190o8a7gb4wvbkgp	1	1	2	1	0	Go	GAL	1	0		0	1.0	1	0.6154	0.3882501575962909	-0.9700694036808779
cspu6oze190o8a7gb4wvbkgp	1	1	8	2	0	Go	GAL	1	0		0	0.0	0	0.3743	0.6311873083947744	-0.47192587188074925
cspu6oze190o8a7gb4wvbkgp	1	1	11	3	0	Go	GAL	1	1	0.776	1	0.0	1	0.4486	0.45251917758634935	-0.8156937124446616
cspu6oze190o8a7gb4wvbkgp	1	1	13	4	0	Go	GAL	1	1	0.715	1	0.0	1	0.6871	0.6888546730311362	-0.38285014875135465
cspu6oze190o8a7gb4wvbkgp	1	1	17	5	0	Go	GAL	1	1	0.429	1	0.0	1	0.8282	0.8293601593631836	-0.19208614135909488
cspu6oze190o8a7gb4wvbkgp	1	1	23	6	0	Go	GAL	1	1	0.8	1	1.0	0	0.9066	0.9023068089675765	-0.10501934879042242
cspu6oze190o8a7gb4wvbkgp	1	1	27	7	0	Go	GAL	1	0		0	0.0	0	0.6937	0.3020771193352599	-1.238077375668965
cspu6oze190o8a7gb4wvbkgp	1	1	31	8	0	Go	GAL	1	0		0	0.0	0	0.7616	0.241236678545282	-1.5063104798984837
cspu6oze190o8a7gb4wvbkgp	1	1	36	9	0	Go	GAL	1	1	0.547	1	0.0	1	0.8089	0.8042985344719191	-0.22564403357209034
cspu6oze190o8a7gb4wvbkgp	1	1	40	10	0	Go	GAL	1	1	0.513	1	0.0	1	0.9015	0.8999152424349557	-0.1082203888666523
cspu6oze190o8a7gb4wvbkgp	1	1	43	11	0	Go	GAL	1	1	0.443	1	0.0	1	0.9418	0.9442268454562762	-0.05851707271975642
cspu6oze190o8a7gb4wvbkgp	1	1	47	12	0	Go	GAL	1	0		0	1.0	1	0.9684	0.033784925333688424	-3.876653864273613
cspu6oze190o8a7gb4wvbkgp	1	1	51	13	0	Go	GAL	1	1	0.604	1	0.0	1	0.9205	0.920807049419962	-0.08388324389035716
cspu6oze190o8a7gb4wvbkgp	1	1	55	14	0	Go	GAL	1	1	0.569	1	0.0	1	0.9495	0.9476636800338564	-0.0544558381959002
cspu6oze190o8a7gb4wvbkgp	1	1	60	15	0	Go	GAL	1	1	0.819	1	0.0	1	0.9636	0.9631645737007246	-0.03792335837741428
cspu6oze190o8a7gb4wvbkgp	1	1	61	16	0	Go	GAL	1	1	0.561	1	0.0	1	0.9727	0.9725687676710946	-0.028059192992640813
cspu6oze190o8a7gb4wvbkgp	1	1	66	17	0	Go	GAL	1	1	0.447	1	0.0	1	0.9782	0.9785353210909192	-0.02186816780997453
cspu6oze190o8a7gb4wvbkgp	1	1	72	18	0	Go	GAL	1	1	0.486	1	0.0	1	0.9805	0.9824713505576765	-0.017813744156645297
cspu6oze190o8a7gb4wvbkgp	1	1	73	19	0	Go	GAL	1	1	0.481	1	1.0	0	0.9863	0.9851565738178956	-0.015061774482966715
cspu6oze190o8a7gb4wvbkgp	1	1	77	20	0	Go	GAL	1	1	0.535	1	0.0	1	0.9066	0.906750990873999	-0.10710339196901006
cspu6oze190o8a7gb4wvbkgp	1	1	84	21	0	Go	GAL	1	1	0.453	1	0.0	1	0.9406	0.9442036856889239	-0.05941976043146828
cspu6oze190o8a7gb4wvbkgp	1	1	86	22	0	Go	GAL	1	1	0.405	1	0.0	1	0.9669	0.9628737992983184	-0.03858614270980427
cspu6oze190o8a7gb4wvbkgp	1	1	92	23	0	Go	GAL	1	1	0.512	1	1.0	0	0.9721	0.9731033893926775	-0.0276549583409131
cspu6oze190o8a7gb4wvbkgp	1	1	93	24	0	Go	GAL	1	1	0.468	1	0.0	1	0.8579	0.8565540744935919	-0.17735282092803878
cspu6oze190o8a7gb4wvbkgp	1	1	97	25	0	Go	GAL	1	1	0.871	1	0.0	1	0.9144	0.9193431714893606	-0.08829303806039811
cspu6oze190o8a7gb4wvbkgp	1	1	101	26	0	Go	GAL	1	1	0.34	1	0.0	1	0.9499	0.949847685138071	-0.05277687730948455
cspu6oze190o8a7gb4wvbkgp	1	1	107	27	0	Go	GAL	1	1	0.33	1	0.0	1	0.9664	0.965697549601872	-0.03550110706024924
cspu6oze190o8a7gb4wvbkgp	1	1	110	28	0	Go	GAL	1	1	0.384	1	0.0	1	0.9745	0.9746873844178173	-0.025976202179004464
cspu6oze190o8a7gb4wvbkgp	1	1	114	29	0	Go	GAL	1	1	0.57	1	0.0	1	0.9785	0.9801691482141894	-0.020252982680107865
cspu6oze190o8a7gb4wvbkgp	1	1	118	30	0	Go	GAL	1	1	0.351	1	1.0	0	0.9835	0.9837061509047913	-0.016592134065815396
cspu6oze190o8a7gb4wvbkgp	1	1	3	1	1	No-Go	NGW	0	0		1	1.0	0	0.6065	0.3963188243283301	-0.9923758587536726
cspu6oze190o8a7gb4wvbkgp	1	1	6	2	1	No-Go	NGW	0	1	0.608	0	0.0	0	0.7951	0.7963399909642905	-0.24086882967636183
cspu6oze190o8a7gb4wvbkgp	1	1	9	3	1	No-Go	NGW	0	1	0.756	0	0.0	0	0.6057	0.6036811756716698	-0.5343004884297529
cspu6oze190o8a7gb4wvbkgp	1	1	16	4	1	No-Go	NGW	0	1	0.628	0	0.0	0	0.417	0.40853439044178624	-0.9555631829919767
cspu6oze190o8a7gb4wvbkgp	1	1	20	5	1	No-Go	NGW	0	0		1	0.0	1	0.2653	0.7346563717173582	-0.32176960557532985
cspu6oze190o8a7gb4wvbkgp	1	1	22	6	1	No-Go	NGW	0	0		1	0.0	1	0.111	0.8932319257025069	-0.11706103266107681
cspu6oze190o8a7gb4wvbkgp	1	1	25	7	1	No-Go	NGW	0	0		1	0.0	1	0.0496	0.951764977619227	-0.05085019090218597
cspu6oze190o8a7gb4wvbkgp	1	1	30	8	1	No-Go	NGW	0	0		1	0.0	1	0.0248	0.9755053723592886	-0.02530206623467456
cspu6oze190o8a7gb4wvbkgp	1	1	34	9	1	No-Go	NGW	0	0		1	1.0	0	0.0138	0.9862820501267654	-0.014005925562420446
cspu6oze190o8a7gb4wvbkgp	1	1	39	10	1	No-Go	NGW	0	0		1	0.0	1	0.0467	0.9538678193621839	-0.04808433430538218
cspu6oze190o8a7gb4wvbkgp	1	1	41	11	1	No-Go	NGW	0	0		1	0.0	1	0.0262	0.9774800560486239	-0.02308075162756329
cspu6oze190o8a7gb4wvbkgp	1	1	45	12	1	No-Go	NGW	0	0		1	0.0	1	0.0124	0.9875190808803352	-0.012681854075058712
cspu6oze190o8a7gb4wvbkgp	1	1	49	13	1	No-Go	NGW	0	0		1	0.0	1	0.0069	0.9923958464693593	-0.007687068783566527
cspu6oze190o8a7gb4wvbkgp	1	1	53	14	1	No-Go	NGW	0	0		1	0.0	1	0.0042	0.995000228146043	-0.005038105179129484
cspu6oze190o8a7gb4wvbkgp	1	1	59	15	1	No-Go	NGW	0	0		1	1.0	0	0.0033	0.9964954308401655	-0.003524166322792025
cspu6oze190o8a7gb4wvbkgp	1	1	63	16	1	No-Go	NGW	0	0		1	1.0	0	0.0143	0.9839419780332073	-0.01635332336963558
cspu6oze190o8a7gb4wvbkgp	1	1	67	17	1	No-Go	NGW	0	0		1	0.0	1	0.0619	0.94068551071169	-0.06371816245717184
cspu6oze190o8a7gb4wvbkgp	1	1	69	18	1	No-Go	NGW	0	0		1	0.0	1	0.0258	0.9754484349271354	-0.025141486290851996
cspu6oze190o8a7gb4wvbkgp	1	1	75	19	1	No-Go	NGW	0	0		1	0.0	1	0.0117	0.9874307957287921	-0.012736159355673713
cspu6oze190o8a7gb4wvbkgp	1	1	80	20	1	No-Go	NGW	0	0		1	0.0	1	0.0057	0.992616694025989	-0.0074475424350251805
cspu6oze190o8a7gb4wvbkgp	1	1	82	21	1	No-Go	NGW	0	0		1	0.0	1	0.0049	0.9952185457693882	-0.00481104000001766
cspu6oze190o8a7gb4wvbkgp	1	1	88	22	1	No-Go	NGW	0	0		1	0.0	1	0.0031	0.9966621912103761	-0.0033533377212355323
cspu6oze190o8a7gb4wvbkgp	1	1	91	23	1	No-Go	NGW	0	0		1	0.0	1	0.0029	0.9975244641874157	-0.0024846010244622854
cspu6oze190o8a7gb4wvbkgp	1	1	96	24	1	No-Go	NGW	0	0		1	1.0	0	0.0015	0.9980695095972903	-0.0019362883090514702
cspu6oze190o8a7gb4wvbkgp	1	1	99	25	1	No-Go	NGW	0	0		1	0.0	1	0.0096	0.9893045348402442	-0.010866840443355568
cspu6oze190o8a7gb4wvbkgp	1	1	104	26	1	No-Go	NGW	0	0		1	1.0	0	0.0069	0.9939986463549476	-0.006049185126258664
cspu6oze190o8a7gb4wvbkgp	1	1	105	27	1	No-Go	NGW	0	0		1	0.0	1	0.0268	0.9718995783458382	-0.02927823853037185
cspu6oze190o8a7gb4wvbkgp	1	1	109	28	1	No-Go	NGW	0	0		1	0.0	1	0.0129	0.9872182030007484	-0.012976930825916335
cspu6oze190o8a7gb4wvbkgp	1	1	115	29	1	No-Go	NGW	0	0		1	0.0	1	0.0063	0.992875266892812	-0.007186681822664003
cspu6oze190o8a7gb4wvbkgp	1	1	119	30	1	No-Go	NGW	0	0		1	0.0	1	0.0043	0.9954862659390791	-0.004540315626037921
cspu6oze190o8a7gb4wvbkgp	1	2	121	1	0	No-Go	NGAL	0	1	0.531	0	0.0	0	0.6081	0.6117498424037092	-0.5009040120734018
cspu6oze190o8a7gb4wvbkgp	1	2	127	2	0	No-Go	NGAL	0	1	0.903	0	0.0	0	0.362	0.3688126916052256	-1.0339687595049019
cspu6oze190o8a7gb4wvbkgp	1	2	129	3	0	No-Go	NGAL	0	0		1	1.0	0	0.2066	0.790356000702606	-0.2420947631229455
cspu6oze190o8a7gb4wvbkgp	1	2	133	4	0	No-Go	NGAL	0	0		1	0.0	1	0.2617	0.7401523776701646	-0.3087660118961095
cspu6oze190o8a7gb4wvbkgp	1	2	140	5	0	No-Go	NGAL	0	0		1	0.0	1	0.1228	0.8838373189654861	-0.12743499632629804
cspu6oze190o8a7gb4wvbkgp	1	2	142	6	0	No-Go	NGAL	0	0		1	0.0	1	0.0525	0.9428125965263573	-0.060480239735248575
cspu6oze190o8a7gb4wvbkgp	1	2	148	7	0	No-Go	NGAL	0	0		1	0.0	1	0.0313	0.9689529092827064	-0.032172474015258745
cspu6oze190o8a7gb4wvbkgp	1	2	152	8	0	No-Go	NGAL	0	0		1	1.0	0	0.0174	0.9816434417673529	-0.0187926245719266
cspu6oze190o8a7gb4wvbkgp	1	2	156	9	0	No-Go	NGAL	0	0		1	0.0	1	0.0257	0.9733265417283877	-0.027458288778512842
cspu6oze190o8a7gb4wvbkgp	1	2	159	10	0	No-Go	NGAL	0	0		1	0.0	1	0.0191	0.9841619091113273	-0.016142321106123136
cspu6oze190o8a7gb4wvbkgp	1	2	162	11	0	No-Go	NGAL	0	0		1	0.0	1	0.0098	0.9897931291904115	-0.010341894385053238
cspu6oze190o8a7gb4wvbkgp	1	2	166	12	0	No-Go	NGAL	0	0		1	0.0	1	0.0088	0.9929648286507287	-0.00710193792830867
cspu6oze190o8a7gb4wvbkgp	1	2	172	13	0	No-Go	NGAL	0	0		1	1.0	0	0.0061	0.9948652680763603	-0.005171131175980972
cspu6oze190o8a7gb4wvbkgp	1	2	173	14	0	No-Go	NGAL	0	0		1	0.0	1	0.0077	0.9916063348459562	-0.008488435528709167
cspu6oze190o8a7gb4wvbkgp	1	2	180	15	0	No-Go	NGAL	0	0		1	0.0	1	0.0054	0.9941985835365729	-0.005845282148965564
cspu6oze190o8a7gb4wvbkgp	1	2	181	16	0	No-Go	NGAL	0	0		1	0.0	1	0.0048	0.9956945760526406	-0.0043301913287369116
cspu6oze190o8a7gb4wvbkgp	1	2	186	17	0	No-Go	NGAL	0	0		1	0.0	1	0.0024	0.9966292504549706	-0.0033863962021843386
cspu6oze190o8a7gb4wvbkgp	1	2	192	18	0	No-Go	NGAL	0	0		1	1.0	0	0.0031	0.9972448875653132	-0.0027659187593299783
cspu6oze190o8a7gb4wvbkgp	1	2	196	19	0	No-Go	NGAL	0	0		1	0.0	1	0.0046	0.9950395631103159	-0.00500445434846512
cspu6oze190o8a7gb4wvbkgp	1	2	198	20	0	No-Go	NGAL	0	0		1	0.0	1	0.003	0.996351940471506	-0.003668231086383835
cspu6oze190o8a7gb4wvbkgp	1	2	203	21	0	No-Go	NGAL	0	0		1	0.0	1	0.0037	0.9971137684794449	-0.002898783154906978
cspu6oze190o8a7gb4wvbkgp	1	2	206	22	0	No-Go	NGAL	0	0		1	1.0	0	0.0033	0.9976016503142647	-0.002407218319635106
cspu6oze190o8a7gb4wvbkgp	1	2	212	23	0	No-Go	NGAL	0	0		1	0.0	1	0.0067	0.9954358977484271	-0.004611048858125862
cspu6oze190o8a7gb4wvbkgp	1	2	216	24	0	No-Go	NGAL	0	0		1	0.0	1	0.0037	0.996669920269837	-0.0033493272457752405
cspu6oze190o8a7gb4wvbkgp	1	2	220	25	0	No-Go	NGAL	0	0		1	0.0	1	0.0021	0.9973555688070092	-0.00265606759605503
cspu6oze190o8a7gb4wvbkgp	1	2	223	26	0	No-Go	NGAL	0	0		1	0.0	1	0.0026	0.9977849729302514	-0.0022232300194233736
cspu6oze190o8a7gb4wvbkgp	1	2	228	27	0	No-Go	NGAL	0	0		1	1.0	0	0.0024	0.9980728828665768	-0.0019334666703831643
cspu6oze190o8a7gb4wvbkgp	1	2	232	28	0	No-Go	NGAL	0	0		1	0.0	1	0.0036	0.9962247329509555	-0.0038107859124708173
cspu6oze190o8a7gb4wvbkgp	1	2	235	29	0	No-Go	NGAL	0	0		1	0.0	1	0.0027	0.9971695416611339	-0.0028457586157076943
cspu6oze190o8a7gb4wvbkgp	1	2	237	30	0	No-Go	NGAL	0	0		1	0.0	1	0.0011	0.9976971240864078	-0.0023125178945657696
cspu6oze190o8a7gb4wvbkgp	1	2	122	1	1	No-Go	NGW	0	1	0.79	0	1.0	1	0.6052	0.6036811756716698	-0.5343004884297529
cspu6oze190o8a7gb4wvbkgp	1	2	128	2	1	No-Go	NGW	0	1	0.861	0	0.0	0	0.9348	0.9381146219844648	-0.06592694632664492
cspu6oze190o8a7gb4wvbkgp	1	2	130	3	1	No-Go	NGW	0	0		1	0.0	1	0.805	0.19687618654701322	-1.798206770919757
cspu6oze190o8a7gb4wvbkgp	1	2	134	4	1	No-Go	NGW	0	1	1.197	0	0.0	0	0.6102	0.6085278561988846	-0.5459374874787174
cspu6oze190o8a7gb4wvbkgp	1	2	138	5	1	No-Go	NGW	0	0		1	0.0	1	0.3468	0.654394541156705	-0.47308477562774
cspu6oze190o8a7gb4wvbkgp	1	2	141	6	1	No-Go	NGW	0	0		1	0.0	1	0.1998	0.7976581240733108	-0.2478484118094373
cspu6oze190o8a7gb4wvbkgp	1	2	145	7	1	No-Go	NGW	0	0		1	0.0	1	0.1182	0.8789588698342524	-0.1381261157517004
cspu6oze190o8a7gb4wvbkgp	1	2	151	8	1	No-Go	NGW	0	0		1	0.0	1	0.0752	0.9244170782025106	-0.08246026676292505
cspu6oze190o8a7gb4wvbkgp	1	2	154	9	1	No-Go	NGW	0	0		1	1.0	0	0.053	0.9503763402200756	-0.052619153441661536
cspu6oze190o8a7gb4wvbkgp	1	2	157	10	1	No-Go	NGW	0	0		1	0.0	1	0.1767	0.8218070286275649	-0.20307061187252914
cspu6oze190o8a7gb4wvbkgp	1	2	164	11	1	No-Go	NGW	0	0		1	0.0	1	0.1013	0.8983759462050197	-0.11032419109602418
cspu6oze190o8a7gb4wvbkgp	1	2	167	12	1	No-Go	NGW	0	0		1	0.0	1	0.0629	0.9373687785547002	-0.06619301898152964
cspu6oze190o8a7gb4wvbkgp	1	2	170	13	1	No-Go	NGW	0	0		1	0.0	1	0.0431	0.9586410225153861	-0.042996140066159115
cspu6oze190o8a7gb4wvbkgp	1	2	176	14	1	No-Go	NGW	0	0		1	0.0	1	0.0308	0.9709903497812674	-0.02984168106520211
cspu6oze190o8a7gb4wvbkgp	1	2	179	15	1	No-Go	NGW	0	0		1	1.0	0	0.0205	0.978549828520367	-0.021913794341568562
cspu6oze190o8a7gb4wvbkgp	1	2	183	16	1	No-Go	NGW	0	0		1	1.0	0	0.1038	0.8982852043108834	-0.11022671156667069
cspu6oze190o8a7gb4wvbkgp	1	2	188	17	1	No-Go	NGW	0	0		1	0.0	1	0.3064	0.6888977125979416	-0.4113991347314527
cspu6oze190o8a7gb4wvbkgp	1	2	190	18	1	No-Go	NGW	0	0		1	0.0	1	0.161	0.8385454806063206	-0.18200173762506902
cspu6oze190o8a7gb4wvbkgp	1	2	194	19	1	No-Go	NGW	0	0		1	0.0	1	0.0926	0.910314939020858	-0.09597145081904099
cspu6oze190o8a7gb4wvbkgp	1	2	199	20	1	No-Go	NGW	0	0		1	0.0	1	0.0556	0.9452796228150206	-0.057184440721950336
cspu6oze190o8a7gb4wvbkgp	1	2	201	21	1	No-Go	NGW	0	0		1	0.0	1	0.032	0.9637901422252491	-0.03735157955708629
cspu6oze190o8a7gb4wvbkgp	1	2	205	22	1	No-Go	NGW	0	0		1	0.0	1	0.0244	0.9743688432461588	-0.02623195436500482
cspu6oze190o8a7gb4wvbkgp	1	2	210	23	1	No-Go	NGW	0	0		1	0.0	1	0.0189	0.9808075266610212	-0.019543398803168792
cspu6oze190o8a7gb4wvbkgp	1	2	213	24	1	No-Go	NGW	0	0		1	1.0	0	0.0176	0.9849326158546433	-0.015291462751122682
cspu6oze190o8a7gb4wvbkgp	1	2	217	25	1	No-Go	NGW	0	0		1	0.0	1	0.0847	0.9191298766282886	-0.08699146363977472
cspu6oze190o8a7gb4wvbkgp	1	2	222	26	1	No-Go	NGW	0	1	0.757	0	1.0	1	0.0486	0.047708488144427436	-3.383440946446666
cspu6oze190o8a7gb4wvbkgp	1	2	226	27	1	No-Go	NGW	0	0		1	0.0	1	0.3779	0.6209568816869331	-0.6056894492722465
cspu6oze190o8a7gb4wvbkgp	1	2	231	28	1	No-Go	NGW	0	1	0.855	0	0.0	0	0.2898	0.290381642342944	-1.6742438869248033
cspu6oze190o8a7gb4wvbkgp	1	2	234	29	1	No-Go	NGW	0	0		1	0.0	1	0.0928	0.9084089464468993	-0.09983994141765361
cspu6oze190o8a7gb4wvbkgp	1	2	238	30	1	No-Go	NGW	0	0		1	0.0	1	0.0727	0.9336587690131315	-0.07074150960610526
cspu6oze190o8a7gb4wvbkgp	1	2	123	1	1	Go	GW	1	0		0	0.0	0	0.5994	0.3963188243283301	-0.9923758587536726
cspu6oze190o8a7gb4wvbkgp	1	2	125	2	1	Go	GW	1	1	0.766	1	1.0	0	0.8003	0.7963399909642905	-0.24086882967636183
cspu6oze190o8a7gb4wvbkgp	1	2	132	3	1	Go	GW	1	0		0	0.0	0	0.611	0.3963188243283301	-0.9923758587536726
cspu6oze190o8a7gb4wvbkgp	1	2	136	4	1	Go	GW	1	1	0.75	1	0.0	1	0.7696	0.7686851934346014	-0.2767170395654274
cspu6oze190o8a7gb4wvbkgp	1	2	139	5	1	Go	GW	1	1	0.99	1	0.0	1	0.9776	0.9771336863673883	-0.023698311927198908
cspu6oze190o8a7gb4wvbkgp	1	2	143	6	1	Go	GW	1	1	0.48	1	0.0	1	0.9943	0.9943466137796517	-0.005732821022834049
cspu6oze190o8a7gb4wvbkgp	1	2	147	7	1	Go	GW	1	1	0.717	1	0.0	1	0.9983	0.9977288233744234	-0.0022861538813267503
cspu6oze190o8a7gb4wvbkgp	1	2	150	8	1	Go	GW	1	1	0.556	1	0.0	1	0.9989	0.9987503879510651	-0.0012540379508143027
cspu6oze190o8a7gb4wvbkgp	1	2	155	9	1	Go	GW	1	1	0.645	1	0.0	1	0.9989	0.999147025144067	-0.0008548656358293619
cspu6oze190o8a7gb4wvbkgp	1	2	160	10	1	Go	GW	1	1	0.376	1	1.0	0	0.9994	0.9993282746795552	-0.0006728263209273828
cspu6oze190o8a7gb4wvbkgp	1	2	163	11	1	Go	GW	1	1	0.482	1	0.0	1	0.9951	0.995712111041508	-0.004321723576715952
cspu6oze190o8a7gb4wvbkgp	1	2	168	12	1	Go	GW	1	1	0.537	1	0.0	1	0.9981	0.9984526525851471	-0.0015518823119351321
cspu6oze190o8a7gb4wvbkgp	1	2	169	13	1	Go	GW	1	1	0.463	1	1.0	0	0.9991	0.9990688345864374	-0.0009329939907561755
cspu6oze190o8a7gb4wvbkgp	1	2	175	14	1	Go	GW	1	1	0.479	1	0.0	1	0.9958	0.9942644204721277	-0.0057923021176337795
cspu6oze190o8a7gb4wvbkgp	1	2	178	15	1	Go	GW	1	1	0.502	1	0.0	1	0.9981	0.9981764660266119	-0.0018297038972545957
cspu6oze190o8a7gb4wvbkgp	1	2	184	16	1	Go	GW	1	1	0.237	1	0.0	1	0.9989	0.9989760778444723	-0.0010261018521446974
cspu6oze190o8a7gb4wvbkgp	1	2	187	17	1	Go	GW	1	1	0.443	1	0.0	1	0.9993	0.9992632949520294	-0.0007379037193126134
cspu6oze190o8a7gb4wvbkgp	1	2	191	18	1	Go	GW	1	1	0.492	1	1.0	0	0.9995	0.9993930535109006	-0.0006077975558797803
cspu6oze190o8a7gb4wvbkgp	1	2	195	19	1	Go	GW	1	1	0.346	1	0.0	1	0.9955	0.9958392312977913	-0.004195077205246789
cspu6oze190o8a7gb4wvbkgp	1	2	200	20	1	Go	GW	1	1	0.494	1	0.0	1	0.9986	0.9985405660770656	-0.0014635275847639797
cspu6oze190o8a7gb4wvbkgp	1	2	202	21	1	Go	GW	1	1	0.491	1	1.0	0	0.9993	0.9991167407645415	-0.00088490488011802
cspu6oze190o8a7gb4wvbkgp	1	2	207	22	1	Go	GW	1	1	0.553	1	0.0	1	0.995	0.9943882085868104	-0.0056682245889974605
cspu6oze190o8a7gb4wvbkgp	1	2	211	23	1	Go	GW	1	1	0.389	1	0.0	1	0.9981	0.9982383479636675	-0.0017674711830421958
cspu6oze190o8a7gb4wvbkgp	1	2	214	24	1	Go	GW	1	1	0.614	1	0.0	1	0.9989	0.9990078122314054	-0.0009942323295398761
cspu6oze190o8a7gb4wvbkgp	1	2	218	25	1	Go	GW	1	1	0.372	1	0.0	1	0.9989	0.9992809675008822	-0.0007201753776909399
cspu6oze190o8a7gb4wvbkgp	1	2	224	26	1	Go	GW	1	1	0.611	1	1.0	0	0.9995	0.9994036046104149	-0.0005972213675733704
cspu6oze190o8a7gb4wvbkgp	1	2	227	27	1	Go	GW	1	1	0.249	1	0.0	1	0.9964	0.9958699850539153	-0.0041642262588951155
cspu6oze190o8a7gb4wvbkgp	1	2	230	28	1	Go	GW	1	1	0.474	1	0.0	1	0.9988	0.9985561834577639	-0.001447850612745438
cspu6oze190o8a7gb4wvbkgp	1	2	236	29	1	Go	GW	1	1	0.521	1	0.0	1	0.9992	0.9991254173457779	-0.0008762025158407269
cspu6oze190o8a7gb4wvbkgp	1	2	239	30	1	Go	GW	1	1	0.461	1	0.0	1	0.9993	0.9993359021569617	-0.0006650924653365086
cspu6oze190o8a7gb4wvbkgp	1	2	124	1	0	Go	GAL	1	1	0.873	1	1.0	0	0.6063	0.6117498424037092	-0.5009040120734018
cspu6oze190o8a7gb4wvbkgp	1	2	126	2	0	Go	GAL	1	1	1.146	1	0.0	1	0.367	0.3688126916052256	-1.0339687595049019
cspu6oze190o8a7gb4wvbkgp	1	2	131	3	0	Go	GAL	1	1	1.005	1	0.0	1	0.66	0.6534922308492694	-0.43600759801901645
cspu6oze190o8a7gb4wvbkgp	1	2	135	4	0	Go	GAL	1	1	1.058	1	0.0	1	0.827	0.8256402644086326	-0.1974862931261381
cspu6oze190o8a7gb4wvbkgp	1	2	137	5	0	Go	GAL	1	1	1.001	1	0.0	1	0.9066	0.908261986487726	-0.09876274162768003
cspu6oze190o8a7gb4wvbkgp	1	2	144	6	0	Go	GAL	1	1	0.931	1	1.0	0	0.9474	0.9480189297383284	-0.05443114937846682
cspu6oze190o8a7gb4wvbkgp	1	2	146	7	0	Go	GAL	1	0		0	0.0	0	0.8298	0.17443836139970267	-1.8133655842374246
cspu6oze190o8a7gb4wvbkgp	1	2	149	8	0	Go	GAL	1	0		0	0.0	0	0.863	0.13675170104262438	-2.076549297383332
cspu6oze190o8a7gb4wvbkgp	1	2	153	9	0	Go	GAL	1	1	0.256	1	0.0	1	0.8901	0.8899273094052487	-0.11871252500966212
cspu6oze190o8a7gb4wvbkgp	1	2	158	10	0	Go	GAL	1	1	0.577	1	0.0	1	0.9496	0.9452105916628954	-0.05726564135868827
cspu6oze190o8a7gb4wvbkgp	1	2	161	11	0	Go	GAL	1	1	1.01	1	0.0	1	0.9721	0.9695684685118414	-0.03130220846354786
cspu6oze190o8a7gb4wvbkgp	1	2	165	12	0	Go	GAL	1	1	0.587	1	1.0	0	0.9805	0.9815162070300925	-0.018836311830491274
cspu6oze190o8a7gb4wvbkgp	1	2	171	13	0	Go	GAL	1	1	0.601	1	0.0	1	0.9278	0.9282437664419838	-0.0754146462183467
cspu6oze190o8a7gb4wvbkgp	1	2	174	14	0	Go	GAL	1	1	0.615	1	0.0	1	0.9621	0.9634277463953406	-0.03761166340907717
cspu6oze190o8a7gb4wvbkgp	1	2	177	15	0	Go	GAL	1	1	0.606	1	0.0	1	0.9765	0.9788896972477708	-0.021499197836907034
cspu6oze190o8a7gb4wvbkgp	1	2	182	16	0	Go	GAL	1	1	0.444	1	0.0	1	0.9861	0.9866243050318164	-0.013546765591954068
cspu6oze190o8a7gb4wvbkgp	1	2	185	17	0	Go	GAL	1	1	0.576	1	0.0	1	0.9898	0.9908734180231277	-0.00921164722873434
cspu6oze190o8a7gb4wvbkgp	1	2	189	18	0	Go	GAL	1	1	0.569	1	0.0	1	0.9936	0.9933796657811595	-0.006667253584977773
cspu6oze190o8a7gb4wvbkgp	1	2	193	19	0	Go	GAL	1	1	0.495	1	1.0	0	0.9953	0.9949432098482286	-0.0050851651988311425
cspu6oze190o8a7gb4wvbkgp	1	2	197	20	0	Go	GAL	1	1	0.437	1	0.0	1	0.9706	0.9730483812523817	-0.02764146465895663
cspu6oze190o8a7gb4wvbkgp	1	2	204	21	0	Go	GAL	1	1	0.485	1	0.0	1	0.986	0.9847115023412841	-0.015499313849884979
cspu6oze190o8a7gb4wvbkgp	1	2	208	22	0	Go	GAL	1	1	0.518	1	0.0	1	0.9908	0.9901499275748309	-0.009942171024627034
cspu6oze190o8a7gb4wvbkgp	1	2	209	23	0	Go	GAL	1	1	0.476	1	1.0	0	0.9926	0.9930784303928569	-0.006970006360593723
cspu6oze190o8a7gb4wvbkgp	1	2	215	24	0	Go	GAL	1	1	0.598	1	0.0	1	0.9623	0.9636283513076518	-0.0377170047690648
cspu6oze190o8a7gb4wvbkgp	1	2	219	25	0	Go	GAL	1	1	0.61	1	0.0	1	0.9809	0.9808389554911606	-0.019496284032169464
cspu6oze190o8a7gb4wvbkgp	1	2	221	26	0	Go	GAL	1	1	0.841	1	0.0	1	0.9886	0.9882736037807958	-0.011855947848435895
cspu6oze190o8a7gb4wvbkgp	1	2	225	27	0	Go	GAL	1	1	0.552	1	0.0	1	0.9917	0.9920590551169911	-0.008003906742477054
cspu6oze190o8a7gb4wvbkgp	1	2	229	28	0	Go	GAL	1	1	0.605	1	0.0	1	0.9945	0.994207301281278	-0.0058282308478088025
cspu6oze190o8a7gb4wvbkgp	1	2	233	29	0	Go	GAL	1	1	0.526	1	0.0	1	0.9956	0.9955233829882622	-0.004499014482662442
cspu6oze190o8a7gb4wvbkgp	1	2	240	30	0	Go	GAL	1	1	0.61	1	1.0	0	0.9971	0.9963768889807776	-0.0036385209031974913
d5lczvoy71v8c7w2xhhphgcb	1	2	123	1	1	No-Go	NGW	0	1	1.097	0	0.0	0	0.3876	0.38635243629727645	-0.971975006466365
d5lczvoy71v8c7w2xhhphgcb	1	2	128	2	1	No-Go	NGW	0	0		1	1.0	0	0.3295	0.6732930187178418	-0.4021889420177409
d5lczvoy71v8c7w2xhhphgcb	1	2	130	3	1	No-Go	NGW	0	1	0.673	0	0.0	0	0.3782	0.38635243629727645	-0.971975006466365
d5lczvoy71v8c7w2xhhphgcb	1	2	133	4	1	No-Go	NGW	0	1	1.28	0	0.0	0	0.3405	0.34176918378302423	-1.0988970600721713
d5lczvoy71v8c7w2xhhphgcb	1	2	137	5	1	No-Go	NGW	0	1	1.052	0	0.0	0	0.3046	0.30993151616954406	-1.2015812132557795
d5lczvoy71v8c7w2xhhphgcb	1	2	143	6	1	No-Go	NGW	0	0		1	0.0	1	0.2892	0.7133299113582001	-0.3434671072632491
d5lczvoy71v8c7w2xhhphgcb	1	2	148	7	1	No-Go	NGW	0	0		1	0.0	1	0.2263	0.7744400309125556	-0.26070538908053964
d5lczvoy71v8c7w2xhhphgcb	1	2	151	8	1	No-Go	NGW	0	0		1	0.0	1	0.1798	0.8120266241527686	-0.21301964614808624
d5lczvoy71v8c7w2xhhphgcb	1	2	154	9	1	No-Go	NGW	0	1	0.706	0	0.0	0	0.1626	0.16316587868577972	-1.9200492258303918
d5lczvoy71v8c7w2xhhphgcb	1	2	158	10	1	No-Go	NGW	0	0		1	1.0	0	0.1508	0.8483292744639641	-0.16825680920937766
d5lczvoy71v8c7w2xhhphgcb	1	2	163	11	1	No-Go	NGW	0	0		1	0.0	1	0.2031	0.7950046165397158	-0.23354296214574194
d5lczvoy71v8c7w2xhhphgcb	1	2	166	12	1	No-Go	NGW	0	0		1	0.0	1	0.1655	0.8305929415299513	-0.18923761218621674
d5lczvoy71v8c7w2xhhphgcb	1	2	172	13	1	No-Go	NGW	0	0		1	0.0	1	0.1498	0.8531161125851522	-0.16214623852708618
d5lczvoy71v8c7w2xhhphgcb	1	2	176	14	1	No-Go	NGW	0	0		1	0.0	1	0.1331	0.8684228470307948	-0.14401192180274142
d5lczvoy71v8c7w2xhhphgcb	1	2	177	15	1	No-Go	NGW	0	0		1	1.0	0	0.1221	0.8793209680454213	-0.13121846586037222
d5lczvoy71v8c7w2xhhphgcb	1	2	182	16	1	No-Go	NGW	0	0		1	0.0	1	0.169	0.8267329400411502	-0.19377098217254612
d5lczvoy71v8c7w2xhhphgcb	1	2	185	17	1	No-Go	NGW	0	0		1	0.0	1	0.149	0.8530053797105	-0.1617630271415868
d5lczvoy71v8c7w2xhhphgcb	1	2	190	18	1	No-Go	NGW	0	0		1	1.0	0	0.1282	0.8696087945150175	-0.14219767798888927
d5lczvoy71v8c7w2xhhphgcb	1	2	196	19	1	No-Go	NGW	0	0		1	0.0	1	0.1907	0.8167550089239668	-0.20611071677624296
d5lczvoy71v8c7w2xhhphgcb	1	2	200	20	1	No-Go	NGW	0	0		1	0.0	1	0.1563	0.8469723996378731	-0.16883297378484266
d5lczvoy71v8c7w2xhhphgcb	1	2	201	21	1	No-Go	NGW	0	0		1	0.0	1	0.134	0.8657442210547535	-0.1466010824856423
d5lczvoy71v8c7w2xhhphgcb	1	2	207	22	1	No-Go	NGW	0	1	0.318	0	1.0	1	0.1186	0.12162571315635269	-2.2175076168000825
d5lczvoy71v8c7w2xhhphgcb	1	2	211	23	1	No-Go	NGW	0	0		1	0.0	1	0.3336	0.6559964202353192	-0.4341515893357132
d5lczvoy71v8c7w2xhhphgcb	1	2	215	24	1	No-Go	NGW	0	0		1	0.0	1	0.3227	0.6756599033433984	-0.403382642754829
d5lczvoy71v8c7w2xhhphgcb	1	2	218	25	1	No-Go	NGW	0	0		1	0.0	1	0.3105	0.6903317621597678	-0.38129713879925115
d5lczvoy71v8c7w2xhhphgcb	1	2	222	26	1	No-Go	NGW	0	0		1	0.0	1	0.3011	0.7014752529138405	-0.365026863720382
d5lczvoy71v8c7w2xhhphgcb	1	2	227	27	1	No-Go	NGW	0	0		1	0.0	1	0.2866	0.710070785149506	-0.3527923569219742
d5lczvoy71v8c7w2xhhphgcb	1	2	230	28	1	No-Go	NGW	0	0		1	0.0	1	0.2873	0.7167913316914248	-0.34343615639839226
d5lczvoy71v8c7w2xhhphgcb	1	2	234	29	1	No-Go	NGW	0	0		1	1.0	0	0.277	0.7221091660458655	-0.33617819202227944
d5lczvoy71v8c7w2xhhphgcb	1	2	240	30	1	No-Go	NGW	0	0		1	0.0	1	0.396	0.6114446284106756	-0.5311943908234948
d5lczvoy71v8c7w2xhhphgcb	1	2	121	1	0	No-Go	NGAL	0	1	0.341	0	1.0	1	0.5141	0.5135350811391997	-0.6758383969281615
d5lczvoy71v8c7w2xhhphgcb	1	2	127	2	0	No-Go	NGAL	0	0		1	0.0	1	0.5774	0.4219816799058512	-0.883167227302452
d5lczvoy71v8c7w2xhhphgcb	1	2	131	3	0	No-Go	NGAL	0	0		1	0.0	1	0.5111	0.4864649188608003	-0.7308121869745304
d5lczvoy71v8c7w2xhhphgcb	1	2	136	4	0	No-Go	NGAL	0	0		1	0.0	1	0.4679	0.534873900163963	-0.6331823895503176
d5lczvoy71v8c7w2xhhphgcb	1	2	140	5	0	No-Go	NGAL	0	0		1	0.0	1	0.4309	0.5710832090822854	-0.5665425296051927
d5lczvoy71v8c7w2xhhphgcb	1	2	144	6	0	No-Go	NGAL	0	1	0.695	0	0.0	0	0.3911	0.40157277203312847	-0.9253845541233803
d5lczvoy71v8c7w2xhhphgcb	1	2	146	7	0	No-Go	NGAL	0	1	0.374	0	0.0	0	0.3237	0.325861814486597	-1.1460809425063945
d5lczvoy71v8c7w2xhhphgcb	1	2	149	8	0	No-Go	NGAL	0	0		1	0.0	1	0.2786	0.7235879740292015	-0.3292015659926952
d5lczvoy71v8c7w2xhhphgcb	1	2	155	9	0	No-Go	NGAL	0	0		1	0.0	1	0.258	0.7408534547866306	-0.30486896306751904
d5lczvoy71v8c7w2xhhphgcb	1	2	159	10	0	No-Go	NGAL	0	0		1	1.0	0	0.2518	0.7540831764341647	-0.28655882867347143
d5lczvoy71v8c7w2xhhphgcb	1	2	164	11	0	No-Go	NGAL	0	0		1	1.0	0	0.2492	0.7440430649892646	-0.2996260585772181
d5lczvoy71v8c7w2xhhphgcb	1	2	165	12	0	No-Go	NGAL	0	0		1	0.0	1	0.2733	0.7340910387530017	-0.31313106245116956
d5lczvoy71v8c7w2xhhphgcb	1	2	169	13	0	No-Go	NGAL	0	0		1	0.0	1	0.247	0.750483916522425	-0.29068243835042473
d5lczvoy71v8c7w2xhhphgcb	1	2	175	14	0	No-Go	NGAL	0	0		1	0.0	1	0.2322	0.7624354714214713	-0.2746378464272861
d5lczvoy71v8c7w2xhhphgcb	1	2	178	15	0	No-Go	NGAL	0	0		1	0.0	1	0.2287	0.771477978706227	-0.2626356862310205
d5lczvoy71v8c7w2xhhphgcb	1	2	183	16	0	No-Go	NGAL	0	0		1	0.0	1	0.2241	0.778492166174046	-0.2534137081273859
d5lczvoy71v8c7w2xhhphgcb	1	2	188	17	0	No-Go	NGAL	0	0		1	0.0	1	0.2171	0.784035762975337	-0.24618989469202998
d5lczvoy71v8c7w2xhhphgcb	1	2	192	18	0	No-Go	NGAL	0	0		1	0.0	1	0.2157	0.7884833027762984	-0.24044469525384898
d5lczvoy71v8c7w2xhhphgcb	1	2	195	19	0	No-Go	NGAL	0	0		1	0.0	1	0.2125	0.7920964868531992	-0.23581767759173028
d5lczvoy71v8c7w2xhhphgcb	1	2	198	20	0	No-Go	NGAL	0	0		1	1.0	0	0.2058	0.7950636146384671	-0.23205100738165285
d5lczvoy71v8c7w2xhhphgcb	1	2	202	21	0	No-Go	NGAL	0	0		1	1.0	0	0.2124	0.785249012572613	-0.24451748992166017
d5lczvoy71v8c7w2xhhphgcb	1	2	205	22	0	No-Go	NGAL	0	0		1	0.0	1	0.2236	0.7754499617697785	-0.25749130767803513
d5lczvoy71v8c7w2xhhphgcb	1	2	210	23	0	No-Go	NGAL	0	0		1	0.0	1	0.2189	0.7837433673982336	-0.24647002426375447
d5lczvoy71v8c7w2xhhphgcb	1	2	213	24	0	No-Go	NGAL	0	0		1	0.0	1	0.214	0.7895029722732849	-0.23906972609465046
d5lczvoy71v8c7w2xhhphgcb	1	2	219	25	0	No-Go	NGAL	0	0		1	0.0	1	0.2113	0.7937343813751784	-0.23371146914445023
d5lczvoy71v8c7w2xhhphgcb	1	2	223	26	0	No-Go	NGAL	0	0		1	0.0	1	0.2049	0.7969590055093487	-0.22966931561690132
d5lczvoy71v8c7w2xhhphgcb	1	2	226	27	0	No-Go	NGAL	0	1	0.33	0	0.0	0	0.1991	0.2005175628561796	-1.6515074406069474
d5lczvoy71v8c7w2xhhphgcb	1	2	232	28	0	No-Go	NGAL	0	0		1	1.0	0	0.1733	0.8264223226240476	-0.19297626560582623
d5lczvoy71v8c7w2xhhphgcb	1	2	235	29	0	No-Go	NGAL	0	1	0.739	0	0.0	0	0.1826	0.18228618911947095	-1.7521687396105172
d5lczvoy71v8c7w2xhhphgcb	1	2	237	30	0	No-Go	NGAL	0	0		1	0.0	1	0.1609	0.8368768910742612	-0.18031127669625346
d5lczvoy71v8c7w2xhhphgcb	1	2	122	1	0	Go	GAL	1	1	0.665	1	0.0	1	0.5146	0.5135350811391997	-0.6758383969281615
d5lczvoy71v8c7w2xhhphgcb	1	2	126	2	0	Go	GAL	1	1	0.512	1	1.0	0	0.5845	0.5780183200941487	-0.5589829046803754
d5lczvoy71v8c7w2xhhphgcb	1	2	132	3	0	Go	GAL	1	0		0	0.0	0	0.4941	0.5035742284016718	-0.6948723449618722
d5lczvoy71v8c7w2xhhphgcb	1	2	134	4	0	Go	GAL	1	0		0	0.0	0	0.5054	0.4956179064948472	-0.7101451947138011
d5lczvoy71v8c7w2xhhphgcb	1	2	139	5	0	Go	GAL	1	1	0.486	1	0.0	1	0.5252	0.5118469452071103	-0.6771087365632034
d5lczvoy71v8c7w2xhhphgcb	1	2	141	6	0	Go	GAL	1	1	0.59	1	1.0	0	0.5809	0.5816178125046201	-0.5510686192409461
d5lczvoy71v8c7w2xhhphgcb	1	2	147	7	0	Go	GAL	1	0		0	0.0	0	0.508	0.49660450749165885	-0.7075112479184057
d5lczvoy71v8c7w2xhhphgcb	1	2	152	8	0	Go	GAL	1	1	0.829	1	0.0	1	0.5131	0.5104311723510886	-0.6796095560753127
d5lczvoy71v8c7w2xhhphgcb	1	2	156	9	0	Go	GAL	1	1	0.654	1	0.0	1	0.5915	0.5824473644882623	-0.5494029814373564
d5lczvoy71v8c7w2xhhphgcb	1	2	160	10	0	Go	GAL	1	1	0.559	1	0.0	1	0.6332	0.6325150150738251	-0.4677424287731251
d5lczvoy71v8c7w2xhhphgcb	1	2	161	11	0	Go	GAL	1	1	1.427	1	1.0	0	0.6718	0.6682218241953258	-0.41239354202506256
d5lczvoy71v8c7w2xhhphgcb	1	2	167	12	0	Go	GAL	1	1	0.535	1	0.0	1	0.5804	0.5758532920021651	-0.5582244812293228
d5lczvoy71v8c7w2xhhphgcb	1	2	170	13	0	Go	GAL	1	1	0.437	1	0.0	1	0.6237	0.6307716694439076	-0.4680208171301957
d5lczvoy71v8c7w2xhhphgcb	1	2	173	14	0	Go	GAL	1	1	0.508	1	0.0	1	0.6634	0.6686086974368012	-0.41008301599250574
d5lczvoy71v8c7w2xhhphgcb	1	2	179	15	0	Go	GAL	1	1	1.323	1	0.0	1	0.6999	0.695674827176383	-0.3700352163003092
d5lczvoy71v8c7w2xhhphgcb	1	2	184	16	0	Go	GAL	1	1	0.404	1	0.0	1	0.7179	0.7156316448324361	-0.341146970056395
d5lczvoy71v8c7w2xhhphgcb	1	2	186	17	0	Go	GAL	1	1	0.534	1	0.0	1	0.727	0.7307039796620959	-0.31967791867365486
d5lczvoy71v8c7w2xhhphgcb	1	2	189	18	0	Go	GAL	1	1	0.43	1	1.0	0	0.7433	0.7423129804862969	-0.3033548449255762
d5lczvoy71v8c7w2xhhphgcb	1	2	193	19	0	Go	GAL	1	1	0.366	1	0.0	1	0.6428	0.6432096882222091	-0.4472385388584822
d5lczvoy71v8c7w2xhhphgcb	1	2	197	20	0	Go	GAL	1	1	0.613	1	0.0	1	0.6832	0.6823633116135299	-0.38705859843856155
d5lczvoy71v8c7w2xhhphgcb	1	2	204	21	0	Go	GAL	1	1	0.722	1	0.0	1	0.7126	0.7087405564432679	-0.34910168806666014
d5lczvoy71v8c7w2xhhphgcb	1	2	206	22	0	Go	GAL	1	1	1.291	1	0.0	1	0.7289	0.7274044403869355	-0.3229730982546746
d5lczvoy71v8c7w2xhhphgcb	1	2	212	23	0	Go	GAL	1	1	0.286	1	1.0	0	0.7427	0.7410927140742062	-0.30411835970961354
d5lczvoy71v8c7w2xhhphgcb	1	2	216	24	0	Go	GAL	1	0		0	0.0	0	0.6502	0.35744719950773574	-1.0498753567603096
d5lczvoy71v8c7w2xhhphgcb	1	2	220	25	0	Go	GAL	1	1	0.914	1	0.0	1	0.6536	0.6486239748442102	-0.43915056095819993
d5lczvoy71v8c7w2xhhphgcb	1	2	224	26	0	Go	GAL	1	1	0.607	1	1.0	0	0.6882	0.6885419154699778	-0.3779316732385587
d5lczvoy71v8c7w2xhhphgcb	1	2	225	27	0	Go	GAL	1	0		0	0.0	0	0.5905	0.4017315604761161	-0.9316438386592544
d5lczvoy71v8c7w2xhhphgcb	1	2	231	28	0	Go	GAL	1	0		0	0.0	0	0.6062	0.39572430933860053	-0.947515767177602
d5lczvoy71v8c7w2xhhphgcb	1	2	233	29	0	Go	GAL	1	1	0.495	1	0.0	1	0.6057	0.6099466113246103	-0.5024439593404603
d5lczvoy71v8c7w2xhhphgcb	1	2	239	30	0	Go	GAL	1	1	0.654	1	0.0	1	0.6668	0.6636512127940232	-0.4156081614122736
d5lczvoy71v8c7w2xhhphgcb	1	2	124	1	1	Go	GW	1	1	0.63	1	0.0	1	0.391	0.38635243629727645	-0.971975006466365
d5lczvoy71v8c7w2xhhphgcb	1	2	125	2	1	Go	GW	1	1	0.673	1	1.0	0	0.5742	0.5811270039720805	-0.5563457709270918
d5lczvoy71v8c7w2xhhphgcb	1	2	129	3	1	Go	GW	1	1	0.572	1	0.0	1	0.4795	0.46981211165963205	-0.7711477094564377
d5lczvoy71v8c7w2xhhphgcb	1	2	135	4	1	Go	GW	1	1	0.878	1	0.0	1	0.609	0.6066352178832239	-0.511068565561692
d5lczvoy71v8c7w2xhhphgcb	1	2	138	5	1	Go	GW	1	1	0.485	1	0.0	1	0.6376	0.6435908568777873	-0.44967055354721636
d5lczvoy71v8c7w2xhhphgcb	1	2	142	6	1	Go	GW	1	1	0.48	1	0.0	1	0.667	0.6576140236849239	-0.42708869151752227
d5lczvoy71v8c7w2xhhphgcb	1	2	145	7	1	Go	GW	1	0		0	0.0	0	0.6661	0.3357289266245514	-1.1209736218006379
d5lczvoy71v8c7w2xhhphgcb	1	2	150	8	1	Go	GW	1	1	0.709	1	0.0	1	0.7229	0.7192682914178932	-0.3359458604137691
d5lczvoy71v8c7w2xhhphgcb	1	2	153	9	1	Go	GW	1	0		0	1.0	1	0.7213	0.2772241121972251	-1.323320691354633
d5lczvoy71v8c7w2xhhphgcb	1	2	157	10	1	Go	GW	1	0		0	0.0	0	0.6579	0.34745621274913674	-1.0886726140240033
d5lczvoy71v8c7w2xhhphgcb	1	2	162	11	1	Go	GW	1	1	0.581	1	0.0	1	0.7167	0.7133829365295762	-0.34380397405466884
d5lczvoy71v8c7w2xhhphgcb	1	2	168	12	1	Go	GW	1	0		0	1.0	1	0.714	0.2843263227165072	-1.2953933478645927
d5lczvoy71v8c7w2xhhphgcb	1	2	171	13	1	Go	GW	1	0		0	0.0	0	0.6467	0.35270951152339775	-1.0753121180003915
d5lczvoy71v8c7w2xhhphgcb	1	2	174	14	1	Go	GW	1	0		0	0.0	0	0.7086	0.28930355046202055	-1.277105130037808
d5lczvoy71v8c7w2xhhphgcb	1	2	180	15	1	Go	GW	1	0		0	0.0	0	0.755	0.24811379886932922	-1.4416193998048028
d5lczvoy71v8c7w2xhhphgcb	1	2	181	16	1	Go	GW	1	0		0	1.0	1	0.7766	0.22011346253879405	-1.571404567838962
d5lczvoy71v8c7w2xhhphgcb	1	2	187	17	1	Go	GW	1	0		0	0.0	0	0.6934	0.2957864586224141	-1.26161222553795
d5lczvoy71v8c7w2xhhphgcb	1	2	191	18	1	Go	GW	1	0		0	0.0	0	0.7469	0.250024338010673	-1.433287837220512
d5lczvoy71v8c7w2xhhphgcb	1	2	194	19	1	Go	GW	1	1	0.709	1	0.0	1	0.7787	0.7798333804003375	-0.2531469877256667
d5lczvoy71v8c7w2xhhphgcb	1	2	199	20	1	Go	GW	1	1	0.361	1	0.0	1	0.7817	0.7812434371656952	-0.25125397019703016
d5lczvoy71v8c7w2xhhphgcb	1	2	203	21	1	Go	GW	1	1	0.471	1	0.0	1	0.7854	0.7823227863647536	-0.2498515455875227
d5lczvoy71v8c7w2xhhphgcb	1	2	208	22	1	Go	GW	1	1	0.447	1	1.0	0	0.785	0.7831887373055639	-0.24876611664030726
d5lczvoy71v8c7w2xhhphgcb	1	2	209	23	1	Go	GW	1	1	0.499	1	0.0	1	0.6822	0.6822249889425204	-0.39299116694267394
d5lczvoy71v8c7w2xhhphgcb	1	2	214	24	1	Go	GW	1	1	0.497	1	0.0	1	0.7582	0.7592574554191568	-0.2803129534523069
d5lczvoy71v8c7w2xhhphgcb	1	2	217	25	1	Go	GW	1	0		0	0.0	0	0.7714	0.22445128540920836	-1.549983043164349
d5lczvoy71v8c7w2xhhphgcb	1	2	221	26	1	Go	GW	1	0		0	0.0	0	0.7936	0.20354868364994946	-1.6552342410406142
d5lczvoy71v8c7w2xhhphgcb	1	2	228	27	1	Go	GW	1	1	0.552	1	1.0	0	0.8071	0.8114002399986817	-0.21270143421541612
d5lczvoy71v8c7w2xhhphgcb	1	2	229	28	1	Go	GW	1	0		0	0.0	0	0.7213	0.2789610441736072	-1.33772953478093
d5lczvoy71v8c7w2xhhphgcb	1	2	236	29	1	Go	GW	1	1	0.79	1	0.0	1	0.7306	0.7354836870358751	-0.31541354158407847
d5lczvoy71v8c7w2xhhphgcb	1	2	238	30	1	Go	GW	1	1	0.712	1	0.0	1	0.8154	0.8065924861150119	-0.21883505865587152
d5lczvoy71v8c7w2xhhphgcb	1	1	2	1	0	Go	GAL	1	0		0	0.0	0	0.5149	0.4864649188608003	-0.7308121869745304
d5lczvoy71v8c7w2xhhphgcb	1	1	7	2	0	Go	GAL	1	0		0	1.0	1	0.5265	0.47851124298800013	-0.7470319948173392
d5lczvoy71v8c7w2xhhphgcb	1	1	12	3	0	Go	GAL	1	0		0	0.0	0	0.4447	0.5461328844691641	-0.6115172208062695
d5lczvoy71v8c7w2xhhphgcb	1	1	14	4	0	Go	GAL	1	1	0.722	1	0.0	1	0.4632	0.4635518645460714	-0.7771931575226422
d5lczvoy71v8c7w2xhhphgcb	1	1	17	5	0	Go	GAL	1	0		0	0.0	0	0.5314	0.47089796297598324	-0.7633951945900437
d5lczvoy71v8c7w2xhhphgcb	1	1	23	6	0	Go	GAL	1	1	1.173	1	1.0	0	0.5425	0.5381421924291819	-0.6279720689717434
d5lczvoy71v8c7w2xhhphgcb	1	1	25	7	0	Go	GAL	1	0		0	0.0	0	0.4508	0.5443734535879338	-0.614505101492575
d5lczvoy71v8c7w2xhhphgcb	1	1	29	8	0	Go	GAL	1	1	0.685	1	0.0	1	0.4691	0.4641611441320964	-0.7765476632696419
d5lczvoy71v8c7w2xhhphgcb	1	1	36	9	0	Go	GAL	1	0		0	0.0	0	0.5352	0.4651013683718401	-0.7766963926348601
d5lczvoy71v8c7w2xhhphgcb	1	1	38	10	0	Go	GAL	1	1	0.794	1	0.0	1	0.5496	0.542876831892603	-0.6194929658521886
d5lczvoy71v8c7w2xhhphgcb	1	1	42	11	0	Go	GAL	1	0		0	1.0	1	0.5893	0.40666946439139245	-0.9205910620448178
d5lczvoy71v8c7w2xhhphgcb	1	1	48	12	0	Go	GAL	1	0		0	0.0	0	0.5342	0.46465221606453433	-0.7762792280003851
d5lczvoy71v8c7w2xhhphgcb	1	1	51	13	0	Go	GAL	1	1	0.503	1	0.0	1	0.5452	0.5451644642608348	-0.6147821777570966
d5lczvoy71v8c7w2xhhphgcb	1	1	56	14	0	Go	GAL	1	0		0	0.0	0	0.5783	0.41671347871493136	-0.8907284098617658
d5lczvoy71v8c7w2xhhphgcb	1	1	57	15	0	Go	GAL	1	1	1.411	1	0.0	1	0.5832	0.5921217567755646	-0.5324317027931316
d5lczvoy71v8c7w2xhhphgcb	1	1	62	16	0	Go	GAL	1	1	0.336	1	0.0	1	0.6207	0.620400109990934	-0.484955191321266
d5lczvoy71v8c7w2xhhphgcb	1	1	66	17	0	Go	GAL	1	0		0	0.0	0	0.6317	0.3581218730024561	-1.0494605181676455
d5lczvoy71v8c7w2xhhphgcb	1	1	71	18	0	Go	GAL	1	1	1.304	1	1.0	0	0.6555	0.6496328067901328	-0.43865563694118737
d5lczvoy71v8c7w2xhhphgcb	1	1	74	19	0	Go	GAL	1	0		0	0.0	0	0.5425	0.4578553590321424	-0.7957126857463789
d5lczvoy71v8c7w2xhhphgcb	1	1	79	20	0	Go	GAL	1	0		0	0.0	0	0.5507	0.4496615607344991	-0.8154184762658577
d5lczvoy71v8c7w2xhhphgcb	1	1	84	21	0	Go	GAL	1	0		0	0.0	0	0.5609	0.44192339609585307	-0.8347550217671179
d5lczvoy71v8c7w2xhhphgcb	1	1	88	22	0	Go	GAL	1	0		0	0.0	0	0.5652	0.43459893166564106	-0.853704791915432
d5lczvoy71v8c7w2xhhphgcb	1	1	90	23	0	Go	GAL	1	0		0	1.0	1	0.5696	0.4276521159580819	-0.8722597413501945
d5lczvoy71v8c7w2xhhphgcb	1	1	95	24	0	Go	GAL	1	0		0	0.0	0	0.5113	0.48648179380633294	-0.737394879292365
d5lczvoy71v8c7w2xhhphgcb	1	1	98	25	0	Go	GAL	1	0		0	0.0	0	0.521	0.47715294083755644	-0.7583339496080751
d5lczvoy71v8c7w2xhhphgcb	1	1	104	26	0	Go	GAL	1	0		0	1.0	1	0.5265	0.4684109649169638	-0.7789829368981567
d5lczvoy71v8c7w2xhhphgcb	1	1	107	27	0	Go	GAL	1	0		0	0.0	0	0.4839	0.5169790771120744	-0.6764315959440792
d5lczvoy71v8c7w2xhhphgcb	1	1	112	28	0	Go	GAL	1	0		0	0.0	0	0.4886	0.50667739554101	-0.6979753548376383
d5lczvoy71v8c7w2xhhphgcb	1	1	113	29	0	Go	GAL	1	0		0	0.0	0	0.503	0.49700100509259976	-0.7193720199685132
d5lczvoy71v8c7w2xhhphgcb	1	1	120	30	0	Go	GAL	1	1	0.807	1	0.0	1	0.5146	0.5121088078811583	-0.686510575786811
d5lczvoy71v8c7w2xhhphgcb	1	1	4	1	1	Go	GW	1	1	0.689	1	0.0	1	0.3758	0.38635243629727645	-0.971975006466365
d5lczvoy71v8c7w2xhhphgcb	1	1	6	2	1	Go	GW	1	1	0.577	1	1.0	0	0.5798	0.5811270039720805	-0.5563457709270918
d5lczvoy71v8c7w2xhhphgcb	1	1	11	3	1	Go	GW	1	0		0	0.0	0	0.4731	0.5301878883403679	-0.6466427685884746
d5lczvoy71v8c7w2xhhphgcb	1	1	15	4	1	Go	GW	1	0		0	0.0	0	0.5368	0.4649867101827479	-0.7810771555439234
d5lczvoy71v8c7w2xhhphgcb	1	1	19	5	1	Go	GW	1	0		0	0.0	0	0.587	0.41755456483191866	-0.8940175097378471
d5lczvoy71v8c7w2xhhphgcb	1	1	22	6	1	Go	GW	1	0		0	0.0	0	0.6209	0.3827762030232301	-0.9859733103823953
d5lczvoy71v8c7w2xhhphgcb	1	1	27	7	1	Go	GW	1	1	0.371	1	0.0	1	0.6301	0.6431620357529166	-0.4509149743691732
d5lczvoy71v8c7w2xhhphgcb	1	1	32	8	1	Go	GW	1	1	0.546	1	0.0	1	0.7513	0.7556543561431774	-0.28917721362005566
d5lczvoy71v8c7w2xhhphgcb	1	1	35	9	1	Go	GW	1	1	0.695	1	1.0	0	0.7821	0.7836394539574805	-0.2506373704564555
d5lczvoy71v8c7w2xhhphgcb	1	1	40	10	1	Go	GW	1	0		0	0.0	0	0.6908	0.3099562987232812	-1.2088967650604352
d5lczvoy71v8c7w2xhhphgcb	1	1	43	11	1	Go	GW	1	1	0.554	1	0.0	1	0.7036	0.7081288713612393	-0.35276066880474966
d5lczvoy71v8c7w2xhhphgcb	1	1	45	12	1	Go	GW	1	1	0.476	1	1.0	0	0.7868	0.7867158893843779	-0.24564636440405407
d5lczvoy71v8c7w2xhhphgcb	1	1	52	13	1	Go	GW	1	0		0	0.0	0	0.6988	0.30281171272880536	-1.2338084952116266
d5lczvoy71v8c7w2xhhphgcb	1	1	55	14	1	Go	GW	1	1	1.36	1	0.0	1	0.7156	0.711308126487667	-0.34810310949730455
d5lczvoy71v8c7w2xhhphgcb	1	1	58	15	1	Go	GW	1	1	1.184	1	0.0	1	0.7922	0.7957255327841914	-0.2335734273513043
d5lczvoy71v8c7w2xhhphgcb	1	1	61	16	1	Go	GW	1	1	0.424	1	1.0	0	0.8087	0.8150096730583145	-0.20884022571804836
d5lczvoy71v8c7w2xhhphgcb	1	1	67	17	1	Go	GW	1	1	0.552	1	0.0	1	0.7375	0.7284498897272315	-0.3239669643408065
d5lczvoy71v8c7w2xhhphgcb	1	1	72	18	1	Go	GW	1	1	0.513	1	0.0	1	0.7999	0.8017635288985936	-0.22530959898913508
d5lczvoy71v8c7w2xhhphgcb	1	1	75	19	1	Go	GW	1	1	0.695	1	0.0	1	0.8212	0.8181212877159222	-0.20457754732403974
d5lczvoy71v8c7w2xhhphgcb	1	1	77	20	1	Go	GW	1	1	0.579	1	0.0	1	0.8239	0.8240644714036498	-0.19706424060563904
d5lczvoy71v8c7w2xhhphgcb	1	1	81	21	1	Go	GW	1	1	0.611	1	0.0	1	0.8285	0.8268970902096269	-0.19349122595359253
d5lczvoy71v8c7w2xhhphgcb	1	1	85	22	1	Go	GW	1	1	0.509	1	1.0	0	0.8293	0.8285365825519033	-0.19144181156113535
d5lczvoy71v8c7w2xhhphgcb	1	1	89	23	1	Go	GW	1	1	0.658	1	0.0	1	0.7384	0.742579529845991	-0.30520850967738483
d5lczvoy71v8c7w2xhhphgcb	1	1	93	24	1	Go	GW	1	0		0	0.0	0	0.8087	0.19082937351505683	-1.7237412839125144
d5lczvoy71v8c7w2xhhphgcb	1	1	100	25	1	Go	GW	1	0		0	0.0	0	0.8208	0.18259367503543375	-1.7720714149792371
d5lczvoy71v8c7w2xhhphgcb	1	1	102	26	1	Go	GW	1	1	0.582	1	0.0	1	0.8285	0.8238212236302039	-0.19725145311113837
d5lczvoy71v8c7w2xhhphgcb	1	1	106	27	1	Go	GW	1	1	0.552	1	1.0	0	0.8376	0.8367586869686169	-0.18138066092773517
d5lczvoy71v8c7w2xhhphgcb	1	1	110	28	1	Go	GW	1	1	0.602	1	0.0	1	0.7535	0.7547718536084129	-0.2892465134426898
d5lczvoy71v8c7w2xhhphgcb	1	1	114	29	1	Go	GW	1	1	1.122	1	0.0	1	0.8245	0.8222053271009536	-0.19928968735222743
d5lczvoy71v8c7w2xhhphgcb	1	1	117	30	1	Go	GW	1	1	0.35	1	0.0	1	0.8305	0.8362735459195308	-0.18199794223552138
d5lczvoy71v8c7w2xhhphgcb	1	1	1	1	0	No-Go	NGAL	0	1	1.071	0	1.0	1	0.522	0.5135350811391997	-0.6758383969281615
d5lczvoy71v8c7w2xhhphgcb	1	1	5	2	0	No-Go	NGAL	0	1	0.819	0	0.0	0	0.5835	0.5780183200941487	-0.5589829046803754
d5lczvoy71v8c7w2xhhphgcb	1	1	9	3	0	No-Go	NGAL	0	0		1	0.0	1	0.4976	0.5035742284016718	-0.6948723449618722
d5lczvoy71v8c7w2xhhphgcb	1	1	13	4	0	No-Go	NGAL	0	1	0.554	0	0.0	0	0.4258	0.4314264838539676	-0.8552030158822751
d5lczvoy71v8c7w2xhhphgcb	1	1	20	5	0	No-Go	NGAL	0	1	1.263	0	0.0	0	0.3844	0.3740466018084837	-1.0075353189904348
d5lczvoy71v8c7w2xhhphgcb	1	1	24	6	0	No-Go	NGAL	0	1	1.429	0	0.0	0	0.3344	0.3333531985222108	-1.129674671059945
d5lczvoy71v8c7w2xhhphgcb	1	1	28	7	0	No-Go	NGAL	0	1	0.705	0	0.0	0	0.3067	0.3037933315653796	-1.2262613985101922
d5lczvoy71v8c7w2xhhphgcb	1	1	31	8	0	No-Go	NGAL	0	0		1	0.0	1	0.2748	0.7181640943570772	-0.3363524203544461
d5lczvoy71v8c7w2xhhphgcb	1	1	34	9	0	No-Go	NGAL	0	1	0.633	0	0.0	0	0.2381	0.24529952515586587	-1.4563559029486466
d5lczvoy71v8c7w2xhhphgcb	1	1	39	10	0	No-Go	NGAL	0	1	0.392	0	1.0	1	0.2291	0.23013905026006565	-1.5205374983733495
d5lczvoy71v8c7w2xhhphgcb	1	1	44	11	0	No-Go	NGAL	0	0		1	1.0	0	0.3143	0.6813531702560834	-0.38819169693728245
d5lczvoy71v8c7w2xhhphgcb	1	1	46	12	0	No-Go	NGAL	0	0		1	0.0	1	0.3368	0.6713230121585286	-0.4033350283670568
d5lczvoy71v8c7w2xhhphgcb	1	1	49	13	0	No-Go	NGAL	0	0		1	0.0	1	0.294	0.70535689865475	-0.3532166185887847
d5lczvoy71v8c7w2xhhphgcb	1	1	53	14	0	No-Go	NGAL	0	1	1.463	0	0.0	0	0.2735	0.27036342149113973	-1.336308794734871
d5lczvoy71v8c7w2xhhphgcb	1	1	59	15	0	No-Go	NGAL	0	0		1	0.0	1	0.2387	0.7652635193107932	-0.2707459905421896
d5lczvoy71v8c7w2xhhphgcb	1	1	63	16	0	No-Go	NGAL	0	0		1	0.0	1	0.2208	0.7814745338019671	-0.24958072733996178
d5lczvoy71v8c7w2xhhphgcb	1	1	65	17	0	No-Go	NGAL	0	0		1	0.0	1	0.2133	0.7936263311061631	-0.23398950445376193
d5lczvoy71v8c7w2xhhphgcb	1	1	70	18	0	No-Go	NGAL	0	0		1	0.0	1	0.1931	0.8029185018022632	-0.22223608252962762
d5lczvoy71v8c7w2xhhphgcb	1	1	76	19	0	No-Go	NGAL	0	0		1	0.0	1	0.1929	0.8101436980574704	-0.21320804368733767
d5lczvoy71v8c7w2xhhphgcb	1	1	78	20	0	No-Go	NGAL	0	0		1	1.0	0	0.1795	0.8158427314703193	-0.20616365506147366
d5lczvoy71v8c7w2xhhphgcb	1	1	83	21	0	No-Go	NGAL	0	0		1	1.0	0	0.1862	0.8068704476195768	-0.21749555504498405
d5lczvoy71v8c7w2xhhphgcb	1	1	87	22	0	No-Go	NGAL	0	0		1	0.0	1	0.2035	0.7979251488032391	-0.2292890216714636
d5lczvoy71v8c7w2xhhphgcb	1	1	92	23	0	No-Go	NGAL	0	0		1	0.0	1	0.1974	0.8080948135484095	-0.21596994598766142
d5lczvoy71v8c7w2xhhphgcb	1	1	94	24	0	No-Go	NGAL	0	0		1	0.0	1	0.1835	0.8152495453734686	-0.20698390434705388
d5lczvoy71v8c7w2xhhphgcb	1	1	97	25	0	No-Go	NGAL	0	0		1	0.0	1	0.1831	0.8205420501131333	-0.20046225813431282
d5lczvoy71v8c7w2xhhphgcb	1	1	103	26	0	No-Go	NGAL	0	0		1	0.0	1	0.1768	0.8245885024491224	-0.1955404586010018
d5lczvoy71v8c7w2xhhphgcb	1	1	108	27	0	No-Go	NGAL	0	0		1	0.0	1	0.1708	0.8277572339192191	-0.19172699340818875
d5lczvoy71v8c7w2xhhphgcb	1	1	111	28	0	No-Go	NGAL	0	0		1	1.0	0	0.1658	0.8302850642050625	-0.1887135378589107
d5lczvoy71v8c7w2xhhphgcb	1	1	115	29	0	No-Go	NGAL	0	0		1	0.0	1	0.1705	0.821470563185536	-0.19984801210614908
d5lczvoy71v8c7w2xhhphgcb	1	1	119	30	0	No-Go	NGAL	0	0		1	0.0	1	0.1767	0.8262334283955246	-0.19382098719256635
d5lczvoy71v8c7w2xhhphgcb	1	1	3	1	1	No-Go	NGW	0	1	0.626	0	0.0	0	0.3809	0.38635243629727645	-0.971975006466365
d5lczvoy71v8c7w2xhhphgcb	1	1	8	2	1	No-Go	NGW	0	0		1	1.0	0	0.3331	0.6732930187178418	-0.4021889420177409
d5lczvoy71v8c7w2xhhphgcb	1	1	10	3	1	No-Go	NGW	0	1	0.687	0	0.0	0	0.3831	0.38635243629727645	-0.971975006466365
d5lczvoy71v8c7w2xhhphgcb	1	1	16	4	1	No-Go	NGW	0	1	0.99	0	0.0	0	0.3344	0.34176918378302423	-1.0988970600721713
d5lczvoy71v8c7w2xhhphgcb	1	1	18	5	1	No-Go	NGW	0	1	0.745	0	0.0	0	0.317	0.30993151616954406	-1.2015812132557795
d5lczvoy71v8c7w2xhhphgcb	1	1	21	6	1	No-Go	NGW	0	0		1	0.0	1	0.2772	0.7133299113582001	-0.3434671072632491
d5lczvoy71v8c7w2xhhphgcb	1	1	26	7	1	No-Go	NGW	0	0		1	0.0	1	0.2266	0.7744400309125556	-0.26070538908053964
d5lczvoy71v8c7w2xhhphgcb	1	1	30	8	1	No-Go	NGW	0	1	0.716	0	0.0	0	0.1877	0.18797337584723134	-1.7582968798505956
d5lczvoy71v8c7w2xhhphgcb	1	1	33	9	1	No-Go	NGW	0	1	0.367	0	0.0	0	0.1787	0.17506197465528994	-1.832429855933464
d5lczvoy71v8c7w2xhhphgcb	1	1	37	10	1	No-Go	NGW	0	0		1	1.0	0	0.1651	0.8347305398872812	-0.1843955104789334
d5lczvoy71v8c7w2xhhphgcb	1	1	41	11	1	No-Go	NGW	0	1	0.472	0	0.0	0	0.2167	0.21588184603141966	-1.5881812296752105
d5lczvoy71v8c7w2xhhphgcb	1	1	47	12	1	No-Go	NGW	0	0		1	0.0	1	0.2135	0.793193855287443	-0.23575025667625138
d5lczvoy71v8c7w2xhhphgcb	1	1	50	13	1	No-Go	NGW	0	0		1	0.0	1	0.169	0.8334631654957949	-0.18549257578878517
d5lczvoy71v8c7w2xhhphgcb	1	1	54	14	1	No-Go	NGW	0	0		1	0.0	1	0.1457	0.8583779936550491	-0.15568507691959724
d5lczvoy71v8c7w2xhhphgcb	1	1	60	15	1	No-Go	NGW	0	0		1	1.0	0	0.129	0.8749858883851137	-0.13618492117106076
d5lczvoy71v8c7w2xhhphgcb	1	1	64	16	1	No-Go	NGW	0	0		1	0.0	1	0.1759	0.8255990212625238	-0.1951801740851427
d5lczvoy71v8c7w2xhhphgcb	1	1	68	17	1	No-Go	NGW	0	1	0.967	0	0.0	0	0.1412	0.14476586689143736	-2.0244232362347643
d5lczvoy71v8c7w2xhhphgcb	1	1	69	18	1	No-Go	NGW	0	0		1	1.0	0	0.1391	0.8606372206526938	-0.15264866611221997
d5lczvoy71v8c7w2xhhphgcb	1	1	73	19	1	No-Go	NGW	0	0		1	0.0	1	0.1916	0.8128567879024949	-0.21129065788219456
d5lczvoy71v8c7w2xhhphgcb	1	1	80	20	1	No-Go	NGW	0	0		1	0.0	1	0.152	0.8490878394076877	-0.16631669291678422
d5lczvoy71v8c7w2xhhphgcb	1	1	82	21	1	No-Go	NGW	0	0		1	0.0	1	0.1348	0.8710325731852266	-0.14041204296539542
d5lczvoy71v8c7w2xhhphgcb	1	1	86	22	1	No-Go	NGW	0	0		1	1.0	0	0.1134	0.8854878696304489	-0.12368747822255616
d5lczvoy71v8c7w2xhhphgcb	1	1	91	23	1	No-Go	NGW	0	1	0.531	0	0.0	0	0.1662	0.1623890728831555	-1.9053395415408256
d5lczvoy71v8c7w2xhhphgcb	1	1	96	24	1	No-Go	NGW	0	0		1	0.0	1	0.1585	0.8422629125135053	-0.17502067705625401
d5lczvoy71v8c7w2xhhphgcb	1	1	99	25	1	No-Go	NGW	0	0		1	0.0	1	0.1368	0.869267291655742	-0.14238122015430524
d5lczvoy71v8c7w2xhhphgcb	1	1	101	26	1	No-Go	NGW	0	0		1	0.0	1	0.1104	0.8858918621851469	-0.1230906825060242
d5lczvoy71v8c7w2xhhphgcb	1	1	105	27	1	No-Go	NGW	0	0		1	0.0	1	0.1066	0.8969935623857355	-0.11042317682794557
d5lczvoy71v8c7w2xhhphgcb	1	1	109	28	1	No-Go	NGW	0	0		1	0.0	1	0.095	0.9047982561412627	-0.10160408946380294
d5lczvoy71v8c7w2xhhphgcb	1	1	116	29	1	No-Go	NGW	0	0		1	1.0	0	0.0875	0.9104876509276146	-0.09521831681143618
d5lczvoy71v8c7w2xhhphgcb	1	1	118	30	1	No-Go	NGW	0	0		1	0.0	1	0.1328	0.8650756741028245	-0.14805270605091722
dg4z3jsbfn20de6i05xme8h3	1	2	122	1	0	Go	GAL	1	0		0	0.0	0	0.5939	0.40426970127190864	-0.9246745396805941
dg4z3jsbfn20de6i05xme8h3	1	2	128	2	0	Go	GAL	1	1	0.651	1	0.0	1	0.6821	0.6800333452318701	-0.3922068498315979
dg4z3jsbfn20de6i05xme8h3	1	2	130	3	0	Go	GAL	1	1	0.72	1	0.0	1	0.7615	0.7634312671169999	-0.2792742226576203
dg4z3jsbfn20de6i05xme8h3	1	2	136	4	0	Go	GAL	1	1	1.251	1	1.0	0	0.7991	0.8074651315294835	-0.2231177990152212
dg4z3jsbfn20de6i05xme8h3	1	2	140	5	0	Go	GAL	1	1	0.985	1	0.0	1	0.6907	0.6870043278174844	-0.3802316285554441
dg4z3jsbfn20de6i05xme8h3	1	2	143	6	0	Go	GAL	1	1	0.591	1	1.0	0	0.7678	0.7709294778109187	-0.2671167860652353
dg4z3jsbfn20de6i05xme8h3	1	2	148	7	0	Go	GAL	1	0		0	0.0	0	0.6529	0.3469098035720739	-1.0756549749221882
dg4z3jsbfn20de6i05xme8h3	1	2	152	8	0	Go	GAL	1	0		0	0.0	0	0.7015	0.29975025171832564	-1.2342004035189167
dg4z3jsbfn20de6i05xme8h3	1	2	154	9	0	Go	GAL	1	1	0.62	1	0.0	1	0.7299	0.728640326715723	-0.3226941626241578
dg4z3jsbfn20de6i05xme8h3	1	2	160	10	0	Go	GAL	1	1	0.567	1	0.0	1	0.8106	0.810246299997383	-0.21910564557546125
dg4z3jsbfn20de6i05xme8h3	1	2	161	11	0	Go	GAL	1	1	0.617	1	1.0	0	0.8498	0.849415497344077	-0.1719559502669287
dg4z3jsbfn20de6i05xme8h3	1	2	166	12	0	Go	GAL	1	1	0.7	1	0.0	1	0.7578	0.7552243028009414	-0.28646906174341896
dg4z3jsbfn20de6i05xme8h3	1	2	172	13	0	Go	GAL	1	1	0.627	1	0.0	1	0.823	0.8243371409355456	-0.2006709886631547
dg4z3jsbfn20de6i05xme8h3	1	2	174	14	0	Go	GAL	1	1	0.56	1	0.0	1	0.8612	0.8582087718854771	-0.16030608154672674
dg4z3jsbfn20de6i05xme8h3	1	2	177	15	0	Go	GAL	1	1	0.632	1	0.0	1	0.8728	0.8775997265817277	-0.1371658445756765
dg4z3jsbfn20de6i05xme8h3	1	2	181	16	0	Go	GAL	1	1	0.77	1	0.0	1	0.8868	0.88994830045494	-0.12226937494170353
dg4z3jsbfn20de6i05xme8h3	1	2	187	17	0	Go	GAL	1	1	0.63	1	0.0	1	0.8966	0.8984375625239667	-0.1119089534283701
dg4z3jsbfn20de6i05xme8h3	1	2	190	18	0	Go	GAL	1	1	0.598	1	0.0	1	0.8989	0.9046235061347027	-0.10429077978520657
dg4z3jsbfn20de6i05xme8h3	1	2	196	19	0	Go	GAL	1	1	0.56	1	1.0	0	0.9097	0.9093424708145385	-0.0984485912523668
dg4z3jsbfn20de6i05xme8h3	1	2	198	20	0	Go	GAL	1	1	0.626	1	0.0	1	0.8278	0.8240366685365778	-0.19676870668565258
dg4z3jsbfn20de6i05xme8h3	1	2	201	21	0	Go	GAL	1	1	0.777	1	0.0	1	0.8665	0.8673575895991861	-0.14505504902626284
dg4z3jsbfn20de6i05xme8h3	1	2	208	22	0	Go	GAL	1	1	0.784	1	0.0	1	0.8895	0.8886279512224567	-0.12072320152090665
dg4z3jsbfn20de6i05xme8h3	1	2	211	23	0	Go	GAL	1	1	0.661	1	0.0	1	0.9003	0.9008781009281452	-0.10678557038399099
dg4z3jsbfn20de6i05xme8h3	1	2	216	24	0	Go	GAL	1	1	0.622	1	0.0	1	0.9073	0.908696839548953	-0.09786324111652064
dg4z3jsbfn20de6i05xme8h3	1	2	220	25	0	Go	GAL	1	1	0.898	1	1.0	0	0.9086	0.9140647254271215	-0.09171004393504649
dg4z3jsbfn20de6i05xme8h3	1	2	224	26	0	Go	GAL	1	0		0	1.0	1	0.8307	0.17132391222104187	-1.8337787944494446
dg4z3jsbfn20de6i05xme8h3	1	2	227	27	0	Go	GAL	1	0		0	0.0	0	0.6972	0.3017419584739748	-1.3250639698920128
dg4z3jsbfn20de6i05xme8h3	1	2	231	28	0	Go	GAL	1	1	0.762	1	0.0	1	0.7708	0.7705122682991726	-0.26738171962214197
dg4z3jsbfn20de6i05xme8h3	1	2	235	29	0	Go	GAL	1	1	0.895	1	0.0	1	0.8194	0.8281005823800178	-0.19143743228318777
dg4z3jsbfn20de6i05xme8h3	1	2	237	30	0	Go	GAL	1	1	0.64	1	0.0	1	0.8519	0.856611229727028	-0.15698549865212824
dg4z3jsbfn20de6i05xme8h3	1	2	121	1	1	No-Go	NGW	0	0		1	0.0	1	0.6533	0.3474288920444139	-1.1161024360605765
dg4z3jsbfn20de6i05xme8h3	1	2	126	2	1	No-Go	NGW	0	1	0.95	0	1.0	1	0.5604	0.5497283703107028	-0.6187981925226693
dg4z3jsbfn20de6i05xme8h3	1	2	131	3	1	No-Go	NGW	0	0		1	0.0	1	0.6901	0.31255932635452555	-1.1973656564975026
dg4z3jsbfn20de6i05xme8h3	1	2	134	4	1	No-Go	NGW	0	1	1.159	0	0.0	0	0.6212	0.6244405611158145	-0.4794647315843539
dg4z3jsbfn20de6i05xme8h3	1	2	137	5	1	No-Go	NGW	0	1	1.39	0	0.0	0	0.4666	0.4713978474378766	-0.7821463012629131
dg4z3jsbfn20de6i05xme8h3	1	2	144	6	1	No-Go	NGW	0	1	0.945	0	1.0	1	0.3769	0.3775204506384844	-1.0397184386516416
dg4z3jsbfn20de6i05xme8h3	1	2	147	7	1	No-Go	NGW	0	0		1	0.0	1	0.5658	0.4341905064633224	-0.8663854894540638
dg4z3jsbfn20de6i05xme8h3	1	2	151	8	1	No-Go	NGW	0	0		1	0.0	1	0.5196	0.48020267753219703	-0.7624889901406353
dg4z3jsbfn20de6i05xme8h3	1	2	153	9	1	No-Go	NGW	0	0		1	0.0	1	0.484	0.5119845491843026	-0.6949025028630871
dg4z3jsbfn20de6i05xme8h3	1	2	158	10	1	No-Go	NGW	0	0		1	0.0	1	0.467	0.5345673648882192	-0.6486257090616304
dg4z3jsbfn20de6i05xme8h3	1	2	163	11	1	No-Go	NGW	0	0		1	0.0	1	0.4517	0.5511534134522749	-0.6155964960560188
dg4z3jsbfn20de6i05xme8h3	1	2	167	12	1	No-Go	NGW	0	0		1	0.0	1	0.4304	0.5637534084017014	-0.5911855567834945
dg4z3jsbfn20de6i05xme8h3	1	2	170	13	1	No-Go	NGW	0	0		1	1.0	0	0.4385	0.5736407412842984	-0.5725977072854702
dg4z3jsbfn20de6i05xme8h3	1	2	176	14	1	No-Go	NGW	0	0		1	0.0	1	0.6295	0.36978673437402454	-1.0674612422050416
dg4z3jsbfn20de6i05xme8h3	1	2	178	15	1	No-Go	NGW	0	0		1	0.0	1	0.5484	0.44950324330312613	-0.8294103191996853
dg4z3jsbfn20de6i05xme8h3	1	2	183	16	1	No-Go	NGW	0	0		1	0.0	1	0.4953	0.5022303944894839	-0.710047693385269
dg4z3jsbfn20de6i05xme8h3	1	2	185	17	1	No-Go	NGW	0	0		1	0.0	1	0.4645	0.5364393178903415	-0.6414115441604185
dg4z3jsbfn20de6i05xme8h3	1	2	191	18	1	No-Go	NGW	0	0		1	0.0	1	0.4414	0.5592541288760685	-0.5986217398887153
dg4z3jsbfn20de6i05xme8h3	1	2	194	19	1	No-Go	NGW	0	0		1	0.0	1	0.4221	0.5750618402195431	-0.5703758053243598
dg4z3jsbfn20de6i05xme8h3	1	2	197	20	1	No-Go	NGW	0	0		1	1.0	0	0.4111	0.586459078905116	-0.5508636296199133
dg4z3jsbfn20de6i05xme8h3	1	2	204	21	1	No-Go	NGW	0	1	1.418	0	0.0	0	0.6235	0.6159436322279588	-0.5344490195340144
dg4z3jsbfn20de6i05xme8h3	1	2	207	22	1	No-Go	NGW	0	1	1.35	0	0.0	0	0.4927	0.49294361328505176	-0.7435167482759039
dg4z3jsbfn20de6i05xme8h3	1	2	210	23	1	No-Go	NGW	0	0		1	0.0	1	0.417	0.5894882349392624	-0.5453639156222907
dg4z3jsbfn20de6i05xme8h3	1	2	215	24	1	No-Go	NGW	0	0		1	1.0	0	0.323	0.6701262462720248	-0.4081926949317344
dg4z3jsbfn20de6i05xme8h3	1	2	218	25	1	No-Go	NGW	0	1	0.939	0	0.0	0	0.4892	0.48976533319206966	-0.7527216447663451
dg4z3jsbfn20de6i05xme8h3	1	2	221	26	1	No-Go	NGW	0	0		1	0.0	1	0.4376	0.5650690042014934	-0.5939740485479841
dg4z3jsbfn20de6i05xme8h3	1	2	225	27	1	No-Go	NGW	0	1	1.406	0	0.0	0	0.3284	0.3278227353793446	-1.1508086904102703
dg4z3jsbfn20de6i05xme8h3	1	2	229	28	1	No-Go	NGW	0	1	1.137	0	1.0	1	0.291	0.2953135736223766	-1.263077577851473
dg4z3jsbfn20de6i05xme8h3	1	2	233	29	1	No-Go	NGW	0	1	0.786	0	0.0	0	0.5268	0.5236171163086477	-0.6927771046731593
dg4z3jsbfn20de6i05xme8h3	1	2	238	30	1	No-Go	NGW	0	1	0.909	0	0.0	0	0.4245	0.4163838263180761	-0.9101682786159643
dg4z3jsbfn20de6i05xme8h3	1	2	124	1	1	Go	GW	1	1	0.909	1	0.0	1	0.6537	0.6525711079555861	-0.44959727157943796
dg4z3jsbfn20de6i05xme8h3	1	2	125	2	1	Go	GW	1	1	0.614	1	1.0	0	0.7758	0.7703075026471371	-0.27156659201222433
dg4z3jsbfn20de6i05xme8h3	1	2	132	3	1	Go	GW	1	1	1.272	1	0.0	1	0.6516	0.6469877910454709	-0.4438213461984111
dg4z3jsbfn20de6i05xme8h3	1	2	135	4	1	Go	GW	1	1	0.826	1	0.0	1	0.7678	0.7705745752484562	-0.2657309290756676
dg4z3jsbfn20de6i05xme8h3	1	2	138	5	1	Go	GW	1	1	0.596	1	0.0	1	0.8251	0.8265928858680852	-0.19361299907228616
dg4z3jsbfn20de6i05xme8h3	1	2	141	6	1	Go	GW	1	1	0.731	1	0.0	1	0.8595	0.856314113602556	-0.15723820022512336
dg4z3jsbfn20de6i05xme8h3	1	2	146	7	1	Go	GW	1	1	0.565	1	0.0	1	0.8752	0.873684938936043	-0.13674762196406265
dg4z3jsbfn20de6i05xme8h3	1	2	149	8	1	Go	GW	1	1	0.502	1	0.0	1	0.8882	0.8844942259368532	-0.12436509861757773
dg4z3jsbfn20de6i05xme8h3	1	2	156	9	1	Go	GW	1	1	0.606	1	1.0	0	0.894	0.8915282062527443	-0.1164959970566689
dg4z3jsbfn20de6i05xme8h3	1	2	159	10	1	Go	GW	1	0		0	0.0	0	0.7786	0.2266940907779867	-1.7596448467740107
dg4z3jsbfn20de6i05xme8h3	1	2	164	11	1	Go	GW	1	1	0.677	1	0.0	1	0.8463	0.8443764922166687	-0.17323325149946087
dg4z3jsbfn20de6i05xme8h3	1	2	165	12	1	Go	GW	1	1	0.472	1	0.0	1	0.8901	0.8931649651817057	-0.11467030682538594
dg4z3jsbfn20de6i05xme8h3	1	2	169	13	1	Go	GW	1	1	0.591	1	0.0	1	0.9154	0.9131555765970113	-0.09212099131733563
dg4z3jsbfn20de6i05xme8h3	1	2	175	14	1	Go	GW	1	1	0.848	1	0.0	1	0.9241	0.9233114175406647	-0.08090481736333702
dg4z3jsbfn20de6i05xme8h3	1	2	179	15	1	Go	GW	1	1	0.589	1	1.0	0	0.9315	0.9291030775315253	-0.07459098495017617
dg4z3jsbfn20de6i05xme8h3	1	2	182	16	1	Go	GW	1	1	0.792	1	0.0	1	0.8461	0.8460400883633432	-0.17252891833756684
dg4z3jsbfn20de6i05xme8h3	1	2	186	17	1	Go	GW	1	1	0.587	1	0.0	1	0.8945	0.895324718566449	-0.11274526078618621
dg4z3jsbfn20de6i05xme8h3	1	2	192	18	1	Go	GW	1	1	0.592	1	0.0	1	0.9148	0.9150974513186622	-0.09026282004884587
dg4z3jsbfn20de6i05xme8h3	1	2	195	19	1	Go	GW	1	1	0.586	1	1.0	0	0.9241	0.9249193221541442	-0.07933976365172796
dg4z3jsbfn20de6i05xme8h3	1	2	200	20	1	Go	GW	1	1	0.694	1	0.0	1	0.8404	0.8405837097943742	-0.17973838600731656
dg4z3jsbfn20de6i05xme8h3	1	2	203	21	1	Go	GW	1	1	0.726	1	0.0	1	0.892	0.893101307375524	-0.11555916711658919
dg4z3jsbfn20de6i05xme8h3	1	2	205	22	1	Go	GW	1	1	0.865	1	0.0	1	0.9108	0.9141005083986993	-0.09152824189142296
dg4z3jsbfn20de6i05xme8h3	1	2	212	23	1	Go	GW	1	1	1.052	1	0.0	1	0.9218	0.924461646813181	-0.0799408541625757
dg4z3jsbfn20de6i05xme8h3	1	2	213	24	1	Go	GW	1	1	1.075	1	0.0	1	0.9293	0.9302020393982166	-0.07360666854811329
dg4z3jsbfn20de6i05xme8h3	1	2	217	25	1	Go	GW	1	1	0.7	1	1.0	0	0.9349	0.9336336085453657	-0.0698564706479562
dg4z3jsbfn20de6i05xme8h3	1	2	222	26	1	Go	GW	1	1	1.019	1	0.0	1	0.8538	0.8516352137485159	-0.16649163528841526
dg4z3jsbfn20de6i05xme8h3	1	2	228	27	1	Go	GW	1	1	0.718	1	0.0	1	0.8983	0.8987881967776069	-0.10913392551971299
dg4z3jsbfn20de6i05xme8h3	1	2	230	28	1	Go	GW	1	1	0.545	1	0.0	1	0.9194	0.9174773296527295	-0.08782129639918941
dg4z3jsbfn20de6i05xme8h3	1	2	236	29	1	Go	GW	1	1	0.686	1	1.0	0	0.9224	0.9266507000665016	-0.07758247307174879
dg4z3jsbfn20de6i05xme8h3	1	2	239	30	1	Go	GW	1	1	0.646	1	0.0	1	0.8384	0.8426322895887249	-0.17770960625456458
dg4z3jsbfn20de6i05xme8h3	1	2	123	1	0	No-Go	NGAL	0	1	0.823	0	0.0	0	0.6017	0.5957302987280912	-0.5268340351785201
dg4z3jsbfn20de6i05xme8h3	1	2	127	2	0	No-Go	NGAL	0	0		1	0.0	1	0.4874	0.5130216433073129	-0.6908736820818728
dg4z3jsbfn20de6i05xme8h3	1	2	129	3	0	No-Go	NGAL	0	1	0.762	0	0.0	0	0.3904	0.3830409321684401	-1.039896343244915
dg4z3jsbfn20de6i05xme8h3	1	2	133	4	0	No-Go	NGAL	0	0		1	1.0	0	0.3183	0.677338667604641	-0.42020191728950634
dg4z3jsbfn20de6i05xme8h3	1	2	139	5	0	No-Go	NGAL	0	1	0.904	0	0.0	0	0.438	0.43413507677609225	-0.8555136511717247
dg4z3jsbfn20de6i05xme8h3	1	2	142	6	0	No-Go	NGAL	0	1	0.952	0	0.0	0	0.3908	0.38919184256022654	-0.9729390871458665
dg4z3jsbfn20de6i05xme8h3	1	2	145	7	0	No-Go	NGAL	0	1	1.167	0	0.0	0	0.3654	0.35942297224836706	-1.058231739145199
dg4z3jsbfn20de6i05xme8h3	1	2	150	8	0	No-Go	NGAL	0	1	0.852	0	1.0	1	0.3446	0.33887412386882043	-1.1208541328913442
dg4z3jsbfn20de6i05xme8h3	1	2	155	9	0	No-Go	NGAL	0	1	0.778	0	0.0	0	0.5313	0.5336295417507677	-0.654528873365358
dg4z3jsbfn20de6i05xme8h3	1	2	157	10	0	No-Go	NGAL	0	1	0.708	0	0.0	0	0.4423	0.44350449100043854	-0.8328978913619481
dg4z3jsbfn20de6i05xme8h3	1	2	162	11	0	No-Go	NGAL	0	1	0.744	0	1.0	1	0.3843	0.38764384231767424	-0.9702878763130804
dg4z3jsbfn20de6i05xme8h3	1	2	168	12	0	No-Go	NGAL	0	0		1	0.0	1	0.5688	0.4344076723708538	-0.8922777846583444
dg4z3jsbfn20de6i05xme8h3	1	2	171	13	0	No-Go	NGAL	0	0		1	0.0	1	0.4413	0.5525641432937859	-0.6038225289563002
dg4z3jsbfn20de6i05xme8h3	1	2	173	14	0	No-Go	NGAL	0	1	1.443	0	0.0	0	0.3788	0.3739369546668591	-1.0044576400237677
dg4z3jsbfn20de6i05xme8h3	1	2	180	15	0	No-Go	NGAL	0	1	0.608	0	0.0	0	0.2896	0.2838153147553508	-1.30818060634211
dg4z3jsbfn20de6i05xme8h3	1	2	184	16	0	No-Go	NGAL	0	0		1	0.0	1	0.2294	0.7638899333218454	-0.2780312974012213
dg4z3jsbfn20de6i05xme8h3	1	2	188	17	0	No-Go	NGAL	0	0		1	0.0	1	0.1958	0.7957628376067457	-0.23681814732845302
dg4z3jsbfn20de6i05xme8h3	1	2	189	18	0	No-Go	NGAL	0	0		1	0.0	1	0.1948	0.8156855494749693	-0.21122387584984365
dg4z3jsbfn20de6i05xme8h3	1	2	193	19	0	No-Go	NGAL	0	0		1	1.0	0	0.1651	0.8290435136341974	-0.19403995893916917
dg4z3jsbfn20de6i05xme8h3	1	2	199	20	0	No-Go	NGAL	0	0		1	0.0	1	0.2885	0.7138219251733573	-0.34940839012349517
dg4z3jsbfn20de6i05xme8h3	1	2	202	21	0	No-Go	NGAL	0	0		1	0.0	1	0.2156	0.7794231930855214	-0.253578754623467
dg4z3jsbfn20de6i05xme8h3	1	2	206	22	0	No-Go	NGAL	0	0		1	0.0	1	0.1792	0.8122883634329315	-0.21200886659731016
dg4z3jsbfn20de6i05xme8h3	1	2	209	23	0	No-Go	NGAL	0	0		1	0.0	1	0.1669	0.8309486968381312	-0.18915338127509954
dg4z3jsbfn20de6i05xme8h3	1	2	214	24	0	No-Go	NGAL	0	0		1	1.0	0	0.1505	0.8426489196380107	-0.1749320424214574
dg4z3jsbfn20de6i05xme8h3	1	2	219	25	0	No-Go	NGAL	0	0		1	0.0	1	0.2749	0.7280302063897555	-0.33261663663901714
dg4z3jsbfn20de6i05xme8h3	1	2	223	26	0	No-Go	NGAL	0	1	1.149	0	1.0	1	0.2093	0.208118025657825	-1.6327755700366864
dg4z3jsbfn20de6i05xme8h3	1	2	226	27	0	No-Go	NGAL	0	0		1	0.0	1	0.3511	0.6480882038689604	-0.45750959552587966
dg4z3jsbfn20de6i05xme8h3	1	2	232	28	0	No-Go	NGAL	0	1	0.956	0	0.0	0	0.3081	0.3061180302960848	-1.2664095283911014
dg4z3jsbfn20de6i05xme8h3	1	2	234	29	0	No-Go	NGAL	0	0		1	0.0	1	0.2194	0.779076970822872	-0.25410555428001513
dg4z3jsbfn20de6i05xme8h3	1	2	240	30	0	No-Go	NGAL	0	0		1	0.0	1	0.1957	0.8001114854789159	-0.22705463824528202
dg4z3jsbfn20de6i05xme8h3	1	1	1	1	0	No-Go	NGAL	0	0		1	0.0	1	0.6023	0.40426970127190864	-0.9246745396805941
dg4z3jsbfn20de6i05xme8h3	1	1	8	2	0	No-Go	NGAL	0	0		1	0.0	1	0.4842	0.5130216433073129	-0.6908736820818728
dg4z3jsbfn20de6i05xme8h3	1	1	12	3	0	No-Go	NGAL	0	1	0.957	0	0.0	0	0.4158	0.41844425044543165	-0.9176437457236769
dg4z3jsbfn20de6i05xme8h3	1	1	14	4	0	No-Go	NGAL	0	0		1	1.0	0	0.3302	0.677338667604641	-0.42020191728950634
dg4z3jsbfn20de6i05xme8h3	1	1	20	5	0	No-Go	NGAL	0	0		1	0.0	1	0.4551	0.5453316664359469	-0.6200998451758969
dg4z3jsbfn20de6i05xme8h3	1	1	23	6	0	No-Go	NGAL	0	0		1	0.0	1	0.3592	0.6449758353476596	-0.4551551818828235
dg4z3jsbfn20de6i05xme8h3	1	1	28	7	0	No-Go	NGAL	0	0		1	0.0	1	0.3049	0.6999572997543533	-0.37548814019129756
dg4z3jsbfn20de6i05xme8h3	1	1	29	8	0	No-Go	NGAL	0	1	1.52	0	1.0	1	0.261	0.26724532522126165	-1.4300282680885255
dg4z3jsbfn20de6i05xme8h3	1	1	36	9	0	No-Go	NGAL	0	1	0.862	0	0.0	0	0.3928	0.39128609681120724	-0.9622308424394467
dg4z3jsbfn20de6i05xme8h3	1	1	37	10	0	No-Go	NGAL	0	1	0.832	0	0.0	0	0.2837	0.28418388526241695	-1.3441081718842087
dg4z3jsbfn20de6i05xme8h3	1	1	43	11	0	No-Go	NGAL	0	0		1	1.0	0	0.2249	0.7712828477598851	-0.27650139899113807
dg4z3jsbfn20de6i05xme8h3	1	1	45	12	0	No-Go	NGAL	0	0		1	0.0	1	0.3564	0.6488423529537309	-0.44550275054087557
dg4z3jsbfn20de6i05xme8h3	1	1	52	13	0	No-Go	NGAL	0	1	0.89	0	0.0	0	0.274	0.27305431522225276	-1.35596107661894
dg4z3jsbfn20de6i05xme8h3	1	1	54	14	0	No-Go	NGAL	0	0		1	0.0	1	0.2411	0.7648533310430534	-0.2774982348373374
dg4z3jsbfn20de6i05xme8h3	1	1	58	15	0	No-Go	NGAL	0	0		1	0.0	1	0.1986	0.8006857506089023	-0.23201088706902193
dg4z3jsbfn20de6i05xme8h3	1	1	62	16	0	No-Go	NGAL	0	0		1	0.0	1	0.1807	0.8213872229426302	-0.20583904748771936
dg4z3jsbfn20de6i05xme8h3	1	1	67	17	0	No-Go	NGAL	0	0		1	0.0	1	0.1607	0.834666645112838	-0.18881017605653913
dg4z3jsbfn20de6i05xme8h3	1	1	70	18	0	No-Go	NGAL	0	0		1	0.0	1	0.157	0.8438606037790243	-0.1768340657108155
dg4z3jsbfn20de6i05xme8h3	1	1	73	19	0	No-Go	NGAL	0	0		1	1.0	0	0.1543	0.850611840017768	-0.1679358347531896
dg4z3jsbfn20de6i05xme8h3	1	1	77	20	0	No-Go	NGAL	0	1	1.013	0	0.0	0	0.2479	0.2565237378943311	-1.4400192269515224
dg4z3jsbfn20de6i05xme8h3	1	1	84	21	0	No-Go	NGAL	0	1	0.817	0	0.0	0	0.2285	0.2316478901427873	-1.5594743468386207
dg4z3jsbfn20de6i05xme8h3	1	1	87	22	0	No-Go	NGAL	0	1	0.832	0	0.0	0	0.2189	0.21558334679933797	-1.64865199668957
dg4z3jsbfn20de6i05xme8h3	1	1	92	23	0	No-Go	NGAL	0	1	1.172	0	0.0	0	0.2043	0.20468249122350685	-1.7169434740085165
dg4z3jsbfn20de6i05xme8h3	1	1	93	24	0	No-Go	NGAL	0	0		1	1.0	0	0.1986	0.8030509525632996	-0.22876939291775453
dg4z3jsbfn20de6i05xme8h3	1	1	98	25	0	No-Go	NGAL	0	1	1.023	0	0.0	0	0.2775	0.2743927504218475	-1.4744218565025002
dg4z3jsbfn20de6i05xme8h3	1	1	104	26	0	No-Go	NGAL	0	0		1	1.0	0	0.2761	0.732396818446035	-0.3379249564254257
dg4z3jsbfn20de6i05xme8h3	1	1	107	27	0	No-Go	NGAL	0	0		1	0.0	1	0.3331	0.6758677267499078	-0.43219176070576565
dg4z3jsbfn20de6i05xme8h3	1	1	112	28	0	No-Go	NGAL	0	0		1	0.0	1	0.2137	0.7927616899883706	-0.23783513722006677
dg4z3jsbfn20de6i05xme8h3	1	1	114	29	0	No-Go	NGAL	0	0		1	0.0	1	0.1558	0.8446509831851219	-0.17173805581655632
dg4z3jsbfn20de6i05xme8h3	1	1	120	30	0	No-Go	NGAL	0	0		1	0.0	1	0.1219	0.8704391264913597	-0.14117197954544858
dg4z3jsbfn20de6i05xme8h3	1	1	3	1	1	Go	GW	1	1	1.232	1	0.0	1	0.6602	0.6525711079555861	-0.44959727157943796
dg4z3jsbfn20de6i05xme8h3	1	1	6	2	1	Go	GW	1	0		0	1.0	1	0.771	0.22969249735286285	-1.5525015999680856
dg4z3jsbfn20de6i05xme8h3	1	1	11	3	1	Go	GW	1	0		0	0.0	0	0.6886	0.31255932635452555	-1.1973656564975026
dg4z3jsbfn20de6i05xme8h3	1	1	13	4	1	Go	GW	1	0		0	0.0	0	0.7948	0.20614014719539572	-1.7041487162416473
dg4z3jsbfn20de6i05xme8h3	1	1	19	5	1	Go	GW	1	0		0	0.0	0	0.8439	0.15735658371010897	-2.0683954858808753
dg4z3jsbfn20de6i05xme8h3	1	1	21	6	1	Go	GW	1	1	0.822	1	0.0	1	0.8661	0.8689281498299458	-0.15262173530385714
dg4z3jsbfn20de6i05xme8h3	1	1	27	7	1	Go	GW	1	1	0.595	1	0.0	1	0.9025	0.9031067278112296	-0.10750700800313112
dg4z3jsbfn20de6i05xme8h3	1	1	32	8	1	Go	GW	1	1	0.524	1	0.0	1	0.921	0.9219730721000404	-0.08395560492617879
dg4z3jsbfn20de6i05xme8h3	1	1	34	9	1	Go	GW	1	1	0.706	1	1.0	0	0.9362	0.9333904769271197	-0.0703884277980886
dg4z3jsbfn20de6i05xme8h3	1	1	38	10	1	Go	GW	1	1	0.752	1	0.0	1	0.865	0.8693026814495475	-0.14194584318687156
dg4z3jsbfn20de6i05xme8h3	1	1	41	11	1	Go	GW	1	1	1.04	1	0.0	1	0.9144	0.912240839962061	-0.09293489162770706
dg4z3jsbfn20de6i05xme8h3	1	1	47	12	1	Go	GW	1	1	0.717	1	0.0	1	0.9327	0.9303815428561538	-0.07297291197789033
dg4z3jsbfn20de6i05xme8h3	1	1	51	13	1	Go	GW	1	1	0.764	1	0.0	1	0.9362	0.9399303281543442	-0.06261322698512829
dg4z3jsbfn20de6i05xme8h3	1	1	55	14	1	Go	GW	1	1	0.883	1	0.0	1	0.9435	0.9455483898824046	-0.05658307830110999
dg4z3jsbfn20de6i05xme8h3	1	1	60	15	1	Go	GW	1	1	0.61	1	1.0	0	0.9476	0.9490914417081383	-0.05281521319119259
dg4z3jsbfn20de6i05xme8h3	1	1	61	16	1	Go	GW	1	1	1.148	1	0.0	1	0.8924	0.8878692526582669	-0.12145219310485969
dg4z3jsbfn20de6i05xme8h3	1	1	68	17	1	Go	GW	1	1	0.837	1	0.0	1	0.9259	0.9241643651113253	-0.07993668107297497
dg4z3jsbfn20de6i05xme8h3	1	1	72	18	1	Go	GW	1	1	0.523	1	0.0	1	0.9358	0.938500966892989	-0.06427086592763145
dg4z3jsbfn20de6i05xme8h3	1	1	75	19	1	Go	GW	1	1	0.642	1	1.0	0	0.9426	0.9456554218162891	-0.05656977744758426
dg4z3jsbfn20de6i05xme8h3	1	1	78	20	1	Go	GW	1	1	0.868	1	0.0	1	0.8873	0.8828089218584709	-0.12771106019484368
dg4z3jsbfn20de6i05xme8h3	1	1	81	21	1	Go	GW	1	1	0.858	1	0.0	1	0.9195	0.9223932170173664	-0.08208334366342739
dg4z3jsbfn20de6i05xme8h3	1	1	86	22	1	Go	GW	1	1	0.802	1	0.0	1	0.939	0.9378568575468184	-0.06507882108017735
dg4z3jsbfn20de6i05xme8h3	1	1	91	23	1	Go	GW	1	1	0.519	1	0.0	1	0.9424	0.9454611323579618	-0.056849891031352795
dg4z3jsbfn20de6i05xme8h3	1	1	95	24	1	Go	GW	1	1	0.641	1	0.0	1	0.9473	0.9496844006463463	-0.05232241669204558
dg4z3jsbfn20de6i05xme8h3	1	1	97	25	1	Go	GW	1	1	0.794	1	1.0	0	0.9537	0.9522217624645182	-0.049620825240101765
dg4z3jsbfn20de6i05xme8h3	1	1	101	26	1	Go	GW	1	1	0.818	1	0.0	1	0.8905	0.8914651559570126	-0.11798920296800502
dg4z3jsbfn20de6i05xme8h3	1	1	106	27	1	Go	GW	1	1	0.518	1	0.0	1	0.925	0.9268967306904274	-0.07722353806874431
dg4z3jsbfn20de6i05xme8h3	1	1	111	28	1	Go	GW	1	1	0.689	1	0.0	1	0.9369	0.9405992669595915	-0.062174862190815965
dg4z3jsbfn20de6i05xme8h3	1	1	115	29	1	Go	GW	1	1	0.508	1	1.0	0	0.9428	0.9472851560602953	-0.05494206679185747
dg4z3jsbfn20de6i05xme8h3	1	1	117	30	1	Go	GW	1	1	0.607	1	0.0	1	0.8854	0.8847008178756752	-0.1259307755616396
dg4z3jsbfn20de6i05xme8h3	1	1	2	1	0	Go	GAL	1	0		0	0.0	0	0.595	0.40426970127190864	-0.9246745396805941
dg4z3jsbfn20de6i05xme8h3	1	1	5	2	0	Go	GAL	1	0		0	0.0	0	0.679	0.31996665476812997	-1.1701827761093073
dg4z3jsbfn20de6i05xme8h3	1	1	9	3	0	Go	GAL	1	0		0	0.0	0	0.7236	0.2763039230678268	-1.3445677675630663
dg4z3jsbfn20de6i05xme8h3	1	1	15	4	0	Go	GAL	1	0		0	1.0	1	0.7518	0.25002664672288294	-1.4640288772514884
dg4z3jsbfn20de6i05xme8h3	1	1	17	5	0	Go	GAL	1	0		0	0.0	0	0.5977	0.39957718710215506	-0.9343214569548569
dg4z3jsbfn20de6i05xme8h3	1	1	22	6	0	Go	GAL	1	0		0	1.0	1	0.682	0.3196472470139277	-1.1784633703552707
dg4z3jsbfn20de6i05xme8h3	1	1	25	7	0	Go	GAL	1	0		0	0.0	0	0.545	0.45609485111464326	-0.7995443567245983
dg4z3jsbfn20de6i05xme8h3	1	1	30	8	0	Go	GAL	1	0		0	0.0	0	0.6489	0.3568598119590584	-1.0674369231389185
dg4z3jsbfn20de6i05xme8h3	1	1	33	9	0	Go	GAL	1	1	0.868	1	0.0	1	0.7031	0.6953462168315336	-0.37735772614708757
dg4z3jsbfn20de6i05xme8h3	1	1	40	10	0	Go	GAL	1	1	1.254	1	0.0	1	0.7635	0.7732266182340813	-0.27265929127465094
dg4z3jsbfn20de6i05xme8h3	1	1	44	11	0	Go	GAL	1	1	0.729	1	1.0	0	0.8119	0.8144246193445992	-0.2194874304834821
dg4z3jsbfn20de6i05xme8h3	1	1	48	12	0	Go	GAL	1	0		0	0.0	0	0.7037	0.29730972726667043	-1.2719211740192709
dg4z3jsbfn20de6i05xme8h3	1	1	50	13	0	Go	GAL	1	1	0.917	1	0.0	1	0.7351	0.7341259297660797	-0.32056475711403937
dg4z3jsbfn20de6i05xme8h3	1	1	56	14	0	Go	GAL	1	0		0	0.0	0	0.8032	0.19522692631091773	-1.8141256706959634
dg4z3jsbfn20de6i05xme8h3	1	1	57	15	0	Go	GAL	1	0		0	0.0	0	0.8247	0.17950791179378342	-1.9210041524469623
dg4z3jsbfn20de6i05xme8h3	1	1	63	16	0	Go	GAL	1	1	1.056	1	0.0	1	0.834	0.8316121375631961	-0.19749275705969907
dg4z3jsbfn20de6i05xme8h3	1	1	66	17	0	Go	GAL	1	1	0.96	1	0.0	1	0.8632	0.8623679014924521	-0.16020539563184563
dg4z3jsbfn20de6i05xme8h3	1	1	69	18	0	Go	GAL	1	1	1.485	1	0.0	1	0.883	0.880305776819717	-0.13806307782654337
dg4z3jsbfn20de6i05xme8h3	1	1	74	19	0	Go	GAL	1	1	0.918	1	1.0	0	0.8919	0.891973379884209	-0.12333486241869751
dg4z3jsbfn20de6i05xme8h3	1	1	80	20	0	Go	GAL	1	1	1.263	1	0.0	1	0.8164	0.80949805820307	-0.21893957628860047
dg4z3jsbfn20de6i05xme8h3	1	1	83	21	0	Go	GAL	1	1	0.953	1	0.0	1	0.861	0.856811446959285	-0.16222931187940706
dg4z3jsbfn20de6i05xme8h3	1	1	88	22	0	Go	GAL	1	1	0.859	1	0.0	1	0.8814	0.8803891378407076	-0.13452693583303388
dg4z3jsbfn20de6i05xme8h3	1	1	89	23	0	Go	GAL	1	1	1.134	1	0.0	1	0.8966	0.8942544266803648	-0.11803795981845525
dg4z3jsbfn20de6i05xme8h3	1	1	96	24	0	Go	GAL	1	1	1.048	1	0.0	1	0.9072	0.9033289696879936	-0.10706583605101515
dg4z3jsbfn20de6i05xme8h3	1	1	99	25	0	Go	GAL	1	1	0.942	1	1.0	0	0.9136	0.9097327923477379	-0.09921061269607209
dg4z3jsbfn20de6i05xme8h3	1	1	102	26	0	Go	GAL	1	0		0	1.0	1	0.8346	0.17006120564250363	-1.8799482827943146
dg4z3jsbfn20de6i05xme8h3	1	1	108	27	0	Go	GAL	1	1	0.723	1	0.0	1	0.6925	0.6987054206269544	-0.3789561161560762
dg4z3jsbfn20de6i05xme8h3	1	1	109	28	0	Go	GAL	1	1	0.614	1	0.0	1	0.7707	0.7704388124619614	-0.26672091659615965
dg4z3jsbfn20de6i05xme8h3	1	1	113	29	0	Go	GAL	1	1	0.609	1	0.0	1	0.812	0.8076312410839315	-0.2175919766447907
dg4z3jsbfn20de6i05xme8h3	1	1	118	30	0	Go	GAL	1	1	0.906	1	0.0	1	0.8287	0.8287074603553621	-0.19128254153643348
dg4z3jsbfn20de6i05xme8h3	1	1	4	1	1	No-Go	NGW	0	0		1	0.0	1	0.6553	0.3474288920444139	-1.1161024360605765
dg4z3jsbfn20de6i05xme8h3	1	1	7	2	1	No-Go	NGW	0	0		1	1.0	0	0.546	0.4502716296892971	-0.8252762649981289
dg4z3jsbfn20de6i05xme8h3	1	1	10	3	1	No-Go	NGW	0	1	0.678	0	0.0	0	0.6911	0.6849807843652893	-0.4053781471407576
dg4z3jsbfn20de6i05xme8h3	1	1	16	4	1	No-Go	NGW	0	0		1	0.0	1	0.5928	0.41209114551265713	-0.9241561009984519
dg4z3jsbfn20de6i05xme8h3	1	1	18	5	1	No-Go	NGW	0	1	0.748	0	0.0	0	0.4582	0.4641771851906434	-0.7936656338128041
dg4z3jsbfn20de6i05xme8h3	1	1	24	6	1	No-Go	NGW	0	1	0.418	0	1.0	1	0.3832	0.39579003402759966	-0.9629245995081501
dg4z3jsbfn20de6i05xme8h3	1	1	26	7	1	No-Go	NGW	0	1	0.827	0	0.0	0	0.6162	0.6127650360371824	-0.5020572686392942
dg4z3jsbfn20de6i05xme8h3	1	1	31	8	1	No-Go	NGW	0	1	0.642	0	0.0	0	0.5001	0.4947908691322476	-0.721941305892566
dg4z3jsbfn20de6i05xme8h3	1	1	35	9	1	No-Go	NGW	0	1	0.675	0	0.0	0	0.4302	0.4187870077241086	-0.9011284292196204
dg4z3jsbfn20de6i05xme8h3	1	1	39	10	1	No-Go	NGW	0	0		1	0.0	1	0.3692	0.6295605771840824	-0.47703391468245543
dg4z3jsbfn20de6i05xme8h3	1	1	42	11	1	No-Go	NGW	0	0		1	0.0	1	0.3055	0.6977580922709636	-0.37520694424453027
dg4z3jsbfn20de6i05xme8h3	1	1	46	12	1	No-Go	NGW	0	0		1	0.0	1	0.2599	0.7380900016141372	-0.3178154560321089
dg4z3jsbfn20de6i05xme8h3	1	1	49	13	1	No-Go	NGW	0	0		1	1.0	0	0.2283	0.7636813182618589	-0.2818856596959841
dg4z3jsbfn20de6i05xme8h3	1	1	53	14	1	No-Go	NGW	0	0		1	0.0	1	0.3954	0.6039374907388076	-0.5163870691236866
dg4z3jsbfn20de6i05xme8h3	1	1	59	15	1	No-Go	NGW	0	0		1	0.0	1	0.3133	0.6912974413169944	-0.37824668969815767
dg4z3jsbfn20de6i05xme8h3	1	1	64	16	1	No-Go	NGW	0	0		1	0.0	1	0.2593	0.7392907149883226	-0.3110857642615687
dg4z3jsbfn20de6i05xme8h3	1	1	65	17	1	No-Go	NGW	0	0		1	0.0	1	0.2288	0.7678767403820032	-0.27241531257742424
dg4z3jsbfn20de6i05xme8h3	1	1	71	18	1	No-Go	NGW	0	0		1	0.0	1	0.2088	0.7862412337364076	-0.24781173711691443
dg4z3jsbfn20de6i05xme8h3	1	1	76	19	1	No-Go	NGW	0	0		1	0.0	1	0.2027	0.7987896676693109	-0.2310467770421873
dg4z3jsbfn20de6i05xme8h3	1	1	79	20	1	No-Go	NGW	0	0		1	1.0	0	0.1949	0.8078146076910951	-0.219017187881848
dg4z3jsbfn20de6i05xme8h3	1	1	82	21	1	No-Go	NGW	0	0		1	0.0	1	0.352	0.648597427753026	-0.44793190640135716
dg4z3jsbfn20de6i05xme8h3	1	1	85	22	1	No-Go	NGW	0	0		1	0.0	1	0.2766	0.7243953141694043	-0.32884796319478976
dg4z3jsbfn20de6i05xme8h3	1	1	90	23	1	No-Go	NGW	0	0		1	0.0	1	0.2269	0.7651248735713161	-0.27303791171554104
dg4z3jsbfn20de6i05xme8h3	1	1	94	24	1	No-Go	NGW	0	0		1	1.0	0	0.2191	0.7889486081026094	-0.2418474119942231
dg4z3jsbfn20de6i05xme8h3	1	1	100	25	1	No-Go	NGW	0	1	1.23	0	0.0	0	0.3755	0.3696317361433385	-1.0524243997219331
dg4z3jsbfn20de6i05xme8h3	1	1	103	26	1	No-Go	NGW	0	0		1	0.0	1	0.33	0.6615117756944559	-0.4308905726447518
dg4z3jsbfn20de6i05xme8h3	1	1	105	27	1	No-Go	NGW	0	1	0.74	0	0.0	0	0.2542	0.2574626705901695	-1.4123787780227908
dg4z3jsbfn20de6i05xme8h3	1	1	110	28	1	No-Go	NGW	0	1	0.918	0	1.0	1	0.2479	0.23952165770885844	-1.4961221318787126
dg4z3jsbfn20de6i05xme8h3	1	1	116	29	1	No-Go	NGW	0	1	0.627	0	0.0	0	0.4745	0.4660915461109763	-0.8304684895892951
dg4z3jsbfn20de6i05xme8h3	1	1	119	30	1	No-Go	NGW	0	1	0.898	0	0.0	0	0.3696	0.36556064132528343	-1.053857028324575
dg96lmcvm2b8cwvc7zwcmqd5	1	1	2	1	0	Go	GAL	1	1	0.928	1	1.0	0	0.5105	0.504354476675686	-0.6968355041441712
dg96lmcvm2b8cwvc7zwcmqd5	1	1	6	2	0	Go	GAL	1	0		0	0.0	0	0.4648	0.5298679976255537	-0.6447880430513511
dg96lmcvm2b8cwvc7zwcmqd5	1	1	9	3	0	Go	GAL	1	1	1.138	1	0.0	1	0.5087	0.4997065313739088	-0.7023240487079059
dg96lmcvm2b8cwvc7zwcmqd5	1	1	14	4	0	Go	GAL	1	1	0.743	1	0.0	1	0.5298	0.5376024813008369	-0.631119924938078
dg96lmcvm2b8cwvc7zwcmqd5	1	1	18	5	0	Go	GAL	1	0		0	0.0	0	0.573	0.43010269259845124	-0.8684177007765865
dg96lmcvm2b8cwvc7zwcmqd5	1	1	23	6	0	Go	GAL	1	1	1.394	1	0.0	1	0.593	0.5964342700991889	-0.5272747233219623
dg96lmcvm2b8cwvc7zwcmqd5	1	1	25	7	0	Go	GAL	1	0		0	0.0	0	0.6193	0.3759042603843081	-1.0161004243253664
dg96lmcvm2b8cwvc7zwcmqd5	1	1	29	8	0	Go	GAL	1	1	1.138	1	0.0	1	0.6514	0.6477922306905908	-0.4441482397516796
dg96lmcvm2b8cwvc7zwcmqd5	1	1	33	9	0	Go	GAL	1	1	1.269	1	0.0	1	0.6668	0.6716978128018568	-0.40742828114121454
dg96lmcvm2b8cwvc7zwcmqd5	1	1	40	10	0	Go	GAL	1	0		0	1.0	1	0.694	0.3067285199917329	-1.2369794906476153
dg96lmcvm2b8cwvc7zwcmqd5	1	1	44	11	0	Go	GAL	1	1	1.305	1	0.0	1	0.6643	0.6602432956325942	-0.4220861676792917
dg96lmcvm2b8cwvc7zwcmqd5	1	1	46	12	0	Go	GAL	1	1	0.83	1	0.0	1	0.692	0.6810974677223431	-0.3904798137996999
dg96lmcvm2b8cwvc7zwcmqd5	1	1	49	13	0	Go	GAL	1	1	1.076	1	0.0	1	0.7043	0.7002373513245752	-0.36224821879664193
dg96lmcvm2b8cwvc7zwcmqd5	1	1	55	14	0	Go	GAL	1	0		0	0.0	0	0.7211	0.2821249262643473	-1.3016946934039275
dg96lmcvm2b8cwvc7zwcmqd5	1	1	59	15	0	Go	GAL	1	0		0	1.0	1	0.7349	0.2606304690541843	-1.3932887380996146
dg96lmcvm2b8cwvc7zwcmqd5	1	1	63	16	0	Go	GAL	1	0		0	0.0	0	0.7124	0.2893078837977118	-1.2759879708270196
dg96lmcvm2b8cwvc7zwcmqd5	1	1	67	17	0	Go	GAL	1	0		0	1.0	1	0.732	0.26674559598213093	-1.3714144409238065
dg96lmcvm2b8cwvc7zwcmqd5	1	1	72	18	0	Go	GAL	1	0		0	0.0	0	0.7082	0.29466331544470187	-1.2625473865454675
dg96lmcvm2b8cwvc7zwcmqd5	1	1	75	19	0	Go	GAL	1	1	1.109	1	0.0	1	0.7315	0.7284714585775384	-0.3239771556090645
dg96lmcvm2b8cwvc7zwcmqd5	1	1	80	20	0	Go	GAL	1	1	1.229	1	0.0	1	0.7456	0.744107442736279	-0.30231960128988333
dg96lmcvm2b8cwvc7zwcmqd5	1	1	81	21	0	Go	GAL	1	1	0.975	1	0.0	1	0.7573	0.7585173097876765	-0.2828215238758669
dg96lmcvm2b8cwvc7zwcmqd5	1	1	85	22	0	Go	GAL	1	1	1.133	1	0.0	1	0.7695	0.7718134715615049	-0.26522153655488245
dg96lmcvm2b8cwvc7zwcmqd5	1	1	90	23	0	Go	GAL	1	1	0.842	1	0.0	1	0.7904	0.7840915841925867	-0.24930118218623754
dg96lmcvm2b8cwvc7zwcmqd5	1	1	94	24	0	Go	GAL	1	1	0.64	1	0.0	1	0.7954	0.795435048344953	-0.23487476173906158
dg96lmcvm2b8cwvc7zwcmqd5	1	1	97	25	0	Go	GAL	1	1	0.95	1	1.0	0	0.8044	0.8059179726843783	-0.2217823630738374
dg96lmcvm2b8cwvc7zwcmqd5	1	1	103	26	0	Go	GAL	1	1	0.688	1	0.0	1	0.7736	0.7696787015293454	-0.2753768720232178
dg96lmcvm2b8cwvc7zwcmqd5	1	1	107	27	0	Go	GAL	1	0		0	0.0	0	0.7892	0.21337971960456747	-1.6874965940222868
dg96lmcvm2b8cwvc7zwcmqd5	1	1	111	28	0	Go	GAL	1	1	0.607	1	0.0	1	0.8085	0.8031272617381828	-0.2285848548245268
dg96lmcvm2b8cwvc7zwcmqd5	1	1	114	29	0	Go	GAL	1	1	1.027	1	0.0	1	0.8144	0.8161825356034446	-0.211368111538271
dg96lmcvm2b8cwvc7zwcmqd5	1	1	119	30	0	Go	GAL	1	0		0	1.0	1	0.826	0.17266881343387377	-1.9488457414787381
dg96lmcvm2b8cwvc7zwcmqd5	1	1	4	1	1	No-Go	NGW	0	1	0.94	0	0.0	0	0.6423	0.6458009142431346	-0.4476709480463022
dg96lmcvm2b8cwvc7zwcmqd5	1	1	7	2	1	No-Go	NGW	0	0		1	0.0	1	0.611	0.38608700659200607	-0.982573342459386
dg96lmcvm2b8cwvc7zwcmqd5	1	1	12	3	1	No-Go	NGW	0	0		1	0.0	1	0.5887	0.41896407490393506	-0.9025098819858983
dg96lmcvm2b8cwvc7zwcmqd5	1	1	15	4	1	No-Go	NGW	0	0		1	0.0	1	0.5548	0.4485104793932556	-0.8343007410188821
dg96lmcvm2b8cwvc7zwcmqd5	1	1	19	5	1	No-Go	NGW	0	0		1	1.0	0	0.5204	0.4755589663186098	-0.7741454377366421
dg96lmcvm2b8cwvc7zwcmqd5	1	1	22	6	1	No-Go	NGW	0	0		1	0.0	1	0.5709	0.4334334726949295	-0.8615614111099749
dg96lmcvm2b8cwvc7zwcmqd5	1	1	27	7	1	No-Go	NGW	0	1	0.942	0	0.0	0	0.5415	0.5354554712371483	-0.6462812270105731
dg96lmcvm2b8cwvc7zwcmqd5	1	1	32	8	1	No-Go	NGW	0	0		1	1.0	0	0.4984	0.4945050635050903	-0.7297909371627145
dg96lmcvm2b8cwvc7zwcmqd5	1	1	36	9	1	No-Go	NGW	0	1	0.869	0	0.0	0	0.5482	0.5452490412926431	-0.6241307724406399
dg96lmcvm2b8cwvc7zwcmqd5	1	1	39	10	1	No-Go	NGW	0	1	1.335	0	0.0	0	0.5128	0.5179106812811449	-0.6788538009776425
dg96lmcvm2b8cwvc7zwcmqd5	1	1	43	11	1	No-Go	NGW	0	1	0.986	0	0.0	0	0.4884	0.4925591964655271	-0.73216821491321
dg96lmcvm2b8cwvc7zwcmqd5	1	1	45	12	1	No-Go	NGW	0	1	1.238	0	1.0	1	0.4617	0.4688456626034218	-0.7843745001799799
dg96lmcvm2b8cwvc7zwcmqd5	1	1	51	13	1	No-Go	NGW	0	0		1	0.0	1	0.5395	0.4638375532649524	-0.798750635984693
dg96lmcvm2b8cwvc7zwcmqd5	1	1	54	14	1	No-Go	NGW	0	1	0.788	0	0.0	0	0.5048	0.5034842131261558	-0.7026212826700906
dg96lmcvm2b8cwvc7zwcmqd5	1	1	60	15	1	No-Go	NGW	0	0		1	0.0	1	0.4714	0.5297103044867011	-0.6478151219716967
dg96lmcvm2b8cwvc7zwcmqd5	1	1	61	16	1	No-Go	NGW	0	0		1	0.0	1	0.4353	0.558877679343637	-0.5930675409119828
dg96lmcvm2b8cwvc7zwcmqd5	1	1	66	17	1	No-Go	NGW	0	1	0.814	0	0.0	0	0.4203	0.41509862247012114	-0.9006172872399638
dg96lmcvm2b8cwvc7zwcmqd5	1	1	69	18	1	No-Go	NGW	0	0		1	0.0	1	0.3835	0.6128517525101651	-0.4998526689235288
dg96lmcvm2b8cwvc7zwcmqd5	1	1	74	19	1	No-Go	NGW	0	0		1	0.0	1	0.3587	0.6357643631091416	-0.46263999066306755
dg96lmcvm2b8cwvc7zwcmqd5	1	1	79	20	1	No-Go	NGW	0	0		1	1.0	0	0.3396	0.6566689406822025	-0.42972821259392624
dg96lmcvm2b8cwvc7zwcmqd5	1	1	84	21	1	No-Go	NGW	0	1	1.116	0	1.0	1	0.3883	0.38620043450140557	-0.980800200168995
dg96lmcvm2b8cwvc7zwcmqd5	1	1	86	22	1	No-Go	NGW	0	1	1.464	0	0.0	0	0.4476	0.4440736313463237	-0.8538400408319324
dg96lmcvm2b8cwvc7zwcmqd5	1	1	89	23	1	No-Go	NGW	0	0		1	0.0	1	0.4043	0.5896493310849951	-0.5489405617009034
dg96lmcvm2b8cwvc7zwcmqd5	1	1	95	24	1	No-Go	NGW	0	0		1	0.0	1	0.3769	0.6167194508071245	-0.4987101840217375
dg96lmcvm2b8cwvc7zwcmqd5	1	1	99	25	1	No-Go	NGW	0	0		1	0.0	1	0.36	0.6402935708494085	-0.4591931359355284
dg96lmcvm2b8cwvc7zwcmqd5	1	1	104	26	1	No-Go	NGW	0	0		1	0.0	1	0.346	0.6612297475920548	-0.4260878501671353
dg96lmcvm2b8cwvc7zwcmqd5	1	1	106	27	1	No-Go	NGW	0	0		1	1.0	0	0.3237	0.6800970308569787	-0.39751765475102396
dg96lmcvm2b8cwvc7zwcmqd5	1	1	112	28	1	No-Go	NGW	0	0		1	0.0	1	0.3622	0.6366292463666565	-0.47837820834179107
dg96lmcvm2b8cwvc7zwcmqd5	1	1	113	29	1	No-Go	NGW	0	0		1	0.0	1	0.3351	0.6612987761754721	-0.43315163849868377
dg96lmcvm2b8cwvc7zwcmqd5	1	1	117	30	1	No-Go	NGW	0	0		1	0.0	1	0.3184	0.6824833097658195	-0.39870256626867867
dg96lmcvm2b8cwvc7zwcmqd5	1	1	3	1	0	No-Go	NGAL	0	0		1	0.0	1	0.5027	0.49564552332431394	-0.7144260550094135
dg96lmcvm2b8cwvc7zwcmqd5	1	1	5	2	0	No-Go	NGAL	0	0		1	0.0	1	0.4819	0.5298679976255537	-0.6447880430513511
dg96lmcvm2b8cwvc7zwcmqd5	1	1	11	3	0	No-Go	NGAL	0	1	1.086	0	1.0	1	0.4344	0.43996913637219204	-0.8358800114063764
dg96lmcvm2b8cwvc7zwcmqd5	1	1	13	4	0	No-Go	NGAL	0	1	0.81	0	0.0	0	0.4689	0.47396059830136655	-0.7595551623347155
dg96lmcvm2b8cwvc7zwcmqd5	1	1	20	5	0	No-Go	NGAL	0	0		1	0.0	1	0.4377	0.5637332139723661	-0.5823243977333985
dg96lmcvm2b8cwvc7zwcmqd5	1	1	24	6	0	No-Go	NGAL	0	0		1	0.0	1	0.4109	0.5906519380316148	-0.5351284580719633
dg96lmcvm2b8cwvc7zwcmqd5	1	1	28	7	0	No-Go	NGAL	0	0		1	0.0	1	0.3819	0.6150851944761112	-0.4939836360535231
dg96lmcvm2b8cwvc7zwcmqd5	1	1	30	8	0	No-Go	NGAL	0	0		1	0.0	1	0.3551	0.6374710119285545	-0.45762060233622376
dg96lmcvm2b8cwvc7zwcmqd5	1	1	35	9	0	No-Go	NGAL	0	0		1	0.0	1	0.3439	0.658109036535101	-0.42520068519231446
dg96lmcvm2b8cwvc7zwcmqd5	1	1	38	10	0	No-Go	NGAL	0	0		1	1.0	0	0.3227	0.677212712892599	-0.3961243557605813
dg96lmcvm2b8cwvc7zwcmqd5	1	1	42	11	0	No-Go	NGAL	0	1	0.76	0	0.0	0	0.3585	0.3565331945086145	-1.0504287643418648
dg96lmcvm2b8cwvc7zwcmqd5	1	1	48	12	0	No-Go	NGAL	0	1	0.883	0	0.0	0	0.3297	0.3267800840257095	-1.1408587521943367
dg96lmcvm2b8cwvc7zwcmqd5	1	1	52	13	0	No-Go	NGAL	0	0		1	0.0	1	0.3061	0.6985529968661276	-0.3638975455578022
dg96lmcvm2b8cwvc7zwcmqd5	1	1	53	14	0	No-Go	NGAL	0	0		1	1.0	0	0.2752	0.7190203719570833	-0.3347341120299199
dg96lmcvm2b8cwvc7zwcmqd5	1	1	57	15	0	No-Go	NGAL	0	0		1	0.0	1	0.3127	0.6892171988565845	-0.3772913799345811
dg96lmcvm2b8cwvc7zwcmqd5	1	1	64	16	0	No-Go	NGAL	0	1	1.245	0	0.0	0	0.2911	0.28840601743046945	-1.2710138489477754
dg96lmcvm2b8cwvc7zwcmqd5	1	1	65	17	0	No-Go	NGAL	0	0		1	0.0	1	0.2676	0.7331152987303644	-0.3148079052758564
dg96lmcvm2b8cwvc7zwcmqd5	1	1	70	18	0	No-Go	NGAL	0	1	1.162	0	0.0	0	0.2511	0.24858045669414391	-1.4298236486578748
dg96lmcvm2b8cwvc7zwcmqd5	1	1	73	19	0	No-Go	NGAL	0	0		1	1.0	0	0.2253	0.7694948728802236	-0.26594335029456767
dg96lmcvm2b8cwvc7zwcmqd5	1	1	77	20	0	No-Go	NGAL	0	0		1	0.0	1	0.2547	0.742820096540211	-0.3019379007547358
dg96lmcvm2b8cwvc7zwcmqd5	1	1	83	21	0	No-Go	NGAL	0	0		1	0.0	1	0.2321	0.7623082079098985	-0.2753891447154296
dg96lmcvm2b8cwvc7zwcmqd5	1	1	87	22	0	No-Go	NGAL	0	0		1	0.0	1	0.224	0.7789424881918838	-0.2535053552556404
dg96lmcvm2b8cwvc7zwcmqd5	1	1	92	23	0	No-Go	NGAL	0	0		1	1.0	0	0.2027	0.7935591779254976	-0.23468696042589426
dg96lmcvm2b8cwvc7zwcmqd5	1	1	93	24	0	No-Go	NGAL	0	1	0.791	0	0.0	0	0.2337	0.23220364830195458	-1.5089061838367575
dg96lmcvm2b8cwvc7zwcmqd5	1	1	98	25	0	No-Go	NGAL	0	0		1	0.0	1	0.2181	0.7838944648022192	-0.24783286072926738
dg96lmcvm2b8cwvc7zwcmqd5	1	1	102	26	0	No-Go	NGAL	0	1	1.067	0	0.0	0	0.2009	0.19974418413961934	-1.669027344406223
dg96lmcvm2b8cwvc7zwcmqd5	1	1	108	27	0	No-Go	NGAL	0	1	1.122	0	0.0	0	0.1864	0.1861563945024971	-1.7474392597656867
dg96lmcvm2b8cwvc7zwcmqd5	1	1	109	28	0	No-Go	NGAL	0	0		1	0.0	1	0.1706	0.8260541845956911	-0.19445680532824905
dg96lmcvm2b8cwvc7zwcmqd5	1	1	115	29	0	No-Go	NGAL	0	0		1	0.0	1	0.1595	0.8384708517857942	-0.17920603743939398
dg96lmcvm2b8cwvc7zwcmqd5	1	1	120	30	0	No-Go	NGAL	0	1	0.782	0	1.0	1	0.1495	0.1507481844247923	-1.9811900391984345
dg96lmcvm2b8cwvc7zwcmqd5	1	1	1	1	1	Go	GW	1	1	1.27	1	1.0	0	0.648	0.6458009142431346	-0.4476709480463022
dg96lmcvm2b8cwvc7zwcmqd5	1	1	8	2	1	Go	GW	1	0		0	0.0	0	0.6158	0.38608700659200607	-0.982573342459386
dg96lmcvm2b8cwvc7zwcmqd5	1	1	10	3	1	Go	GW	1	1	1.492	1	0.0	1	0.6505	0.6458009142431346	-0.4476709480463022
dg96lmcvm2b8cwvc7zwcmqd5	1	1	16	4	1	Go	GW	1	1	0.868	1	0.0	1	0.689	0.6945556612666316	-0.37143584637012944
dg96lmcvm2b8cwvc7zwcmqd5	1	1	17	5	1	Go	GW	1	1	0.966	1	0.0	1	0.7265	0.7264475156027658	-0.3262412886196129
dg96lmcvm2b8cwvc7zwcmqd5	1	1	21	6	1	Go	GW	1	1	0.768	1	0.0	1	0.7632	0.7508045267665615	-0.2927196645906715
dg96lmcvm2b8cwvc7zwcmqd5	1	1	26	7	1	Go	GW	1	1	0.63	1	0.0	1	0.7651	0.7708407370820803	-0.2657472405283577
dg96lmcvm2b8cwvc7zwcmqd5	1	1	31	8	1	Go	GW	1	1	0.626	1	0.0	1	0.7862	0.7879801648092591	-0.24316147785778
dg96lmcvm2b8cwvc7zwcmqd5	1	1	34	9	1	Go	GW	1	1	0.567	1	0.0	1	0.801	0.8029702341350059	-0.22381321258971976
dg96lmcvm2b8cwvc7zwcmqd5	1	1	37	10	1	Go	GW	1	1	0.52	1	1.0	0	0.8168	0.816256739548028	-0.2069968545475071
dg96lmcvm2b8cwvc7zwcmqd5	1	1	41	11	1	Go	GW	1	0		0	1.0	1	0.7893	0.21328488048491018	-1.600961719126096
dg96lmcvm2b8cwvc7zwcmqd5	1	1	47	12	1	Go	GW	1	0		0	0.0	0	0.7534	0.24018300966895867	-1.481928882411067
dg96lmcvm2b8cwvc7zwcmqd5	1	1	50	13	1	Go	GW	1	1	0.81	1	0.0	1	0.7858	0.7848371521436115	-0.24624147359559823
dg96lmcvm2b8cwvc7zwcmqd5	1	1	56	14	1	Go	GW	1	0		0	0.0	0	0.802	0.19448594548664008	-1.7046469585811803
dg96lmcvm2b8cwvc7zwcmqd5	1	1	58	15	1	Go	GW	1	1	0.507	1	0.0	1	0.8228	0.8236814499002115	-0.19737485431560067
dg96lmcvm2b8cwvc7zwcmqd5	1	1	62	16	1	Go	GW	1	0		0	0.0	0	0.8316	0.1625226346398368	-1.910711013054499
dg96lmcvm2b8cwvc7zwcmqd5	1	1	68	17	1	Go	GW	1	1	0.817	1	0.0	1	0.8503	0.8516704731615217	-0.16359296698475467
dg96lmcvm2b8cwvc7zwcmqd5	1	1	71	18	1	Go	GW	1	1	0.917	1	0.0	1	0.8632	0.8621943438889637	-0.1511836948110134
dg96lmcvm2b8cwvc7zwcmqd5	1	1	76	19	1	Go	GW	1	1	0.664	1	0.0	1	0.8701	0.871270479027036	-0.14057350107853667
dg96lmcvm2b8cwvc7zwcmqd5	1	1	78	20	1	Go	GW	1	1	0.561	1	1.0	0	0.8804	0.8792685285610554	-0.13130671386966125
dg96lmcvm2b8cwvc7zwcmqd5	1	1	82	21	1	Go	GW	1	0		0	1.0	1	0.8585	0.14322203025324115	-2.0754461095338805
dg96lmcvm2b8cwvc7zwcmqd5	1	1	88	22	1	Go	GW	1	1	0.693	1	0.0	1	0.8378	0.8332087464669654	-0.18862434839874317
dg96lmcvm2b8cwvc7zwcmqd5	1	1	91	23	1	Go	GW	1	1	0.822	1	0.0	1	0.8441	0.8499536195865843	-0.166655188204291
dg96lmcvm2b8cwvc7zwcmqd5	1	1	96	24	1	Go	GW	1	1	0.696	1	0.0	1	0.8694	0.8611855157848713	-0.1531685757628542
dg96lmcvm2b8cwvc7zwcmqd5	1	1	100	25	1	Go	GW	1	1	0.671	1	0.0	1	0.8699	0.8700421469520981	-0.14281233923825287
dg96lmcvm2b8cwvc7zwcmqd5	1	1	101	26	1	Go	GW	1	0		0	0.0	0	0.881	0.12249469124382094	-2.319032705354629
dg96lmcvm2b8cwvc7zwcmqd5	1	1	105	27	1	Go	GW	1	1	0.737	1	0.0	1	0.8948	0.8907089910264158	-0.1185036994790034
dg96lmcvm2b8cwvc7zwcmqd5	1	1	110	28	1	Go	GW	1	1	0.853	1	1.0	0	0.9025	0.8966587486816759	-0.11179602206169884
dg96lmcvm2b8cwvc7zwcmqd5	1	1	116	29	1	Go	GW	1	0		0	0.0	0	0.8749	0.12574920595882785	-2.3498351761567893
dg96lmcvm2b8cwvc7zwcmqd5	1	1	118	30	1	Go	GW	1	1	0.588	1	0.0	1	0.8905	0.8863231332476201	-0.12450908237219062
dg96lmcvm2b8cwvc7zwcmqd5	1	2	122	1	1	No-Go	NGW	0	1	0.786	0	0.0	0	0.6526	0.6458009142431346	-0.4476709480463022
dg96lmcvm2b8cwvc7zwcmqd5	1	2	125	2	1	No-Go	NGW	0	0		1	0.0	1	0.6169	0.38608700659200607	-0.982573342459386
dg96lmcvm2b8cwvc7zwcmqd5	1	2	129	3	1	No-Go	NGW	0	0		1	0.0	1	0.5776	0.41896407490393506	-0.9025098819858983
dg96lmcvm2b8cwvc7zwcmqd5	1	2	134	4	1	No-Go	NGW	0	0		1	0.0	1	0.55	0.4485104793932556	-0.8343007410188821
dg96lmcvm2b8cwvc7zwcmqd5	1	2	139	5	1	No-Go	NGW	0	1	0.815	0	1.0	1	0.5269	0.5244410336813902	-0.6758411211613721
dg96lmcvm2b8cwvc7zwcmqd5	1	2	143	6	1	No-Go	NGW	0	1	0.823	0	0.0	0	0.5787	0.5793936191600453	-0.5547847656559612
dg96lmcvm2b8cwvc7zwcmqd5	1	2	145	7	1	No-Go	NGW	0	1	0.703	0	0.0	0	0.5483	0.5415120651810169	-0.628298682887989
dg96lmcvm2b8cwvc7zwcmqd5	1	2	150	8	1	No-Go	NGW	0	1	0.658	0	1.0	1	0.5126	0.5085208936390646	-0.6997616017972013
dg96lmcvm2b8cwvc7zwcmqd5	1	2	155	9	1	No-Go	NGW	0	1	0.661	0	0.0	0	0.5707	0.5628652792929357	-0.5837726342819414
dg96lmcvm2b8cwvc7zwcmqd5	1	2	158	10	1	No-Go	NGW	0	1	0.519	0	0.0	0	0.5285	0.5253065775516171	-0.6574500187583151
dg96lmcvm2b8cwvc7zwcmqd5	1	2	161	11	1	No-Go	NGW	0	1	0.443	0	0.0	0	0.494	0.4925926861742136	-0.7290085491634205
dg96lmcvm2b8cwvc7zwcmqd5	1	2	167	12	1	No-Go	NGW	0	1	0.388	0	1.0	1	0.4633	0.46350110089359775	-0.7968313084573091
dg96lmcvm2b8cwvc7zwcmqd5	1	2	170	13	1	No-Go	NGW	0	1	0.46	0	0.0	0	0.5219	0.5218858753363126	-0.6626460160799268
dg96lmcvm2b8cwvc7zwcmqd5	1	2	173	14	1	No-Go	NGW	0	1	0.543	0	0.0	0	0.4862	0.4859867080237165	-0.7370356808964089
dg96lmcvm2b8cwvc7zwcmqd5	1	2	177	15	1	No-Go	NGW	0	1	0.428	0	0.0	0	0.4581	0.45487556565760223	-0.8088734753178777
dg96lmcvm2b8cwvc7zwcmqd5	1	2	183	16	1	No-Go	NGW	0	1	0.466	0	0.0	0	0.423	0.4273044132685928	-0.8769918036823633
dg96lmcvm2b8cwvc7zwcmqd5	1	2	186	17	1	No-Go	NGW	0	1	0.985	0	0.0	0	0.41	0.40241452250439697	-0.9417011363147221
dg96lmcvm2b8cwvc7zwcmqd5	1	2	189	18	1	No-Go	NGW	0	0		1	0.0	1	0.3819	0.6203416701555847	-0.48950731673640435
dg96lmcvm2b8cwvc7zwcmqd5	1	2	194	19	1	No-Go	NGW	0	0		1	0.0	1	0.3528	0.6437636366523586	-0.4518233051340273
dg96lmcvm2b8cwvc7zwcmqd5	1	2	200	20	1	No-Go	NGW	0	1	0.661	0	1.0	1	0.3367	0.3348523218727531	-1.1390369009475407
dg96lmcvm2b8cwvc7zwcmqd5	1	2	204	21	1	No-Go	NGW	0	0		1	1.0	0	0.3956	0.6043363591642137	-0.5193729333418422
dg96lmcvm2b8cwvc7zwcmqd5	1	2	207	22	1	No-Go	NGW	0	0		1	0.0	1	0.4342	0.560401300848015	-0.6131688723910744
dg96lmcvm2b8cwvc7zwcmqd5	1	2	209	23	1	No-Go	NGW	0	1	0.446	0	0.0	0	0.4084	0.4116656552183682	-0.9286471569368236
dg96lmcvm2b8cwvc7zwcmqd5	1	2	215	24	1	No-Go	NGW	0	0		1	0.0	1	0.3772	0.6198571330832588	-0.49283114862863037
dg96lmcvm2b8cwvc7zwcmqd5	1	2	217	25	1	No-Go	NGW	0	0		1	0.0	1	0.3578	0.6439594819781465	-0.453022000252169
dg96lmcvm2b8cwvc7zwcmqd5	1	2	224	26	1	No-Go	NGW	0	0		1	0.0	1	0.3382	0.6653448918997139	-0.4195229994051489
dg96lmcvm2b8cwvc7zwcmqd5	1	2	225	27	1	No-Go	NGW	0	0		1	1.0	0	0.3175	0.6846001975005905	-0.3905338578414549
dg96lmcvm2b8cwvc7zwcmqd5	1	2	231	28	1	No-Go	NGW	0	1	0.424	0	0.0	0	0.3555	0.35793630888684125	-1.0915118253581877
dg96lmcvm2b8cwvc7zwcmqd5	1	2	235	29	1	No-Go	NGW	0	0		1	0.0	1	0.326	0.6680308954970786	-0.42066462771354934
dg96lmcvm2b8cwvc7zwcmqd5	1	2	239	30	1	No-Go	NGW	0	0		1	0.0	1	0.3072	0.6922333852881066	-0.3809506506039812
dg96lmcvm2b8cwvc7zwcmqd5	1	2	123	1	0	No-Go	NGAL	0	0		1	0.0	1	0.4981	0.49564552332431394	-0.7144260550094135
dg96lmcvm2b8cwvc7zwcmqd5	1	2	127	2	0	No-Go	NGAL	0	0		1	0.0	1	0.4687	0.5298679976255537	-0.6447880430513511
dg96lmcvm2b8cwvc7zwcmqd5	1	2	132	3	0	No-Go	NGAL	0	0		1	1.0	0	0.4316	0.560030863627808	-0.588508416114758
dg96lmcvm2b8cwvc7zwcmqd5	1	2	133	4	0	No-Go	NGAL	0	1	0.612	0	0.0	0	0.479	0.4733681458865175	-0.7573608321989724
dg96lmcvm2b8cwvc7zwcmqd5	1	2	140	5	0	No-Go	NGAL	0	0		1	0.0	1	0.4339	0.5606955320133095	-0.5854707682490216
dg96lmcvm2b8cwvc7zwcmqd5	1	2	141	6	0	No-Go	NGAL	0	0		1	0.0	1	0.4053	0.5910285578998435	-0.5330564488270715
dg96lmcvm2b8cwvc7zwcmqd5	1	2	146	7	0	No-Go	NGAL	0	1	1.01	0	0.0	0	0.3829	0.38232620079282303	-0.9813029562935405
dg96lmcvm2b8cwvc7zwcmqd5	1	2	151	8	0	No-Go	NGAL	0	1	0.807	0	0.0	0	0.3499	0.35445660449733546	-1.0644162462631028
dg96lmcvm2b8cwvc7zwcmqd5	1	2	156	9	0	No-Go	NGAL	0	0		1	0.0	1	0.336	0.6700689969249268	-0.40767902712080173
dg96lmcvm2b8cwvc7zwcmqd5	1	2	159	10	0	No-Go	NGAL	0	0		1	1.0	0	0.3125	0.6921315362174848	-0.37491585517041903
dg96lmcvm2b8cwvc7zwcmqd5	1	2	164	11	0	No-Go	NGAL	0	0		1	0.0	1	0.3393	0.661908515252781	-0.418691872040104
dg96lmcvm2b8cwvc7zwcmqd5	1	2	166	12	0	No-Go	NGAL	0	0		1	0.0	1	0.3177	0.6861268175267076	-0.3826820428502349
dg96lmcvm2b8cwvc7zwcmqd5	1	2	172	13	0	No-Go	NGAL	0	0		1	0.0	1	0.2915	0.7073360250526807	-0.3519784099538205
dg96lmcvm2b8cwvc7zwcmqd5	1	2	176	14	0	No-Go	NGAL	0	0		1	1.0	0	0.2801	0.7263251940607502	-0.3250880980901162
dg96lmcvm2b8cwvc7zwcmqd5	1	2	178	15	0	No-Go	NGAL	0	0		1	0.0	1	0.3007	0.696869042419718	-0.36650015161683186
dg96lmcvm2b8cwvc7zwcmqd5	1	2	181	16	0	No-Go	NGAL	0	0		1	0.0	1	0.284	0.7184240608238439	-0.3356533523251704
dg96lmcvm2b8cwvc7zwcmqd5	1	2	188	17	0	No-Go	NGAL	0	0		1	0.0	1	0.2602	0.7372424209446085	-0.3094796858064824
dg96lmcvm2b8cwvc7zwcmqd5	1	2	192	18	0	No-Go	NGAL	0	0		1	0.0	1	0.2458	0.7540539364851879	-0.28659851938573117
dg96lmcvm2b8cwvc7zwcmqd5	1	2	196	19	0	No-Go	NGAL	0	0		1	1.0	0	0.2305	0.7692652077278614	-0.26631017891165365
dg96lmcvm2b8cwvc7zwcmqd5	1	2	197	20	0	No-Go	NGAL	0	1	1.019	0	0.0	0	0.2567	0.25863468462836964	-1.391066725397539
dg96lmcvm2b8cwvc7zwcmqd5	1	2	203	21	0	No-Go	NGAL	0	0		1	0.0	1	0.2361	0.7601616932316456	-0.27871741772713027
dg96lmcvm2b8cwvc7zwcmqd5	1	2	205	22	0	No-Go	NGAL	0	0		1	0.0	1	0.2174	0.7774134949343859	-0.25570594881248193
dg96lmcvm2b8cwvc7zwcmqd5	1	2	210	23	0	No-Go	NGAL	0	1	1.233	0	1.0	1	0.2073	0.2076864905296657	-1.624394245748265
dg96lmcvm2b8cwvc7zwcmqd5	1	2	216	24	0	No-Go	NGAL	0	0		1	0.0	1	0.2429	0.761197005582122	-0.278515801056335
dg96lmcvm2b8cwvc7zwcmqd5	1	2	219	25	0	No-Go	NGAL	0	0		1	0.0	1	0.2204	0.7757033838443661	-0.25940523144623323
dg96lmcvm2b8cwvc7zwcmqd5	1	2	221	26	0	No-Go	NGAL	0	1	1.038	0	0.0	0	0.2153	0.21129094349871924	-1.6224808973268687
dg96lmcvm2b8cwvc7zwcmqd5	1	2	226	27	0	No-Go	NGAL	0	0		1	0.0	1	0.192	0.808408476999431	-0.21660487669524497
dg96lmcvm2b8cwvc7zwcmqd5	1	2	232	28	0	No-Go	NGAL	0	0		1	0.0	1	0.1801	0.8193861930759043	-0.20310599722308964
dg96lmcvm2b8cwvc7zwcmqd5	1	2	234	29	0	No-Go	NGAL	0	0		1	0.0	1	0.1694	0.8293635663307789	-0.19104402491906605
dg96lmcvm2b8cwvc7zwcmqd5	1	2	238	30	0	No-Go	NGAL	0	0		1	1.0	0	0.1626	0.8384668669747197	-0.18020912006089096
dg96lmcvm2b8cwvc7zwcmqd5	1	2	121	1	1	Go	GW	1	1	0.789	1	1.0	0	0.6504	0.6458009142431346	-0.4476709480463022
dg96lmcvm2b8cwvc7zwcmqd5	1	2	128	2	1	Go	GW	1	1	1.036	1	0.0	1	0.6139	0.613912993407994	-0.5012375053071567
dg96lmcvm2b8cwvc7zwcmqd5	1	2	131	3	1	Go	GW	1	0		0	0.0	0	0.6555	0.33440180168475464	-1.121586220084796
dg96lmcvm2b8cwvc7zwcmqd5	1	2	136	4	1	Go	GW	1	0		0	0.0	0	0.6944	0.3054443387333684	-1.2245797660583755
dg96lmcvm2b8cwvc7zwcmqd5	1	2	137	5	1	Go	GW	1	1	0.559	1	0.0	1	0.7135	0.7189972933312017	-0.3367390554704336
dg96lmcvm2b8cwvc7zwcmqd5	1	2	144	6	1	Go	GW	1	0		0	0.0	0	0.7532	0.2511150560899038	-1.4537646879594142
dg96lmcvm2b8cwvc7zwcmqd5	1	2	147	7	1	Go	GW	1	1	0.766	1	0.0	1	0.7674	0.7683991881354312	-0.269534293421111
dg96lmcvm2b8cwvc7zwcmqd5	1	2	152	8	1	Go	GW	1	1	0.673	1	0.0	1	0.7864	0.7898189140849974	-0.2414569075043636
dg96lmcvm2b8cwvc7zwcmqd5	1	2	153	9	1	Go	GW	1	1	0.835	1	0.0	1	0.8074	0.807402779203495	-0.2188032733888605
dg96lmcvm2b8cwvc7zwcmqd5	1	2	157	10	1	Go	GW	1	1	0.629	1	1.0	0	0.8199	0.8224040022731748	-0.1998149639702798
dg96lmcvm2b8cwvc7zwcmqd5	1	2	163	11	1	Go	GW	1	1	0.545	1	1.0	0	0.7969	0.7961387528534367	-0.23158824998815905
dg96lmcvm2b8cwvc7zwcmqd5	1	2	165	12	1	Go	GW	1	1	0.56	1	0.0	1	0.7651	0.7694626984593951	-0.265678410558076
dg96lmcvm2b8cwvc7zwcmqd5	1	2	169	13	1	Go	GW	1	1	0.565	1	0.0	1	0.7946	0.7973836837719095	-0.23033489066780333
dg96lmcvm2b8cwvc7zwcmqd5	1	2	174	14	1	Go	GW	1	1	0.531	1	0.0	1	0.8091	0.816114790180828	-0.20728093413307597
dg96lmcvm2b8cwvc7zwcmqd5	1	2	180	15	1	Go	GW	1	1	0.576	1	0.0	1	0.8387	0.8309308062533137	-0.18917496668394929
dg96lmcvm2b8cwvc7zwcmqd5	1	2	182	16	1	Go	GW	1	1	0.567	1	0.0	1	0.8486	0.8434017547919717	-0.17406836794446037
dg96lmcvm2b8cwvc7zwcmqd5	1	2	187	17	1	Go	GW	1	1	0.531	1	0.0	1	0.8581	0.8542216883011446	-0.16109310046866682
dg96lmcvm2b8cwvc7zwcmqd5	1	2	191	18	1	Go	GW	1	1	0.814	1	0.0	1	0.866	0.8637699788215208	-0.14976114198972384
dg96lmcvm2b8cwvc7zwcmqd5	1	2	195	19	1	Go	GW	1	1	0.464	1	0.0	1	0.8668	0.8722850973216176	-0.13975731847010228
dg96lmcvm2b8cwvc7zwcmqd5	1	2	199	20	1	Go	GW	1	1	0.561	1	1.0	0	0.8829	0.8799324933540688	-0.1308588869640688
dg96lmcvm2b8cwvc7zwcmqd5	1	2	201	21	1	Go	GW	1	1	1.015	1	1.0	0	0.8579	0.8577170003555379	-0.15704008814457093
dg96lmcvm2b8cwvc7zwcmqd5	1	2	208	22	1	Go	GW	1	1	0.432	1	0.0	1	0.8323	0.8348012985627691	-0.18566237442562067
dg96lmcvm2b8cwvc7zwcmqd5	1	2	212	23	1	Go	GW	1	1	0.58	1	0.0	1	0.8571	0.8555195946905857	-0.1597110997315638
dg96lmcvm2b8cwvc7zwcmqd5	1	2	214	24	1	Go	GW	1	1	0.827	1	0.0	1	0.8613	0.8682396279739624	-0.14477315307166203
dg96lmcvm2b8cwvc7zwcmqd5	1	2	218	25	1	Go	GW	1	1	0.774	1	0.0	1	0.8785	0.8778823363781696	-0.13359846324839
dg96lmcvm2b8cwvc7zwcmqd5	1	2	223	26	1	Go	GW	1	1	0.778	1	0.0	1	0.8885	0.8858263788799219	-0.1244604184723991
dg96lmcvm2b8cwvc7zwcmqd5	1	2	227	27	1	Go	GW	1	1	0.752	1	0.0	1	0.8972	0.8926467125014919	-0.11666421694540252
dg96lmcvm2b8cwvc7zwcmqd5	1	2	230	28	1	Go	GW	1	1	0.783	1	1.0	0	0.9002	0.8986399553395092	-0.10985408053845229
dg96lmcvm2b8cwvc7zwcmqd5	1	2	233	29	1	Go	GW	1	1	0.617	1	0.0	1	0.879	0.8779816992012657	-0.1343622598365022
dg96lmcvm2b8cwvc7zwcmqd5	1	2	240	30	1	Go	GW	1	1	0.463	1	0.0	1	0.8894	0.8899350199202548	-0.12010704488259547
dg96lmcvm2b8cwvc7zwcmqd5	1	2	124	1	0	Go	GAL	1	0		0	1.0	1	0.5018	0.49564552332431394	-0.7144260550094135
dg96lmcvm2b8cwvc7zwcmqd5	1	2	126	2	0	Go	GAL	1	0		0	0.0	0	0.4751	0.5298679976255537	-0.6447880430513511
dg96lmcvm2b8cwvc7zwcmqd5	1	2	130	3	0	Go	GAL	1	1	1.129	1	0.0	1	0.5026	0.5021167654484556	-0.6977600887615738
dg96lmcvm2b8cwvc7zwcmqd5	1	2	135	4	0	Go	GAL	1	0		0	0.0	0	0.5274	0.4637577126016666	-0.7824615512658787
dg96lmcvm2b8cwvc7zwcmqd5	1	2	138	5	0	Go	GAL	1	1	1.083	1	0.0	1	0.5642	0.5651865304206696	-0.5799578183677954
dg96lmcvm2b8cwvc7zwcmqd5	1	2	142	6	0	Go	GAL	1	1	1.053	1	0.0	1	0.589	0.5944276584070549	-0.5299890966289462
dg96lmcvm2b8cwvc7zwcmqd5	1	2	148	7	0	Go	GAL	1	1	1.115	1	0.0	1	0.6182	0.6204761580634743	-0.486848067670418
dg96lmcvm2b8cwvc7zwcmqd5	1	2	149	8	0	Go	GAL	1	1	0.595	1	0.0	1	0.6426	0.6440591173381365	-0.4488858677414864
dg96lmcvm2b8cwvc7zwcmqd5	1	2	154	9	0	Go	GAL	1	0		0	0.0	0	0.6727	0.3343665836235895	-1.1328065598189707
dg96lmcvm2b8cwvc7zwcmqd5	1	2	160	10	0	Go	GAL	1	1	0.918	1	1.0	0	0.6862	0.6890453249709075	-0.38042198157933715
dg96lmcvm2b8cwvc7zwcmqd5	1	2	162	11	0	Go	GAL	1	0		0	0.0	0	0.6556	0.34972306988701296	-1.0729910592688214
dg96lmcvm2b8cwvc7zwcmqd5	1	2	168	12	0	Go	GAL	1	0		0	0.0	0	0.6733	0.3269530304108743	-1.1484526595639337
dg96lmcvm2b8cwvc7zwcmqd5	1	2	171	13	0	Go	GAL	1	1	0.664	1	0.0	1	0.6912	0.6937393720334137	-0.37309037287970176
dg96lmcvm2b8cwvc7zwcmqd5	1	2	175	14	0	Go	GAL	1	0		0	0.0	0	0.7119	0.28248140596976395	-1.3138872455940864
dg96lmcvm2b8cwvc7zwcmqd5	1	2	179	15	0	Go	GAL	1	0		0	1.0	1	0.7278	0.2646311794391818	-1.393607201082804
dg96lmcvm2b8cwvc7zwcmqd5	1	2	184	16	0	Go	GAL	1	1	1.26	1	0.0	1	0.7034	0.7025255412043943	-0.36132970812078724
dg96lmcvm2b8cwvc7zwcmqd5	1	2	185	17	0	Go	GAL	1	1	0.655	1	1.0	0	0.7242	0.723673088680656	-0.33086693079567686
dg96lmcvm2b8cwvc7zwcmqd5	1	2	190	18	0	Go	GAL	1	1	0.86	1	0.0	1	0.6841	0.6864199037471586	-0.3884655323622462
dg96lmcvm2b8cwvc7zwcmqd5	1	2	193	19	0	Go	GAL	1	1	0.833	1	0.0	1	0.7167	0.7118881113585543	-0.34870649149864064
dg96lmcvm2b8cwvc7zwcmqd5	1	2	198	20	0	Go	GAL	1	1	0.864	1	0.0	1	0.7312	0.7331514985209703	-0.3180777477898882
dg96lmcvm2b8cwvc7zwcmqd5	1	2	202	21	0	Go	GAL	1	1	1.037	1	0.0	1	0.7501	0.7514735962614905	-0.29272866715830087
dg96lmcvm2b8cwvc7zwcmqd5	1	2	206	22	0	Go	GAL	1	1	0.912	1	0.0	1	0.7734	0.7675997213355319	-0.27104129639314245
dg96lmcvm2b8cwvc7zwcmqd5	1	2	211	23	0	Go	GAL	1	1	0.989	1	0.0	1	0.7798	0.7819893711120464	-0.25213612252429773
dg96lmcvm2b8cwvc7zwcmqd5	1	2	213	24	0	Go	GAL	1	1	0.844	1	0.0	1	0.7985	0.7949470665988491	-0.2354601135492325
dg96lmcvm2b8cwvc7zwcmqd5	1	2	220	25	0	Go	GAL	1	1	0.765	1	1.0	0	0.8005	0.8066881102186271	-0.2206314141163516
dg96lmcvm2b8cwvc7zwcmqd5	1	2	222	26	0	Go	GAL	1	1	1.005	1	0.0	1	0.7728	0.7719024550058954	-0.2715063767791709
dg96lmcvm2b8cwvc7zwcmqd5	1	2	228	27	0	Go	GAL	1	1	0.829	1	0.0	1	0.7914	0.7897060481672609	-0.24529255599818822
dg96lmcvm2b8cwvc7zwcmqd5	1	2	229	28	0	Go	GAL	1	1	0.798	1	0.0	1	0.7985	0.8043263007290984	-0.22562203746133663
dg96lmcvm2b8cwvc7zwcmqd5	1	2	236	29	0	Go	GAL	1	1	0.875	1	0.0	1	0.8195	0.8167836832960301	-0.2095750908130027
dg96lmcvm2b8cwvc7zwcmqd5	1	2	237	30	0	Go	GAL	1	1	0.548	1	1.0	0	0.8307	0.827654778111101	-0.19596639515321168
drf5o1lo33plcbhrkknsm4kz	1	1	2	1	0	No-Go	NGAL	0	1	0.839	0	0.0	0	0.6558	0.6555378700495903	-0.4262765759060549
drf5o1lo33plcbhrkknsm4kz	1	1	5	2	0	No-Go	NGAL	0	0		1	0.0	1	0.6379	0.36692513166697743	-1.015018973266542
drf5o1lo33plcbhrkknsm4kz	1	1	9	3	0	No-Go	NGAL	0	0		1	1.0	0	0.6175	0.3900834180302153	-0.9528097318568463
drf5o1lo33plcbhrkknsm4kz	1	1	16	4	0	No-Go	NGAL	0	1	1.356	0	0.0	0	0.6177	0.6136663212850377	-0.49271643204338683
drf5o1lo33plcbhrkknsm4kz	1	1	17	5	0	No-Go	NGAL	0	1	0.648	0	0.0	0	0.5951	0.5910060884801114	-0.5310823187028593
drf5o1lo33plcbhrkknsm4kz	1	1	21	6	0	No-Go	NGAL	0	0		1	0.0	1	0.5747	0.4312845049776538	-0.8513453041914145
drf5o1lo33plcbhrkknsm4kz	1	1	26	7	0	No-Go	NGAL	0	1	0.935	0	1.0	1	0.5458	0.545143612732329	-0.6145991273785949
drf5o1lo33plcbhrkknsm4kz	1	1	31	8	0	No-Go	NGAL	0	0		1	0.0	1	0.5686	0.4281618630352618	-0.8581133000983744
drf5o1lo33plcbhrkknsm4kz	1	1	35	9	0	No-Go	NGAL	0	0		1	0.0	1	0.5469	0.450863616893547	-0.8063761445014616
drf5o1lo33plcbhrkknsm4kz	1	1	39	10	0	No-Go	NGAL	0	1	0.6	0	0.0	0	0.527	0.5269335070839773	-0.6487091980557217
drf5o1lo33plcbhrkknsm4kz	1	1	41	11	0	No-Go	NGAL	0	0		1	0.0	1	0.5012	0.4966442782370931	-0.7102609606388096
drf5o1lo33plcbhrkknsm4kz	1	1	45	12	0	No-Go	NGAL	0	0		1	1.0	0	0.4815	0.5183076833376519	-0.667790188477904
drf5o1lo33plcbhrkknsm4kz	1	1	52	13	0	No-Go	NGAL	0	0		1	0.0	1	0.4772	0.5140653890329706	-0.6758622281040202
drf5o1lo33plcbhrkknsm4kz	1	1	56	14	0	No-Go	NGAL	0	0		1	0.0	1	0.4655	0.5354482871812546	-0.6353495375061949
drf5o1lo33plcbhrkknsm4kz	1	1	57	15	0	No-Go	NGAL	0	0		1	0.0	1	0.4488	0.5561070676195161	-0.597712324303856
drf5o1lo33plcbhrkknsm4kz	1	1	63	16	0	No-Go	NGAL	0	1	0.79	0	0.0	0	0.4238	0.42393557925688763	-0.8790755829868842
drf5o1lo33plcbhrkknsm4kz	1	1	68	17	0	No-Go	NGAL	0	0		1	0.0	1	0.4062	0.5977349586349168	-0.5260575583534559
drf5o1lo33plcbhrkknsm4kz	1	1	71	18	0	No-Go	NGAL	0	1	0.583	0	1.0	1	0.3839	0.38341830396280274	-0.9890519479815131
drf5o1lo33plcbhrkknsm4kz	1	1	73	19	0	No-Go	NGAL	0	0		1	0.0	1	0.4106	0.5910662148790702	-0.5373114874079582
drf5o1lo33plcbhrkknsm4kz	1	1	80	20	0	No-Go	NGAL	0	1	0.889	0	0.0	0	0.3908	0.3903210496804641	-0.9695400934192479
drf5o1lo33plcbhrkknsm4kz	1	1	82	21	0	No-Go	NGAL	0	0		1	0.0	1	0.371	0.6312691301528703	-0.4715412805802755
drf5o1lo33plcbhrkknsm4kz	1	1	85	22	0	No-Go	NGAL	0	1	0.648	0	1.0	1	0.3571	0.35132129729924744	-1.0860928189875982
drf5o1lo33plcbhrkknsm4kz	1	1	91	23	0	No-Go	NGAL	0	1	0.457	0	0.0	0	0.3775	0.37547273809196513	-1.0133189898725665
drf5o1lo33plcbhrkknsm4kz	1	1	93	24	0	No-Go	NGAL	0	1	0.649	0	0.0	0	0.3543	0.3539491018009127	-1.077771901212584
drf5o1lo33plcbhrkknsm4kz	1	1	99	25	0	No-Go	NGAL	0	1	0.632	0	0.0	0	0.3391	0.3340241001648787	-1.1427159956412316
drf5o1lo33plcbhrkknsm4kz	1	1	101	26	0	No-Go	NGAL	0	1	0.761	0	0.0	0	0.3167	0.3154486476111	-1.20803122165445
drf5o1lo33plcbhrkknsm4kz	1	1	106	27	0	No-Go	NGAL	0	1	1.271	0	1.0	1	0.2912	0.2980571988643795	-1.2737097233513526
drf5o1lo33plcbhrkknsm4kz	1	1	110	28	0	No-Go	NGAL	0	1	0.999	0	0.0	0	0.3172	0.3214877854562584	-1.1886813645481895
drf5o1lo33plcbhrkknsm4kz	1	1	115	29	0	No-Go	NGAL	0	1	0.633	0	0.0	0	0.3076	0.3029684296504922	-1.25563743728664
drf5o1lo33plcbhrkknsm4kz	1	1	120	30	0	No-Go	NGAL	0	1	0.47	0	0.0	0	0.2841	0.2858674199441682	-1.3227832105671544
drf5o1lo33plcbhrkknsm4kz	1	1	3	1	0	Go	GAL	1	1	0.441	1	0.0	1	0.6536	0.6555378700495903	-0.4262765759060549
drf5o1lo33plcbhrkknsm4kz	1	1	8	2	0	Go	GAL	1	1	1.27	1	0.0	1	0.6797	0.6771805378257764	-0.3938808227619367
drf5o1lo33plcbhrkknsm4kz	1	1	12	3	0	Go	GAL	1	1	0.81	1	0.0	1	0.6972	0.69717994586484	-0.364838711635762
drf5o1lo33plcbhrkknsm4kz	1	1	15	4	0	Go	GAL	1	1	0.596	1	0.0	1	0.7114	0.7157898513872798	-0.33849978011702175
drf5o1lo33plcbhrkknsm4kz	1	1	20	5	0	Go	GAL	1	1	0.599	1	1.0	0	0.7381	0.7331639345547082	-0.3144750745613238
drf5o1lo33plcbhrkknsm4kz	1	1	24	6	0	Go	GAL	1	1	0.743	1	0.0	1	0.7071	0.7117431935338817	-0.3438272724998771
drf5o1lo33plcbhrkknsm4kz	1	1	28	7	0	Go	GAL	1	1	0.712	1	0.0	1	0.7316	0.7300325489431506	-0.3184592974958212
drf5o1lo33plcbhrkknsm4kz	1	1	29	8	0	Go	GAL	1	1	0.6	1	0.0	1	0.7428	0.7468618900580588	-0.29567156577442333
drf5o1lo33plcbhrkknsm4kz	1	1	33	9	0	Go	GAL	1	1	0.585	1	0.0	1	0.761	0.7624634556565723	-0.27496290573338333
drf5o1lo33plcbhrkknsm4kz	1	1	38	10	0	Go	GAL	1	1	0.504	1	1.0	0	0.7755	0.7769776891364012	-0.2560414282493853
drf5o1lo33plcbhrkknsm4kz	1	1	43	11	0	Go	GAL	1	1	1.047	1	0.0	1	0.7533	0.7572687934782125	-0.2816876833122533
drf5o1lo33plcbhrkknsm4kz	1	1	48	12	0	Go	GAL	1	1	0.537	1	1.0	0	0.776	0.7728204593151581	-0.26123737346878184
drf5o1lo33plcbhrkknsm4kz	1	1	49	13	0	Go	GAL	1	1	0.471	1	0.0	1	0.7534	0.7531561731770382	-0.28719984795194603
drf5o1lo33plcbhrkknsm4kz	1	1	53	14	0	Go	GAL	1	1	0.597	1	0.0	1	0.7733	0.7693676609431258	-0.2656461661822081
drf5o1lo33plcbhrkknsm4kz	1	1	58	15	0	Go	GAL	1	1	0.384	1	0.0	1	0.7845	0.7840593060417059	-0.24665633509698565
drf5o1lo33plcbhrkknsm4kz	1	1	64	16	0	Go	GAL	1	1	0.469	1	0.0	1	0.8039	0.7975356751566814	-0.22955807823599966
drf5o1lo33plcbhrkknsm4kz	1	1	65	17	0	Go	GAL	1	1	0.362	1	0.0	1	0.8138	0.8099761512160557	-0.2140150189054179
drf5o1lo33plcbhrkknsm4kz	1	1	70	18	0	Go	GAL	1	1	0.552	1	1.0	0	0.8214	0.821500633784152	-0.1998119166953206
drf5o1lo33plcbhrkknsm4kz	1	1	75	19	0	Go	GAL	1	0		0	0.0	0	0.8123	0.19593759728156104	-1.6880109432605686
drf5o1lo33plcbhrkknsm4kz	1	1	77	20	0	Go	GAL	1	1	0.437	1	0.0	1	0.8139	0.8063951537827992	-0.2185749571046034
drf5o1lo33plcbhrkknsm4kz	1	1	83	21	0	Go	GAL	1	1	0.452	1	0.0	1	0.8207	0.8188977607413224	-0.20296664624203634
drf5o1lo33plcbhrkknsm4kz	1	1	86	22	0	Go	GAL	1	1	0.536	1	1.0	0	0.829	0.8302284150013743	-0.18910657369686257
drf5o1lo33plcbhrkknsm4kz	1	1	90	23	0	Go	GAL	1	1	0.584	1	0.0	1	0.8108	0.8134770863053827	-0.20995666579345498
drf5o1lo33plcbhrkknsm4kz	1	1	96	24	0	Go	GAL	1	1	0.408	1	0.0	1	0.8287	0.8257527440312223	-0.1946267859584371
drf5o1lo33plcbhrkknsm4kz	1	1	97	25	0	Go	GAL	1	1	0.422	1	0.0	1	0.836	0.8367879997205191	-0.18118637329314063
drf5o1lo33plcbhrkknsm4kz	1	1	103	26	0	Go	GAL	1	1	0.487	1	0.0	1	0.8479	0.8468479778234647	-0.16911974071990832
drf5o1lo33plcbhrkknsm4kz	1	1	107	27	0	Go	GAL	1	1	1.271	1	0.0	1	0.8556	0.8560883259505027	-0.15816749130558871
drf5o1lo33plcbhrkknsm4kz	1	1	112	28	0	Go	GAL	1	1	0.473	1	0.0	1	0.8577	0.8646134555281473	-0.14816564032889157
drf5o1lo33plcbhrkknsm4kz	1	1	116	29	0	Go	GAL	1	1	1.353	1	0.0	1	0.8734	0.8725008153041481	-0.1389959628108901
drf5o1lo33plcbhrkknsm4kz	1	1	118	30	0	Go	GAL	1	1	0.392	1	1.0	0	0.8811	0.879812030961776	-0.13056618019852437
drf5o1lo33plcbhrkknsm4kz	1	1	1	1	1	No-Go	NGW	0	1	0.704	0	1.0	1	0.7815	0.7830479726743843	-0.2587692327349141
drf5o1lo33plcbhrkknsm4kz	1	1	7	2	1	No-Go	NGW	0	1	0.654	0	0.0	0	0.8611	0.862850549543986	-0.15012246979469593
drf5o1lo33plcbhrkknsm4kz	1	1	11	3	1	No-Go	NGW	0	1	0.568	0	0.0	0	0.8525	0.8496471265996824	-0.16576759809038197
drf5o1lo33plcbhrkknsm4kz	1	1	13	4	1	No-Go	NGW	0	1	0.647	0	0.0	0	0.8348	0.8357633865859238	-0.18260275664267586
drf5o1lo33plcbhrkknsm4kz	1	1	19	5	1	No-Go	NGW	0	1	0.456	0	0.0	0	0.8215	0.8212962024080299	-0.2005788661263933
drf5o1lo33plcbhrkknsm4kz	1	1	22	6	1	No-Go	NGW	0	1	0.434	0	0.0	0	0.8071	0.806294065882402	-0.2196984482692975
drf5o1lo33plcbhrkknsm4kz	1	1	25	7	1	No-Go	NGW	0	1	0.649	0	1.0	1	0.7887	0.7907897647860959	-0.23998920294085205
drf5o1lo33plcbhrkknsm4kz	1	1	30	8	1	No-Go	NGW	0	1	0.536	0	0.0	0	0.8669	0.8650844611333883	-0.1467727783645902
drf5o1lo33plcbhrkknsm4kz	1	1	34	9	1	No-Go	NGW	0	1	0.441	0	0.0	0	0.8527	0.8520309294259109	-0.16213007538692342
drf5o1lo33plcbhrkknsm4kz	1	1	37	10	1	No-Go	NGW	0	1	0.456	0	0.0	0	0.8351	0.8383225767416989	-0.17862047701453268
drf5o1lo33plcbhrkknsm4kz	1	1	42	11	1	No-Go	NGW	0	1	0.645	0	0.0	0	0.8274	0.8240325223753608	-0.19621226799830363
drf5o1lo33plcbhrkknsm4kz	1	1	46	12	1	No-Go	NGW	0	1	0.42	0	0.0	0	0.8114	0.8091943582446826	-0.21492085496800545
drf5o1lo33plcbhrkknsm4kz	1	1	50	13	1	No-Go	NGW	0	1	0.438	0	0.0	0	0.7873	0.7938319515196652	-0.23478266197403452
drf5o1lo33plcbhrkknsm4kz	1	1	55	14	1	No-Go	NGW	0	1	1.176	0	1.0	1	0.7786	0.7779719392663386	-0.2558398457191323
drf5o1lo33plcbhrkknsm4kz	1	1	59	15	1	No-Go	NGW	0	1	0.376	0	0.0	0	0.8571	0.8547880290177058	-0.1594110329527781
drf5o1lo33plcbhrkknsm4kz	1	1	62	16	1	No-Go	NGW	0	1	0.402	0	0.0	0	0.8442	0.8411646624229939	-0.17573640598642468
drf5o1lo33plcbhrkknsm4kz	1	1	67	17	1	No-Go	NGW	0	1	0.457	0	0.0	0	0.8278	0.826909411234927	-0.1932249662278888
drf5o1lo33plcbhrkknsm4kz	1	1	69	18	1	No-Go	NGW	0	1	0.661	0	0.0	0	0.8108	0.8120977826979999	-0.21184634122911775
drf5o1lo33plcbhrkknsm4kz	1	1	74	19	1	No-Go	NGW	0	1	0.328	0	0.0	0	0.7967	0.7967662492714102	-0.231616452784345
drf5o1lo33plcbhrkknsm4kz	1	1	78	20	1	No-Go	NGW	0	1	0.344	0	1.0	1	0.78	0.7809420176273707	-0.25257135774526757
drf5o1lo33plcbhrkknsm4kz	1	1	84	21	1	No-Go	NGW	0	1	0.44	0	0.0	0	0.8548	0.8538284336988692	-0.16170445794440796
drf5o1lo33plcbhrkknsm4kz	1	1	87	22	1	No-Go	NGW	0	0		1	0.0	1	0.8447	0.15974009115089977	-1.9597972526128875
drf5o1lo33plcbhrkknsm4kz	1	1	92	23	1	No-Go	NGW	0	1	0.408	0	1.0	1	0.8242	0.8268480860242234	-0.19493421049709145
drf5o1lo33plcbhrkknsm4kz	1	1	94	24	1	No-Go	NGW	0	1	0.34	0	0.0	0	0.8761	0.8788292090840976	-0.13276270930584605
drf5o1lo33plcbhrkknsm4kz	1	1	100	25	1	No-Go	NGW	0	1	0.374	0	0.0	0	0.8676	0.8665258801360923	-0.14734031625048793
drf5o1lo33plcbhrkknsm4kz	1	1	104	26	1	No-Go	NGW	0	1	0.486	0	1.0	1	0.8549	0.8535750044270491	-0.16305946418647743
drf5o1lo33plcbhrkknsm4kz	1	1	108	27	1	No-Go	NGW	0	0		1	0.0	1	0.8942	0.10372129449293538	-2.5541409804252715
drf5o1lo33plcbhrkknsm4kz	1	1	111	28	1	No-Go	NGW	0	1	0.456	0	0.0	0	0.8919	0.8874651312125439	-0.12347095857673412
drf5o1lo33plcbhrkknsm4kz	1	1	114	29	1	No-Go	NGW	0	1	0.407	0	0.0	0	0.874	0.8755100537418763	-0.13772517799405953
drf5o1lo33plcbhrkknsm4kz	1	1	119	30	1	No-Go	NGW	0	1	0.391	0	0.0	0	0.8619	0.8629533673366259	-0.15310808136504855
drf5o1lo33plcbhrkknsm4kz	1	1	4	1	1	Go	GW	1	0		0	0.0	0	0.7835	0.21695202732561575	-1.6809141430406231
drf5o1lo33plcbhrkknsm4kz	1	1	6	2	1	Go	GW	1	0		0	0.0	0	0.7967	0.20147805123687124	-1.765322232880307
drf5o1lo33plcbhrkknsm4kz	1	1	10	3	1	Go	GW	1	1	0.74	1	0.0	1	0.8124	0.8126348729563702	-0.21833332695463567
drf5o1lo33plcbhrkknsm4kz	1	1	14	4	1	Go	GW	1	1	0.776	1	0.0	1	0.8799	0.8830825969766501	-0.12649910790664617
drf5o1lo33plcbhrkknsm4kz	1	1	18	5	1	Go	GW	1	1	0.761	1	1.0	0	0.9255	0.921738141588723	-0.08241139486711528
drf5o1lo33plcbhrkknsm4kz	1	1	23	6	1	Go	GW	1	1	0.618	1	1.0	0	0.9155	0.9133495914224775	-0.09158634681433606
drf5o1lo33plcbhrkknsm4kz	1	1	27	7	1	Go	GW	1	1	0.728	1	0.0	1	0.907	0.9043199927361777	-0.1015865882906326
drf5o1lo33plcbhrkknsm4kz	1	1	32	8	1	Go	GW	1	1	0.851	1	0.0	1	0.9381	0.9348053381975755	-0.06807487743614052
drf5o1lo33plcbhrkknsm4kz	1	1	36	9	1	Go	GW	1	1	0.468	1	0.0	1	0.9504	0.9530899542731172	-0.04852754310683826
drf5o1lo33plcbhrkknsm4kz	1	1	40	10	1	Go	GW	1	1	0.505	1	0.0	1	0.9658	0.9648814888727906	-0.03612391854558461
drf5o1lo33plcbhrkknsm4kz	1	1	44	11	1	Go	GW	1	1	0.424	1	1.0	0	0.9741	0.9728095677434745	-0.027869791203034747
drf5o1lo33plcbhrkknsm4kz	1	1	47	12	1	Go	GW	1	1	0.553	1	0.0	1	0.9697	0.9689549637784749	-0.03193157016981058
drf5o1lo33plcbhrkknsm4kz	1	1	51	13	1	Go	GW	1	1	0.809	1	0.0	1	0.9753	0.9760637619976176	-0.024523200590205792
drf5o1lo33plcbhrkknsm4kz	1	1	54	14	1	Go	GW	1	1	0.599	1	0.0	1	0.9798	0.9807217770473662	-0.019713406457280397
drf5o1lo33plcbhrkknsm4kz	1	1	60	15	1	Go	GW	1	1	0.456	1	0.0	1	0.986	0.9840177016860524	-0.01632640492455409
drf5o1lo33plcbhrkknsm4kz	1	1	61	16	1	Go	GW	1	1	0.525	1	1.0	0	0.9874	0.9864308396113842	-0.013855161623744986
drf5o1lo33plcbhrkknsm4kz	1	1	66	17	1	Go	GW	1	1	0.487	1	0.0	1	0.9866	0.9839318649590423	-0.016506388824888838
drf5o1lo33plcbhrkknsm4kz	1	1	72	18	1	Go	GW	1	1	0.744	1	0.0	1	0.9844	0.9868918319365859	-0.01341135833980399
drf5o1lo33plcbhrkknsm4kz	1	1	76	19	1	Go	GW	1	1	0.34	1	0.0	1	0.9883	0.9887251759839646	-0.011525937866456133
drf5o1lo33plcbhrkknsm4kz	1	1	79	20	1	Go	GW	1	1	0.394	1	0.0	1	0.9887	0.9900460824700557	-0.010174997364991348
drf5o1lo33plcbhrkknsm4kz	1	1	81	21	1	Go	GW	1	1	0.504	1	0.0	1	0.9906	0.9910472282899953	-0.009154309889765656
drf5o1lo33plcbhrkknsm4kz	1	1	88	22	1	Go	GW	1	1	0.596	1	1.0	0	0.9908	0.9918268313223447	-0.008361212686879976
drf5o1lo33plcbhrkknsm4kz	1	1	89	23	1	Go	GW	1	1	0.744	1	0.0	1	0.99	0.9898879734338448	-0.010441132697078068
drf5o1lo33plcbhrkknsm4kz	1	1	95	24	1	Go	GW	1	1	0.424	1	0.0	1	0.992	0.9914996910657832	-0.008724159505201702
drf5o1lo33plcbhrkknsm4kz	1	1	98	25	1	Go	GW	1	1	0.584	1	0.0	1	0.9926	0.9923434964225814	-0.007850247303012894
drf5o1lo33plcbhrkknsm4kz	1	1	102	26	1	Go	GW	1	1	0.472	1	0.0	1	0.9912	0.9929238518672985	-0.007255202769946829
drf5o1lo33plcbhrkknsm4kz	1	1	105	27	1	Go	GW	1	1	1.224	1	1.0	0	0.9929	0.9933619749797046	-0.006808333355223041
drf5o1lo33plcbhrkknsm4kz	1	1	109	28	1	Go	GW	1	1	0.674	1	0.0	1	0.991	0.9915808125310522	-0.008730424843929496
drf5o1lo33plcbhrkknsm4kz	1	1	113	29	1	Go	GW	1	1	0.519	1	0.0	1	0.9931	0.992886313112977	-0.007321915451846524
drf5o1lo33plcbhrkknsm4kz	1	1	117	30	1	Go	GW	1	1	0.459	1	0.0	1	0.9933	0.9934859040432491	-0.006695325764970092
drf5o1lo33plcbhrkknsm4kz	1	2	121	1	0	No-Go	NGAL	0	1	0.501	0	0.0	0	0.656	0.6555378700495903	-0.4262765759060549
drf5o1lo33plcbhrkknsm4kz	1	2	128	2	0	No-Go	NGAL	0	1	0.786	0	0.0	0	0.6316	0.6330748683330225	-0.46129575663518957
drf5o1lo33plcbhrkknsm4kz	1	2	130	3	0	No-Go	NGAL	0	1	0.456	0	1.0	1	0.6119	0.6108730771403399	-0.49740545129604274
drf5o1lo33plcbhrkknsm4kz	1	2	133	4	0	No-Go	NGAL	0	1	0.857	0	0.0	0	0.6346	0.635594540160501	-0.4574064002413993
drf5o1lo33plcbhrkknsm4kz	1	2	137	5	0	No-Go	NGAL	0	1	0.935	0	0.0	0	0.6043	0.6129655281949458	-0.49388782062819414
drf5o1lo33plcbhrkknsm4kz	1	2	144	6	0	No-Go	NGAL	0	1	0.663	0	0.0	0	0.5878	0.5907066823272705	-0.5314188802649075
drf5o1lo33plcbhrkknsm4kz	1	2	147	7	0	No-Go	NGAL	0	1	0.564	0	1.0	1	0.5689	0.5687952902512164	-0.5699892556555334
drf5o1lo33plcbhrkknsm4kz	1	2	149	8	0	No-Go	NGAL	0	0		1	0.0	1	0.5986	0.4045801999524826	-0.9162824238097499
drf5o1lo33plcbhrkknsm4kz	1	2	153	9	0	No-Go	NGAL	0	0		1	0.0	1	0.5776	0.4284811319382803	-0.8575791146824713
drf5o1lo33plcbhrkknsm4kz	1	2	157	10	0	No-Go	NGAL	0	0		1	0.0	1	0.5351	0.4517875170279869	-0.8043260301748332
drf5o1lo33plcbhrkknsm4kz	1	2	161	11	0	No-Go	NGAL	0	0		1	0.0	1	0.5327	0.4745179595842857	-0.7553085879373198
drf5o1lo33plcbhrkknsm4kz	1	2	166	12	0	No-Go	NGAL	0	0		1	1.0	0	0.5073	0.49667836393672943	-0.7098821836555731
drf5o1lo33plcbhrkknsm4kz	1	2	169	13	0	No-Go	NGAL	0	0		1	0.0	1	0.5073	0.49246415400227544	-0.7184040114067991
drf5o1lo33plcbhrkknsm4kz	1	2	174	14	0	No-Go	NGAL	0	1	0.616	0	0.0	0	0.4805	0.48564263035105043	-0.733905604378424
drf5o1lo33plcbhrkknsm4kz	1	2	179	15	0	No-Go	NGAL	0	1	0.804	0	0.0	0	0.4701	0.4625507794604139	-0.7855362958284183
drf5o1lo33plcbhrkknsm4kz	1	2	184	16	0	No-Go	NGAL	0	1	0.504	0	0.0	0	0.4317	0.4405697830239138	-0.8377971980244553
drf5o1lo33plcbhrkknsm4kz	1	2	185	17	0	No-Go	NGAL	0	1	0.423	0	0.0	0	0.4222	0.41956211350232486	-0.8906789809787666
drf5o1lo33plcbhrkknsm4kz	1	2	191	18	0	No-Go	NGAL	0	0		1	1.0	0	0.4014	0.6005478396599023	-0.5213945403646729
drf5o1lo33plcbhrkknsm4kz	1	2	194	19	0	No-Go	NGAL	0	1	0.616	0	0.0	0	0.4035	0.4034384050497717	-0.9333822842642767
drf5o1lo33plcbhrkknsm4kz	1	2	200	20	0	No-Go	NGAL	0	0		1	0.0	1	0.3888	0.6158958809626982	-0.49629205227845297
drf5o1lo33plcbhrkknsm4kz	1	2	201	21	0	No-Go	NGAL	0	0		1	0.0	1	0.3645	0.6356912552985137	-0.46472733099903
drf5o1lo33plcbhrkknsm4kz	1	2	208	22	0	No-Go	NGAL	0	0		1	1.0	0	0.3499	0.6544330298622578	-0.4356995956120947
drf5o1lo33plcbhrkknsm4kz	1	2	209	23	0	No-Go	NGAL	0	1	0.836	0	0.0	0	0.3409	0.3493995424604047	-1.093409210268705
drf5o1lo33plcbhrkknsm4kz	1	2	214	24	0	No-Go	NGAL	0	0		1	0.0	1	0.3362	0.6681673442391796	-0.41506971890814653
drf5o1lo33plcbhrkknsm4kz	1	2	219	25	0	No-Go	NGAL	0	1	1.255	0	0.0	0	0.3138	0.31423462899953486	-1.2141027676976028
drf5o1lo33plcbhrkknsm4kz	1	2	223	26	0	No-Go	NGAL	0	0		1	0.0	1	0.3037	0.7018936223855408	-0.3655531983223783
drf5o1lo33plcbhrkknsm4kz	1	2	225	27	0	No-Go	NGAL	0	0		1	1.0	0	0.283	0.7178736752118315	-0.3428424059250521
drf5o1lo33plcbhrkknsm4kz	1	2	230	28	0	No-Go	NGAL	0	0		1	0.0	1	0.2877	0.7143820794186095	-0.34803315429759263
drf5o1lo33plcbhrkknsm4kz	1	2	235	29	0	No-Go	NGAL	0	0		1	0.0	1	0.2625	0.729811556486153	-0.3263150610473321
drf5o1lo33plcbhrkknsm4kz	1	2	239	30	0	No-Go	NGAL	0	0		1	0.0	1	0.2594	0.7442628477275967	-0.3064192316170419
drf5o1lo33plcbhrkknsm4kz	1	2	123	1	1	No-Go	NGW	0	1	0.455	0	1.0	1	0.7847	0.7830479726743843	-0.2587692327349141
drf5o1lo33plcbhrkknsm4kz	1	2	125	2	1	No-Go	NGW	0	1	0.373	0	0.0	0	0.8535	0.862850549543986	-0.15012246979469593
drf5o1lo33plcbhrkknsm4kz	1	2	129	3	1	No-Go	NGW	0	1	0.408	0	0.0	0	0.845	0.8496471265996824	-0.16576759809038197
drf5o1lo33plcbhrkknsm4kz	1	2	136	4	1	No-Go	NGW	0	1	0.407	0	0.0	0	0.8376	0.8357633865859238	-0.18260275664267586
drf5o1lo33plcbhrkknsm4kz	1	2	140	5	1	No-Go	NGW	0	1	0.422	0	0.0	0	0.8298	0.8212962024080299	-0.2005788661263933
drf5o1lo33plcbhrkknsm4kz	1	2	143	6	1	No-Go	NGW	0	1	0.324	0	0.0	0	0.8077	0.806294065882402	-0.2196984482692975
drf5o1lo33plcbhrkknsm4kz	1	2	145	7	1	No-Go	NGW	0	1	0.967	0	1.0	1	0.789	0.7907897647860959	-0.23998920294085205
drf5o1lo33plcbhrkknsm4kz	1	2	152	8	1	No-Go	NGW	0	1	0.498	0	0.0	0	0.8644	0.8650844611333883	-0.1467727783645902
drf5o1lo33plcbhrkknsm4kz	1	2	154	9	1	No-Go	NGW	0	1	0.709	0	0.0	0	0.8554	0.8520309294259109	-0.16213007538692342
drf5o1lo33plcbhrkknsm4kz	1	2	158	10	1	No-Go	NGW	0	1	0.433	0	0.0	0	0.8401	0.8383225767416989	-0.17862047701453268
drf5o1lo33plcbhrkknsm4kz	1	2	162	11	1	No-Go	NGW	0	1	0.322	0	0.0	0	0.83	0.8240325223753608	-0.19621226799830363
drf5o1lo33plcbhrkknsm4kz	1	2	167	12	1	No-Go	NGW	0	1	0.467	0	0.0	0	0.8176	0.8091943582446826	-0.21492085496800545
drf5o1lo33plcbhrkknsm4kz	1	2	170	13	1	No-Go	NGW	0	1	0.319	0	0.0	0	0.7898	0.7938319515196652	-0.23478266197403452
drf5o1lo33plcbhrkknsm4kz	1	2	176	14	1	No-Go	NGW	0	1	0.872	0	1.0	1	0.7856	0.7779719392663386	-0.2558398457191323
drf5o1lo33plcbhrkknsm4kz	1	2	180	15	1	No-Go	NGW	0	1	0.487	0	0.0	0	0.8543	0.8547880290177058	-0.1594110329527781
drf5o1lo33plcbhrkknsm4kz	1	2	182	16	1	No-Go	NGW	0	1	0.537	0	0.0	0	0.8413	0.8411646624229939	-0.17573640598642468
drf5o1lo33plcbhrkknsm4kz	1	2	186	17	1	No-Go	NGW	0	1	0.665	0	0.0	0	0.8214	0.826909411234927	-0.1932249662278888
drf5o1lo33plcbhrkknsm4kz	1	2	189	18	1	No-Go	NGW	0	1	0.671	0	0.0	0	0.8117	0.8120977826979999	-0.21184634122911775
drf5o1lo33plcbhrkknsm4kz	1	2	195	19	1	No-Go	NGW	0	1	0.426	0	0.0	0	0.7977	0.7967662492714102	-0.231616452784345
drf5o1lo33plcbhrkknsm4kz	1	2	199	20	1	No-Go	NGW	0	0		1	1.0	0	0.7836	0.21905798237262933	-1.5893911868692647
drf5o1lo33plcbhrkknsm4kz	1	2	203	21	1	No-Go	NGW	0	0		1	0.0	1	0.799	0.20264509880228324	-1.6674802684900922
drf5o1lo33plcbhrkknsm4kz	1	2	205	22	1	No-Go	NGW	0	0		1	0.0	1	0.7892	0.219743001795465	-1.586320525084449
drf5o1lo33plcbhrkknsm4kz	1	2	210	23	1	No-Go	NGW	0	1	0.552	0	1.0	1	0.7603	0.7629097051526887	-0.27737811752416053
drf5o1lo33plcbhrkknsm4kz	1	2	213	24	1	No-Go	NGW	0	1	0.536	0	0.0	0	0.8349	0.8411821001869232	-0.1771873968029801
drf5o1lo33plcbhrkknsm4kz	1	2	217	25	1	No-Go	NGW	0	0		1	0.0	1	0.8265	0.1735714811413149	-1.8717742693147044
drf5o1lo33plcbhrkknsm4kz	1	2	224	26	1	No-Go	NGW	0	1	0.627	0	1.0	1	0.81	0.812654261579905	-0.21313976802511778
drf5o1lo33plcbhrkknsm4kz	1	2	226	27	1	No-Go	NGW	0	1	0.772	0	0.0	0	0.8733	0.8684686289916373	-0.14520318129874224
drf5o1lo33plcbhrkknsm4kz	1	2	231	28	1	No-Go	NGW	0	0		1	0.0	1	0.858	0.14489643220178677	-2.1205759083357627
drf5o1lo33plcbhrkknsm4kz	1	2	233	29	1	No-Go	NGW	0	0		1	0.0	1	0.847	0.15635409534579417	-2.040780610731514
drf5o1lo33plcbhrkknsm4kz	1	2	240	30	1	No-Go	NGW	0	1	0.466	0	0.0	0	0.8294	0.8317891622905816	-0.19080341748302207
drf5o1lo33plcbhrkknsm4kz	1	2	124	1	0	Go	GAL	1	1	0.327	1	0.0	1	0.6525	0.6555378700495903	-0.4262765759060549
drf5o1lo33plcbhrkknsm4kz	1	2	127	2	0	Go	GAL	1	0		0	0.0	0	0.6795	0.32281946217422364	-1.149412049392382
drf5o1lo33plcbhrkknsm4kz	1	2	131	3	0	Go	GAL	1	0		0	0.0	0	0.6782	0.3195879183676434	-1.1599470073883509
drf5o1lo33plcbhrkknsm4kz	1	2	134	4	0	Go	GAL	1	0		0	0.0	0	0.6817	0.316444326776976	-1.170479185630473
drf5o1lo33plcbhrkknsm4kz	1	2	138	5	0	Go	GAL	1	0		0	1.0	1	0.679	0.3133739887049461	-1.1810172431424084
drf5o1lo33plcbhrkknsm4kz	1	2	142	6	0	Go	GAL	1	0		0	0.0	0	0.6628	0.3350362735733635	-1.1090262784412712
drf5o1lo33plcbhrkknsm4kz	1	2	146	7	0	Go	GAL	1	0		0	0.0	0	0.6607	0.331697126159179	-1.1198210069522057
drf5o1lo33plcbhrkknsm4kz	1	2	151	8	0	Go	GAL	1	0		0	0.0	0	0.6653	0.3284583850226252	-1.1306199689263063
drf5o1lo33plcbhrkknsm4kz	1	2	155	9	0	Go	GAL	1	0		0	0.0	0	0.6721	0.32530093024650036	-1.1414285652956742
drf5o1lo33plcbhrkknsm4kz	1	2	159	10	0	Go	GAL	1	0		0	1.0	1	0.6803	0.32221381894554785	-1.1522561045249395
drf5o1lo33plcbhrkknsm4kz	1	2	164	11	0	Go	GAL	1	0		0	0.0	0	0.6507	0.3438766597364536	-1.0829825449957204
drf5o1lo33plcbhrkknsm4kz	1	2	168	12	0	Go	GAL	1	0		0	1.0	1	0.6596	0.34052368879922895	-1.094061566906228
drf5o1lo33plcbhrkknsm4kz	1	2	172	13	0	Go	GAL	1	0		0	0.0	0	0.6286	0.36211992448579633	-1.0300230917853554
drf5o1lo33plcbhrkknsm4kz	1	2	173	14	0	Go	GAL	1	1	0.53	1	0.0	1	0.6409	0.6414223382589842	-0.4486754291030356
drf5o1lo33plcbhrkknsm4kz	1	2	178	15	0	Go	GAL	1	0		0	0.0	0	0.6662	0.3372703770206046	-1.1048668910982793
drf5o1lo33plcbhrkknsm4kz	1	2	181	16	0	Go	GAL	1	1	0.615	1	0.0	1	0.666	0.6660315626717839	-0.4110361558074615
drf5o1lo33plcbhrkknsm4kz	1	2	188	17	0	Go	GAL	1	0		0	0.0	0	0.6883	0.31414554677250034	-1.180807152350733
drf5o1lo33plcbhrkknsm4kz	1	2	190	18	0	Go	GAL	1	1	0.681	1	1.0	0	0.6859	0.6889417681004272	-0.3772506636577221
drf5o1lo33plcbhrkknsm4kz	1	2	196	19	0	Go	GAL	1	0		0	0.0	0	0.6634	0.3343226723731108	-1.1154275800257096
drf5o1lo33plcbhrkknsm4kz	1	2	197	20	0	Go	GAL	1	1	0.437	1	0.0	1	0.6648	0.6688601181016062	-0.40699213196151085
drf5o1lo33plcbhrkknsm4kz	1	2	204	21	0	Go	GAL	1	0		0	0.0	0	0.6931	0.3107603250523855	-1.1937364914961313
drf5o1lo33plcbhrkknsm4kz	1	2	206	22	0	Go	GAL	1	1	0.539	1	1.0	0	0.6923	0.6922157348775441	-0.372686036215174
drf5o1lo33plcbhrkknsm4kz	1	2	212	23	0	Go	GAL	1	1	0.568	1	0.0	1	0.6669	0.6694645671174542	-0.40633828914074205
drf5o1lo33plcbhrkknsm4kz	1	2	216	24	0	Go	GAL	1	1	0.518	1	0.0	1	0.6909	0.690150103085771	-0.37562321230620177
drf5o1lo33plcbhrkknsm4kz	1	2	218	25	0	Go	GAL	1	1	1.092	1	0.0	1	0.7132	0.7091939021010542	-0.3482467915123628
drf5o1lo33plcbhrkknsm4kz	1	2	222	26	0	Go	GAL	1	1	1.145	1	0.0	1	0.7284	0.7268756628429326	-0.3234777699044477
drf5o1lo33plcbhrkknsm4kz	1	2	228	27	0	Go	GAL	1	1	0.551	1	0.0	1	0.7477	0.7433589948814351	-0.3009108526036659
drf5o1lo33plcbhrkknsm4kz	1	2	232	28	0	Go	GAL	1	1	0.478	1	0.0	1	0.7616	0.7587536543711111	-0.2802688963499651
drf5o1lo33plcbhrkknsm4kz	1	2	236	29	0	Go	GAL	1	1	0.549	1	0.0	1	0.7724	0.7731426693672778	-0.2613397074757977
drf5o1lo33plcbhrkknsm4kz	1	2	237	30	0	Go	GAL	1	1	0.584	1	1.0	0	0.7881	0.7865947114914034	-0.24395002007560088
drf5o1lo33plcbhrkknsm4kz	1	2	122	1	1	Go	GW	1	1	0.424	1	0.0	1	0.7874	0.7830479726743843	-0.2587692327349141
drf5o1lo33plcbhrkknsm4kz	1	2	126	2	1	Go	GW	1	1	0.727	1	0.0	1	0.862	0.862850549543986	-0.15012246979469593
drf5o1lo33plcbhrkknsm4kz	1	2	132	3	1	Go	GW	1	1	0.405	1	0.0	1	0.9063	0.9076281081112778	-0.09797914610330917
drf5o1lo33plcbhrkknsm4kz	1	2	135	4	1	Go	GW	1	1	0.419	1	0.0	1	0.9339	0.9347974463532841	-0.06807582480687124
drf5o1lo33plcbhrkknsm4kz	1	2	139	5	1	Go	GW	1	1	0.419	1	1.0	0	0.9508	0.9520710438457943	-0.049605890995824235
drf5o1lo33plcbhrkknsm4kz	1	2	141	6	1	Go	GW	1	1	0.394	1	1.0	0	0.9457	0.9457901209864064	-0.056353741696371494
drf5o1lo33plcbhrkknsm4kz	1	2	148	7	1	Go	GW	1	1	0.327	1	0.0	1	0.938	0.9389796423978645	-0.06379997657400417
drf5o1lo33plcbhrkknsm4kz	1	2	150	8	1	Go	GW	1	1	0.428	1	0.0	1	0.9577	0.9559590133126967	-0.045568943196544386
drf5o1lo33plcbhrkknsm4kz	1	2	156	9	1	Go	GW	1	1	0.29	1	0.0	1	0.9653	0.966276331570876	-0.034738477999806706
drf5o1lo33plcbhrkknsm4kz	1	2	160	10	1	Go	GW	1	1	0.411	1	0.0	1	0.9716	0.9732162178911884	-0.027522767452659518
drf5o1lo33plcbhrkknsm4kz	1	2	163	11	1	Go	GW	1	1	0.857	1	1.0	0	0.9798	0.9780874109535518	-0.02249037288833227
drf5o1lo33plcbhrkknsm4kz	1	2	165	12	1	Go	GW	1	1	0.467	1	0.0	1	0.9758	0.9743101051201358	-0.02657528317328498
drf5o1lo33plcbhrkknsm4kz	1	2	171	13	1	Go	GW	1	1	0.455	1	0.0	1	0.9808	0.9795582220285892	-0.02102732732383279
drf5o1lo33plcbhrkknsm4kz	1	2	175	14	1	Go	GW	1	1	0.517	1	0.0	1	0.9818	0.9828541127037906	-0.017616628588175365
drf5o1lo33plcbhrkknsm4kz	1	2	177	15	1	Go	GW	1	1	0.435	1	0.0	1	0.9868	0.9852016142914861	-0.015204284538353593
drf5o1lo33plcbhrkknsm4kz	1	2	183	16	1	Go	GW	1	1	0.358	1	1.0	0	0.9886	0.9869502038980947	-0.013414724719088847
drf5o1lo33plcbhrkknsm4kz	1	2	187	17	1	Go	GW	1	1	0.57	1	0.0	1	0.9831	0.984087659246637	-0.016559552884029344
drf5o1lo33plcbhrkknsm4kz	1	2	192	18	1	Go	GW	1	1	0.404	1	0.0	1	0.9866	0.986869063806918	-0.013553870218314445
drf5o1lo33plcbhrkknsm4kz	1	2	193	19	1	Go	GW	1	1	0.328	1	0.0	1	0.9876	0.9884220708224777	-0.011937603747463516
drf5o1lo33plcbhrkknsm4kz	1	2	198	20	1	Go	GW	1	1	0.473	1	0.0	1	0.99	0.9895092490860694	-0.010819334641615712
drf5o1lo33plcbhrkknsm4kz	1	2	202	21	1	Go	GW	1	1	0.381	1	0.0	1	0.9899	0.9903290340496024	-0.009981023992710992
drf5o1lo33plcbhrkknsm4kz	1	2	207	22	1	Go	GW	1	1	0.489	1	1.0	0	0.9909	0.9909698774195247	-0.009328010842571297
drf5o1lo33plcbhrkknsm4kz	1	2	211	23	1	Go	GW	1	1	0.518	1	0.0	1	0.9883	0.9885363001702102	-0.01203751947088952
drf5o1lo33plcbhrkknsm4kz	1	2	215	24	1	Go	GW	1	1	0.419	1	0.0	1	0.9898	0.9903776508991065	-0.009990058994182129
drf5o1lo33plcbhrkknsm4kz	1	2	220	25	1	Go	GW	1	1	0.391	1	0.0	1	0.992	0.9912273701444103	-0.009091525057633854
drf5o1lo33plcbhrkknsm4kz	1	2	221	26	1	Go	GW	1	1	0.567	1	0.0	1	0.991	0.9917778786370319	-0.008520328488912807
drf5o1lo33plcbhrkknsm4kz	1	2	227	27	1	Go	GW	1	1	0.457	1	1.0	0	0.9928	0.9921820094955177	-0.008105159382164186
drf5o1lo33plcbhrkknsm4kz	1	2	229	28	1	Go	GW	1	1	0.632	1	0.0	1	0.9901	0.9898743541401467	-0.010690682694022001
drf5o1lo33plcbhrkknsm4kz	1	2	234	29	1	Go	GW	1	1	0.565	1	0.0	1	0.9911	0.9914947261990579	-0.008863085545341116
drf5o1lo33plcbhrkknsm4kz	1	2	238	30	1	Go	GW	1	1	0.474	1	0.0	1	0.9923	0.9921619985014902	-0.008148389559000355
dwmjnt76sup1g25gjedh2pfb	1	2	124	1	0	Go	GAL	1	0		0	1.0	1	0.5314	0.464369219182137	-0.7748123551590147
dwmjnt76sup1g25gjedh2pfb	1	2	132	3	0	Go	GAL	1	1	0.281	1	0.0	1	0.5419	0.535630780817863	-0.6301658807469449
dwmjnt76sup1g25gjedh2pfb	1	2	134	4	0	Go	GAL	1	1	0.821	1	0.0	1	0.5511	0.5502992272332212	-0.6030124758354817
dwmjnt76sup1g25gjedh2pfb	1	2	139	5	0	Go	GAL	1	0		0	0.0	0	0.5573	0.43531083800618553	-0.8412282997252256
dwmjnt76sup1g25gjedh2pfb	1	2	143	6	0	Go	GAL	1	0		0	1.0	1	0.5742	0.4312361881644426	-0.8510779663900367
dwmjnt76sup1g25gjedh2pfb	1	2	145	7	0	Go	GAL	1	0		0	0.0	0	0.5506	0.44582433963829937	-0.8165983624383518
dwmjnt76sup1g25gjedh2pfb	1	2	149	8	0	Go	GAL	1	0		0	0.0	0	0.5545	0.4417030896636872	-0.8263351727603341
dwmjnt76sup1g25gjedh2pfb	1	2	155	9	0	Go	GAL	1	1	0.922	1	0.0	1	0.5579	0.5623701474248713	-0.5814957415603207
dwmjnt76sup1g25gjedh2pfb	1	2	160	10	0	Go	GAL	1	0		0	0.0	0	0.5722	0.42351888735482934	-0.8702885205904223
dwmjnt76sup1g25gjedh2pfb	1	2	161	11	0	Go	GAL	1	1	1.023	1	0.0	1	0.5816	0.580464722265869	-0.5500936998310235
dwmjnt76sup1g25gjedh2pfb	1	2	166	12	0	Go	GAL	1	1	0.758	1	0.0	1	0.5966	0.5942238871869696	-0.5267893070443833
dwmjnt76sup1g25gjedh2pfb	1	2	172	13	0	Go	GAL	1	0		0	0.0	0	0.6074	0.392331232207053	-0.9512961656026727
dwmjnt76sup1g25gjedh2pfb	1	2	173	14	0	Go	GAL	1	1	0.946	1	0.0	1	0.6059	0.6114899884571056	-0.49854841050767623
dwmjnt76sup1g25gjedh2pfb	1	2	179	15	0	Go	GAL	1	1	1.251	1	1.0	0	0.6264	0.6245445713144729	-0.4775773850315306
dwmjnt76sup1g25gjedh2pfb	1	2	183	16	0	Go	GAL	1	0		0	1.0	1	0.6029	0.39043524345815356	-0.9564580336110944
dwmjnt76sup1g25gjedh2pfb	1	2	187	17	0	Go	GAL	1	1	0.849	1	0.0	1	0.6028	0.5954354044094738	-0.5247383826921576
dwmjnt76sup1g25gjedh2pfb	1	2	192	18	0	Go	GAL	1	1	1.168	1	0.0	1	0.6098	0.6088468332920137	-0.5026150079984514
dwmjnt76sup1g25gjedh2pfb	1	2	195	19	0	Go	GAL	1	0		0	0.0	0	0.6289	0.3780801890101313	-0.9906163862751178
dwmjnt76sup1g25gjedh2pfb	1	2	198	20	0	Go	GAL	1	1	1.112	1	0.0	1	0.6338	0.6257032519736947	-0.4757533421962478
dwmjnt76sup1g25gjedh2pfb	1	2	203	21	0	Go	GAL	1	1	0.8	1	1.0	0	0.6385	0.6383609562778434	-0.455887475174542
dwmjnt76sup1g25gjedh2pfb	1	2	207	22	0	Go	GAL	1	0		0	0.0	0	0.62	0.37654183297854854	-0.9955592577789774
dwmjnt76sup1g25gjedh2pfb	1	2	209	23	0	Go	GAL	1	0		0	0.0	0	0.6348	0.37279692018661514	-1.0071944666294448
dwmjnt76sup1g25gjedh2pfb	1	2	216	24	0	Go	GAL	1	0		0	0.0	0	0.623	0.36910468871197677	-1.0189642269814798
dwmjnt76sup1g25gjedh2pfb	1	2	218	25	0	Go	GAL	1	0		0	0.0	0	0.6254	0.36546305836609344	-1.0308726152943068
dwmjnt76sup1g25gjedh2pfb	1	2	223	26	0	Go	GAL	1	0		0	0.0	0	0.6326	0.3618706995267374	-1.0429223648973007
dwmjnt76sup1g25gjedh2pfb	1	2	226	27	0	Go	GAL	1	1	0.727	1	0.0	1	0.6412	0.6416733627072417	-0.452035922293726
dwmjnt76sup1g25gjedh2pfb	1	2	229	28	0	Go	GAL	1	1	0.617	1	0.0	1	0.6528	0.6540916149019127	-0.4329983976783343
dwmjnt76sup1g25gjedh2pfb	1	2	235	29	0	Go	GAL	1	1	0.674	1	0.0	1	0.6676	0.6661282944123521	-0.4148774742614976
dwmjnt76sup1g25gjedh2pfb	1	2	240	30	0	Go	GAL	1	0		0	1.0	1	0.6732	0.32221042397500654	-1.1736981409116132
dwmjnt76sup1g25gjedh2pfb	1	2	121	1	1	Go	GW	1	1	0.798	1	1.0	0	0.5299	0.5331528543861439	-0.6462103704475213
dwmjnt76sup1g25gjedh2pfb	1	2	125	2	1	Go	GW	1	0		0	0.0	0	0.5098	0.4815975683593935	-0.7504594423269997
dwmjnt76sup1g25gjedh2pfb	1	2	130	3	1	Go	GW	1	1	0.491	1	0.0	1	0.5362	0.5331528543861439	-0.6462103704475213
dwmjnt76sup1g25gjedh2pfb	1	2	133	4	1	Go	GW	1	0		0	0.0	0	0.5864	0.41358369662174554	-0.9049118756245406
dwmjnt76sup1g25gjedh2pfb	1	2	140	5	1	Go	GW	1	1	1.179	1	0.0	1	0.6008	0.600458190312176	-0.5208482442836961
dwmjnt76sup1g25gjedh2pfb	1	2	142	6	1	Go	GW	1	0		0	0.0	0	0.648	0.3512913718366096	-1.0736828879857119
dwmjnt76sup1g25gjedh2pfb	1	2	147	7	1	Go	GW	1	0		0	1.0	1	0.6631	0.33837654220852076	-1.114728535637063
dwmjnt76sup1g25gjedh2pfb	1	2	151	8	1	Go	GW	1	1	0.672	1	0.0	1	0.6428	0.6479663816525917	-0.44145478486213596
dwmjnt76sup1g25gjedh2pfb	1	2	156	9	1	Go	GW	1	1	0.889	1	0.0	1	0.6882	0.6915616763109261	-0.37471406769887766
dwmjnt76sup1g25gjedh2pfb	1	2	159	10	1	Go	GW	1	0		0	0.0	0	0.7231	0.2695986980389071	-1.349451381576646
dwmjnt76sup1g25gjedh2pfb	1	2	162	11	1	Go	GW	1	1	0.872	1	0.0	1	0.7443	0.7414705131202267	-0.3040947772237249
dwmjnt76sup1g25gjedh2pfb	1	2	168	12	1	Go	GW	1	1	1.337	1	0.0	1	0.7774	0.7746911597798057	-0.25964332828360503
dwmjnt76sup1g25gjedh2pfb	1	2	169	13	1	Go	GW	1	1	1.119	1	0.0	1	0.8021	0.8036260533142411	-0.22251668667300945
dwmjnt76sup1g25gjedh2pfb	1	2	175	14	1	Go	GW	1	1	0.752	1	0.0	1	0.8319	0.8286871872231723	-0.19143344046175004
dwmjnt76sup1g25gjedh2pfb	1	2	177	15	1	Go	GW	1	1	0.713	1	1.0	0	0.8521	0.8503121398605881	-0.1653447805330784
dwmjnt76sup1g25gjedh2pfb	1	2	181	16	1	Go	GW	1	0		0	1.0	1	0.8412	0.15871400768241664	-1.9454202604497466
dwmjnt76sup1g25gjedh2pfb	1	2	186	17	1	Go	GW	1	1	1.007	1	0.0	1	0.828	0.8331108161176238	-0.1862670656832278
dwmjnt76sup1g25gjedh2pfb	1	2	189	18	1	Go	GW	1	0		0	0.0	0	0.8567	0.1459802945455248	-2.051233388071831
dwmjnt76sup1g25gjedh2pfb	1	2	196	19	1	Go	GW	1	1	0.925	1	0.0	1	0.8631	0.8609650867028554	-0.1528290243800524
dwmjnt76sup1g25gjedh2pfb	1	2	197	20	1	Go	GW	1	1	1.328	1	0.0	1	0.8779	0.87813661846812	-0.13280399456144207
dwmjnt76sup1g25gjedh2pfb	1	2	201	21	1	Go	GW	1	0		0	1.0	1	0.895	0.10714241008522109	-2.431030045618311
dwmjnt76sup1g25gjedh2pfb	1	2	208	22	1	Go	GW	1	1	0.706	1	0.0	1	0.8893	0.8869923533203385	-0.12279247043463999
dwmjnt76sup1g25gjedh2pfb	1	2	212	23	1	Go	GW	1	1	0.68	1	0.0	1	0.8993	0.9002336304594167	-0.10774485189119258
dwmjnt76sup1g25gjedh2pfb	1	2	213	24	1	Go	GW	1	1	0.718	1	0.0	1	0.9139	0.9116345562524899	-0.09495351690433859
dwmjnt76sup1g25gjedh2pfb	1	2	220	25	1	Go	GW	1	1	0.548	1	0.0	1	0.9193	0.9214664150762701	-0.08404326354174897
dwmjnt76sup1g25gjedh2pfb	1	2	221	26	1	Go	GW	1	1	1.142	1	1.0	0	0.9274	0.9299600438499245	-0.07470735995831652
dwmjnt76sup1g25gjedh2pfb	1	2	228	27	1	Go	GW	1	1	0.78	1	0.0	1	0.9278	0.9246312535598099	-0.08096209990045604
dwmjnt76sup1g25gjedh2pfb	1	2	231	28	1	Go	GW	1	1	1.125	1	0.0	1	0.9313	0.9329148373862477	-0.07172178955183221
dwmjnt76sup1g25gjedh2pfb	1	2	233	29	1	Go	GW	1	1	0.663	1	0.0	1	0.9387	0.9399775889116381	-0.06396822661844696
dwmjnt76sup1g25gjedh2pfb	1	2	239	30	1	Go	GW	1	1	0.871	1	0.0	1	0.9543	0.9460579375557134	-0.05736137529842395
dwmjnt76sup1g25gjedh2pfb	1	2	123	1	1	No-Go	NGW	0	0		1	0.0	1	0.5315	0.4668471456138561	-0.7836629663030891
dwmjnt76sup1g25gjedh2pfb	1	2	128	2	1	No-Go	NGW	0	1	1.168	0	0.0	0	0.5266	0.5184024316406065	-0.6745963294726919
dwmjnt76sup1g25gjedh2pfb	1	2	129	3	1	No-Go	NGW	0	0		1	1.0	0	0.5007	0.4964048980369018	-0.7184279917946884
dwmjnt76sup1g25gjedh2pfb	1	2	136	4	1	No-Go	NGW	0	1	1.073	0	0.0	0	0.5087	0.5185913437509078	-0.6742516428349841
dwmjnt76sup1g25gjedh2pfb	1	2	137	5	1	No-Go	NGW	0	0		1	0.0	1	0.505	0.4960239881816181	-0.7192903308197636
dwmjnt76sup1g25gjedh2pfb	1	2	141	6	1	No-Go	NGW	0	1	1.248	0	1.0	1	0.4892	0.4891330708935423	-0.7338063909725495
dwmjnt76sup1g25gjedh2pfb	1	2	146	7	1	No-Go	NGW	0	1	0.905	0	0.0	0	0.5512	0.5436727425965165	-0.6205244948267683
dwmjnt76sup1g25gjedh2pfb	1	2	152	8	1	No-Go	NGW	0	1	1.305	0	0.0	0	0.5296	0.528556270798511	-0.648950514446198
dwmjnt76sup1g25gjedh2pfb	1	2	154	9	1	No-Go	NGW	0	0		1	0.0	1	0.5117	0.48642588431260037	-0.73380465024391
dwmjnt76sup1g25gjedh2pfb	1	2	158	10	1	No-Go	NGW	0	1	0.903	0	0.0	0	0.5012	0.498851915544481	-0.7078071484449686
dwmjnt76sup1g25gjedh2pfb	1	2	163	11	1	No-Go	NGW	0	1	0.944	0	0.0	0	0.4843	0.4840324229255929	-0.738783693899729
dwmjnt76sup1g25gjedh2pfb	1	2	165	12	1	No-Go	NGW	0	0		1	0.0	1	0.4756	0.5305709131743762	-0.6449713302062748
dwmjnt76sup1g25gjedh2pfb	1	2	170	13	1	No-Go	NGW	0	0		1	0.0	1	0.4512	0.5450132785626689	-0.6177562525541082
dwmjnt76sup1g25gjedh2pfb	1	2	174	14	1	No-Go	NGW	0	1	0.848	0	0.0	0	0.4236	0.44080170646532524	-0.8360931951814337
dwmjnt76sup1g25gjedh2pfb	1	2	180	15	1	No-Go	NGW	0	1	0.688	0	1.0	1	0.4289	0.4266456228160695	-0.8705340155401002
dwmjnt76sup1g25gjedh2pfb	1	2	182	16	1	No-Go	NGW	0	0		1	0.0	1	0.4837	0.51885617228394	-0.6671112258141114
dwmjnt76sup1g25gjedh2pfb	1	2	185	17	1	No-Go	NGW	0	0		1	0.0	1	0.4681	0.5330267432328506	-0.6400503175963387
dwmjnt76sup1g25gjedh2pfb	1	2	191	18	1	No-Go	NGW	0	1	0.936	0	0.0	0	0.4535	0.4530237456440127	-0.8074508401826672
dwmjnt76sup1g25gjedh2pfb	1	2	193	19	1	No-Go	NGW	0	0		1	0.0	1	0.4409	0.5617766002800381	-0.5873625770584319
dwmjnt76sup1g25gjedh2pfb	1	2	199	20	1	No-Go	NGW	0	0		1	1.0	0	0.4288	0.5753586959599645	-0.5635465422249285
dwmjnt76sup1g25gjedh2pfb	1	2	202	21	1	No-Go	NGW	0	1	1.443	0	0.0	0	0.4407	0.4402647999119112	-0.8378373106968967
dwmjnt76sup1g25gjedh2pfb	1	2	206	22	1	No-Go	NGW	0	1	0.823	0	0.0	0	0.4306	0.4257825929496488	-0.8733902004539466
dwmjnt76sup1g25gjedh2pfb	1	2	211	23	1	No-Go	NGW	0	1	1.087	0	0.0	0	0.4029	0.4116422594214002	-0.9096431774239152
dwmjnt76sup1g25gjedh2pfb	1	2	215	24	1	No-Go	NGW	0	1	0.846	0	1.0	1	0.3955	0.3978516002644243	-0.9465638691614517
dwmjnt76sup1g25gjedh2pfb	1	2	219	25	1	No-Go	NGW	0	0		1	0.0	1	0.4551	0.5487920892641766	-0.6141620237738152
dwmjnt76sup1g25gjedh2pfb	1	2	222	26	1	No-Go	NGW	0	0		1	0.0	1	0.4321	0.5625378028780502	-0.5894397658679215
dwmjnt76sup1g25gjedh2pfb	1	2	225	27	1	No-Go	NGW	0	0		1	0.0	1	0.4215	0.5760032602961717	-0.5658645883529967
dwmjnt76sup1g25gjedh2pfb	1	2	230	28	1	No-Go	NGW	0	0		1	0.0	1	0.4111	0.5891790805682674	-0.5433594127409235
dwmjnt76sup1g25gjedh2pfb	1	2	234	29	1	No-Go	NGW	0	0		1	1.0	0	0.4024	0.6020571889810384	-0.5218611460086506
dwmjnt76sup1g25gjedh2pfb	1	2	238	30	1	No-Go	NGW	0	0		1	0.0	1	0.4116	0.5865943196642406	-0.5483326465211685
dwmjnt76sup1g25gjedh2pfb	1	2	122	1	0	No-Go	NGAL	0	0		1	0.0	1	0.5371	0.464369219182137	-0.7748123551590147
dwmjnt76sup1g25gjedh2pfb	1	2	126	2	0	No-Go	NGAL	0	0		1	0.0	1	0.5172	0.4793043064514506	-0.7425971190893425
dwmjnt76sup1g25gjedh2pfb	1	2	131	3	0	No-Go	NGAL	0	1	0.912	0	1.0	1	0.5033	0.5059122432141249	-0.6879810442831135
dwmjnt76sup1g25gjedh2pfb	1	2	135	4	0	No-Go	NGAL	0	1	1.143	0	0.0	0	0.5147	0.5208884665086521	-0.6583498508430227
dwmjnt76sup1g25gjedh2pfb	1	2	138	5	0	No-Go	NGAL	0	0		1	0.0	1	0.5124	0.49428078497688127	-0.7115022168836124
dwmjnt76sup1g25gjedh2pfb	1	2	144	6	0	No-Go	NGAL	0	0		1	0.0	1	0.4849	0.5088923118940687	-0.6822006554066516
dwmjnt76sup1g25gjedh2pfb	1	2	148	7	0	No-Go	NGAL	0	0		1	1.0	0	0.4838	0.5233134181616355	-0.6541985705393829
dwmjnt76sup1g25gjedh2pfb	1	2	150	8	0	No-Go	NGAL	0	0		1	0.0	1	0.4881	0.5190218567728819	-0.6622706460113548
dwmjnt76sup1g25gjedh2pfb	1	2	153	9	0	No-Go	NGAL	0	1	1.136	0	0.0	0	0.4672	0.4666674833040355	-0.770623640086388
dwmjnt76sup1g25gjedh2pfb	1	2	157	10	0	No-Go	NGAL	0	1	1.024	0	0.0	0	0.4579	0.4518376973931755	-0.8042016827334371
dwmjnt76sup1g25gjedh2pfb	1	2	164	11	0	No-Go	NGAL	0	0		1	0.0	1	0.4362	0.5626925570362777	-0.5817820984057761
dwmjnt76sup1g25gjedh2pfb	1	2	167	12	0	No-Go	NGAL	0	1	0.832	0	0.0	0	0.4255	0.4234609845985663	-0.8723003510337836
dwmjnt76sup1g25gjedh2pfb	1	2	171	13	0	No-Go	NGAL	0	1	0.938	0	0.0	0	0.4197	0.40939503122642357	-0.9082251439088713
dwmjnt76sup1g25gjedh2pfb	1	2	176	14	0	No-Go	NGAL	0	1	0.992	0	0.0	0	0.3986	0.3956670157700402	-0.9447553059647402
dwmjnt76sup1g25gjedh2pfb	1	2	178	15	0	No-Go	NGAL	0	0		1	1.0	0	0.382	0.6177176130743567	-0.48938748876928106
dwmjnt76sup1g25gjedh2pfb	1	2	184	16	0	No-Go	NGAL	0	0		1	0.0	1	0.3934	0.6137035750146802	-0.49560285096018647
dwmjnt76sup1g25gjedh2pfb	1	2	188	17	0	No-Go	NGAL	0	0		1	1.0	0	0.3763	0.6268143765271349	-0.47468771654139646
dwmjnt76sup1g25gjedh2pfb	1	2	190	18	0	No-Go	NGAL	0	1	0.617	0	0.0	0	0.3718	0.3771681462226042	-0.9950870891894722
dwmjnt76sup1g25gjedh2pfb	1	2	194	19	0	No-Go	NGAL	0	1	1.042	0	0.0	0	0.3622	0.36420188159188993	-1.0330324977073437
dwmjnt76sup1g25gjedh2pfb	1	2	200	20	0	No-Go	NGAL	0	0		1	0.0	1	0.3536	0.6484064773553798	-0.44096432475673125
dwmjnt76sup1g25gjedh2pfb	1	2	204	21	0	No-Go	NGAL	0	0		1	0.0	1	0.3345	0.6608203568020815	-0.4221924408563985
dwmjnt76sup1g25gjedh2pfb	1	2	205	22	0	No-Go	NGAL	0	0		1	0.0	1	0.3287	0.6728468413634305	-0.40432581768852505
dwmjnt76sup1g25gjedh2pfb	1	2	210	23	0	No-Go	NGAL	0	0		1	1.0	0	0.3172	0.6844917112077763	-0.38730906743282345
dwmjnt76sup1g25gjedh2pfb	1	2	214	24	0	No-Go	NGAL	0	0		1	0.0	1	0.3155	0.6808268667398357	-0.39243464237306586
dwmjnt76sup1g25gjedh2pfb	1	2	217	25	0	No-Go	NGAL	0	0		1	0.0	1	0.3108	0.6922559898774729	-0.37591126272477343
dwmjnt76sup1g25gjedh2pfb	1	2	224	26	0	No-Go	NGAL	0	0		1	0.0	1	0.2952	0.7033028491235142	-0.36018028658104545
dwmjnt76sup1g25gjedh2pfb	1	2	227	27	0	No-Go	NGAL	0	0		1	1.0	0	0.2845	0.7139753187721404	-0.3451953800455241
dwmjnt76sup1g25gjedh2pfb	1	2	232	28	0	No-Go	NGAL	0	1	0.913	0	0.0	0	0.2926	0.2895044758116804	-1.2869000594393487
dwmjnt76sup1g25gjedh2pfb	1	2	236	29	0	No-Go	NGAL	0	1	0.577	0	0.0	0	0.268	0.2787049425297475	-1.3305953736291323
dwmjnt76sup1g25gjedh2pfb	1	2	237	30	0	No-Go	NGAL	0	0		1	0.0	1	0.2771	0.7317041920349279	-0.3206172339663864
dwmjnt76sup1g25gjedh2pfb	1	1	3	1	0	No-Go	NGAL	0	0		1	0.0	1	0.5368	0.464369219182137	-0.7748123551590147
dwmjnt76sup1g25gjedh2pfb	1	1	8	2	0	No-Go	NGAL	0	0		1	0.0	1	0.5253	0.4793043064514506	-0.7425971190893425
dwmjnt76sup1g25gjedh2pfb	1	1	11	3	0	No-Go	NGAL	0	1	0.886	0	1.0	1	0.5038	0.5059122432141249	-0.6879810442831135
dwmjnt76sup1g25gjedh2pfb	1	1	16	4	0	No-Go	NGAL	0	1	0.841	0	0.0	0	0.5283	0.5208884665086521	-0.6583498508430227
dwmjnt76sup1g25gjedh2pfb	1	1	18	5	0	No-Go	NGAL	0	1	0.506	0	0.0	0	0.4978	0.5057192150231188	-0.6883831367852652
dwmjnt76sup1g25gjedh2pfb	1	1	21	6	0	No-Go	NGAL	0	1	0.569	0	0.0	0	0.4899	0.49075255324527944	-0.7191325460864111
dwmjnt76sup1g25gjedh2pfb	1	1	26	7	0	No-Go	NGAL	0	1	0.593	0	1.0	1	0.4749	0.47600456535464836	-0.7505660903929046
dwmjnt76sup1g25gjedh2pfb	1	1	32	8	0	No-Go	NGAL	0	1	0.753	0	0.0	0	0.4948	0.4913371826779976	-0.7178351062369421
dwmjnt76sup1g25gjedh2pfb	1	1	34	9	0	No-Go	NGAL	0	1	0.593	0	0.0	0	0.481	0.4765400793709481	-0.7493031766894248
dwmjnt76sup1g25gjedh2pfb	1	1	37	10	0	No-Go	NGAL	0	1	0.503	0	0.0	0	0.462	0.4619844409180721	-0.7814359538834689
dwmjnt76sup1g25gjedh2pfb	1	1	41	11	0	No-Go	NGAL	0	0		1	0.0	1	0.447	0.552317133418477	-0.6004527660597297
dwmjnt76sup1g25gjedh2pfb	1	1	48	12	0	No-Go	NGAL	0	0		1	0.0	1	0.4316	0.5666437818952214	-0.5750393866743193
dwmjnt76sup1g25gjedh2pfb	1	1	49	13	0	No-Go	NGAL	0	0		1	0.0	1	0.4164	0.580669367679	-0.5508036973095832
dwmjnt76sup1g25gjedh2pfb	1	1	53	14	0	No-Go	NGAL	0	1	1.2	0	0.0	0	0.4089	0.4056151239674872	-0.9186449582402175
dwmjnt76sup1g25gjedh2pfb	1	1	59	15	0	No-Go	NGAL	0	0		1	1.0	0	0.3907	0.6079330349551654	-0.5053828107354487
dwmjnt76sup1g25gjedh2pfb	1	1	63	16	0	No-Go	NGAL	0	1	0.971	0	0.0	0	0.3934	0.396112774404028	-0.9433345320084987
dwmjnt76sup1g25gjedh2pfb	1	1	67	17	0	No-Go	NGAL	0	0		1	1.0	0	0.3768	0.6171677844913602	-0.4901992257155771
dwmjnt76sup1g25gjedh2pfb	1	1	72	18	0	No-Go	NGAL	0	0		1	0.0	1	0.3821	0.6131941859146648	-0.49637293188010567
dwmjnt76sup1g25gjedh2pfb	1	1	75	19	0	No-Go	NGAL	0	1	1.192	0	0.0	0	0.3685	0.3735460474361651	-1.006001698032757
dwmjnt76sup1g25gjedh2pfb	1	1	77	20	0	No-Go	NGAL	0	0		1	0.0	1	0.3632	0.639242437909484	-0.4552161525144726
dwmjnt76sup1g25gjedh2pfb	1	1	82	21	0	No-Go	NGAL	0	0		1	0.0	1	0.3512	0.6518912398375827	-0.4358361374977393
dwmjnt76sup1g25gjedh2pfb	1	1	86	22	0	No-Go	NGAL	0	1	0.829	0	0.0	0	0.3275	0.3358412063714844	-1.1228845183403358
dwmjnt76sup1g25gjedh2pfb	1	1	92	23	0	No-Go	NGAL	0	0		1	1.0	0	0.3244	0.6760795026836288	-0.3997507568339618
dwmjnt76sup1g25gjedh2pfb	1	1	96	24	0	No-Go	NGAL	0	0		1	0.0	1	0.3303	0.6724000843103275	-0.4049457338993064
dwmjnt76sup1g25gjedh2pfb	1	1	99	25	0	No-Go	NGAL	0	1	1.213	0	0.0	0	0.3196	0.3158212292197692	-1.190559773390056
dwmjnt76sup1g25gjedh2pfb	1	1	102	26	0	No-Go	NGAL	0	1	1.229	0	0.0	0	0.308	0.30445610204026596	-1.2319391063479403
dwmjnt76sup1g25gjedh2pfb	1	1	105	27	0	No-Go	NGAL	0	0		1	1.0	0	0.2956	0.7065335185574323	-0.35580103687210035
dwmjnt76sup1g25gjedh2pfb	1	1	111	28	0	No-Go	NGAL	0	0		1	0.0	1	0.3012	0.7030915485498427	-0.3604740193562215
dwmjnt76sup1g25gjedh2pfb	1	1	114	29	0	No-Go	NGAL	0	1	1.144	0	0.0	0	0.2875	0.28592581626183694	-1.302399847549175
dwmjnt76sup1g25gjedh2pfb	1	1	118	30	0	No-Go	NGAL	0	0		1	0.0	1	0.2728	0.7245038182358721	-0.3306256572633581
dwmjnt76sup1g25gjedh2pfb	1	1	1	1	1	No-Go	NGW	0	0		1	0.0	1	0.5323	0.4668471456138561	-0.7836629663030891
dwmjnt76sup1g25gjedh2pfb	1	1	5	2	1	No-Go	NGW	0	0		1	0.0	1	0.5238	0.4815975683593935	-0.7504594423269997
dwmjnt76sup1g25gjedh2pfb	1	1	10	3	1	No-Go	NGW	0	1	1.162	0	1.0	1	0.5095	0.503785682254997	-0.7036719039407839
dwmjnt76sup1g25gjedh2pfb	1	1	13	4	1	No-Go	NGW	0	1	0.713	0	0.0	0	0.5619	0.5570207538427528	-0.5959689412179028
dwmjnt76sup1g25gjedh2pfb	1	1	17	5	1	No-Go	NGW	0	1	0.433	0	0.0	0	0.5381	0.5416927792299159	-0.6240081393842458
dwmjnt76sup1g25gjedh2pfb	1	1	23	6	1	No-Go	NGW	0	1	0.567	0	1.0	1	0.5206	0.526480359468934	-0.6528346169674919
dwmjnt76sup1g25gjedh2pfb	1	1	28	7	1	No-Go	NGW	0	1	0.649	0	0.0	0	0.5804	0.5784631860456597	-0.5550891367838957
dwmjnt76sup1g25gjedh2pfb	1	1	31	8	1	No-Go	NGW	0	1	0.614	0	0.0	0	0.5544	0.5630976296136115	-0.5822043142578474
dwmjnt76sup1g25gjedh2pfb	1	1	36	9	1	No-Go	NGW	0	1	0.617	0	0.0	0	0.5502	0.5478065760025832	-0.6101333688658035
dwmjnt76sup1g25gjedh2pfb	1	1	40	10	1	No-Go	NGW	0	0		1	0.0	1	0.5275	0.46737771251877785	-0.7722759921935347
dwmjnt76sup1g25gjedh2pfb	1	1	44	11	1	No-Go	NGW	0	1	0.623	0	0.0	0	0.5142	0.5180916794982834	-0.6672592789231239
dwmjnt76sup1g25gjedh2pfb	1	1	47	12	1	No-Go	NGW	0	0		1	0.0	1	0.4963	0.49698332543584556	-0.7101902529843197
dwmjnt76sup1g25gjedh2pfb	1	1	51	13	1	No-Go	NGW	0	0		1	0.0	1	0.4881	0.5113659669859034	-0.6815038885476981
dwmjnt76sup1g25gjedh2pfb	1	1	54	14	1	No-Go	NGW	0	0		1	0.0	1	0.4821	0.5255587954074328	-0.6540453689635035
dwmjnt76sup1g25gjedh2pfb	1	1	60	15	1	No-Go	NGW	0	0		1	1.0	0	0.4632	0.5395449543160221	-0.6277550655085411
dwmjnt76sup1g25gjedh2pfb	1	1	64	16	1	No-Go	NGW	0	0		1	0.0	1	0.4794	0.5237586379505578	-0.6573503289039805
dwmjnt76sup1g25gjedh2pfb	1	1	65	17	1	No-Go	NGW	0	0		1	0.0	1	0.4608	0.5378676007076024	-0.6307347967991559
dwmjnt76sup1g25gjedh2pfb	1	1	71	18	1	No-Go	NGW	0	0		1	0.0	1	0.4444	0.5517369545137449	-0.6052946211844509
dwmjnt76sup1g25gjedh2pfb	1	1	76	19	1	No-Go	NGW	0	1	1.263	0	0.0	0	0.4373	0.43464475564364136	-0.8512447210520865
dwmjnt76sup1g25gjedh2pfb	1	1	78	20	1	No-Go	NGW	0	0		1	1.0	0	0.4208	0.579803258786429	-0.5558642026853826
dwmjnt76sup1g25gjedh2pfb	1	1	81	21	1	No-Go	NGW	0	1	1.23	0	0.0	0	0.4357	0.4358130399059989	-0.8482786673441579
dwmjnt76sup1g25gjedh2pfb	1	1	87	22	1	No-Go	NGW	0	1	1.328	0	0.0	0	0.4267	0.42151073262749067	-0.8840689394860836
dwmjnt76sup1g25gjedh2pfb	1	1	90	23	1	No-Go	NGW	0	0		1	0.0	1	0.4105	0.5924683074093998	-0.5343050694660336
dwmjnt76sup1g25gjedh2pfb	1	1	95	24	1	No-Go	NGW	0	1	1.008	0	1.0	1	0.3969	0.3942604347535922	-0.9565717911943389
dwmjnt76sup1g25gjedh2pfb	1	1	98	25	1	No-Go	NGW	0	0		1	0.0	1	0.4485	0.5527830001173986	-0.606312166574743
dwmjnt76sup1g25gjedh2pfb	1	1	101	26	1	No-Go	NGW	0	0		1	0.0	1	0.4379	0.5662843988855654	-0.5822850057494401
dwmjnt76sup1g25gjedh2pfb	1	1	106	27	1	No-Go	NGW	0	0		1	0.0	1	0.42	0.5795104242617424	-0.5593330261027306
dwmjnt76sup1g25gjedh2pfb	1	1	112	28	1	No-Go	NGW	0	0		1	0.0	1	0.4078	0.5924527144956448	-0.537392015754366
dwmjnt76sup1g25gjedh2pfb	1	1	115	29	1	No-Go	NGW	0	0		1	1.0	0	0.3965	0.6051039262955675	-0.5164076687666633
dwmjnt76sup1g25gjedh2pfb	1	1	117	30	1	No-Go	NGW	0	0		1	0.0	1	0.4131	0.5894923377126419	-0.5427992019539012
dwmjnt76sup1g25gjedh2pfb	1	1	4	1	0	Go	GAL	1	1	1.388	1	1.0	0	0.5346	0.535630780817863	-0.6301658807469449
dwmjnt76sup1g25gjedh2pfb	1	1	7	2	0	Go	GAL	1	0		0	0.0	0	0.5191	0.4793043064514506	-0.7425971190893425
dwmjnt76sup1g25gjedh2pfb	1	1	9	3	0	Go	GAL	1	0		0	0.0	0	0.5248	0.47520185909859963	-0.751257591798773
dwmjnt76sup1g25gjedh2pfb	1	1	15	4	0	Go	GAL	1	1	0.647	1	0.0	1	0.5273	0.5288658055770556	-0.642940386354805
dwmjnt76sup1g25gjedh2pfb	1	1	19	5	0	Go	GAL	1	1	0.719	1	0.0	1	0.5502	0.5439503684787677	-0.6147103410401784
dwmjnt76sup1g25gjedh2pfb	1	1	24	6	0	Go	GAL	1	1	0.487	1	1.0	0	0.5612	0.558728843204248	-0.5879124000957349
dwmjnt76sup1g25gjedh2pfb	1	1	27	7	0	Go	GAL	1	1	0.855	1	0.0	1	0.5459	0.5437342931769255	-0.6150843301792915
dwmjnt76sup1g25gjedh2pfb	1	1	30	8	0	Go	GAL	1	1	0.664	1	0.0	1	0.5603	0.5585352497466738	-0.5882321433457537
dwmjnt76sup1g25gjedh2pfb	1	1	35	9	0	Go	GAL	1	1	0.583	1	0.0	1	0.5755	0.5730189954846948	-0.562707069951142
dwmjnt76sup1g25gjedh2pfb	1	1	38	10	0	Go	GAL	1	1	0.672	1	0.0	1	0.5809	0.5871796042747237	-0.5384124106940421
dwmjnt76sup1g25gjedh2pfb	1	1	42	11	0	Go	GAL	1	1	0.746	1	0.0	1	0.5979	0.6010107683447657	-0.5152707704648717
dwmjnt76sup1g25gjedh2pfb	1	1	45	12	0	Go	GAL	1	1	0.736	1	0.0	1	0.6237	0.614506169774218	-0.4932165102379517
dwmjnt76sup1g25gjedh2pfb	1	1	50	13	0	Go	GAL	1	1	0.658	1	0.0	1	0.63	0.6276599250874768	-0.4721918000250177
dwmjnt76sup1g25gjedh2pfb	1	1	56	14	0	Go	GAL	1	0		0	0.0	0	0.641	0.35953306640443256	-1.0440564080127999
dwmjnt76sup1g25gjedh2pfb	1	1	58	15	0	Go	GAL	1	1	1.305	1	1.0	0	0.6491	0.6440796252463965	-0.4467412329656059
dwmjnt76sup1g25gjedh2pfb	1	1	62	16	0	Go	GAL	1	0		0	1.0	1	0.635	0.3705103983931524	-1.0114335278616378
dwmjnt76sup1g25gjedh2pfb	1	1	68	17	0	Go	GAL	1	0		0	0.0	0	0.6216	0.38455288499449053	-0.971443891905407
dwmjnt76sup1g25gjedh2pfb	1	1	69	18	0	Go	GAL	1	1	1.488	1	0.0	1	0.6126	0.6192401441876931	-0.48566313031278147
dwmjnt76sup1g25gjedh2pfb	1	1	74	19	0	Go	GAL	1	1	0.992	1	0.0	1	0.6361	0.6322924119278259	-0.4649847049614509
dwmjnt76sup1g25gjedh2pfb	1	1	80	20	0	Go	GAL	1	1	0.918	1	0.0	1	0.6495	0.6449782463763558	-0.44529411038321537
dwmjnt76sup1g25gjedh2pfb	1	1	83	21	0	Go	GAL	1	1	1.429	1	1.0	0	0.6578	0.6572988921531999	-0.42653333334766946
dwmjnt76sup1g25gjedh2pfb	1	1	85	22	0	Go	GAL	1	0		0	0.0	0	0.6418	0.35719513054711804	-1.0509072877400538
dwmjnt76sup1g25gjedh2pfb	1	1	89	23	0	Go	GAL	1	0		0	0.0	0	0.6483	0.3535886057223759	-1.0627244235765116
dwmjnt76sup1g25gjedh2pfb	1	1	93	24	0	Go	GAL	1	0		0	0.0	0	0.6489	0.3500352938651224	-1.0746716626720554
dwmjnt76sup1g25gjedh2pfb	1	1	97	25	0	Go	GAL	1	1	0.86	1	0.0	1	0.6572	0.6534670361980646	-0.4328750410568969
dwmjnt76sup1g25gjedh2pfb	1	1	103	26	0	Go	GAL	1	1	1.104	1	0.0	1	0.6617	0.6656946507460699	-0.4144912321011329
dwmjnt76sup1g25gjedh2pfb	1	1	107	27	0	Go	GAL	1	0		0	0.0	0	0.6828	0.3224693276514394	-1.1664730770180967
dwmjnt76sup1g25gjedh2pfb	1	1	109	28	0	Go	GAL	1	0		0	0.0	0	0.6853	0.3191862853280279	-1.1793700268461496
dwmjnt76sup1g25gjedh2pfb	1	1	116	29	0	Go	GAL	1	0		0	0.0	0	0.685	0.31595285610708507	-1.192406567771475
dwmjnt76sup1g25gjedh2pfb	1	1	120	30	0	Go	GAL	1	1	1.145	1	1.0	0	0.6918	0.6872320289398615	-0.3836093385195029
dwmjnt76sup1g25gjedh2pfb	1	1	2	1	1	Go	GW	1	1	0.895	1	1.0	0	0.5284	0.5331528543861439	-0.6462103704475213
dwmjnt76sup1g25gjedh2pfb	1	1	6	2	1	Go	GW	1	0		0	0.0	0	0.5136	0.4815975683593935	-0.7504594423269997
dwmjnt76sup1g25gjedh2pfb	1	1	12	3	1	Go	GW	1	1	0.424	1	0.0	1	0.5405	0.5331528543861439	-0.6462103704475213
dwmjnt76sup1g25gjedh2pfb	1	1	14	4	1	Go	GW	1	1	0.953	1	0.0	1	0.5863	0.5864163033782545	-0.544504062803964
dwmjnt76sup1g25gjedh2pfb	1	1	20	5	1	Go	GW	1	1	0.513	1	0.0	1	0.6246	0.6353767746418177	-0.4611547545305332
dwmjnt76sup1g25gjedh2pfb	1	1	22	6	1	Go	GW	1	1	0.537	1	0.0	1	0.6815	0.6797986924869795	-0.39194403537092093
dwmjnt76sup1g25gjedh2pfb	1	1	25	7	1	Go	GW	1	1	0.552	1	1.0	0	0.7284	0.719564488494038	-0.33420882836913385
dwmjnt76sup1g25gjedh2pfb	1	1	29	8	1	Go	GW	1	1	0.705	1	0.0	1	0.7086	0.7061921365723831	-0.3528970417278157
dwmjnt76sup1g25gjedh2pfb	1	1	33	9	1	Go	GW	1	1	0.671	1	0.0	1	0.7348	0.7431353083006419	-0.30151324818692476
dwmjnt76sup1g25gjedh2pfb	1	1	39	10	1	Go	GW	1	1	0.72	1	0.0	1	0.7719	0.7754941588793496	-0.2585833056911305
dwmjnt76sup1g25gjedh2pfb	1	1	43	11	1	Go	GW	1	1	0.512	1	0.0	1	0.8035	0.803686796816751	-0.22258861128469729
dwmjnt76sup1g25gjedh2pfb	1	1	46	12	1	Go	GW	1	1	0.593	1	0.0	1	0.8274	0.8281441523859762	-0.19232782603870377
dwmjnt76sup1g25gjedh2pfb	1	1	52	13	1	Go	GW	1	1	0.923	1	0.0	1	0.8509	0.8492980183017315	-0.16682325992907734
dwmjnt76sup1g25gjedh2pfb	1	1	55	14	1	Go	GW	1	1	0.652	1	0.0	1	0.8641	0.8675619700188909	-0.14527219512895514
dwmjnt76sup1g25gjedh2pfb	1	1	57	15	1	Go	GW	1	0		0	1.0	1	0.8822	0.11668185685235212	-2.3356923942302337
dwmjnt76sup1g25gjedh2pfb	1	1	61	16	1	Go	GW	1	1	0.696	1	1.0	0	0.8824	0.8770958262359165	-0.13438325826118944
dwmjnt76sup1g25gjedh2pfb	1	1	66	17	1	Go	GW	1	1	0.606	1	0.0	1	0.8682	0.8689412177953831	-0.14423195845108722
dwmjnt76sup1g25gjedh2pfb	1	1	70	18	1	Go	GW	1	1	1.175	1	0.0	1	0.8892	0.8844755601673725	-0.12613623843552882
dwmjnt76sup1g25gjedh2pfb	1	1	73	19	1	Go	GW	1	1	0.758	1	0.0	1	0.8958	0.8977806695012983	-0.11091008568770032
dwmjnt76sup1g25gjedh2pfb	1	1	79	20	1	Go	GW	1	1	0.745	1	0.0	1	0.9089	0.9092324689501462	-0.09798387783186678
dwmjnt76sup1g25gjedh2pfb	1	1	84	21	1	Go	GW	1	1	0.727	1	1.0	0	0.9146	0.9191188635018656	-0.08695202668998177
dwmjnt76sup1g25gjedh2pfb	1	1	88	22	1	Go	GW	1	1	0.624	1	0.0	1	0.9136	0.9130757204884364	-0.09415596929554057
dwmjnt76sup1g25gjedh2pfb	1	1	91	23	1	Go	GW	1	1	0.888	1	0.0	1	0.9182	0.9226650649290404	-0.0833115523396003
dwmjnt76sup1g25gjedh2pfb	1	1	94	24	1	Go	GW	1	1	0.688	1	0.0	1	0.9342	0.9308548034685961	-0.07420605931150305
dwmjnt76sup1g25gjedh2pfb	1	1	100	25	1	Go	GW	1	1	0.873	1	0.0	1	0.9393	0.937912565934147	-0.06644712556131688
dwmjnt76sup1g25gjedh2pfb	1	1	104	26	1	Go	GW	1	1	0.712	1	1.0	0	0.9435	0.9440269377409993	-0.05978417636573899
dwmjnt76sup1g25gjedh2pfb	1	1	108	27	1	Go	GW	1	1	0.65	1	0.0	1	0.9421	0.93939390530935	-0.06534576768278312
dwmjnt76sup1g25gjedh2pfb	1	1	110	28	1	Go	GW	1	1	0.62	1	0.0	1	0.943	0.9455469514514165	-0.05843898916784268
dwmjnt76sup1g25gjedh2pfb	1	1	113	29	1	Go	GW	1	1	0.76	1	0.0	1	0.9511	0.9507853011159445	-0.05268179611105463
dwmjnt76sup1g25gjedh2pfb	1	1	119	30	1	Go	GW	1	1	0.895	1	0.0	1	0.9527	0.9553059059129788	-0.04777316425298754
e7ldy6mpet45xr7wqa1ne5pw	1	2	121	1	1	No-Go	NGW	0	1	0.634	0	0.0	0	0.8038	0.80388637935151	-0.22917686471623855
e7ldy6mpet45xr7wqa1ne5pw	1	2	128	2	1	No-Go	NGW	0	1	0.555	0	0.0	0	0.5647	0.5597040811116634	-0.6246832776708852
e7ldy6mpet45xr7wqa1ne5pw	1	2	132	3	1	No-Go	NGW	0	0		1	1.0	0	0.3126	0.6833365588885145	-0.406475998242189
e7ldy6mpet45xr7wqa1ne5pw	1	2	136	4	1	No-Go	NGW	0	0		1	0.0	1	0.5998	0.4008301769173906	-0.99284663480314
e7ldy6mpet45xr7wqa1ne5pw	1	2	138	5	1	No-Go	NGW	0	0		1	0.0	1	0.2855	0.7157070269134357	-0.358089015524488
e7ldy6mpet45xr7wqa1ne5pw	1	2	143	6	1	No-Go	NGW	0	0		1	1.0	0	0.114	0.8832566625947044	-0.1305367407411141
e7ldy6mpet45xr7wqa1ne5pw	1	2	145	7	1	No-Go	NGW	0	0		1	0.0	1	0.3261	0.6740129230939863	-0.42058683658052426
e7ldy6mpet45xr7wqa1ne5pw	1	2	151	8	1	No-Go	NGW	0	0		1	0.0	1	0.1389	0.8667091943627951	-0.1501592408674623
e7ldy6mpet45xr7wqa1ne5pw	1	2	155	9	1	No-Go	NGW	0	0		1	0.0	1	0.0582	0.9446669157104441	-0.05877324261683489
e7ldy6mpet45xr7wqa1ne5pw	1	2	158	10	1	No-Go	NGW	0	0		1	0.0	1	0.0241	0.9751607601825617	-0.02565897991572078
e7ldy6mpet45xr7wqa1ne5pw	1	2	164	11	1	No-Go	NGW	0	0		1	1.0	0	0.0122	0.9878350598681591	-0.012391544291412324
e7ldy6mpet45xr7wqa1ne5pw	1	2	167	12	1	No-Go	NGW	0	0		1	0.0	1	0.0549	0.9458964018470075	-0.05686885135410536
e7ldy6mpet45xr7wqa1ne5pw	1	2	171	13	1	No-Go	NGW	0	0		1	0.0	1	0.0231	0.9764282268727682	-0.024192259145753535
e7ldy6mpet45xr7wqa1ne5pw	1	2	173	14	1	No-Go	NGW	0	0		1	0.0	1	0.0111	0.9885818549054332	-0.011589218456075308
e7ldy6mpet45xr7wqa1ne5pw	1	2	177	15	1	No-Go	NGW	0	0		1	0.0	1	0.0055	0.9939323092468622	-0.006123045273348254
e7ldy6mpet45xr7wqa1ne5pw	1	2	183	16	1	No-Go	NGW	0	0		1	0.0	1	0.0039	0.9965056198324806	-0.003514897917621971
e7ldy6mpet45xr7wqa1ne5pw	1	2	187	17	1	No-Go	NGW	0	0		1	1.0	0	0.0037	0.9978405341383848	-0.0021680491989797815
e7ldy6mpet45xr7wqa1ne5pw	1	2	190	18	1	No-Go	NGW	0	0		1	0.0	1	0.0134	0.9870061710146855	-0.01321224101805693
e7ldy6mpet45xr7wqa1ne5pw	1	2	193	19	1	No-Go	NGW	0	0		1	0.0	1	0.0064	0.9934820932261155	-0.0065766918961174484
e7ldy6mpet45xr7wqa1ne5pw	1	2	200	20	1	No-Go	NGW	0	0		1	0.0	1	0.0032	0.9963585997157461	-0.0036618297003373074
e7ldy6mpet45xr7wqa1ne5pw	1	2	203	21	1	No-Go	NGW	0	0		1	0.0	1	0.0015	0.9977845638047577	-0.0022238622355391633
e7ldy6mpet45xr7wqa1ne5pw	1	2	206	22	1	No-Go	NGW	0	0		1	0.0	1	0.0012	0.9985536915613067	-0.0014502782215977846
e7ldy6mpet45xr7wqa1ne5pw	1	2	209	23	1	No-Go	NGW	0	0		1	0.0	1	0.001	0.9989975236080106	-0.0010045672405709792
e7ldy6mpet45xr7wqa1ne5pw	1	2	213	24	1	No-Go	NGW	0	0		1	1.0	0	0.0008	0.9992682887521481	-0.0007329244565739754
e7ldy6mpet45xr7wqa1ne5pw	1	2	218	25	1	No-Go	NGW	0	0		1	0.0	1	0.0044	0.9943441652295556	-0.0057235789368538115
e7ldy6mpet45xr7wqa1ne5pw	1	2	223	26	1	No-Go	NGW	0	0		1	1.0	0	0.0028	0.9969307712521952	-0.003088046525427864
e7ldy6mpet45xr7wqa1ne5pw	1	2	225	27	1	No-Go	NGW	0	0		1	0.0	1	0.0191	0.979357974279219	-0.021580908828385842
e7ldy6mpet45xr7wqa1ne5pw	1	2	230	28	1	No-Go	NGW	0	0		1	0.0	1	0.0105	0.99107824488354	-0.009064973976195018
e7ldy6mpet45xr7wqa1ne5pw	1	2	234	29	1	No-Go	NGW	0	0		1	0.0	1	0.0039	0.9954643257518982	-0.004572105874213174
e7ldy6mpet45xr7wqa1ne5pw	1	2	237	30	1	No-Go	NGW	0	0		1	0.0	1	0.0025	0.9974009664363339	-0.002611638120220362
e7ldy6mpet45xr7wqa1ne5pw	1	2	124	1	0	Go	GAL	1	1	0.748	1	0.0	1	0.65	0.6546654981285179	-0.432896222337367
e7ldy6mpet45xr7wqa1ne5pw	1	2	126	2	0	Go	GAL	1	0		0	0.0	0	0.8595	0.13843639407883102	-2.10962619440402
e7ldy6mpet45xr7wqa1ne5pw	1	2	131	3	0	Go	GAL	1	1	0.666	1	0.0	1	0.9238	0.9227529449069781	-0.08238137205192674
e7ldy6mpet45xr7wqa1ne5pw	1	2	135	4	0	Go	GAL	1	1	0.692	1	0.0	1	0.9667	0.969057569789839	-0.03194296281314107
e7ldy6mpet45xr7wqa1ne5pw	1	2	137	5	0	Go	GAL	1	1	0.644	1	1.0	0	0.987	0.9862686998969813	-0.013967585303416848
e7ldy6mpet45xr7wqa1ne5pw	1	2	142	6	0	Go	GAL	1	1	0.563	1	1.0	0	0.945	0.943314952055048	-0.059280222268248965
e7ldy6mpet45xr7wqa1ne5pw	1	2	147	7	0	Go	GAL	1	1	0.522	1	0.0	1	0.8126	0.8096052174327021	-0.2178855784185447
e7ldy6mpet45xr7wqa1ne5pw	1	2	152	8	0	Go	GAL	1	1	0.483	1	0.0	1	0.9317	0.9321765214434856	-0.07142688016707258
e7ldy6mpet45xr7wqa1ne5pw	1	2	154	9	0	Go	GAL	1	1	0.565	1	0.0	1	0.9739	0.9732477466019896	-0.027426488526669967
e7ldy6mpet45xr7wqa1ne5pw	1	2	159	10	0	Go	GAL	1	1	0.525	1	0.0	1	0.9883	0.9881165573860984	-0.012044271629750695
e7ldy6mpet45xr7wqa1ne5pw	1	2	163	11	0	Go	GAL	1	1	0.546	1	0.0	1	0.9948	0.9941389961814122	-0.005907103410734568
e7ldy6mpet45xr7wqa1ne5pw	1	2	165	12	0	Go	GAL	1	1	0.495	1	0.0	1	0.9962	0.996837060682507	-0.003178316317822736
e7ldy6mpet45xr7wqa1ne5pw	1	2	170	13	0	Go	GAL	1	1	0.499	1	1.0	0	0.9987	0.9981542809202115	-0.0018515712697621993
e7ldy6mpet45xr7wqa1ne5pw	1	2	175	14	0	Go	GAL	1	1	0.424	1	0.0	1	0.9906	0.9897443254446594	-0.010370675978675957
e7ldy6mpet45xr7wqa1ne5pw	1	2	178	15	0	Go	GAL	1	1	0.502	1	0.0	1	0.995	0.9950293504596717	-0.005001273630481612
e7ldy6mpet45xr7wqa1ne5pw	1	2	182	16	0	Go	GAL	1	1	0.644	1	0.0	1	0.9977	0.9973110565214564	-0.0026992421414359785
e7ldy6mpet45xr7wqa1ne5pw	1	2	186	17	0	Go	GAL	1	1	0.611	1	0.0	1	0.9989	0.9984121132336801	-0.001591967215215018
e7ldy6mpet45xr7wqa1ne5pw	1	2	191	18	0	Go	GAL	1	1	0.493	1	0.0	1	0.9987	0.9989913182835091	-0.001010525531365342
e7ldy6mpet45xr7wqa1ne5pw	1	2	196	19	0	Go	GAL	1	1	0.444	1	0.0	1	0.9989	0.9993179965338577	-0.0006829356298471089
e7ldy6mpet45xr7wqa1ne5pw	1	2	198	20	0	Go	GAL	1	1	0.387	1	1.0	0	0.9996	0.9995132156043722	-0.00048730460451264294
e7ldy6mpet45xr7wqa1ne5pw	1	2	201	21	0	Go	GAL	1	1	0.463	1	1.0	0	0.9967	0.9964396737504386	-0.0035833982959097652
e7ldy6mpet45xr7wqa1ne5pw	1	2	207	22	0	Go	GAL	1	1	0.498	1	0.0	1	0.9779	0.9783977172997602	-0.022545175671954902
e7ldy6mpet45xr7wqa1ne5pw	1	2	210	23	0	Go	GAL	1	1	0.485	1	0.0	1	0.9906	0.9915587994390443	-0.008551135333450538
e7ldy6mpet45xr7wqa1ne5pw	1	2	216	24	0	Go	GAL	1	1	0.565	1	0.0	1	0.9961	0.9960170167024713	-0.00400717986705258
e7ldy6mpet45xr7wqa1ne5pw	1	2	217	25	0	Go	GAL	1	1	0.713	1	0.0	1	0.9972	0.9978489462952018	-0.002158642396790292
e7ldy6mpet45xr7wqa1ne5pw	1	2	221	26	0	Go	GAL	1	1	0.873	1	1.0	0	0.9985	0.998714859655506	-0.0012881230989346061
e7ldy6mpet45xr7wqa1ne5pw	1	2	227	27	0	Go	GAL	1	1	0.63	1	0.0	1	0.9916	0.9913158178349779	-0.008808483460583863
e7ldy6mpet45xr7wqa1ne5pw	1	2	232	28	0	Go	GAL	1	1	0.492	1	0.0	1	0.9971	0.9959627605183663	-0.004063152253242226
e7ldy6mpet45xr7wqa1ne5pw	1	2	235	29	0	Go	GAL	1	1	0.627	1	0.0	1	0.9981	0.9978381690478189	-0.0021697239516724944
e7ldy6mpet45xr7wqa1ne5pw	1	2	238	30	0	Go	GAL	1	1	0.597	1	0.0	1	0.9985	0.9987146120329253	-0.0012884398896946256
e7ldy6mpet45xr7wqa1ne5pw	1	2	123	1	0	No-Go	NGAL	0	1	0.518	0	0.0	0	0.6556	0.6546654981285179	-0.432896222337367
e7ldy6mpet45xr7wqa1ne5pw	1	2	127	2	0	No-Go	NGAL	0	0		1	0.0	1	0.3563	0.6388322734960935	-0.4628344238922602
e7ldy6mpet45xr7wqa1ne5pw	1	2	129	3	0	No-Go	NGAL	0	0		1	1.0	0	0.1466	0.8494083928081052	-0.16924037302387304
e7ldy6mpet45xr7wqa1ne5pw	1	2	133	4	0	No-Go	NGAL	0	0		1	0.0	1	0.2789	0.7177022889451007	-0.3489569698519078
e7ldy6mpet45xr7wqa1ne5pw	1	2	140	5	0	No-Go	NGAL	0	0		1	0.0	1	0.1112	0.8846047888088733	-0.1270423134453011
e7ldy6mpet45xr7wqa1ne5pw	1	2	141	6	0	No-Go	NGAL	0	0		1	0.0	1	0.0508	0.9511212406396542	-0.05132185473853716
e7ldy6mpet45xr7wqa1ne5pw	1	2	146	7	0	No-Go	NGAL	0	0		1	0.0	1	0.0231	0.9774577967167488	-0.023152290072064215
e7ldy6mpet45xr7wqa1ne5pw	1	2	150	8	0	No-Go	NGAL	0	0		1	0.0	1	0.0095	0.988641242247017	-0.011536497743830582
e7ldy6mpet45xr7wqa1ne5pw	1	2	156	9	0	No-Go	NGAL	0	0		1	0.0	1	0.0067	0.9937871969512786	-0.0062722282991715325
e7ldy6mpet45xr7wqa1ne5pw	1	2	160	10	0	No-Go	NGAL	0	0		1	1.0	0	0.0039	0.9963402489815022	-0.0036822837467942672
e7ldy6mpet45xr7wqa1ne5pw	1	2	161	11	0	No-Go	NGAL	0	0		1	0.0	1	0.0123	0.9889957788992084	-0.011188131803500822
e7ldy6mpet45xr7wqa1ne5pw	1	2	168	12	0	No-Go	NGAL	0	0		1	0.0	1	0.0064	0.994208125535167	-0.0058428924479823644
e7ldy6mpet45xr7wqa1ne5pw	1	2	169	13	0	No-Go	NGAL	0	0		1	1.0	0	0.0031	0.9966386008398062	-0.003379592551295945
e7ldy6mpet45xr7wqa1ne5pw	1	2	174	14	0	No-Go	NGAL	0	0		1	0.0	1	0.0095	0.9876419810836047	-0.01278560058018797
e7ldy6mpet45xr7wqa1ne5pw	1	2	179	15	0	No-Go	NGAL	0	0		1	0.0	1	0.006	0.9939639099688357	-0.006111855977411039
e7ldy6mpet45xr7wqa1ne5pw	1	2	181	16	0	No-Go	NGAL	0	0		1	1.0	0	0.0037	0.9966393176407804	-0.0033822108887583205
e7ldy6mpet45xr7wqa1ne5pw	1	2	188	17	0	No-Go	NGAL	0	0		1	0.0	1	0.0156	0.986116868410604	-0.014716806186007582
e7ldy6mpet45xr7wqa1ne5pw	1	2	189	18	0	No-Go	NGAL	0	0		1	0.0	1	0.0059	0.9935928302581477	-0.006522831665856381
e7ldy6mpet45xr7wqa1ne5pw	1	2	194	19	0	No-Go	NGAL	0	0		1	0.0	1	0.0031	0.9965654721432269	-0.0034618830498509344
e7ldy6mpet45xr7wqa1ne5pw	1	2	197	20	0	No-Go	NGAL	0	0		1	0.0	1	0.0023	0.9979344826736882	-0.002074754403962066
e7ldy6mpet45xr7wqa1ne5pw	1	2	204	21	0	No-Go	NGAL	0	0		1	0.0	1	0.0014	0.9986430124795612	-0.001360969879417627
e7ldy6mpet45xr7wqa1ne5pw	1	2	205	22	0	No-Go	NGAL	0	0		1	0.0	1	0.0006	0.9990435947373215	-0.0009584578472494564
e7ldy6mpet45xr7wqa1ne5pw	1	2	211	23	0	No-Go	NGAL	0	0		1	0.0	1	0.0006	0.9992861433882834	-0.0007150695638899445
e7ldy6mpet45xr7wqa1ne5pw	1	2	215	24	0	No-Go	NGAL	0	0		1	1.0	0	0.0005	0.9994412444619883	-0.000559553624910907
e7ldy6mpet45xr7wqa1ne5pw	1	2	219	25	0	No-Go	NGAL	0	0		1	0.0	1	0.0026	0.9974529381430369	-0.002572685014557981
e7ldy6mpet45xr7wqa1ne5pw	1	2	224	26	0	No-Go	NGAL	0	0		1	0.0	1	0.0008	0.9984783798359366	-0.0015286975753692688
e7ldy6mpet45xr7wqa1ne5pw	1	2	228	27	0	No-Go	NGAL	0	0		1	0.0	1	0.0009	0.9989821996771414	-0.001020718954638351
e7ldy6mpet45xr7wqa1ne5pw	1	2	231	28	0	No-Go	NGAL	0	0		1	0.0	1	0.0005	0.999262604913485	-0.0007389231628465921
e7ldy6mpet45xr7wqa1ne5pw	1	2	233	29	0	No-Go	NGAL	0	0		1	0.0	1	0.0003	0.99943270321625	-0.0005682337047322199
e7ldy6mpet45xr7wqa1ne5pw	1	2	240	30	0	No-Go	NGAL	0	0		1	1.0	0	0.0003	0.9995425997077808	-0.00045804280365047145
e7ldy6mpet45xr7wqa1ne5pw	1	2	122	1	1	Go	GW	1	1	0.405	1	0.0	1	0.8046	0.80388637935151	-0.22917686471623855
e7ldy6mpet45xr7wqa1ne5pw	1	2	125	2	1	Go	GW	1	1	0.664	1	0.0	1	0.9636	0.9646626210890327	-0.03665580523658716
e7ldy6mpet45xr7wqa1ne5pw	1	2	130	3	1	Go	GW	1	1	0.591	1	0.0	1	0.9898	0.990304644836011	-0.009851535926297119
e7ldy6mpet45xr7wqa1ne5pw	1	2	134	4	1	Go	GW	1	1	0.617	1	1.0	0	0.9954	0.9964466124903846	-0.0035835549262075027
e7ldy6mpet45xr7wqa1ne5pw	1	2	139	5	1	Go	GW	1	1	0.569	1	0.0	1	0.9828	0.9827691112250168	-0.017649914364927903
e7ldy6mpet45xr7wqa1ne5pw	1	2	144	6	1	Go	GW	1	1	0.738	1	0.0	1	0.994	0.9944139910485659	-0.005655576165283891
e7ldy6mpet45xr7wqa1ne5pw	1	2	148	7	1	Go	GW	1	1	0.654	1	0.0	1	0.9978	0.9976822753485197	-0.002334412264109913
e7ldy6mpet45xr7wqa1ne5pw	1	2	149	8	1	Go	GW	1	1	0.534	1	0.0	1	0.9987	0.9988618416212411	-0.0011431698432609503
e7ldy6mpet45xr7wqa1ne5pw	1	2	153	9	1	Go	GW	1	1	0.532	1	0.0	1	0.9996	0.9993630060839458	-0.000638777403697636
e7ldy6mpet45xr7wqa1ne5pw	1	2	157	10	1	Go	GW	1	1	0.799	1	1.0	0	0.9998	0.9996026300888581	-0.0003981047912018724
e7ldy6mpet45xr7wqa1ne5pw	1	2	162	11	1	Go	GW	1	1	0.491	1	1.0	0	0.9973	0.9971351587369621	-0.0028872898517624973
e7ldy6mpet45xr7wqa1ne5pw	1	2	166	12	1	Go	GW	1	1	0.554	1	0.0	1	0.9793	0.9823662664668699	-0.01850812585056472
e7ldy6mpet45xr7wqa1ne5pw	1	2	172	13	1	Go	GW	1	1	0.447	1	0.0	1	0.9937	0.9953187527276095	-0.004738728209117571
e7ldy6mpet45xr7wqa1ne5pw	1	2	176	14	1	Go	GW	1	1	0.483	1	0.0	1	0.9983	0.9981159257380212	-0.0018962297813034817
e7ldy6mpet45xr7wqa1ne5pw	1	2	180	15	1	Go	GW	1	1	0.576	1	0.0	1	0.9994	0.9990624426346927	-0.0009411933731160078
e7ldy6mpet45xr7wqa1ne5pw	1	2	184	16	1	Go	GW	1	1	0.622	1	0.0	1	0.9993	0.999461131695093	-0.0005402032701376504
e7ldy6mpet45xr7wqa1ne5pw	1	2	185	17	1	Go	GW	1	1	0.758	1	1.0	0	0.9999	0.9996537818840332	-0.0003467934677025349
e7ldy6mpet45xr7wqa1ne5pw	1	2	192	18	1	Go	GW	1	1	0.49	1	0.0	1	0.9969	0.9972672993494168	-0.0027561145965394824
e7ldy6mpet45xr7wqa1ne5pw	1	2	195	19	1	Go	GW	1	1	0.564	1	0.0	1	0.9985	0.9988568760887231	-0.001147666241517422
e7ldy6mpet45xr7wqa1ne5pw	1	2	199	20	1	Go	GW	1	1	0.509	1	0.0	1	0.9995	0.9993905321395994	-0.0006109463245916023
e7ldy6mpet45xr7wqa1ne5pw	1	2	202	21	1	Go	GW	1	1	0.438	1	0.0	1	0.9997	0.9996239733961017	-0.0003766360209845404
e7ldy6mpet45xr7wqa1ne5pw	1	2	208	22	1	Go	GW	1	1	0.448	1	1.0	0	0.9996	0.9997418316713487	-0.00025846746309245996
e7ldy6mpet45xr7wqa1ne5pw	1	2	212	23	1	Go	GW	1	1	0.507	1	0.0	1	0.9986	0.997746396504666	-0.0022713016150242116
e7ldy6mpet45xr7wqa1ne5pw	1	2	214	24	1	Go	GW	1	1	0.513	1	0.0	1	0.9994	0.9990592632207981	-0.0009437879111444965
e7ldy6mpet45xr7wqa1ne5pw	1	2	220	25	1	Go	GW	1	1	0.458	1	0.0	1	0.9994	0.9994885350705975	-0.000512463622419317
e7ldy6mpet45xr7wqa1ne5pw	1	2	222	26	1	Go	GW	1	1	0.937	1	0.0	1	0.9999	0.999676204270472	-0.00032422670271630154
e7ldy6mpet45xr7wqa1ne5pw	1	2	226	27	1	Go	GW	1	1	0.618	1	0.0	1	0.9997	0.9997717445563641	-0.00022848073234223995
e7ldy6mpet45xr7wqa1ne5pw	1	2	229	28	1	Go	GW	1	1	0.829	1	1.0	0	0.9999	0.999825406190948	-0.00017473146376035628
e7ldy6mpet45xr7wqa1ne5pw	1	2	236	29	1	Go	GW	1	1	0.539	1	0.0	1	0.9986	0.9983121918688994	-0.0016993244418119142
e7ldy6mpet45xr7wqa1ne5pw	1	2	239	30	1	Go	GW	1	1	0.695	1	0.0	1	0.9997	0.9992769669988704	-0.0007248943630091879
e7ldy6mpet45xr7wqa1ne5pw	1	1	4	1	0	No-Go	NGAL	0	1	0.633	0	0.0	0	0.6545	0.6546654981285179	-0.432896222337367
e7ldy6mpet45xr7wqa1ne5pw	1	1	5	2	0	No-Go	NGAL	0	0		1	0.0	1	0.3637	0.6388322734960935	-0.4628344238922602
e7ldy6mpet45xr7wqa1ne5pw	1	1	11	3	0	No-Go	NGAL	0	0		1	1.0	0	0.1494	0.8494083928081052	-0.16924037302387304
e7ldy6mpet45xr7wqa1ne5pw	1	1	15	4	0	No-Go	NGAL	0	0		1	0.0	1	0.2791	0.7177022889451007	-0.3489569698519078
e7ldy6mpet45xr7wqa1ne5pw	1	1	19	5	0	No-Go	NGAL	0	1	0.882	0	0.0	0	0.1126	0.11539521119112667	-2.446660645906355
e7ldy6mpet45xr7wqa1ne5pw	1	1	23	6	0	No-Go	NGAL	0	1	1.065	0	0.0	0	0.0456	0.04741296463860599	-3.5708755731980255
e7ldy6mpet45xr7wqa1ne5pw	1	1	25	7	0	No-Go	NGAL	0	0		1	0.0	1	0.0221	0.97873872264535	-0.02182692539651465
e7ldy6mpet45xr7wqa1ne5pw	1	1	30	8	0	No-Go	NGAL	0	0		1	0.0	1	0.0082	0.9911701946851583	-0.008954613905851552
e7ldy6mpet45xr7wqa1ne5pw	1	1	36	9	0	No-Go	NGAL	0	0		1	0.0	1	0.0039	0.995900042133751	-0.004132879333668889
e7ldy6mpet45xr7wqa1ne5pw	1	1	40	10	0	No-Go	NGAL	0	0		1	1.0	0	0.003	0.9979082844849998	-0.0021017592548068413
e7ldy6mpet45xr7wqa1ne5pw	1	1	41	11	0	No-Go	NGAL	0	0		1	0.0	1	0.0052	0.9946202984716197	-0.005432363496334178
e7ldy6mpet45xr7wqa1ne5pw	1	1	48	12	0	No-Go	NGAL	0	0		1	0.0	1	0.0019	0.99744314780413	-0.0025702840314142973
e7ldy6mpet45xr7wqa1ne5pw	1	1	52	13	0	No-Go	NGAL	0	0		1	1.0	0	0.0015	0.9986492485264986	-0.0013549740121198677
e7ldy6mpet45xr7wqa1ne5pw	1	1	53	14	0	No-Go	NGAL	0	0		1	0.0	1	0.0038	0.9959053366862383	-0.00413733895533658
e7ldy6mpet45xr7wqa1ne5pw	1	1	57	15	0	No-Go	NGAL	0	0		1	0.0	1	0.0019	0.9980792326335255	-0.0019297264770706938
e7ldy6mpet45xr7wqa1ne5pw	1	1	64	16	0	No-Go	NGAL	0	0		1	1.0	0	0.0008	0.9989775401266637	-0.001025098627960781
e7ldy6mpet45xr7wqa1ne5pw	1	1	65	17	0	No-Go	NGAL	0	0		1	0.0	1	0.0042	0.9964722217893733	-0.0035728298489769747
e7ldy6mpet45xr7wqa1ne5pw	1	1	72	18	0	No-Go	NGAL	0	0		1	0.0	1	0.0024	0.9983842341728516	-0.0016236187716092835
e7ldy6mpet45xr7wqa1ne5pw	1	1	76	19	0	No-Go	NGAL	0	0		1	0.0	1	0.0008	0.9991437568806637	-0.0008583521351507515
e7ldy6mpet45xr7wqa1ne5pw	1	1	79	20	0	No-Go	NGAL	0	0		1	0.0	1	0.0002	0.9994955806332546	-0.0005051585831593033
e7ldy6mpet45xr7wqa1ne5pw	1	1	81	21	0	No-Go	NGAL	0	0		1	0.0	1	0.0	0.9996772519431861	-0.0003230612594750028
e7ldy6mpet45xr7wqa1ne5pw	1	1	85	22	0	No-Go	NGAL	0	0		1	0.0	1	0.0001	0.9997790756086963	-0.00022107824886196395
e7ldy6mpet45xr7wqa1ne5pw	1	1	91	23	0	No-Go	NGAL	0	0		1	0.0	1	0.0	0.9998399650761565	-0.00016012027141703577
e7ldy6mpet45xr7wqa1ne5pw	1	1	95	24	0	No-Go	NGAL	0	0		1	1.0	0	0.0001	0.9998783486381211	-0.0001217038080157749
e7ldy6mpet45xr7wqa1ne5pw	1	1	99	25	0	No-Go	NGAL	0	0		1	0.0	1	0.0005	0.9995282407444319	-0.0004726413801524575
e7ldy6mpet45xr7wqa1ne5pw	1	1	101	26	0	No-Go	NGAL	0	0		1	0.0	1	0.0002	0.9997114741926271	-0.0002888210713990886
e7ldy6mpet45xr7wqa1ne5pw	1	1	105	27	0	No-Go	NGAL	0	0		1	0.0	1	0.0002	0.9998052423456456	-0.00019489155345972785
e7ldy6mpet45xr7wqa1ne5pw	1	1	109	28	0	No-Go	NGAL	0	0		1	0.0	1	0.0005	0.9998587980146147	-0.00014127499111807042
e7ldy6mpet45xr7wqa1ne5pw	1	1	113	29	0	No-Go	NGAL	0	0		1	0.0	1	0.0001	0.9998918076510094	-0.00010823762533408344
e7ldy6mpet45xr7wqa1ne5pw	1	1	119	30	0	No-Go	NGAL	0	0		1	1.0	0	0.0001	0.9999133417897615	-8.668913985764417e-05
e7ldy6mpet45xr7wqa1ne5pw	1	1	1	1	0	Go	GAL	1	1	0.357	1	0.0	1	0.6537	0.6546654981285179	-0.432896222337367
e7ldy6mpet45xr7wqa1ne5pw	1	1	6	2	0	Go	GAL	1	1	0.414	1	0.0	1	0.8622	0.8615636059211691	-0.152198388492401
e7ldy6mpet45xr7wqa1ne5pw	1	1	9	3	0	Go	GAL	1	1	1.127	1	0.0	1	0.9426	0.943795776550311	-0.05881865440355097
e7ldy6mpet45xr7wqa1ne5pw	1	1	13	4	0	Go	GAL	1	1	0.462	1	0.0	1	0.9759	0.9751328394194697	-0.025468267441435818
e7ldy6mpet45xr7wqa1ne5pw	1	1	20	5	0	Go	GAL	1	1	0.47	1	1.0	0	0.9879	0.9879152602775368	-0.01224839949593669
e7ldy6mpet45xr7wqa1ne5pw	1	1	21	6	0	Go	GAL	1	1	0.441	1	1.0	0	0.945	0.9430478251197161	-0.05930628151072902
e7ldy6mpet45xr7wqa1ne5pw	1	1	27	7	0	Go	GAL	1	1	0.584	1	0.0	1	0.7928	0.7888341769923886	-0.24629765828157738
e7ldy6mpet45xr7wqa1ne5pw	1	1	31	8	0	Go	GAL	1	1	0.459	1	0.0	1	0.9227	0.9207317655674707	-0.08366004932927232
e7ldy6mpet45xr7wqa1ne5pw	1	1	33	9	0	Go	GAL	1	1	0.63	1	0.0	1	0.9711	0.9675244205157233	-0.033303340164898394
e7ldy6mpet45xr7wqa1ne5pw	1	1	38	10	0	Go	GAL	1	1	0.551	1	0.0	1	0.9851	0.9850495120814726	-0.015155986010841442
e7ldy6mpet45xr7wqa1ne5pw	1	1	44	11	0	Go	GAL	1	1	0.708	1	0.0	1	0.9922	0.9923634900194702	-0.007698697095133249
e7ldy6mpet45xr7wqa1ne5pw	1	1	45	12	0	Go	GAL	1	1	0.49	1	0.0	1	0.9951	0.9957346436728174	-0.004287424516190816
e7ldy6mpet45xr7wqa1ne5pw	1	1	49	13	0	Go	GAL	1	1	0.67	1	1.0	0	0.9978	0.9974257593853793	-0.0025832225219983834
e7ldy6mpet45xr7wqa1ne5pw	1	1	56	14	0	Go	GAL	1	1	0.788	1	0.0	1	0.9833	0.9838491943166653	-0.016425108546910407
e7ldy6mpet45xr7wqa1ne5pw	1	1	59	15	0	Go	GAL	1	1	0.955	1	0.0	1	0.9921	0.9921673994193579	-0.007899643860592399
e7ldy6mpet45xr7wqa1ne5pw	1	1	61	16	0	Go	GAL	1	1	0.747	1	0.0	1	0.9961	0.99573297517955	-0.004289072710007578
e7ldy6mpet45xr7wqa1ne5pw	1	1	67	17	0	Go	GAL	1	1	0.521	1	0.0	1	0.9979	0.9974520862896538	-0.0025567141187676466
e7ldy6mpet45xr7wqa1ne5pw	1	1	69	18	0	Go	GAL	1	1	0.679	1	0.0	1	0.9984	0.9983594888419554	-0.0016445801549832611
e7ldy6mpet45xr7wqa1ne5pw	1	1	73	19	0	Go	GAL	1	1	0.737	1	0.0	1	0.9984	0.9988743007616209	-0.0011278224022389883
e7ldy6mpet45xr7wqa1ne5pw	1	1	78	20	0	Go	GAL	1	1	0.71	1	1.0	0	0.9991	0.9991841781024016	-0.0008170504020269528
e7ldy6mpet45xr7wqa1ne5pw	1	1	83	21	0	Go	GAL	1	1	0.584	1	1.0	0	0.9931	0.9933589656369337	-0.0067235637234057425
e7ldy6mpet45xr7wqa1ne5pw	1	1	86	22	0	Go	GAL	1	1	0.673	1	0.0	1	0.9576	0.9582699710330055	-0.04574339437601049
e7ldy6mpet45xr7wqa1ne5pw	1	1	92	23	0	Go	GAL	1	1	0.633	1	0.0	1	0.9854	0.9838867181932832	-0.016514190022924334
e7ldy6mpet45xr7wqa1ne5pw	1	1	93	24	0	Go	GAL	1	1	0.549	1	0.0	1	0.9928	0.9925564845011324	-0.007521640531487813
e7ldy6mpet45xr7wqa1ne5pw	1	1	97	25	0	Go	GAL	1	1	0.556	1	0.0	1	0.9961	0.9960369313784795	-0.003985866349709098
e7ldy6mpet45xr7wqa1ne5pw	1	1	102	26	0	Go	GAL	1	1	0.508	1	1.0	0	0.9978	0.9976513192810915	-0.0023572890061545376
e7ldy6mpet45xr7wqa1ne5pw	1	1	107	27	0	Go	GAL	1	1	0.645	1	0.0	1	0.9839	0.9829678067557519	-0.017507420489961477
e7ldy6mpet45xr7wqa1ne5pw	1	1	112	28	0	Go	GAL	1	1	0.562	1	0.0	1	0.9934	0.9922609553890613	-0.007826475789369992
e7ldy6mpet45xr7wqa1ne5pw	1	1	114	29	0	Go	GAL	1	1	0.577	1	0.0	1	0.9961	0.9959248753949258	-0.004099807494313674
e7ldy6mpet45xr7wqa1ne5pw	1	1	118	30	0	Go	GAL	1	1	0.451	1	0.0	1	0.9981	0.9976027190289376	-0.002406408744773566
e7ldy6mpet45xr7wqa1ne5pw	1	1	3	1	1	Go	GW	1	1	0.454	1	0.0	1	0.8036	0.80388637935151	-0.22917686471623855
e7ldy6mpet45xr7wqa1ne5pw	1	1	7	2	1	Go	GW	1	1	0.563	1	0.0	1	0.9651	0.9646626210890327	-0.03665580523658716
e7ldy6mpet45xr7wqa1ne5pw	1	1	12	3	1	Go	GW	1	1	0.472	1	0.0	1	0.9911	0.990304644836011	-0.009851535926297119
e7ldy6mpet45xr7wqa1ne5pw	1	1	16	4	1	Go	GW	1	1	0.554	1	1.0	0	0.9962	0.9964466124903846	-0.0035835549262075027
e7ldy6mpet45xr7wqa1ne5pw	1	1	18	5	1	Go	GW	1	1	0.494	1	0.0	1	0.9814	0.9827691112250168	-0.017649914364927903
e7ldy6mpet45xr7wqa1ne5pw	1	1	24	6	1	Go	GW	1	1	0.349	1	0.0	1	0.995	0.9944139910485659	-0.005655576165283891
e7ldy6mpet45xr7wqa1ne5pw	1	1	26	7	1	Go	GW	1	1	0.583	1	0.0	1	0.9981	0.9976822753485197	-0.002334412264109913
e7ldy6mpet45xr7wqa1ne5pw	1	1	29	8	1	Go	GW	1	1	0.589	1	0.0	1	0.999	0.9988618416212411	-0.0011431698432609503
e7ldy6mpet45xr7wqa1ne5pw	1	1	35	9	1	Go	GW	1	1	0.465	1	0.0	1	0.9996	0.9993630060839458	-0.000638777403697636
e7ldy6mpet45xr7wqa1ne5pw	1	1	39	10	1	Go	GW	1	1	0.556	1	1.0	0	0.9997	0.9996026300888581	-0.0003981047912018724
e7ldy6mpet45xr7wqa1ne5pw	1	1	43	11	1	Go	GW	1	1	0.403	1	1.0	0	0.9978	0.9971351587369621	-0.0028872898517624973
e7ldy6mpet45xr7wqa1ne5pw	1	1	47	12	1	Go	GW	1	1	0.635	1	0.0	1	0.9825	0.9823662664668699	-0.01850812585056472
e7ldy6mpet45xr7wqa1ne5pw	1	1	50	13	1	Go	GW	1	1	0.455	1	0.0	1	0.9955	0.9953187527276095	-0.004738728209117571
e7ldy6mpet45xr7wqa1ne5pw	1	1	55	14	1	Go	GW	1	1	0.474	1	0.0	1	0.9979	0.9981159257380212	-0.0018962297813034817
e7ldy6mpet45xr7wqa1ne5pw	1	1	58	15	1	Go	GW	1	1	0.577	1	0.0	1	0.9993	0.9990624426346927	-0.0009411933731160078
e7ldy6mpet45xr7wqa1ne5pw	1	1	63	16	1	Go	GW	1	1	0.437	1	0.0	1	0.9996	0.999461131695093	-0.0005402032701376504
e7ldy6mpet45xr7wqa1ne5pw	1	1	68	17	1	Go	GW	1	1	0.465	1	1.0	0	1.0	0.9996537818840332	-0.0003467934677025349
e7ldy6mpet45xr7wqa1ne5pw	1	1	71	18	1	Go	GW	1	1	0.449	1	0.0	1	0.9976	0.9972672993494168	-0.0027561145965394824
e7ldy6mpet45xr7wqa1ne5pw	1	1	75	19	1	Go	GW	1	1	0.438	1	0.0	1	0.9993	0.9988568760887231	-0.001147666241517422
e7ldy6mpet45xr7wqa1ne5pw	1	1	77	20	1	Go	GW	1	1	0.464	1	0.0	1	0.9996	0.9993905321395994	-0.0006109463245916023
e7ldy6mpet45xr7wqa1ne5pw	1	1	82	21	1	Go	GW	1	1	0.47	1	0.0	1	0.9997	0.9996239733961017	-0.0003766360209845404
e7ldy6mpet45xr7wqa1ne5pw	1	1	88	22	1	Go	GW	1	1	0.489	1	1.0	0	0.9998	0.9997418316713487	-0.00025846746309245996
e7ldy6mpet45xr7wqa1ne5pw	1	1	89	23	1	Go	GW	1	1	0.614	1	0.0	1	0.9975	0.997746396504666	-0.0022713016150242116
e7ldy6mpet45xr7wqa1ne5pw	1	1	96	24	1	Go	GW	1	1	0.882	1	0.0	1	0.9987	0.9990592632207981	-0.0009437879111444965
e7ldy6mpet45xr7wqa1ne5pw	1	1	98	25	1	Go	GW	1	1	0.46	1	0.0	1	0.9996	0.9994885350705975	-0.000512463622419317
e7ldy6mpet45xr7wqa1ne5pw	1	1	103	26	1	Go	GW	1	1	0.593	1	0.0	1	0.9997	0.999676204270472	-0.00032422670271630154
e7ldy6mpet45xr7wqa1ne5pw	1	1	108	27	1	Go	GW	1	1	0.466	1	0.0	1	0.9996	0.9997717445563641	-0.00022848073234223995
e7ldy6mpet45xr7wqa1ne5pw	1	1	111	28	1	Go	GW	1	1	0.432	1	1.0	0	0.9998	0.999825406190948	-0.00017473146376035628
e7ldy6mpet45xr7wqa1ne5pw	1	1	115	29	1	Go	GW	1	1	0.506	1	0.0	1	0.9988	0.9983121918688994	-0.0016993244418119142
e7ldy6mpet45xr7wqa1ne5pw	1	1	120	30	1	Go	GW	1	1	0.433	1	0.0	1	0.999	0.9992769669988704	-0.0007248943630091879
e7ldy6mpet45xr7wqa1ne5pw	1	1	2	1	1	No-Go	NGW	0	1	0.434	0	0.0	0	0.7941	0.80388637935151	-0.22917686471623855
e7ldy6mpet45xr7wqa1ne5pw	1	1	8	2	1	No-Go	NGW	0	1	0.569	0	0.0	0	0.5521	0.5597040811116634	-0.6246832776708852
e7ldy6mpet45xr7wqa1ne5pw	1	1	10	3	1	No-Go	NGW	0	1	0.626	0	1.0	1	0.3178	0.3166634411114855	-1.2757560684867961
e7ldy6mpet45xr7wqa1ne5pw	1	1	14	4	1	No-Go	NGW	0	1	0.532	0	0.0	0	0.8334	0.8344629208765797	-0.19245000809880974
e7ldy6mpet45xr7wqa1ne5pw	1	1	17	5	1	No-Go	NGW	0	1	0.527	0	0.0	0	0.61	0.6112118052181003	-0.535847659531547
e7ldy6mpet45xr7wqa1ne5pw	1	1	22	6	1	No-Go	NGW	0	1	0.342	0	1.0	1	0.3512	0.35828692826322256	-1.1369508145917666
e7ldy6mpet45xr7wqa1ne5pw	1	1	28	7	1	No-Go	NGW	0	1	0.653	0	0.0	0	0.8321	0.8291019916800162	-0.21715060884820275
e7ldy6mpet45xr7wqa1ne5pw	1	1	32	8	1	No-Go	NGW	0	1	0.731	0	0.0	0	0.6237	0.6233225033028684	-0.5728069874973583
e7ldy6mpet45xr7wqa1ne5pw	1	1	34	9	1	No-Go	NGW	0	0		1	0.0	1	0.3823	0.6174046415191117	-0.564592142828657
e7ldy6mpet45xr7wqa1ne5pw	1	1	37	10	1	No-Go	NGW	0	0		1	0.0	1	0.1762	0.8278562583092093	-0.21026315885652516
e7ldy6mpet45xr7wqa1ne5pw	1	1	42	11	1	No-Go	NGW	0	0		1	1.0	0	0.0767	0.9246262238247913	-0.08370893195269229
e7ldy6mpet45xr7wqa1ne5pw	1	1	46	12	1	No-Go	NGW	0	0		1	0.0	1	0.2409	0.7593939295774725	-0.31069344743701927
e7ldy6mpet45xr7wqa1ne5pw	1	1	51	13	1	No-Go	NGW	0	0		1	0.0	1	0.0985	0.8968837672108797	-0.11714661089351619
e7ldy6mpet45xr7wqa1ne5pw	1	1	54	14	1	No-Go	NGW	0	0		1	0.0	1	0.0496	0.9541097742256479	-0.049087034624341365
e7ldy6mpet45xr7wqa1ne5pw	1	1	60	15	1	No-Go	NGW	0	0		1	0.0	1	0.0205	0.9779255578542372	-0.02291970431028898
e7ldy6mpet45xr7wqa1ne5pw	1	1	62	16	1	No-Go	NGW	0	0		1	0.0	1	0.0121	0.9884663260008929	-0.011791992552620955
e7ldy6mpet45xr7wqa1ne5pw	1	1	66	17	1	No-Go	NGW	0	0		1	1.0	0	0.0058	0.9934848927929355	-0.0066055296685553115
e7ldy6mpet45xr7wqa1ne5pw	1	1	70	18	1	No-Go	NGW	0	0		1	0.0	1	0.0329	0.9653941357667624	-0.036424843684693856
e7ldy6mpet45xr7wqa1ne5pw	1	1	74	19	1	No-Go	NGW	0	0		1	0.0	1	0.0171	0.9834316458570429	-0.01702612200475073
e7ldy6mpet45xr7wqa1ne5pw	1	1	80	20	1	No-Go	NGW	0	0		1	0.0	1	0.0089	0.9912091395046595	-0.008934930839447354
e7ldy6mpet45xr7wqa1ne5pw	1	1	84	21	1	No-Go	NGW	0	0		1	0.0	1	0.0067	0.994909413552635	-0.005144274545687314
e7ldy6mpet45xr7wqa1ne5pw	1	1	87	22	1	No-Go	NGW	0	0		1	0.0	1	0.0033	0.996823045173797	-0.00319996530305441
e7ldy6mpet45xr7wqa1ne5pw	1	1	90	23	1	No-Go	NGW	0	0		1	0.0	1	0.0015	0.9978844318362364	-0.0021267041966053775
e7ldy6mpet45xr7wqa1ne5pw	1	1	94	24	1	No-Go	NGW	0	0		1	1.0	0	0.001	0.9985090125429354	-0.0014969902974342507
e7ldy6mpet45xr7wqa1ne5pw	1	1	100	25	1	No-Go	NGW	0	0		1	0.0	1	0.0116	0.9890752231394566	-0.011219319899974578
e7ldy6mpet45xr7wqa1ne5pw	1	1	104	26	1	No-Go	NGW	0	0		1	1.0	0	0.0064	0.99414684666134	-0.005935822488084816
e7ldy6mpet45xr7wqa1ne5pw	1	1	106	27	1	No-Go	NGW	0	0		1	0.0	1	0.0368	0.963276873429845	-0.04025751094199876
e7ldy6mpet45xr7wqa1ne5pw	1	1	110	28	1	No-Go	NGW	0	0		1	0.0	1	0.0157	0.9838500952473224	-0.01673736082545221
e7ldy6mpet45xr7wqa1ne5pw	1	1	116	29	1	No-Go	NGW	0	0		1	0.0	1	0.0083	0.9918232610845181	-0.008327383292881907
e7ldy6mpet45xr7wqa1ne5pw	1	1	117	30	1	No-Go	NGW	0	0		1	0.0	1	0.0051	0.9953574137606556	-0.004693999997955262
ea0k6vqrjovnxvqd2dcivslk	1	2	123	1	1	No-Go	NGW	0	1	0.332	0	0.0	0	0.6427	0.6411764390427103	-0.4624576882304115
ea0k6vqrjovnxvqd2dcivslk	1	2	127	2	1	No-Go	NGW	0	0		1	0.0	1	0.5028	0.49261848463117247	-0.7440241653332647
ea0k6vqrjovnxvqd2dcivslk	1	2	130	3	1	No-Go	NGW	0	0		1	0.0	1	0.3657	0.6253075366437193	-0.5001622406503167
ea0k6vqrjovnxvqd2dcivslk	1	2	135	4	1	No-Go	NGW	0	0		1	1.0	0	0.2788	0.7201041639104742	-0.35111727995047254
ea0k6vqrjovnxvqd2dcivslk	1	2	137	5	1	No-Go	NGW	0	0		1	0.0	1	0.4344	0.561797996210588	-0.6018693147167478
ea0k6vqrjovnxvqd2dcivslk	1	2	143	6	1	No-Go	NGW	0	0		1	0.0	1	0.3215	0.6803238123831484	-0.40457780492139633
ea0k6vqrjovnxvqd2dcivslk	1	2	148	7	1	No-Go	NGW	0	0		1	1.0	0	0.241	0.7617399451654183	-0.286295339711684
ea0k6vqrjovnxvqd2dcivslk	1	2	149	8	1	No-Go	NGW	0	0		1	0.0	1	0.3921	0.6068643378774241	-0.5188722562581933
ea0k6vqrjovnxvqd2dcivslk	1	2	153	9	1	No-Go	NGW	0	0		1	0.0	1	0.2892	0.715807970969168	-0.3469903830114341
ea0k6vqrjovnxvqd2dcivslk	1	2	157	10	1	No-Go	NGW	0	0		1	0.0	1	0.2071	0.7887793200971803	-0.24632762610280756
ea0k6vqrjovnxvqd2dcivslk	1	2	162	11	1	No-Go	NGW	0	0		1	1.0	0	0.1679	0.8382852995312955	-0.18248182680230104
ea0k6vqrjovnxvqd2dcivslk	1	2	166	12	1	No-Go	NGW	0	0		1	0.0	1	0.3021	0.6999475437097	-0.3689889060328904
ea0k6vqrjovnxvqd2dcivslk	1	2	172	13	1	No-Go	NGW	0	0		1	0.0	1	0.2112	0.7837330151913174	-0.24989005591557822
ea0k6vqrjovnxvqd2dcivslk	1	2	176	14	1	No-Go	NGW	0	0		1	0.0	1	0.1666	0.8379700494603423	-0.18090867075249145
ea0k6vqrjovnxvqd2dcivslk	1	2	179	15	1	No-Go	NGW	0	0		1	0.0	1	0.1189	0.8742704798724448	-0.13714775799591183
ea0k6vqrjovnxvqd2dcivslk	1	2	182	16	1	No-Go	NGW	0	0		1	0.0	1	0.0988	0.8994549707113525	-0.10783430336824973
ea0k6vqrjovnxvqd2dcivslk	1	2	188	17	1	No-Go	NGW	0	0		1	1.0	0	0.0806	0.9174403492848181	-0.08744393420229074
ea0k6vqrjovnxvqd2dcivslk	1	2	190	18	1	No-Go	NGW	0	1	1.295	0	0.0	0	0.1851	0.1865609185744242	-1.8208141054614153
ea0k6vqrjovnxvqd2dcivslk	1	2	193	19	1	No-Go	NGW	0	0		1	0.0	1	0.1266	0.8737205291829494	-0.13833979624639936
ea0k6vqrjovnxvqd2dcivslk	1	2	197	20	1	No-Go	NGW	0	0		1	0.0	1	0.0884	0.9094236467020949	-0.09631046856919699
ea0k6vqrjovnxvqd2dcivslk	1	2	203	21	1	No-Go	NGW	0	0		1	0.0	1	0.0683	0.9309627318179211	-0.07237218232412947
ea0k6vqrjovnxvqd2dcivslk	1	2	208	22	1	No-Go	NGW	0	0		1	1.0	0	0.0523	0.9450240673307082	-0.05712008806401581
ea0k6vqrjovnxvqd2dcivslk	1	2	210	23	1	No-Go	NGW	0	0		1	0.0	1	0.1275	0.8704060321699704	-0.14387687468297208
ea0k6vqrjovnxvqd2dcivslk	1	2	215	24	1	No-Go	NGW	0	0		1	0.0	1	0.0889	0.9093318856518363	-0.09670884301558974
ea0k6vqrjovnxvqd2dcivslk	1	2	219	25	1	No-Go	NGW	0	0		1	0.0	1	0.0679	0.9319606763567481	-0.07135409195932015
ea0k6vqrjovnxvqd2dcivslk	1	2	222	26	1	No-Go	NGW	0	0		1	0.0	1	0.0553	0.9462908634372037	-0.05578681198342202
ea0k6vqrjovnxvqd2dcivslk	1	2	228	27	1	No-Go	NGW	0	0		1	0.0	1	0.045	0.9559471642955224	-0.04547276234403656
ea0k6vqrjovnxvqd2dcivslk	1	2	232	28	1	No-Go	NGW	0	0		1	1.0	0	0.0414	0.9627468412115795	-0.03828973076821599
ea0k6vqrjovnxvqd2dcivslk	1	2	236	29	1	No-Go	NGW	0	0		1	0.0	1	0.1048	0.9019902661305601	-0.10736830098516097
ea0k6vqrjovnxvqd2dcivslk	1	2	240	30	1	No-Go	NGW	0	0		1	0.0	1	0.067	0.9301035073330575	-0.0739355010818397
ea0k6vqrjovnxvqd2dcivslk	1	2	122	1	0	Go	GAL	1	1	0.356	1	0.0	1	0.6152	0.625550743412263	-0.4777431999582322
ea0k6vqrjovnxvqd2dcivslk	1	2	126	2	0	Go	GAL	1	1	0.291	1	0.0	1	0.7395	0.7422441788288747	-0.30651437421497024
ea0k6vqrjovnxvqd2dcivslk	1	2	129	3	0	Go	GAL	1	1	0.673	1	0.0	1	0.8158	0.8167138999753583	-0.2089309935676622
ea0k6vqrjovnxvqd2dcivslk	1	2	136	4	0	Go	GAL	1	1	0.496	1	1.0	0	0.8708	0.8652279405099862	-0.1490675494629407
ea0k6vqrjovnxvqd2dcivslk	1	2	139	5	0	Go	GAL	1	1	0.582	1	0.0	1	0.7474	0.7535498601011313	-0.28734909959373167
ea0k6vqrjovnxvqd2dcivslk	1	2	141	6	0	Go	GAL	1	1	0.513	1	0.0	1	0.8351	0.8295192279052801	-0.19010294412980483
ea0k6vqrjovnxvqd2dcivslk	1	2	145	7	0	Go	GAL	1	0		0	0.0	0	0.8764	0.12368510417183268	-2.203688738663494
ea0k6vqrjovnxvqd2dcivslk	1	2	150	8	0	Go	GAL	1	1	0.551	1	0.0	1	0.8972	0.8958661571053333	-0.11193283230722847
ea0k6vqrjovnxvqd2dcivslk	1	2	155	9	0	Go	GAL	1	1	0.486	1	1.0	0	0.9181	0.9217062243392237	-0.08284347655929714
ea0k6vqrjovnxvqd2dcivslk	1	2	160	10	0	Go	GAL	1	1	1.35	1	0.0	1	0.8431	0.8410294869998445	-0.17535045739178906
ea0k6vqrjovnxvqd2dcivslk	1	2	163	11	0	Go	GAL	1	1	0.669	1	0.0	1	0.8893	0.8906220732378529	-0.11706465972532079
ea0k6vqrjovnxvqd2dcivslk	1	2	168	12	0	Go	GAL	1	1	0.502	1	0.0	1	0.9169	0.9200382420361216	-0.08421504852398035
ea0k6vqrjovnxvqd2dcivslk	1	2	171	13	0	Go	GAL	1	1	0.803	1	1.0	0	0.9395	0.938849523122513	-0.06370914988043418
ea0k6vqrjovnxvqd2dcivslk	1	2	174	14	0	Go	GAL	1	1	0.479	1	0.0	1	0.8663	0.8665576780827107	-0.14565087963321602
ea0k6vqrjovnxvqd2dcivslk	1	2	180	15	0	Go	GAL	1	1	0.65	1	0.0	1	0.9008	0.9083580287340494	-0.09702661013027289
ea0k6vqrjovnxvqd2dcivslk	1	2	183	16	0	Go	GAL	1	1	0.691	1	0.0	1	0.9324	0.9326292449123917	-0.0703189639156009
ea0k6vqrjovnxvqd2dcivslk	1	2	186	17	0	Go	GAL	1	1	0.619	1	0.0	1	0.9463	0.9479684161891957	-0.05383150680043257
ea0k6vqrjovnxvqd2dcivslk	1	2	189	18	0	Go	GAL	1	1	0.559	1	1.0	0	0.9592	0.9582514422460404	-0.04293199166446455
ea0k6vqrjovnxvqd2dcivslk	1	2	196	19	0	Go	GAL	1	1	0.441	1	0.0	1	0.8964	0.8990232548767366	-0.1088442679710884
ea0k6vqrjovnxvqd2dcivslk	1	2	199	20	0	Go	GAL	1	1	0.46	1	0.0	1	0.9303	0.9296748045260441	-0.073735372191298
ea0k6vqrjovnxvqd2dcivslk	1	2	202	21	0	Go	GAL	1	1	0.488	1	0.0	1	0.9498	0.9473085569867992	-0.05458578099426021
ea0k6vqrjovnxvqd2dcivslk	1	2	207	22	0	Go	GAL	1	1	0.498	1	1.0	0	0.9577	0.958439047863753	-0.04275686713609385
ea0k6vqrjovnxvqd2dcivslk	1	2	212	23	0	Go	GAL	1	1	0.503	1	0.0	1	0.9011	0.8975524039682108	-0.1114930444738307
ea0k6vqrjovnxvqd2dcivslk	1	2	214	24	0	Go	GAL	1	1	0.512	1	0.0	1	0.9326	0.9299200236948203	-0.07372138171003112
ea0k6vqrjovnxvqd2dcivslk	1	2	220	25	0	Go	GAL	1	1	0.423	1	0.0	1	0.9466	0.9480581865187699	-0.053883370431584664
ea0k6vqrjovnxvqd2dcivslk	1	2	223	26	0	Go	GAL	1	1	0.791	1	0.0	1	0.9609	0.9592697331074279	-0.04193064018568443
ea0k6vqrjovnxvqd2dcivslk	1	2	226	27	0	Go	GAL	1	1	0.447	1	0.0	1	0.9672	0.9666906017474481	-0.03412690456873411
ea0k6vqrjovnxvqd2dcivslk	1	2	229	28	0	Go	GAL	1	1	0.55	1	0.0	1	0.974	0.9718451424414226	-0.02875335544844987
ea0k6vqrjovnxvqd2dcivslk	1	2	233	29	0	Go	GAL	1	1	0.379	1	1.0	0	0.9766	0.9755551777674424	-0.024909210739441537
ea0k6vqrjovnxvqd2dcivslk	1	2	239	30	0	Go	GAL	1	1	0.238	1	0.0	1	0.9326	0.930608673741279	-0.07431847119258372
ea0k6vqrjovnxvqd2dcivslk	1	2	124	1	1	Go	GW	1	1	0.405	1	0.0	1	0.6399	0.6411764390427103	-0.4624576882304115
ea0k6vqrjovnxvqd2dcivslk	1	2	128	2	1	Go	GW	1	1	0.406	1	0.0	1	0.8555	0.8550248194660609	-0.16270991181017938
ea0k6vqrjovnxvqd2dcivslk	1	2	131	3	1	Go	GW	1	1	0.45	1	0.0	1	0.9224	0.9214542870707262	-0.08447223227360823
ea0k6vqrjovnxvqd2dcivslk	1	2	134	4	1	Go	GW	1	1	0.521	1	0.0	1	0.9533	0.9495569360374969	-0.0529770282422073
ea0k6vqrjovnxvqd2dcivslk	1	2	140	5	1	Go	GW	1	1	0.391	1	1.0	0	0.9623	0.9636644930354094	-0.03762699552190813
ea0k6vqrjovnxvqd2dcivslk	1	2	144	6	1	Go	GW	1	1	0.306	1	0.0	1	0.9109	0.9099315106581324	-0.09729191435833373
ea0k6vqrjovnxvqd2dcivslk	1	2	147	7	1	Go	GW	1	1	0.39	1	0.0	1	0.9537	0.951901051707233	-0.050057126011476376
ea0k6vqrjovnxvqd2dcivslk	1	2	151	8	1	Go	GW	1	1	0.417	1	0.0	1	0.9656	0.9665042195200407	-0.03450388310381777
ea0k6vqrjovnxvqd2dcivslk	1	2	156	9	1	Go	GW	1	1	0.559	1	0.0	1	0.9758	0.9737039251638511	-0.02693957957113911
ea0k6vqrjovnxvqd2dcivslk	1	2	159	10	1	Go	GW	1	1	0.474	1	1.0	0	0.9772	0.977787108959473	-0.022690612996361378
ea0k6vqrjovnxvqd2dcivslk	1	2	161	11	1	Go	GW	1	1	0.532	1	0.0	1	0.933	0.9336366919210246	-0.07199349606246076
ea0k6vqrjovnxvqd2dcivslk	1	2	165	12	1	Go	GW	1	1	0.444	1	0.0	1	0.965	0.9648634276604305	-0.03631076772586268
ea0k6vqrjovnxvqd2dcivslk	1	2	170	13	1	Go	GW	1	1	0.315	1	0.0	1	0.9758	0.9743397689664504	-0.026296238429084077
ea0k6vqrjovnxvqd2dcivslk	1	2	175	14	1	Go	GW	1	1	0.425	1	0.0	1	0.9787	0.9787334079079466	-0.021726184891987254
ea0k6vqrjovnxvqd2dcivslk	1	2	178	15	1	Go	GW	1	1	0.491	1	1.0	0	0.9811	0.9811538916073834	-0.01922993043239125
ea0k6vqrjovnxvqd2dcivslk	1	2	181	16	1	Go	GW	1	1	0.463	1	0.0	1	0.9386	0.9392916675914048	-0.06624098332781296
ea0k6vqrjovnxvqd2dcivslk	1	2	185	17	1	Go	GW	1	1	0.614	1	0.0	1	0.9688	0.9684258162918772	-0.03264579896626146
ea0k6vqrjovnxvqd2dcivslk	1	2	192	18	1	Go	GW	1	1	0.396	1	0.0	1	0.977	0.9767169195111636	-0.02386066346592933
ea0k6vqrjovnxvqd2dcivslk	1	2	194	19	1	Go	GW	1	1	0.422	1	0.0	1	0.9817	0.9803816535106166	-0.020046090556312027
ea0k6vqrjovnxvqd2dcivslk	1	2	198	20	1	Go	GW	1	1	0.292	1	1.0	0	0.9837	0.9823298056578571	-0.01803687037673635
ea0k6vqrjovnxvqd2dcivslk	1	2	206	22	1	Go	GW	1	1	0.455	1	0.0	1	0.9736	0.9697619585858749	-0.03129211434122541
ea0k6vqrjovnxvqd2dcivslk	1	2	209	23	1	Go	GW	1	1	0.366	1	0.0	1	0.9794	0.9776597568253608	-0.022905783907998977
ea0k6vqrjovnxvqd2dcivslk	1	2	216	24	1	Go	GW	1	1	0.211	1	0.0	1	0.9823	0.9810658920198343	-0.0193549535114873
ea0k6vqrjovnxvqd2dcivslk	1	2	218	25	1	Go	GW	1	1	0.411	1	1.0	0	0.9829	0.9828373138880524	-0.017525714747500906
ea0k6vqrjovnxvqd2dcivslk	1	2	221	26	1	Go	GW	1	1	0.273	1	0.0	1	0.9452	0.9421088929696283	-0.06345100321321405
ea0k6vqrjovnxvqd2dcivslk	1	2	225	27	1	Go	GW	1	1	0.37	1	0.0	1	0.9679	0.9703647067985035	-0.030687019041304463
ea0k6vqrjovnxvqd2dcivslk	1	2	231	28	1	Go	GW	1	1	0.201	1	0.0	1	0.978	0.9781009018089349	-0.02246214482068564
ea0k6vqrjovnxvqd2dcivslk	1	2	235	29	1	Go	GW	1	1	0.456	1	1.0	0	0.9787	0.9813959767932429	-0.019023418795511764
ea0k6vqrjovnxvqd2dcivslk	1	2	237	30	1	Go	GW	1	1	0.536	1	0.0	1	0.9392	0.9385646767865826	-0.06750637274270589
ea0k6vqrjovnxvqd2dcivslk	1	2	121	1	0	No-Go	NGAL	0	1	0.374	0	0.0	0	0.6256	0.625550743412263	-0.4777431999582322
ea0k6vqrjovnxvqd2dcivslk	1	2	125	2	0	No-Go	NGAL	0	0		1	0.0	1	0.4866	0.5115575702308292	-0.6851379602629816
ea0k6vqrjovnxvqd2dcivslk	1	2	132	3	0	No-Go	NGAL	0	0		1	1.0	0	0.3578	0.6443774884074036	-0.45500052848549205
ea0k6vqrjovnxvqd2dcivslk	1	2	133	4	0	No-Go	NGAL	0	1	0.753	0	0.0	0	0.4027	0.4103158692072998	-0.9236993022472072
ea0k6vqrjovnxvqd2dcivslk	1	2	138	5	0	No-Go	NGAL	0	0		1	0.0	1	0.3047	0.6921446237049446	-0.3809201764243628
ea0k6vqrjovnxvqd2dcivslk	1	2	142	6	0	No-Go	NGAL	0	0		1	0.0	1	0.218	0.7823344238796223	-0.2562519431725783
ea0k6vqrjovnxvqd2dcivslk	1	2	146	7	0	No-Go	NGAL	0	0		1	0.0	1	0.1613	0.8408657929334226	-0.18074331303570354
ea0k6vqrjovnxvqd2dcivslk	1	2	152	8	0	No-Go	NGAL	0	0		1	0.0	1	0.1231	0.8801688751283471	-0.13240292109360938
ea0k6vqrjovnxvqd2dcivslk	1	2	154	9	0	No-Go	NGAL	0	0		1	0.0	1	0.0905	0.9073444226039413	-0.1002160917581588
ea0k6vqrjovnxvqd2dcivslk	1	2	158	10	0	No-Go	NGAL	0	0		1	1.0	0	0.072	0.926584838532811	-0.07811458338914715
ea0k6vqrjovnxvqd2dcivslk	1	2	164	11	0	No-Go	NGAL	0	0		1	0.0	1	0.0933	0.9044874920189472	-0.1027866103645158
ea0k6vqrjovnxvqd2dcivslk	1	2	167	12	0	No-Go	NGAL	0	0		1	0.0	1	0.0825	0.9255831483978387	-0.07886021061828356
ea0k6vqrjovnxvqd2dcivslk	1	2	169	13	0	No-Go	NGAL	0	0		1	0.0	1	0.0574	0.9402427657482069	-0.06260405459562991
ea0k6vqrjovnxvqd2dcivslk	1	2	173	14	0	No-Go	NGAL	0	0		1	1.0	0	0.051	0.9507690368777294	-0.051135804820805084
ea0k6vqrjovnxvqd2dcivslk	1	2	177	15	0	No-Go	NGAL	0	0		1	0.0	1	0.063	0.932994893534005	-0.07043288600751385
ea0k6vqrjovnxvqd2dcivslk	1	2	184	16	0	No-Go	NGAL	0	0		1	0.0	1	0.0546	0.9465386968260986	-0.055601665120888585
ea0k6vqrjovnxvqd2dcivslk	1	2	187	17	0	No-Go	NGAL	0	0		1	0.0	1	0.0434	0.9558595651966468	-0.04558942780680714
ea0k6vqrjovnxvqd2dcivslk	1	2	191	18	0	No-Go	NGAL	0	0		1	1.0	0	0.0365	0.9625609674330051	-0.03847963184639433
ea0k6vqrjovnxvqd2dcivslk	1	2	195	19	0	No-Go	NGAL	0	0		1	0.0	1	0.0511	0.9472443146139508	-0.05494718120291299
ea0k6vqrjovnxvqd2dcivslk	1	2	200	20	0	No-Go	NGAL	0	0		1	0.0	1	0.0422	0.9572403651695913	-0.044131950728836515
ea0k6vqrjovnxvqd2dcivslk	1	2	201	21	0	No-Go	NGAL	0	0		1	0.0	1	0.0317	0.9640043723518235	-0.03696237536459081
ea0k6vqrjovnxvqd2dcivslk	1	2	205	22	0	No-Go	NGAL	0	0		1	0.0	1	0.03	0.9688364135697446	-0.03189626790570515
ea0k6vqrjovnxvqd2dcivslk	1	2	211	23	0	No-Go	NGAL	0	0		1	0.0	1	0.0277	0.9724073357895053	-0.02818030001111284
ea0k6vqrjovnxvqd2dcivslk	1	2	213	24	0	No-Go	NGAL	0	0		1	1.0	0	0.0235	0.9751100025310043	-0.02538370342590254
ea0k6vqrjovnxvqd2dcivslk	1	2	217	25	0	No-Go	NGAL	0	0		1	0.0	1	0.0395	0.9635921760581898	-0.03757708795708404
ea0k6vqrjovnxvqd2dcivslk	1	2	224	26	0	No-Go	NGAL	0	0		1	0.0	1	0.0327	0.969302103392555	-0.0314850814346832
ea0k6vqrjovnxvqd2dcivslk	1	2	227	27	0	No-Go	NGAL	0	0		1	0.0	1	0.0268	0.9731476112472408	-0.027457205735228883
ea0k6vqrjovnxvqd2dcivslk	1	2	230	28	0	No-Go	NGAL	0	0		1	0.0	1	0.0248	0.9759011696804393	-0.02459840208756189
ea0k6vqrjovnxvqd2dcivslk	1	2	234	29	0	No-Go	NGAL	0	0		1	1.0	0	0.0228	0.9779483698986927	-0.022484767460087565
ea0k6vqrjovnxvqd2dcivslk	1	2	238	30	0	No-Go	NGAL	0	0		1	0.0	1	0.0343	0.9670967244945852	-0.03401176486471592
ea0k6vqrjovnxvqd2dcivslk	1	1	3	1	1	Go	GW	1	1	0.492	1	0.0	1	0.6417	0.6411764390427103	-0.4624576882304115
ea0k6vqrjovnxvqd2dcivslk	1	1	6	2	1	Go	GW	1	1	0.533	1	0.0	1	0.8541	0.8550248194660609	-0.16270991181017938
ea0k6vqrjovnxvqd2dcivslk	1	1	11	3	1	Go	GW	1	1	0.47	1	0.0	1	0.9211	0.9214542870707262	-0.08447223227360823
ea0k6vqrjovnxvqd2dcivslk	1	1	15	4	1	Go	GW	1	1	0.815	1	0.0	1	0.9487	0.9495569360374969	-0.0529770282422073
ea0k6vqrjovnxvqd2dcivslk	1	1	20	5	1	Go	GW	1	1	0.537	1	1.0	0	0.9609	0.9636644930354094	-0.03762699552190813
ea0k6vqrjovnxvqd2dcivslk	1	1	24	6	1	Go	GW	1	1	0.494	1	0.0	1	0.9166	0.9099315106581324	-0.09729191435833373
ea0k6vqrjovnxvqd2dcivslk	1	1	25	7	1	Go	GW	1	0		0	0.0	0	0.9543	0.04809894829276688	-3.337395119294177
ea0k6vqrjovnxvqd2dcivslk	1	1	32	8	1	Go	GW	1	1	0.494	1	0.0	1	0.9718	0.9712250724127546	-0.029566789123208124
ea0k6vqrjovnxvqd2dcivslk	1	1	36	9	1	Go	GW	1	1	0.636	1	0.0	1	0.9809	0.9800581835374511	-0.020351381042142156
ea0k6vqrjovnxvqd2dcivslk	1	1	37	10	1	Go	GW	1	1	0.877	1	1.0	0	0.9852	0.9845558010695807	-0.015692361876265434
ea0k6vqrjovnxvqd2dcivslk	1	1	44	11	1	Go	GW	1	1	0.294	1	0.0	1	0.9541	0.9581845867311979	-0.043493286477795975
ea0k6vqrjovnxvqd2dcivslk	1	1	46	12	1	Go	GW	1	1	0.294	1	0.0	1	0.9762	0.9776069140820564	-0.022854113629748322
ea0k6vqrjovnxvqd2dcivslk	1	1	51	13	1	Go	GW	1	1	0.439	1	0.0	1	0.9818	0.983963080083207	-0.016287571432603787
ea0k6vqrjovnxvqd2dcivslk	1	1	54	14	1	Go	GW	1	1	0.571	1	0.0	1	0.9868	0.987069109379706	-0.013099745138728894
ea0k6vqrjovnxvqd2dcivslk	1	1	59	15	1	Go	GW	1	1	0.56	1	1.0	0	0.9901	0.9888409612868205	-0.011289143816648856
ea0k6vqrjovnxvqd2dcivslk	1	1	62	16	1	Go	GW	1	1	0.507	1	0.0	1	0.9651	0.9659091190845338	-0.0354645628498355
ea0k6vqrjovnxvqd2dcivslk	1	1	65	17	1	Go	GW	1	1	0.61	1	0.0	1	0.9825	0.9818538204360735	-0.01847158804375647
ea0k6vqrjovnxvqd2dcivslk	1	1	69	18	1	Go	GW	1	0		0	0.0	0	0.9876	0.013378670182983677	-4.9822399244907825
ea0k6vqrjovnxvqd2dcivslk	1	1	74	19	1	Go	GW	1	1	0.362	1	0.0	1	0.9925	0.9915267519122292	-0.008549104764058043
ea0k6vqrjovnxvqd2dcivslk	1	1	77	20	1	Go	GW	1	1	0.499	1	1.0	0	0.9927	0.9929452318836315	-0.00710964638580648
ea0k6vqrjovnxvqd2dcivslk	1	1	84	21	1	Go	GW	1	1	0.58	1	0.0	1	0.9796	0.9784253813805377	-0.022128028990177927
ea0k6vqrjovnxvqd2dcivslk	1	1	85	22	1	Go	GW	1	1	1.112	1	0.0	1	0.9893	0.9887003903445533	-0.011433175164554225
ea0k6vqrjovnxvqd2dcivslk	1	1	91	23	1	Go	GW	1	1	0.41	1	0.0	1	0.9916	0.9917304015232977	-0.008343379156731346
ea0k6vqrjovnxvqd2dcivslk	1	1	96	24	1	Go	GW	1	1	0.615	1	0.0	1	0.9931	0.9931232534151344	-0.006929963203690285
ea0k6vqrjovnxvqd2dcivslk	1	1	98	25	1	Go	GW	1	1	0.647	1	1.0	0	0.9945	0.9938874048748306	-0.006156632613290436
ea0k6vqrjovnxvqd2dcivslk	1	1	102	26	1	Go	GW	1	1	0.66	1	0.0	1	0.9789	0.9803900116431598	-0.020109782054369696
ea0k6vqrjovnxvqd2dcivslk	1	1	107	27	1	Go	GW	1	1	0.52	1	0.0	1	0.9915	0.9896658360767048	-0.010452749622171997
ea0k6vqrjovnxvqd2dcivslk	1	1	111	28	1	Go	GW	1	1	0.429	1	0.0	1	0.9922	0.9923242105920322	-0.007742607759910658
ea0k6vqrjovnxvqd2dcivslk	1	1	116	29	1	Go	GW	1	1	0.362	1	1.0	0	0.9941	0.9935232159673305	-0.006526286970859229
ea0k6vqrjovnxvqd2dcivslk	1	1	118	30	1	Go	GW	1	1	0.346	1	0.0	1	0.978	0.9793715746752115	-0.02117719527061025
ea0k6vqrjovnxvqd2dcivslk	1	1	2	1	1	No-Go	NGW	0	1	0.458	0	0.0	0	0.6383	0.6411764390427103	-0.4624576882304115
ea0k6vqrjovnxvqd2dcivslk	1	1	8	2	1	No-Go	NGW	0	1	0.625	0	0.0	0	0.4989	0.5073815153688275	-0.7118139529407084
ea0k6vqrjovnxvqd2dcivslk	1	1	10	3	1	No-Go	NGW	0	1	0.642	0	0.0	0	0.3974	0.396595486824333	-0.9853708494165005
ea0k6vqrjovnxvqd2dcivslk	1	1	16	4	1	No-Go	NGW	0	0		1	1.0	0	0.3146	0.6879692523737423	-0.3934292529747254
ea0k6vqrjovnxvqd2dcivslk	1	1	18	5	1	No-Go	NGW	0	1	0.971	0	0.0	0	0.4399	0.4382020037894121	-0.8667934095471487
ea0k6vqrjovnxvqd2dcivslk	1	1	23	6	1	No-Go	NGW	0	1	0.78	0	0.0	0	0.3605	0.36227925963013957	-1.0708837190844158
ea0k6vqrjovnxvqd2dcivslk	1	1	27	7	1	No-Go	NGW	0	1	0.558	0	1.0	1	0.3091	0.3024819197076865	-1.2643981832455689
ea0k6vqrjovnxvqd2dcivslk	1	1	31	8	1	No-Go	NGW	0	1	0.688	0	0.0	0	0.7268	0.7255742580826896	-0.3664942048425318
ea0k6vqrjovnxvqd2dcivslk	1	1	34	9	1	No-Go	NGW	0	0		1	0.0	1	0.6176	0.380625466527925	-1.140312794997971
ea0k6vqrjovnxvqd2dcivslk	1	1	39	10	1	No-Go	NGW	0	1	0.664	0	0.0	0	0.4657	0.46829471673741935	-0.8175538631152358
ea0k6vqrjovnxvqd2dcivslk	1	1	41	11	1	No-Go	NGW	0	1	0.713	0	1.0	1	0.3511	0.35244944188150773	-1.100334711979643
ea0k6vqrjovnxvqd2dcivslk	1	1	47	12	1	No-Go	NGW	0	1	0.647	0	0.0	0	0.6969	0.6979914128786273	-0.42849373127893464
ea0k6vqrjovnxvqd2dcivslk	1	1	50	13	1	No-Go	NGW	0	0		1	0.0	1	0.5644	0.4362307552818057	-0.9457703709968144
ea0k6vqrjovnxvqd2dcivslk	1	1	56	14	1	No-Go	NGW	0	1	0.955	0	0.0	0	0.4346	0.4378257557047422	-0.9251761134960228
ea0k6vqrjovnxvqd2dcivslk	1	1	57	15	1	No-Go	NGW	0	0		1	0.0	1	0.3091	0.6868807545564012	-0.40058102036050325
ea0k6vqrjovnxvqd2dcivslk	1	1	63	16	1	No-Go	NGW	0	0		1	0.0	1	0.2361	0.7702229223631825	-0.27578790244649215
ea0k6vqrjovnxvqd2dcivslk	1	1	68	17	1	No-Go	NGW	0	0		1	1.0	0	0.1752	0.8271783755162613	-0.1985997073994728
ea0k6vqrjovnxvqd2dcivslk	1	1	72	18	1	No-Go	NGW	0	1	0.399	0	0.0	0	0.3175	0.31254927562276286	-1.2926806512943407
ea0k6vqrjovnxvqd2dcivslk	1	1	75	19	1	No-Go	NGW	0	0		1	0.0	1	0.2232	0.7761116688282984	-0.2630021789696673
ea0k6vqrjovnxvqd2dcivslk	1	1	79	20	1	No-Go	NGW	0	0		1	0.0	1	0.1483	0.8454209849415871	-0.17317305179298004
ea0k6vqrjovnxvqd2dcivslk	1	1	82	21	1	No-Go	NGW	0	0		1	0.0	1	0.1053	0.8878627591710536	-0.12216134108897309
ea0k6vqrjovnxvqd2dcivslk	1	1	86	22	1	No-Go	NGW	0	0		1	1.0	0	0.0839	0.9152003259666548	-0.09065258525676434
ea0k6vqrjovnxvqd2dcivslk	1	1	89	23	1	No-Go	NGW	0	0		1	0.0	1	0.1741	0.8238376836354808	-0.20125266508482595
ea0k6vqrjovnxvqd2dcivslk	1	1	93	24	1	No-Go	NGW	0	0		1	0.0	1	0.1192	0.8781895914669884	-0.13336270602297245
ea0k6vqrjovnxvqd2dcivslk	1	1	100	25	1	No-Go	NGW	0	0		1	0.0	1	0.0908	0.9106346373001332	-0.09567936785529005
ea0k6vqrjovnxvqd2dcivslk	1	1	104	26	1	No-Go	NGW	0	0		1	0.0	1	0.072	0.9313138548065315	-0.07249718051222216
ea0k6vqrjovnxvqd2dcivslk	1	1	106	27	1	No-Go	NGW	0	0		1	0.0	1	0.0588	0.9451731265438607	-0.05730377461342501
ea0k6vqrjovnxvqd2dcivslk	1	1	110	28	1	No-Go	NGW	0	0		1	1.0	0	0.042	0.9548193766514911	-0.046894372673637594
ea0k6vqrjovnxvqd2dcivslk	1	1	115	29	1	No-Go	NGW	0	0		1	0.0	1	0.1178	0.8882512059756247	-0.12347425017545764
ea0k6vqrjovnxvqd2dcivslk	1	1	117	30	1	No-Go	NGW	0	0		1	0.0	1	0.0812	0.9205712761347861	-0.08488274570903385
ea0k6vqrjovnxvqd2dcivslk	1	1	1	1	0	Go	GAL	1	1	0.501	1	0.0	1	0.6294	0.625550743412263	-0.4777431999582322
ea0k6vqrjovnxvqd2dcivslk	1	1	5	2	0	Go	GAL	1	1	0.81	1	0.0	1	0.7386	0.7422441788288747	-0.30651437421497024
ea0k6vqrjovnxvqd2dcivslk	1	1	12	3	0	Go	GAL	1	0		0	0.0	0	0.8167	0.1832861000246417	-1.8319400092116824
ea0k6vqrjovnxvqd2dcivslk	1	1	14	4	0	Go	GAL	1	1	0.53	1	1.0	0	0.8443	0.8436866725100083	-0.17528531073775383
ea0k6vqrjovnxvqd2dcivslk	1	1	19	5	0	Go	GAL	1	0		0	0.0	0	0.7319	0.26853694563694946	-1.3490524567955309
ea0k6vqrjovnxvqd2dcivslk	1	1	22	6	0	Go	GAL	1	1	0.649	1	0.0	1	0.764	0.7656640100106485	-0.27195165029336354
ea0k6vqrjovnxvqd2dcivslk	1	1	26	7	0	Go	GAL	1	1	0.773	1	0.0	1	0.8406	0.8429802133533018	-0.17482115651382196
ea0k6vqrjovnxvqd2dcivslk	1	1	29	8	0	Go	GAL	1	1	0.903	1	0.0	1	0.8856	0.889114385767394	-0.1203408082152782
ea0k6vqrjovnxvqd2dcivslk	1	1	35	9	0	Go	GAL	1	1	0.577	1	1.0	0	0.9194	0.918359279665576	-0.08699126087323869
ea0k6vqrjovnxvqd2dcivslk	1	1	40	10	0	Go	GAL	1	0		0	0.0	0	0.8457	0.1583879288800317	-1.918438087511263
ea0k6vqrjovnxvqd2dcivslk	1	1	43	11	0	Go	GAL	1	1	0.845	1	0.0	1	0.8611	0.8618301798918917	-0.15129441044130434
ea0k6vqrjovnxvqd2dcivslk	1	1	45	12	0	Go	GAL	1	1	0.6	1	0.0	1	0.9038	0.9060360433378438	-0.10033158050388562
ea0k6vqrjovnxvqd2dcivslk	1	1	52	13	0	Go	GAL	1	1	0.823	1	1.0	0	0.9268	0.9321200700671756	-0.0713925629410354
ea0k6vqrjovnxvqd2dcivslk	1	1	53	14	0	Go	GAL	1	0		0	0.0	0	0.8636	0.13568341579828905	-2.1191209476887307
ea0k6vqrjovnxvqd2dcivslk	1	1	60	15	0	Go	GAL	1	1	0.513	1	0.0	1	0.8721	0.8803885657028684	-0.13002347540557727
ea0k6vqrjovnxvqd2dcivslk	1	1	61	16	0	Go	GAL	1	1	0.374	1	0.0	1	0.9208	0.9202909703918287	-0.08440327399015425
ea0k6vqrjovnxvqd2dcivslk	1	1	67	17	0	Go	GAL	1	1	0.713	1	0.0	1	0.9456	0.9429876830889657	-0.059535188751911425
ea0k6vqrjovnxvqd2dcivslk	1	1	70	18	0	Go	GAL	1	1	1.133	1	1.0	0	0.9582	0.9571175338120059	-0.044368871789056
ea0k6vqrjovnxvqd2dcivslk	1	1	73	19	0	Go	GAL	1	1	0.873	1	0.0	1	0.9048	0.907399620486236	-0.09906438986440537
ea0k6vqrjovnxvqd2dcivslk	1	1	80	20	0	Go	GAL	1	1	0.387	1	0.0	1	0.9354	0.9372125341080084	-0.06573422844606339
ea0k6vqrjovnxvqd2dcivslk	1	1	81	21	0	Go	GAL	1	1	1.199	1	0.0	1	0.9524	0.9542444042363258	-0.047375413141630074
ea0k6vqrjovnxvqd2dcivslk	1	1	87	22	0	Go	GAL	1	1	0.383	1	1.0	0	0.9649	0.9649238739187908	-0.03606074525177826
ea0k6vqrjovnxvqd2dcivslk	1	1	92	23	0	Go	GAL	1	1	0.675	1	0.0	1	0.9189	0.9200032373839715	-0.08514933844070682
ea0k6vqrjovnxvqd2dcivslk	1	1	94	24	0	Go	GAL	1	1	0.671	1	0.0	1	0.9454	0.9456019324912223	-0.0566869379467872
ea0k6vqrjovnxvqd2dcivslk	1	1	99	25	0	Go	GAL	1	1	0.929	1	0.0	1	0.9565	0.9600680854516972	-0.041189779923060305
ea0k6vqrjovnxvqd2dcivslk	1	1	103	26	0	Go	GAL	1	0		0	0.0	0	0.9682	0.03090586215847988	-3.809794481202262
ea0k6vqrjovnxvqd2dcivslk	1	1	108	27	0	Go	GAL	1	1	0.793	1	0.0	1	0.9695	0.9725929328174964	-0.02805834795785778
ea0k6vqrjovnxvqd2dcivslk	1	1	112	28	0	Go	GAL	1	1	0.391	1	0.0	1	0.9765	0.9779207309874706	-0.02251365340653912
ea0k6vqrjovnxvqd2dcivslk	1	1	114	29	0	Go	GAL	1	1	0.549	1	1.0	0	0.9822	0.9816309086957925	-0.01867730745133368
ea0k6vqrjovnxvqd2dcivslk	1	1	119	30	0	Go	GAL	1	1	0.557	1	0.0	1	0.9526	0.9525185935298736	-0.04967553674484254
ea0k6vqrjovnxvqd2dcivslk	1	1	4	1	0	No-Go	NGAL	0	1	0.693	0	0.0	0	0.6243	0.625550743412263	-0.4777431999582322
ea0k6vqrjovnxvqd2dcivslk	1	1	7	2	0	No-Go	NGAL	0	0		1	0.0	1	0.4989	0.5115575702308292	-0.6851379602629816
ea0k6vqrjovnxvqd2dcivslk	1	1	9	3	0	No-Go	NGAL	0	0		1	1.0	0	0.3524	0.6443774884074036	-0.45500052848549205
ea0k6vqrjovnxvqd2dcivslk	1	1	13	4	0	No-Go	NGAL	0	1	0.988	0	0.0	0	0.4061	0.4103158692072998	-0.9236993022472072
ea0k6vqrjovnxvqd2dcivslk	1	1	17	5	0	No-Go	NGAL	0	0		1	0.0	1	0.3087	0.6921446237049446	-0.3809201764243628
ea0k6vqrjovnxvqd2dcivslk	1	1	21	6	0	No-Go	NGAL	0	0		1	0.0	1	0.2142	0.7823344238796223	-0.2562519431725783
ea0k6vqrjovnxvqd2dcivslk	1	1	28	7	0	No-Go	NGAL	0	1	1.173	0	0.0	0	0.1631	0.15913420706657752	-2.0753396291165656
ea0k6vqrjovnxvqd2dcivslk	1	1	30	8	0	No-Go	NGAL	0	0		1	0.0	1	0.1192	0.8829759189626022	-0.1292765683521581
ea0k6vqrjovnxvqd2dcivslk	1	1	33	9	0	No-Go	NGAL	0	0		1	0.0	1	0.0851	0.9127787129175944	-0.09429676903490858
ea0k6vqrjovnxvqd2dcivslk	1	1	38	10	0	No-Go	NGAL	0	1	0.777	0	1.0	1	0.0683	0.06691929228262357	-3.0803725323090685
ea0k6vqrjovnxvqd2dcivslk	1	1	42	11	0	No-Go	NGAL	0	1	0.618	0	0.0	0	0.1265	0.12510904464841743	-2.196446900106079
ea0k6vqrjovnxvqd2dcivslk	1	1	48	12	0	No-Go	NGAL	0	0		1	0.0	1	0.085	0.9158287147433716	-0.08964946646089508
ea0k6vqrjovnxvqd2dcivslk	1	1	49	13	0	No-Go	NGAL	0	0		1	0.0	1	0.0616	0.9332128428912146	-0.07023521141159052
ea0k6vqrjovnxvqd2dcivslk	1	1	55	14	0	No-Go	NGAL	0	0		1	1.0	0	0.0552	0.9455958765306328	-0.0566788416278644
ea0k6vqrjovnxvqd2dcivslk	1	1	58	15	0	No-Go	NGAL	0	1	0.519	0	0.0	0	0.0694	0.07332727416463167	-2.788853224411227
ea0k6vqrjovnxvqd2dcivslk	1	1	64	16	0	No-Go	NGAL	0	0		1	0.0	1	0.0512	0.9483870236892302	-0.05365999012059554
ea0k6vqrjovnxvqd2dcivslk	1	1	66	17	0	No-Go	NGAL	0	0		1	0.0	1	0.0411	0.9593352916540716	-0.04193906035226228
ea0k6vqrjovnxvqd2dcivslk	1	1	71	18	0	No-Go	NGAL	0	1	0.631	0	1.0	1	0.0363	0.03317779297022726	-3.648699349450945
ea0k6vqrjovnxvqd2dcivslk	1	1	76	19	0	No-Go	NGAL	0	0		1	0.0	1	0.0723	0.9293875137003531	-0.0746910376318769
ea0k6vqrjovnxvqd2dcivslk	1	1	78	20	0	No-Go	NGAL	0	0		1	0.0	1	0.0586	0.9396858056387729	-0.06344685739927401
ea0k6vqrjovnxvqd2dcivslk	1	1	83	21	0	No-Go	NGAL	0	0		1	0.0	1	0.0576	0.9471315227887522	-0.05545134759358398
ea0k6vqrjovnxvqd2dcivslk	1	1	88	22	0	No-Go	NGAL	0	0		1	0.0	1	0.0516	0.9526387120340726	-0.04960751669473897
ea0k6vqrjovnxvqd2dcivslk	1	1	90	23	0	No-Go	NGAL	0	0		1	0.0	1	0.0424	0.9567876400148502	-0.045245163645962934
ea0k6vqrjovnxvqd2dcivslk	1	1	95	24	0	No-Go	NGAL	0	0		1	1.0	0	0.0422	0.9599618881216191	-0.041932115487431046
ea0k6vqrjovnxvqd2dcivslk	1	1	97	25	0	No-Go	NGAL	0	0		1	0.0	1	0.0648	0.9400174799690847	-0.06590901064342436
ea0k6vqrjovnxvqd2dcivslk	1	1	101	26	0	No-Go	NGAL	0	0		1	0.0	1	0.0487	0.9490859312272034	-0.05452088009887373
ea0k6vqrjovnxvqd2dcivslk	1	1	105	27	0	No-Go	NGAL	0	0		1	0.0	1	0.043	0.9550389704732263	-0.04768965435574774
ea0k6vqrjovnxvqd2dcivslk	1	1	109	28	0	No-Go	NGAL	0	0		1	0.0	1	0.0379	0.9591646624281454	-0.0431310625258023
ea0k6vqrjovnxvqd2dcivslk	1	1	113	29	0	No-Go	NGAL	0	0		1	1.0	0	0.0358	0.9621421925312523	-0.0399090206487159
ea0k6vqrjovnxvqd2dcivslk	1	1	120	30	0	No-Go	NGAL	0	0		1	0.0	1	0.0577	0.9421673468069064	-0.0646477338511594
fiwsf4ul3d58zfz1akws3jpo	1	1	3	1	0	Go	GAL	1	0		0	0.0	0	0.6668	0.34211049696180296	-1.091496362555114
fiwsf4ul3d58zfz1akws3jpo	1	1	6	2	0	Go	GAL	1	1	0.65	1	1.0	0	0.6767	0.6723150271672329	-0.40136132004937414
fiwsf4ul3d58zfz1akws3jpo	1	1	10	3	0	Go	GAL	1	1	0.898	1	0.0	1	0.6246	0.6191828660498608	-0.48394479573479704
fiwsf4ul3d58zfz1akws3jpo	1	1	13	4	0	Go	GAL	1	0		0	0.0	0	0.6926	0.3150848302476148	-1.1795655735625847
fiwsf4ul3d58zfz1akws3jpo	1	1	20	5	0	Go	GAL	1	1	1.091	1	0.0	1	0.6939	0.6967085165749014	-0.36648630799303167
fiwsf4ul3d58zfz1akws3jpo	1	1	22	6	0	Go	GAL	1	1	1.389	1	1.0	0	0.7359	0.738586931813633	-0.3087627306215858
fiwsf4ul3d58zfz1akws3jpo	1	1	25	7	0	Go	GAL	1	0		0	0.0	0	0.6758	0.3220912063037279	-1.150452431256171
fiwsf4ul3d58zfz1akws3jpo	1	1	29	8	0	Go	GAL	1	0		0	0.0	0	0.6909	0.31134003200672733	-1.1873751174911422
fiwsf4ul3d58zfz1akws3jpo	1	1	34	9	0	Go	GAL	1	0		0	0.0	0	0.7043	0.3018465281271447	-1.2222859235894188
fiwsf4ul3d58zfz1akws3jpo	1	1	37	10	0	Go	GAL	1	1	0.587	1	0.0	1	0.7063	0.706643191809774	-0.35190968735283334
fiwsf4ul3d58zfz1akws3jpo	1	1	43	11	0	Go	GAL	1	1	0.787	1	1.0	0	0.7542	0.753071184179766	-0.288758725927563
fiwsf4ul3d58zfz1akws3jpo	1	1	46	12	0	Go	GAL	1	0		0	0.0	0	0.6964	0.30198627244258663	-1.2238315201684735
fiwsf4ul3d58zfz1akws3jpo	1	1	51	13	0	Go	GAL	1	0		0	0.0	0	0.7057	0.29417890764215715	-1.2552377162147537
fiwsf4ul3d58zfz1akws3jpo	1	1	55	14	0	Go	GAL	1	1	0.894	1	0.0	1	0.7008	0.7129200530367958	-0.3437558848965636
fiwsf4ul3d58zfz1akws3jpo	1	1	60	15	0	Go	GAL	1	1	0.988	1	0.0	1	0.764	0.7609319878862988	-0.278596362244676
fiwsf4ul3d58zfz1akws3jpo	1	1	61	16	0	Go	GAL	1	0		0	0.0	0	0.7856	0.20790716292835773	-1.6540133053947357
fiwsf4ul3d58zfz1akws3jpo	1	1	68	17	0	Go	GAL	1	1	1.094	1	0.0	1	0.8049	0.7972309579497217	-0.23182227274550382
fiwsf4ul3d58zfz1akws3jpo	1	1	70	18	0	Go	GAL	1	0		0	1.0	1	0.8175	0.18152707932283196	-1.8108831690871825
fiwsf4ul3d58zfz1akws3jpo	1	1	75	19	0	Go	GAL	1	1	0.992	1	0.0	1	0.7688	0.7713047294363644	-0.26360953052341696
fiwsf4ul3d58zfz1akws3jpo	1	1	77	20	0	Go	GAL	1	1	1.205	1	0.0	1	0.7909	0.789970780712008	-0.23930380817828448
fiwsf4ul3d58zfz1akws3jpo	1	1	84	21	0	Go	GAL	1	1	0.504	1	0.0	1	0.7976	0.8040109608344546	-0.22135368750406334
fiwsf4ul3d58zfz1akws3jpo	1	1	88	22	0	Go	GAL	1	1	0.898	1	0.0	1	0.8202	0.8148733358308132	-0.20767472398577644
fiwsf4ul3d58zfz1akws3jpo	1	1	89	23	0	Go	GAL	1	1	0.918	1	1.0	0	0.8178	0.8234731914626716	-0.1969906226503736
fiwsf4ul3d58zfz1akws3jpo	1	1	93	24	0	Go	GAL	1	1	1.174	1	0.0	1	0.7566	0.7536227612016663	-0.2898293731750456
fiwsf4ul3d58zfz1akws3jpo	1	1	99	25	0	Go	GAL	1	1	1.079	1	0.0	1	0.7807	0.783305261178368	-0.24834420286415254
fiwsf4ul3d58zfz1akws3jpo	1	1	101	26	0	Go	GAL	1	0		0	0.0	0	0.8077	0.1972032421477615	-1.6973574194648264
fiwsf4ul3d58zfz1akws3jpo	1	1	107	27	0	Go	GAL	1	1	0.489	1	0.0	1	0.8133	0.8112878592174144	-0.21256706682000676
fiwsf4ul3d58zfz1akws3jpo	1	1	111	28	0	Go	GAL	1	1	0.732	1	0.0	1	0.8286	0.8244057064356873	-0.1962253089074686
fiwsf4ul3d58zfz1akws3jpo	1	1	115	29	0	Go	GAL	1	0		0	0.0	0	0.8329	0.16595409962744326	-1.8970369283596678
fiwsf4ul3d58zfz1akws3jpo	1	1	119	30	0	Go	GAL	1	1	1.027	1	1.0	0	0.8395	0.8402878424888297	-0.17707334462907387
fiwsf4ul3d58zfz1akws3jpo	1	1	2	1	0	No-Go	NGAL	0	0		1	0.0	1	0.6604	0.34211049696180296	-1.091496362555114
fiwsf4ul3d58zfz1akws3jpo	1	1	5	2	0	No-Go	NGAL	0	1	0.772	0	0.0	0	0.6016	0.6037057830090877	-0.5111446002409327
fiwsf4ul3d58zfz1akws3jpo	1	1	9	3	0	No-Go	NGAL	0	1	0.802	0	0.0	0	0.5434	0.5466612991821348	-0.6163348637613354
fiwsf4ul3d58zfz1akws3jpo	1	1	14	4	0	No-Go	NGAL	0	1	0.996	0	0.0	0	0.5009	0.5036381689328144	-0.7041944486706913
fiwsf4ul3d58zfz1akws3jpo	1	1	18	5	0	No-Go	NGAL	0	0		1	1.0	0	0.4736	0.5292417498072893	-0.6520113401441684
fiwsf4ul3d58zfz1akws3jpo	1	1	24	6	0	No-Go	NGAL	0	0		1	1.0	0	0.4874	0.5095473649796115	-0.686885653696195
fiwsf4ul3d58zfz1akws3jpo	1	1	26	7	0	No-Go	NGAL	0	1	1.107	0	0.0	0	0.5064	0.5077984538309877	-0.689609081557673
fiwsf4ul3d58zfz1akws3jpo	1	1	31	8	0	No-Go	NGAL	0	1	0.967	0	0.0	0	0.4787	0.48184115358517454	-0.7436620268252155
fiwsf4ul3d58zfz1akws3jpo	1	1	36	9	0	No-Go	NGAL	0	1	0.677	0	0.0	0	0.4633	0.46106762513255406	-0.7886550271732393
fiwsf4ul3d58zfz1akws3jpo	1	1	40	10	0	No-Go	NGAL	0	0		1	0.0	1	0.4426	0.5558702511770849	-0.5967422227115493
fiwsf4ul3d58zfz1akws3jpo	1	1	44	11	0	No-Go	NGAL	0	0		1	0.0	1	0.3904	0.6070380007944509	-0.5096428687548015
fiwsf4ul3d58zfz1akws3jpo	1	1	48	12	0	No-Go	NGAL	0	1	0.95	0	0.0	0	0.3465	0.3567396299302778	-1.0668652541793944
fiwsf4ul3d58zfz1akws3jpo	1	1	52	13	0	No-Go	NGAL	0	0		1	0.0	1	0.3473	0.656342108668764	-0.43055469723414297
fiwsf4ul3d58zfz1akws3jpo	1	1	54	14	0	No-Go	NGAL	0	0		1	0.0	1	0.3105	0.6825349344531534	-0.39105032048678867
fiwsf4ul3d58zfz1akws3jpo	1	1	58	15	0	No-Go	NGAL	0	0		1	1.0	0	0.2929	0.7024505390807092	-0.361587367555795
fiwsf4ul3d58zfz1akws3jpo	1	1	64	16	0	No-Go	NGAL	0	1	1.088	0	0.0	0	0.3236	0.31868401383849987	-1.1820563351295168
fiwsf4ul3d58zfz1akws3jpo	1	1	65	17	0	No-Go	NGAL	0	0		1	0.0	1	0.3074	0.6917650400141633	-0.3761332066901824
fiwsf4ul3d58zfz1akws3jpo	1	1	72	18	0	No-Go	NGAL	0	1	0.818	0	0.0	0	0.2854	0.2865107027114729	-1.2927817056617268
fiwsf4ul3d58zfz1akws3jpo	1	1	76	19	0	No-Go	NGAL	0	1	1.257	0	0.0	0	0.2768	0.2780106643397798	-1.3230344562324945
fiwsf4ul3d58zfz1akws3jpo	1	1	78	20	0	No-Go	NGAL	0	0		1	1.0	0	0.2708	0.7292689882619552	-0.3216382798073917
fiwsf4ul3d58zfz1akws3jpo	1	1	83	21	0	No-Go	NGAL	0	1	1.388	0	0.0	0	0.2841	0.2905931957179447	-1.280932202803991
fiwsf4ul3d58zfz1akws3jpo	1	1	85	22	0	No-Go	NGAL	0	0		1	0.0	1	0.2877	0.7159182945426869	-0.3417409994418433
fiwsf4ul3d58zfz1akws3jpo	1	1	91	23	0	No-Go	NGAL	0	0		1	0.0	1	0.2666	0.737418117875013	-0.31050079555862514
fiwsf4ul3d58zfz1akws3jpo	1	1	95	24	0	No-Go	NGAL	0	1	1.144	0	1.0	1	0.2476	0.24718603957631208	-1.448641341044793
fiwsf4ul3d58zfz1akws3jpo	1	1	97	25	0	No-Go	NGAL	0	1	1.032	0	0.0	0	0.3365	0.3373299357471817	-1.1386668086424372
fiwsf4ul3d58zfz1akws3jpo	1	1	104	26	0	No-Go	NGAL	0	1	1.079	0	1.0	1	0.3119	0.30498542727960604	-1.232627764432608
fiwsf4ul3d58zfz1akws3jpo	1	1	106	27	0	No-Go	NGAL	0	0		1	0.0	1	0.3882	0.6131515304338049	-0.5105513066726701
fiwsf4ul3d58zfz1akws3jpo	1	1	109	28	0	No-Go	NGAL	0	1	0.883	0	0.0	0	0.3697	0.3722062806198792	-1.0509914730313203
fiwsf4ul3d58zfz1akws3jpo	1	1	114	29	0	No-Go	NGAL	0	0		1	0.0	1	0.3238	0.673728374302594	-0.4056355711441294
fiwsf4ul3d58zfz1akws3jpo	1	1	120	30	0	No-Go	NGAL	0	1	1.18	0	0.0	0	0.3163	0.31536673931119397	-1.2120524792986864
fiwsf4ul3d58zfz1akws3jpo	1	1	1	1	1	Go	GW	1	0		0	1.0	1	0.5499	0.44567564664283416	-0.8294656717199882
fiwsf4ul3d58zfz1akws3jpo	1	1	8	2	1	Go	GW	1	0		0	0.0	0	0.5001	0.5034623377850878	-0.7028865538854975
fiwsf4ul3d58zfz1akws3jpo	1	1	11	3	1	Go	GW	1	1	0.99	1	0.0	1	0.576	0.5687828559142899	-0.5803178271073268
fiwsf4ul3d58zfz1akws3jpo	1	1	16	4	1	Go	GW	1	1	0.57	1	0.0	1	0.7066	0.7051726260162532	-0.3601095261527641
fiwsf4ul3d58zfz1akws3jpo	1	1	19	5	1	Go	GW	1	1	0.589	1	0.0	1	0.7502	0.7483570666491776	-0.29821154131324923
fiwsf4ul3d58zfz1akws3jpo	1	1	21	6	1	Go	GW	1	1	0.522	1	0.0	1	0.7719	0.7681248035147501	-0.27023716727485614
fiwsf4ul3d58zfz1akws3jpo	1	1	27	7	1	Go	GW	1	1	0.842	1	0.0	1	0.7799	0.7795025979987541	-0.2542401336295844
fiwsf4ul3d58zfz1akws3jpo	1	1	30	8	1	Go	GW	1	1	0.68	1	0.0	1	0.7886	0.7871287608326256	-0.24367231595220598
fiwsf4ul3d58zfz1akws3jpo	1	1	35	9	1	Go	GW	1	1	0.584	1	0.0	1	0.7914	0.7927804471526244	-0.2360192337003659
fiwsf4ul3d58zfz1akws3jpo	1	1	39	10	1	Go	GW	1	1	0.564	1	1.0	0	0.8015	0.7972496233837407	-0.23013736131150223
fiwsf4ul3d58zfz1akws3jpo	1	1	42	11	1	Go	GW	1	0		0	0.0	0	0.7147	0.285257883526967	-1.3063882179455641
fiwsf4ul3d58zfz1akws3jpo	1	1	45	12	1	Go	GW	1	0		0	0.0	0	0.7505	0.24339405140270365	-1.4635734761950092
fiwsf4ul3d58zfz1akws3jpo	1	1	49	13	1	Go	GW	1	1	1.365	1	1.0	0	0.7842	0.7848361576351021	-0.2462300989745588
fiwsf4ul3d58zfz1akws3jpo	1	1	56	14	1	Go	GW	1	0		0	0.0	0	0.7245	0.27656365707187	-1.3395644491168661
fiwsf4ul3d58zfz1akws3jpo	1	1	57	15	1	Go	GW	1	1	0.731	1	0.0	1	0.7513	0.7473305878525331	-0.29752236484594013
fiwsf4ul3d58zfz1akws3jpo	1	1	63	16	1	Go	GW	1	1	0.991	1	0.0	1	0.8264	0.8303756764411597	-0.18877638341771766
fiwsf4ul3d58zfz1akws3jpo	1	1	67	17	1	Go	GW	1	1	0.869	1	0.0	1	0.8559	0.8520103139406152	-0.16273931180267884
fiwsf4ul3d58zfz1akws3jpo	1	1	69	18	1	Go	GW	1	1	0.863	1	1.0	0	0.8628	0.8612969712728009	-0.1516694481595362
fiwsf4ul3d58zfz1akws3jpo	1	1	73	19	1	Go	GW	1	1	1.328	1	0.0	1	0.7992	0.8014870271735541	-0.22491573625104347
fiwsf4ul3d58zfz1akws3jpo	1	1	80	20	1	Go	GW	1	1	0.632	1	0.0	1	0.8414	0.8472513262719782	-0.168285208086764
fiwsf4ul3d58zfz1akws3jpo	1	1	82	21	1	Go	GW	1	1	0.617	1	0.0	1	0.8654	0.8608805553258577	-0.15211751141953178
fiwsf4ul3d58zfz1akws3jpo	1	1	87	22	1	Go	GW	1	1	0.394	1	0.0	1	0.8659	0.867227978576277	-0.14466420348862163
fiwsf4ul3d58zfz1akws3jpo	1	1	90	23	1	Go	GW	1	1	0.89	1	0.0	1	0.8659	0.8710026649286526	-0.14028034900486608
fiwsf4ul3d58zfz1akws3jpo	1	1	94	24	1	Go	GW	1	1	0.773	1	1.0	0	0.8687	0.8736167106883189	-0.13728513067847492
fiwsf4ul3d58zfz1akws3jpo	1	1	100	25	1	Go	GW	1	0		0	0.0	0	0.8073	0.18526537664012463	-1.8025380185441344
fiwsf4ul3d58zfz1akws3jpo	1	1	102	26	1	Go	GW	1	1	0.972	1	0.0	1	0.8223	0.8286438202063652	-0.19207533844751898
fiwsf4ul3d58zfz1akws3jpo	1	1	108	27	1	Go	GW	1	0		0	0.0	0	0.871	0.13185590141655373	-2.142627627863316
fiwsf4ul3d58zfz1akws3jpo	1	1	112	28	1	Go	GW	1	1	1.327	1	0.0	1	0.8763	0.8767118955540851	-0.1336525949013405
fiwsf4ul3d58zfz1akws3jpo	1	1	116	29	1	Go	GW	1	1	1.237	1	0.0	1	0.8845	0.8869862466631686	-0.12181035389433427
fiwsf4ul3d58zfz1akws3jpo	1	1	118	30	1	Go	GW	1	1	0.999	1	1.0	0	0.8921	0.8914249794926445	-0.11678678510284618
fiwsf4ul3d58zfz1akws3jpo	1	1	4	1	1	No-Go	NGW	0	1	0.784	0	0.0	0	0.5613	0.5543243533571658	-0.604809382140678
fiwsf4ul3d58zfz1akws3jpo	1	1	7	2	1	No-Go	NGW	0	0		1	0.0	1	0.4939	0.5034623377850878	-0.7028865538854975
fiwsf4ul3d58zfz1akws3jpo	1	1	12	3	1	No-Go	NGW	0	1	0.759	0	1.0	1	0.4447	0.43901445773254016	-0.8489654253493245
fiwsf4ul3d58zfz1akws3jpo	1	1	15	4	1	No-Go	NGW	0	1	0.669	0	0.0	0	0.6138	0.6221938038964363	-0.4848706415346816
fiwsf4ul3d58zfz1akws3jpo	1	1	17	5	1	No-Go	NGW	0	1	0.802	0	0.0	0	0.5405	0.5363180991487104	-0.6356803348387243
fiwsf4ul3d58zfz1akws3jpo	1	1	23	6	1	No-Go	NGW	0	1	1.223	0	0.0	0	0.4672	0.4716867852906024	-0.7728552906963445
fiwsf4ul3d58zfz1akws3jpo	1	1	28	7	1	No-Go	NGW	0	0		1	1.0	0	0.4299	0.5761754994264052	-0.5663650962179068
fiwsf4ul3d58zfz1akws3jpo	1	1	32	8	1	No-Go	NGW	0	1	0.845	0	0.0	0	0.4946	0.49559094384034297	-0.7139145097689685
fiwsf4ul3d58zfz1akws3jpo	1	1	33	9	1	No-Go	NGW	0	0		1	0.0	1	0.4501	0.5420428106691615	-0.6229294538915444
fiwsf4ul3d58zfz1akws3jpo	1	1	38	10	1	No-Go	NGW	0	0		1	0.0	1	0.3976	0.6028439946550891	-0.5185670547208019
fiwsf4ul3d58zfz1akws3jpo	1	1	41	11	1	No-Go	NGW	0	0		1	1.0	0	0.3678	0.6451294074397185	-0.4514466954590556
fiwsf4ul3d58zfz1akws3jpo	1	1	47	12	1	No-Go	NGW	0	0		1	0.0	1	0.4265	0.5696107740430054	-0.5726319027833906
fiwsf4ul3d58zfz1akws3jpo	1	1	50	13	1	No-Go	NGW	0	1	1.037	0	0.0	0	0.3812	0.37618472179012524	-1.0087306827911522
fiwsf4ul3d58zfz1akws3jpo	1	1	53	14	1	No-Go	NGW	0	0		1	0.0	1	0.3478	0.6510969217263112	-0.43899632592257937
fiwsf4ul3d58zfz1akws3jpo	1	1	59	15	1	No-Go	NGW	0	0		1	0.0	1	0.3183	0.68729671150369	-0.3850779557352204
fiwsf4ul3d58zfz1akws3jpo	1	1	62	16	1	No-Go	NGW	0	0		1	0.0	1	0.2797	0.7134026941433768	-0.347206748662227
fiwsf4ul3d58zfz1akws3jpo	1	1	66	17	1	No-Go	NGW	0	1	1.283	0	0.0	0	0.2666	0.2669869007505213	-1.3857102353112964
fiwsf4ul3d58zfz1akws3jpo	1	1	71	18	1	No-Go	NGW	0	0		1	0.0	1	0.2488	0.7511326857359792	-0.29374694023636116
fiwsf4ul3d58zfz1akws3jpo	1	1	74	19	1	No-Go	NGW	0	0		1	1.0	0	0.2322	0.7656058035411232	-0.2738641543890616
fiwsf4ul3d58zfz1akws3jpo	1	1	79	20	1	No-Go	NGW	0	1	0.974	0	0.0	0	0.3083	0.3109744628849828	-1.2053453164050472
fiwsf4ul3d58zfz1akws3jpo	1	1	81	21	1	No-Go	NGW	0	0		1	1.0	0	0.2906	0.7051470695153833	-0.3573684884658276
fiwsf4ul3d58zfz1akws3jpo	1	1	86	22	1	No-Go	NGW	0	1	0.89	0	0.0	0	0.3643	0.35858505446002964	-1.0645092723324014
fiwsf4ul3d58zfz1akws3jpo	1	1	92	23	1	No-Go	NGW	0	0		1	0.0	1	0.3484	0.6557164440013701	-0.43641608761830997
fiwsf4ul3d58zfz1akws3jpo	1	1	96	24	1	No-Go	NGW	0	1	0.815	0	0.0	0	0.2905	0.29021350503613697	-1.277733469783321
fiwsf4ul3d58zfz1akws3jpo	1	1	98	25	1	No-Go	NGW	0	0		1	0.0	1	0.2827	0.7206574319227502	-0.33462833160703215
fiwsf4ul3d58zfz1akws3jpo	1	1	103	26	1	No-Go	NGW	0	0		1	0.0	1	0.2449	0.7549301972996482	-0.28659715916286016
fiwsf4ul3d58zfz1akws3jpo	1	1	105	27	1	No-Go	NGW	0	0		1	0.0	1	0.2231	0.7782563879831379	-0.2555783877676419
fiwsf4ul3d58zfz1akws3jpo	1	1	110	28	1	No-Go	NGW	0	1	0.644	0	1.0	1	0.2072	0.20504004693015504	-1.6518438903258357
fiwsf4ul3d58zfz1akws3jpo	1	1	113	29	1	No-Go	NGW	0	0		1	0.0	1	0.4307	0.5703330157329095	-0.6002322092057518
fiwsf4ul3d58zfz1akws3jpo	1	1	117	30	1	No-Go	NGW	0	0		1	0.0	1	0.409	0.5889251954374596	-0.5657386259750455
fiwsf4ul3d58zfz1akws3jpo	1	2	122	1	0	No-Go	NGAL	0	1	0.547	0	0.0	0	0.6612	0.657889503038197	-0.4238837023031544
fiwsf4ul3d58zfz1akws3jpo	1	2	127	2	0	No-Go	NGAL	0	0		1	0.0	1	0.5948	0.39629421699091233	-0.9402641156063409
fiwsf4ul3d58zfz1akws3jpo	1	2	130	3	0	No-Go	NGAL	0	0		1	0.0	1	0.5485	0.45333870081786515	-0.8073945517411149
fiwsf4ul3d58zfz1akws3jpo	1	2	133	4	0	No-Go	NGAL	0	0		1	0.0	1	0.5088	0.49636183106718557	-0.7171655128031145
fiwsf4ul3d58zfz1akws3jpo	1	2	140	5	0	No-Go	NGAL	0	1	1.074	0	1.0	1	0.4738	0.47075825019271067	-0.7754842922600428
fiwsf4ul3d58zfz1akws3jpo	1	2	143	6	0	No-Go	NGAL	0	1	0.859	0	1.0	1	0.5469	0.5435504474523067	-0.6179021260835416
fiwsf4ul3d58zfz1akws3jpo	1	2	147	7	0	No-Go	NGAL	0	1	0.908	0	0.0	0	0.5991	0.5960489543082494	-0.523790883146071
fiwsf4ul3d58zfz1akws3jpo	1	2	151	8	0	No-Go	NGAL	0	0		1	0.0	1	0.5229	0.47914699626236845	-0.7501436001881397
fiwsf4ul3d58zfz1akws3jpo	1	2	155	9	0	No-Go	NGAL	0	1	1.183	0	0.0	0	0.4961	0.49491685327646046	-0.7177410620081566
fiwsf4ul3d58zfz1akws3jpo	1	2	158	10	0	No-Go	NGAL	0	0		1	0.0	1	0.4462	0.5597016107197682	-0.5954461278435569
fiwsf4ul3d58zfz1akws3jpo	1	2	161	11	0	No-Go	NGAL	0	1	0.917	0	0.0	0	0.4203	0.4199127009877997	-0.8952750589212805
fiwsf4ul3d58zfz1akws3jpo	1	2	165	12	0	No-Go	NGAL	0	1	0.899	0	0.0	0	0.3851	0.38072963105471047	-1.0039693322343708
fiwsf4ul3d58zfz1akws3jpo	1	2	169	13	0	No-Go	NGAL	0	0		1	0.0	1	0.3499	0.6484764081997677	-0.4455667306419735
fiwsf4ul3d58zfz1akws3jpo	1	2	174	14	0	No-Go	NGAL	0	0		1	0.0	1	0.3332	0.6639190608477871	-0.4204842061197074
fiwsf4ul3d58zfz1akws3jpo	1	2	177	15	0	No-Go	NGAL	0	1	1.438	0	1.0	1	0.3231	0.3233817906462182	-1.1728748896590777
fiwsf4ul3d58zfz1akws3jpo	1	2	184	16	0	No-Go	NGAL	0	0		1	0.0	1	0.4019	0.5939787937254367	-0.5302600947779417
fiwsf4ul3d58zfz1akws3jpo	1	2	188	17	0	No-Go	NGAL	0	0		1	0.0	1	0.394	0.6054688104562567	-0.5113693027084472
fiwsf4ul3d58zfz1akws3jpo	1	2	189	18	0	No-Go	NGAL	0	0		1	0.0	1	0.3884	0.615211108852536	-0.4958621097836662
fiwsf4ul3d58zfz1akws3jpo	1	2	193	19	0	No-Go	NGAL	0	1	1.24	0	0.0	0	0.3787	0.37643089599993307	-1.0068713814542312
fiwsf4ul3d58zfz1akws3jpo	1	2	197	20	0	No-Go	NGAL	0	0		1	1.0	0	0.3319	0.66940482543983	-0.40900422754878635
fiwsf4ul3d58zfz1akws3jpo	1	2	204	21	0	No-Go	NGAL	0	0		1	0.0	1	0.3578	0.6439464072858816	-0.44887733581697215
fiwsf4ul3d58zfz1akws3jpo	1	2	207	22	0	No-Go	NGAL	0	1	1.114	0	0.0	0	0.3449	0.3416222679286517	-1.1031516080077652
fiwsf4ul3d58zfz1akws3jpo	1	2	210	23	0	No-Go	NGAL	0	0		1	0.0	1	0.3118	0.6907665473699188	-0.37653908663037233
fiwsf4ul3d58zfz1akws3jpo	1	2	213	24	0	No-Go	NGAL	0	0		1	1.0	0	0.3	0.7009621966907538	-0.36187035289962827
fiwsf4ul3d58zfz1akws3jpo	1	2	218	25	0	No-Go	NGAL	0	0		1	0.0	1	0.3155	0.6774992361416724	-0.3978468173431597
fiwsf4ul3d58zfz1akws3jpo	1	2	223	26	0	No-Go	NGAL	0	0		1	1.0	0	0.3051	0.6925449120538423	-0.3744164802218192
fiwsf4ul3d58zfz1akws3jpo	1	2	225	27	0	No-Go	NGAL	0	0		1	0.0	1	0.3318	0.6698097687714986	-0.4111851476673703
fiwsf4ul3d58zfz1akws3jpo	1	2	230	28	0	No-Go	NGAL	0	0		1	0.0	1	0.3129	0.6875044225054974	-0.38233094353635905
fiwsf4ul3d58zfz1akws3jpo	1	2	233	29	0	No-Go	NGAL	0	0		1	0.0	1	0.3012	0.7000234864728656	-0.3637102242771767
fiwsf4ul3d58zfz1akws3jpo	1	2	237	30	0	No-Go	NGAL	0	0		1	0.0	1	0.2895	0.7093605385539838	-0.35044827496865716
fiwsf4ul3d58zfz1akws3jpo	1	2	121	1	1	No-Go	NGW	0	1	0.821	0	0.0	0	0.5541	0.5543243533571658	-0.604809382140678
fiwsf4ul3d58zfz1akws3jpo	1	2	126	2	1	No-Go	NGW	0	1	0.712	0	0.0	0	0.4981	0.49653766221491225	-0.7173610414991176
fiwsf4ul3d58zfz1akws3jpo	1	2	129	3	1	No-Go	NGW	0	1	1.44	0	1.0	1	0.4438	0.4535986010585724	-0.8123519567605996
fiwsf4ul3d58zfz1akws3jpo	1	2	136	4	1	No-Go	NGW	0	0		1	0.0	1	0.6619	0.34246029528767824	-1.1202822961677283
fiwsf4ul3d58zfz1akws3jpo	1	2	137	5	1	No-Go	NGW	0	0		1	0.0	1	0.6083	0.3951658329223586	-0.9580498044122312
fiwsf4ul3d58zfz1akws3jpo	1	2	142	6	1	No-Go	NGW	0	0		1	0.0	1	0.5619	0.4367672786042628	-0.8510639753428946
fiwsf4ul3d58zfz1akws3jpo	1	2	146	7	1	No-Go	NGW	0	0		1	1.0	0	0.5266	0.46937354773526113	-0.7758531882776731
fiwsf4ul3d58zfz1akws3jpo	1	2	150	8	1	No-Go	NGW	0	1	1.148	0	0.0	0	0.617	0.6167726393152481	-0.5024207341158757
fiwsf4ul3d58zfz1akws3jpo	1	2	154	9	1	No-Go	NGW	0	1	1.026	0	0.0	0	0.5368	0.5355829327428231	-0.6374777864915727
fiwsf4ul3d58zfz1akws3jpo	1	2	160	10	1	No-Go	NGW	0	1	1.389	0	0.0	0	0.4738	0.4731392050112296	-0.7618357712675952
fiwsf4ul3d58zfz1akws3jpo	1	2	163	11	1	No-Go	NGW	0	0		1	1.0	0	0.4284	0.573423611328807	-0.5654319477221112
fiwsf4ul3d58zfz1akws3jpo	1	2	166	12	1	No-Go	NGW	0	1	0.891	0	0.0	0	0.4996	0.49173144268293856	-0.7228360232998537
fiwsf4ul3d58zfz1akws3jpo	1	2	170	13	1	No-Go	NGW	0	1	1.097	0	0.0	0	0.4531	0.4555198515990978	-0.801667020187374
fiwsf4ul3d58zfz1akws3jpo	1	2	176	14	1	No-Go	NGW	0	1	1.312	0	0.0	0	0.4249	0.4273440408703582	-0.8689147806183248
fiwsf4ul3d58zfz1akws3jpo	1	2	179	15	1	No-Go	NGW	0	1	1.279	0	0.0	0	0.401	0.40510193608684925	-0.9265715706651948
fiwsf4ul3d58zfz1akws3jpo	1	2	182	16	1	No-Go	NGW	0	0		1	0.0	1	0.3857	0.6127328821865972	-0.5017797561738707
fiwsf4ul3d58zfz1akws3jpo	1	2	186	17	1	No-Go	NGW	0	0		1	0.0	1	0.3272	0.6743506338102938	-0.4010778244402325
fiwsf4ul3d58zfz1akws3jpo	1	2	192	18	1	No-Go	NGW	0	0		1	0.0	1	0.2868	0.7149924023858332	-0.3421956320144446
fiwsf4ul3d58zfz1akws3jpo	1	2	194	19	1	No-Go	NGW	0	0		1	1.0	0	0.2597	0.7431461807500613	-0.3032587840293677
fiwsf4ul3d58zfz1akws3jpo	1	2	200	20	1	No-Go	NGW	0	0		1	0.0	1	0.3249	0.671741985903021	-0.4060434198307569
fiwsf4ul3d58zfz1akws3jpo	1	2	201	21	1	No-Go	NGW	0	0		1	1.0	0	0.2918	0.7157317107368671	-0.34067350743815705
fiwsf4ul3d58zfz1akws3jpo	1	2	205	22	1	No-Go	NGW	0	1	0.98	0	0.0	0	0.3481	0.35144220696805717	-1.0775842854869273
fiwsf4ul3d58zfz1akws3jpo	1	2	212	23	1	No-Go	NGW	0	0		1	0.0	1	0.3371	0.6623922315951171	-0.4222787260495877
fiwsf4ul3d58zfz1akws3jpo	1	2	214	24	1	No-Go	NGW	0	0		1	0.0	1	0.2885	0.7131580085657936	-0.34433981853202944
fiwsf4ul3d58zfz1akws3jpo	1	2	219	25	1	No-Go	NGW	0	0		1	0.0	1	0.2521	0.7466037402065565	-0.2977235290481747
fiwsf4ul3d58zfz1akws3jpo	1	2	221	26	1	No-Go	NGW	0	0		1	0.0	1	0.2192	0.7698651371597934	-0.2666185325691262
fiwsf4ul3d58zfz1akws3jpo	1	2	227	27	1	No-Go	NGW	0	0		1	0.0	1	0.2191	0.7868084131976517	-0.24448996820102076
fiwsf4ul3d58zfz1akws3jpo	1	2	229	28	1	No-Go	NGW	0	0		1	1.0	0	0.2025	0.7996103779828103	-0.22804556015993102
fiwsf4ul3d58zfz1akws3jpo	1	2	234	29	1	No-Go	NGW	0	0		1	0.0	1	0.2731	0.7281475060063339	-0.32609791783844483
fiwsf4ul3d58zfz1akws3jpo	1	2	239	30	1	No-Go	NGW	0	0		1	0.0	1	0.2401	0.7614352558437909	-0.27824838295668963
fiwsf4ul3d58zfz1akws3jpo	1	2	124	1	1	Go	GW	1	1	0.927	1	1.0	0	0.557	0.5543243533571658	-0.604809382140678
fiwsf4ul3d58zfz1akws3jpo	1	2	125	2	1	Go	GW	1	0		0	0.0	0	0.4975	0.5034623377850878	-0.7028865538854975
fiwsf4ul3d58zfz1akws3jpo	1	2	131	3	1	Go	GW	1	0		0	0.0	0	0.5579	0.44567564664283416	-0.8294656717199882
fiwsf4ul3d58zfz1akws3jpo	1	2	134	4	1	Go	GW	1	1	0.789	1	0.0	1	0.5964	0.5962413124257356	-0.5307502326430749
fiwsf4ul3d58zfz1akws3jpo	1	2	139	5	1	Go	GW	1	0		0	0.0	0	0.7544	0.24804365653662677	-1.4980732653110553
fiwsf4ul3d58zfz1akws3jpo	1	2	141	6	1	Go	GW	1	1	0.686	1	0.0	1	0.7772	0.7747246335437018	-0.26594173154893863
fiwsf4ul3d58zfz1akws3jpo	1	2	145	7	1	Go	GW	1	1	0.684	1	0.0	1	0.8132	0.8157928085188296	-0.21198731780780147
fiwsf4ul3d58zfz1akws3jpo	1	2	149	8	1	Go	GW	1	1	0.939	1	0.0	1	0.8334	0.8338803407940182	-0.18809376637214656
fiwsf4ul3d58zfz1akws3jpo	1	2	153	9	1	Go	GW	1	0		0	0.0	0	0.8404	0.15587717700956535	-1.9848157954853902
fiwsf4ul3d58zfz1akws3jpo	1	2	159	10	1	Go	GW	1	1	1.136	1	1.0	0	0.8565	0.8568746967458921	-0.15885006278503627
fiwsf4ul3d58zfz1akws3jpo	1	2	162	11	1	Go	GW	1	0		0	0.0	0	0.7995	0.20081984075204695	-1.6697083187311492
fiwsf4ul3d58zfz1akws3jpo	1	2	168	12	1	Go	GW	1	1	1.338	1	0.0	1	0.8138	0.8118991795455432	-0.21220302026346183
fiwsf4ul3d58zfz1akws3jpo	1	2	172	13	1	Go	GW	1	0		0	1.0	1	0.8546	0.14517324568360251	-2.0365694632919
fiwsf4ul3d58zfz1akws3jpo	1	2	175	14	1	Go	GW	1	1	0.708	1	0.0	1	0.81	0.800870665560107	-0.22608598795298412
fiwsf4ul3d58zfz1akws3jpo	1	2	178	15	1	Go	GW	1	1	1.069	1	0.0	1	0.8218	0.8186422194444358	-0.20363397166126063
fiwsf4ul3d58zfz1akws3jpo	1	2	181	16	1	Go	GW	1	1	0.9	1	0.0	1	0.8236	0.8271874788784377	-0.19305530610162294
fiwsf4ul3d58zfz1akws3jpo	1	2	185	17	1	Go	GW	1	1	1.361	1	0.0	1	0.8299	0.8324462905640477	-0.18665817795884118
fiwsf4ul3d58zfz1akws3jpo	1	2	191	18	1	Go	GW	1	1	0.856	1	1.0	0	0.8377	0.836191120861735	-0.18219330485317828
fiwsf4ul3d58zfz1akws3jpo	1	2	195	19	1	Go	GW	1	1	1.147	1	0.0	1	0.7674	0.7626914972835368	-0.2823352519214668
fiwsf4ul3d58zfz1akws3jpo	1	2	198	20	1	Go	GW	1	1	0.716	1	0.0	1	0.8102	0.8158491740752062	-0.2075240083828957
fiwsf4ul3d58zfz1akws3jpo	1	2	202	21	1	Go	GW	1	1	0.82	1	0.0	1	0.8297	0.8308515917577942	-0.188800216185751
fiwsf4ul3d58zfz1akws3jpo	1	2	206	22	1	Go	GW	1	1	0.864	1	0.0	1	0.8331	0.8374689967247816	-0.18086984058499178
fiwsf4ul3d58zfz1akws3jpo	1	2	211	23	1	Go	GW	1	1	0.649	1	0.0	1	0.8392	0.8412721345988025	-0.17645312370780591
fiwsf4ul3d58zfz1akws3jpo	1	2	215	24	1	Go	GW	1	1	0.587	1	1.0	0	0.843	0.8438609964208915	-0.17352830150175255
fiwsf4ul3d58zfz1akws3jpo	1	2	220	25	1	Go	GW	1	1	0.593	1	0.0	1	0.773	0.7709647974429167	-0.27353984016989474
fiwsf4ul3d58zfz1akws3jpo	1	2	224	26	1	Go	GW	1	1	0.688	1	0.0	1	0.8272	0.8230659828567876	-0.1995148463672624
fiwsf4ul3d58zfz1akws3jpo	1	2	226	27	1	Go	GW	1	1	0.557	1	0.0	1	0.8356	0.8372025924470577	-0.18180828260464577
fiwsf4ul3d58zfz1akws3jpo	1	2	231	28	1	Go	GW	1	1	0.769	1	0.0	1	0.8429	0.8430906944492784	-0.1747746044398593
fiwsf4ul3d58zfz1akws3jpo	1	2	236	29	1	Go	GW	1	0		0	0.0	0	0.8473	0.1537306777675446	-2.0592719470945
fiwsf4ul3d58zfz1akws3jpo	1	2	240	30	1	Go	GW	1	1	0.354	1	1.0	0	0.8699	0.8684866861836897	-0.14381996952523485
fiwsf4ul3d58zfz1akws3jpo	1	2	123	1	0	Go	GAL	1	1	0.845	1	0.0	1	0.6571	0.657889503038197	-0.4238837023031544
fiwsf4ul3d58zfz1akws3jpo	1	2	128	2	0	Go	GAL	1	1	0.843	1	1.0	0	0.7056	0.7074192338667021	-0.3519209769691687
fiwsf4ul3d58zfz1akws3jpo	1	2	132	3	0	Go	GAL	1	1	1.177	1	0.0	1	0.6446	0.6443568950668348	-0.44481793486312404
fiwsf4ul3d58zfz1akws3jpo	1	2	135	4	0	Go	GAL	1	0		0	0.0	0	0.6964	0.300716198212104	-1.229674922042269
fiwsf4ul3d58zfz1akws3jpo	1	2	138	5	0	Go	GAL	1	1	0.707	1	0.0	1	0.716	0.7125646967334602	-0.3436783132715004
fiwsf4ul3d58zfz1akws3jpo	1	2	144	6	0	Go	GAL	1	1	0.969	1	1.0	0	0.7517	0.7479651094440402	-0.2955634772154937
fiwsf4ul3d58zfz1akws3jpo	1	2	148	7	0	Go	GAL	1	1	0.683	1	0.0	1	0.6865	0.6838467480259612	-0.3837560744957636
fiwsf4ul3d58zfz1akws3jpo	1	2	152	8	0	Go	GAL	1	1	1.206	1	0.0	1	0.73	0.7304518900208271	-0.31827547670698797
fiwsf4ul3d58zfz1akws3jpo	1	2	156	9	0	Go	GAL	1	1	0.784	1	0.0	1	0.7597	0.7614890590127074	-0.2768598283519414
fiwsf4ul3d58zfz1akws3jpo	1	2	157	10	0	Go	GAL	1	1	0.422	1	0.0	1	0.7859	0.7834613136718629	-0.24816254804295826
fiwsf4ul3d58zfz1akws3jpo	1	2	164	11	0	Go	GAL	1	1	0.791	1	1.0	0	0.8031	0.7997509338849249	-0.22715011107960278
fiwsf4ul3d58zfz1akws3jpo	1	2	167	12	0	Go	GAL	1	1	1.319	1	0.0	1	0.7349	0.7331228823004419	-0.31363920901506476
fiwsf4ul3d58zfz1akws3jpo	1	2	171	13	0	Go	GAL	1	1	0.783	1	0.0	1	0.7609	0.7674970562128037	-0.26745469322642523
fiwsf4ul3d58zfz1akws3jpo	1	2	173	14	0	Go	GAL	1	1	0.963	1	0.0	1	0.7892	0.7904324843594376	-0.23796568655259592
fiwsf4ul3d58zfz1akws3jpo	1	2	180	15	0	Go	GAL	1	1	0.747	1	0.0	1	0.7962	0.8067712208441581	-0.21733886364912955
fiwsf4ul3d58zfz1akws3jpo	1	2	183	16	0	Go	GAL	1	1	0.63	1	0.0	1	0.8267	0.8189677000695599	-0.2021126137306866
fiwsf4ul3d58zfz1akws3jpo	1	2	187	17	0	Go	GAL	1	1	0.721	1	0.0	1	0.828	0.8283959871859086	-0.19044955699597158
fiwsf4ul3d58zfz1akws3jpo	1	2	190	18	0	Go	GAL	1	1	0.62	1	1.0	0	0.8324	0.8358860446483901	-0.1812661438867207
fiwsf4ul3d58zfz1akws3jpo	1	2	196	19	0	Go	GAL	1	1	1.115	1	0.0	1	0.7701	0.7699406500803642	-0.26513109256475814
fiwsf4ul3d58zfz1akws3jpo	1	2	199	20	0	Go	GAL	1	1	0.726	1	0.0	1	0.7919	0.7972412345841317	-0.22898920762239464
fiwsf4ul3d58zfz1akws3jpo	1	2	203	21	0	Go	GAL	1	1	1.077	1	0.0	1	0.8194	0.815101360534668	-0.20655381669427858
fiwsf4ul3d58zfz1akws3jpo	1	2	208	22	0	Go	GAL	1	1	0.606	1	0.0	1	0.8295	0.8276365836478268	-0.19116195752075194
fiwsf4ul3d58zfz1akws3jpo	1	2	209	23	0	Go	GAL	1	1	0.466	1	1.0	0	0.8405	0.8368798009660804	-0.17997017819588365
fiwsf4ul3d58zfz1akws3jpo	1	2	216	24	0	Go	GAL	1	1	1.105	1	0.0	1	0.7755	0.7713832420534266	-0.2643630996967593
fiwsf4ul3d58zfz1akws3jpo	1	2	217	25	0	Go	GAL	1	0		0	0.0	0	0.8005	0.20015730743573845	-1.6612398099920274
fiwsf4ul3d58zfz1akws3jpo	1	2	222	26	0	Go	GAL	1	1	0.841	1	0.0	1	0.8113	0.8084194951257954	-0.21548203051049464
fiwsf4ul3d58zfz1akws3jpo	1	2	228	27	0	Go	GAL	1	1	0.856	1	0.0	1	0.8239	0.8260862752597466	-0.19346009162510597
fiwsf4ul3d58zfz1akws3jpo	1	2	232	28	0	Go	GAL	1	1	0.876	1	0.0	1	0.8414	0.8383217408105768	-0.1785655490817349
fiwsf4ul3d58zfz1akws3jpo	1	2	235	29	0	Go	GAL	1	1	0.675	1	0.0	1	0.8485	0.8472260788686459	-0.1678851308489066
fiwsf4ul3d58zfz1akws3jpo	1	2	238	30	0	Go	GAL	1	1	0.542	1	1.0	0	0.8567	0.8539490236522753	-0.15991206380714656
fp7csa2rz19l6t90s0ftwn8v	1	1	3	1	1	Go	GW	1	1	0.453	1	0.0	1	0.6423	0.6469906774525878	-0.4514443571101392
fp7csa2rz19l6t90s0ftwn8v	1	1	6	2	1	Go	GW	1	1	0.527	1	0.0	1	0.8966	0.8923552716929795	-0.11610463622367939
fp7csa2rz19l6t90s0ftwn8v	1	1	9	3	1	Go	GW	1	1	0.763	1	1.0	0	0.9657	0.963544325381009	-0.03775926840934937
fp7csa2rz19l6t90s0ftwn8v	1	1	15	4	1	Go	GW	1	1	0.704	1	0.0	1	0.9455	0.9498056226524068	-0.05251355269179491
fp7csa2rz19l6t90s0ftwn8v	1	1	19	5	1	Go	GW	1	1	0.599	1	0.0	1	0.9801	0.9804819028788508	-0.020015474448764618
fp7csa2rz19l6t90s0ftwn8v	1	1	22	6	1	Go	GW	1	1	0.717	1	1.0	0	0.9933	0.9910549136163392	-0.009087756865884013
fp7csa2rz19l6t90s0ftwn8v	1	1	28	7	1	Go	GW	1	1	0.656	1	0.0	1	0.9869	0.987028851630517	-0.013246089229161156
fp7csa2rz19l6t90s0ftwn8v	1	1	31	8	1	Go	GW	1	1	0.619	1	0.0	1	0.9937	0.9935915690970247	-0.0064978763162736935
fp7csa2rz19l6t90s0ftwn8v	1	1	34	9	1	Go	GW	1	1	0.482	1	0.0	1	0.9957	0.9964244149361542	-0.0036107526454528536
fp7csa2rz19l6t90s0ftwn8v	1	1	39	10	1	Go	GW	1	1	0.511	1	0.0	1	0.9981	0.9977919557469342	-0.0022242116600860043
fp7csa2rz19l6t90s0ftwn8v	1	1	42	11	1	Go	GW	1	1	0.374	1	1.0	0	0.9983	0.9985133317539461	-0.0014952074739764706
fp7csa2rz19l6t90s0ftwn8v	1	1	48	12	1	Go	GW	1	1	0.629	1	0.0	1	0.9977	0.9976544931452256	-0.002365438833654541
fp7csa2rz19l6t90s0ftwn8v	1	1	52	13	1	Go	GW	1	1	0.468	1	0.0	1	0.9984	0.9984411748618528	-0.0015689463803331778
fp7csa2rz19l6t90s0ftwn8v	1	1	56	14	1	Go	GW	1	1	0.482	1	0.0	1	0.9991	0.9988796406996138	-0.001126285298579352
fp7csa2rz19l6t90s0ftwn8v	1	1	59	15	1	Go	GW	1	1	0.509	1	0.0	1	0.9987	0.9991407901784521	-0.0008631141381309317
fp7csa2rz19l6t90s0ftwn8v	1	1	63	16	1	Go	GW	1	1	0.527	1	1.0	0	0.9991	0.9993046182438542	-0.0006982233661668541
fp7csa2rz19l6t90s0ftwn8v	1	1	65	17	1	Go	GW	1	1	0.449	1	0.0	1	0.9985	0.9988347014400941	-0.0011734271477488493
fp7csa2rz19l6t90s0ftwn8v	1	1	69	18	1	Go	GW	1	1	0.5	1	0.0	1	0.999	0.9991247355648003	-0.0008800398018802173
fp7csa2rz19l6t90s0ftwn8v	1	1	74	19	1	Go	GW	1	1	0.445	1	0.0	1	0.9995	0.9992989937585626	-0.000704270705843766
fp7csa2rz19l6t90s0ftwn8v	1	1	80	20	1	Go	GW	1	1	0.511	1	0.0	1	0.9994	0.999410332821454	-0.0005921435609726683
fp7csa2rz19l6t90s0ftwn8v	1	1	84	21	1	Go	GW	1	1	0.47	1	0.0	1	0.9995	0.9994846745473027	-0.000517352262645465
fp7csa2rz19l6t90s0ftwn8v	1	1	85	22	1	Go	GW	1	1	0.507	1	0.0	1	0.9996	0.999536020279774	-0.00046573386329056444
fp7csa2rz19l6t90s0ftwn8v	1	1	91	23	1	Go	GW	1	1	0.483	1	0.0	1	0.9993	0.999572458354217	-0.00042912279598227184
fp7csa2rz19l6t90s0ftwn8v	1	1	94	24	1	Go	GW	1	1	0.573	1	1.0	0	0.9995	0.9995989034219652	-0.00040256407544636785
fp7csa2rz19l6t90s0ftwn8v	1	1	97	25	1	Go	GW	1	1	0.541	1	0.0	1	0.9995	0.9992931075805778	-0.0007117039375483107
fp7csa2rz19l6t90s0ftwn8v	1	1	102	26	1	Go	GW	1	1	0.573	1	0.0	1	0.9994	0.9994214448449271	-0.0005816282721079792
fp7csa2rz19l6t90s0ftwn8v	1	1	107	27	1	Go	GW	1	1	0.537	1	1.0	0	0.999	0.9994997440436304	-0.0005025526774136233
fp7csa2rz19l6t90s0ftwn8v	1	1	109	28	1	Go	GW	1	1	0.523	1	0.0	1	0.999	0.9991242403734137	-0.0008832016565293757
fp7csa2rz19l6t90s0ftwn8v	1	1	113	29	1	Go	GW	1	1	0.465	1	0.0	1	0.9994	0.9993230386618268	-0.0006811007363010167
fp7csa2rz19l6t90s0ftwn8v	1	1	119	30	1	Go	GW	1	1	0.569	1	0.0	1	0.9996	0.9994376402384396	-0.0005651856114015832
fp7csa2rz19l6t90s0ftwn8v	1	1	2	1	0	No-Go	NGAL	0	1	0.629	0	1.0	1	0.5929	0.6066005918043265	-0.5057875344813236
fp7csa2rz19l6t90s0ftwn8v	1	1	7	2	0	No-Go	NGAL	0	0		1	0.0	1	0.6743	0.33022776536693754	-1.1275800806256617
fp7csa2rz19l6t90s0ftwn8v	1	1	12	3	0	No-Go	NGAL	0	0		1	0.0	1	0.6104	0.39339940819567365	-0.9471113068541404
fp7csa2rz19l6t90s0ftwn8v	1	1	16	4	0	No-Go	NGAL	0	0		1	0.0	1	0.5419	0.45835699887280634	-0.7911728423828368
fp7csa2rz19l6t90s0ftwn8v	1	1	17	5	0	No-Go	NGAL	0	0		1	0.0	1	0.481	0.5226624301106028	-0.6579943935109525
fp7csa2rz19l6t90s0ftwn8v	1	1	21	6	0	No-Go	NGAL	0	0		1	0.0	1	0.4114	0.5841402238693311	-0.5454707133670483
fp7csa2rz19l6t90s0ftwn8v	1	1	27	7	0	No-Go	NGAL	0	0		1	0.0	1	0.3555	0.6411396555200956	-0.45128661421391575
fp7csa2rz19l6t90s0ftwn8v	1	1	30	8	0	No-Go	NGAL	0	0		1	0.0	1	0.3107	0.6926336721836804	-0.3730614149420204
fp7csa2rz19l6t90s0ftwn8v	1	1	33	9	0	No-Go	NGAL	0	0		1	0.0	1	0.2569	0.7381779562050776	-0.30848011229224226
fp7csa2rz19l6t90s0ftwn8v	1	1	38	10	0	No-Go	NGAL	0	0		1	1.0	0	0.2253	0.7777889163365669	-0.2553919182542458
fp7csa2rz19l6t90s0ftwn8v	1	1	43	11	0	No-Go	NGAL	0	0		1	1.0	0	0.2302	0.7723411448059132	-0.26244397430875394
fp7csa2rz19l6t90s0ftwn8v	1	1	46	12	0	No-Go	NGAL	0	0		1	0.0	1	0.2384	0.766772121509242	-0.26975042292407087
fp7csa2rz19l6t90s0ftwn8v	1	1	49	13	0	No-Go	NGAL	0	0		1	0.0	1	0.1976	0.8024276467661331	-0.22357330116555937
fp7csa2rz19l6t90s0ftwn8v	1	1	53	14	0	No-Go	NGAL	0	0		1	0.0	1	0.162	0.832813218904188	-0.18577565259440337
fp7csa2rz19l6t90s0ftwn8v	1	1	57	15	0	No-Go	NGAL	0	0		1	0.0	1	0.1426	0.8585118147821137	-0.1548501378029582
fp7csa2rz19l6t90s0ftwn8v	1	1	64	16	0	No-Go	NGAL	0	1	0.794	0	0.0	0	0.123	0.11986608873167591	-2.2248206245093844
fp7csa2rz19l6t90s0ftwn8v	1	1	68	17	0	No-Go	NGAL	0	0		1	1.0	0	0.1006	0.9059636518493327	-0.1001481240829873
fp7csa2rz19l6t90s0ftwn8v	1	1	71	18	0	No-Go	NGAL	0	0		1	0.0	1	0.0985	0.9031339059892358	-0.10332102518566305
fp7csa2rz19l6t90s0ftwn8v	1	1	73	19	0	No-Go	NGAL	0	0		1	0.0	1	0.0786	0.9181412365550341	-0.08653997415384224
fp7csa2rz19l6t90s0ftwn8v	1	1	78	20	0	No-Go	NGAL	0	0		1	0.0	1	0.0653	0.9306154044692201	-0.072807164228566
fp7csa2rz19l6t90s0ftwn8v	1	1	83	21	0	No-Go	NGAL	0	0		1	0.0	1	0.0583	0.9409906099260373	-0.06153295486273694
fp7csa2rz19l6t90s0ftwn8v	1	1	86	22	0	No-Go	NGAL	0	0		1	0.0	1	0.0516	0.9496319698983827	-0.052244995608800235
fp7csa2rz19l6t90s0ftwn8v	1	1	89	23	0	No-Go	NGAL	0	0		1	0.0	1	0.0433	0.9568432672416443	-0.04456526663142564
fp7csa2rz19l6t90s0ftwn8v	1	1	93	24	0	No-Go	NGAL	0	0		1	0.0	1	0.0369	0.9628754615138952	-0.03819118737315279
fp7csa2rz19l6t90s0ftwn8v	1	1	98	25	0	No-Go	NGAL	0	0		1	1.0	0	0.0278	0.9679349288297755	-0.03288030388997255
fp7csa2rz19l6t90s0ftwn8v	1	1	104	26	0	No-Go	NGAL	0	0		1	0.0	1	0.0329	0.9668007037108386	-0.03406829087633324
fp7csa2rz19l6t90s0ftwn8v	1	1	108	27	0	No-Go	NGAL	0	0		1	0.0	1	0.0285	0.9712377207007796	-0.029431311644271114
fp7csa2rz19l6t90s0ftwn8v	1	1	112	28	0	No-Go	NGAL	0	0		1	0.0	1	0.022	0.9749781059059612	-0.025541907919052594
fp7csa2rz19l6t90s0ftwn8v	1	1	114	29	0	No-Go	NGAL	0	0		1	0.0	1	0.0203	0.9781413336067099	-0.02226675707803802
fp7csa2rz19l6t90s0ftwn8v	1	1	120	30	0	No-Go	NGAL	0	0		1	1.0	0	0.0197	0.9808252289830304	-0.019498143608305086
fp7csa2rz19l6t90s0ftwn8v	1	1	1	1	0	Go	GAL	1	1	0.904	1	0.0	1	0.5985	0.6066005918043265	-0.5057875344813236
fp7csa2rz19l6t90s0ftwn8v	1	1	8	2	0	Go	GAL	1	1	0.813	1	0.0	1	0.6759	0.6697722346330625	-0.4054994699849007
fp7csa2rz19l6t90s0ftwn8v	1	1	11	3	0	Go	GAL	1	1	0.871	1	0.0	1	0.73	0.7254133407650882	-0.32486822241458496
fp7csa2rz19l6t90s0ftwn8v	1	1	13	4	0	Go	GAL	1	1	0.991	1	1.0	0	0.7789	0.7731541898569477	-0.2604605027138383
fp7csa2rz19l6t90s0ftwn8v	1	1	20	5	0	Go	GAL	1	0		0	0.0	0	0.7116	0.2828916629726982	-1.2876497339535402
fp7csa2rz19l6t90s0ftwn8v	1	1	23	6	0	Go	GAL	1	1	0.87	1	0.0	1	0.7238	0.7223767558475083	-0.32895278135267336
fp7csa2rz19l6t90s0ftwn8v	1	1	25	7	0	Go	GAL	1	0		0	0.0	0	0.7651	0.2292066702832447	-1.5090568689284984
fp7csa2rz19l6t90s0ftwn8v	1	1	32	8	0	Go	GAL	1	1	0.974	1	0.0	1	0.7756	0.775290346410925	-0.2575957656658124
fp7csa2rz19l6t90s0ftwn8v	1	1	36	9	0	Go	GAL	1	1	0.901	1	0.0	1	0.8149	0.8153842891756719	-0.20661451926860042
fp7csa2rz19l6t90s0ftwn8v	1	1	40	10	0	Go	GAL	1	1	0.601	1	1.0	0	0.8465	0.8485762160528937	-0.16622386698488956
fp7csa2rz19l6t90s0ftwn8v	1	1	44	11	0	Go	GAL	1	1	0.63	1	0.0	1	0.8114	0.8049584156504123	-0.2194646698726027
fp7csa2rz19l6t90s0ftwn8v	1	1	45	12	0	Go	GAL	1	1	0.544	1	0.0	1	0.8445	0.8400793734339189	-0.17628790364709712
fp7csa2rz19l6t90s0ftwn8v	1	1	51	13	0	Go	GAL	1	1	0.854	1	0.0	1	0.8698	0.868919785386163	-0.14212811575215104
fp7csa2rz19l6t90s0ftwn8v	1	1	55	14	0	Go	GAL	1	1	0.797	1	1.0	0	0.8933	0.892441777230701	-0.11507641048570945
fp7csa2rz19l6t90s0ftwn8v	1	1	58	15	0	Go	GAL	1	1	0.692	1	0.0	1	0.8596	0.8582253438075069	-0.15455218241594057
fp7csa2rz19l6t90s0ftwn8v	1	1	62	16	0	Go	GAL	1	1	0.721	1	0.0	1	0.8837	0.8838206669175621	-0.12482518755055454
fp7csa2rz19l6t90s0ftwn8v	1	1	66	17	0	Go	GAL	1	1	0.739	1	0.0	1	0.9039	0.9046166303326265	-0.101287393590088
fp7csa2rz19l6t90s0ftwn8v	1	1	70	18	0	Go	GAL	1	1	0.673	1	0.0	1	0.922	0.9214729932240021	-0.08259726047447676
fp7csa2rz19l6t90s0ftwn8v	1	1	76	19	0	Go	GAL	1	1	0.716	1	0.0	1	0.9388	0.935129234430498	-0.06770418342755344
fp7csa2rz19l6t90s0ftwn8v	1	1	79	20	0	Go	GAL	1	1	0.632	1	1.0	0	0.9486	0.9462025467638626	-0.05578927796077487
fp7csa2rz19l6t90s0ftwn8v	1	1	82	21	0	Go	GAL	1	1	0.675	1	0.0	1	0.9275	0.9264708506040165	-0.07707860567392881
fp7csa2rz19l6t90s0ftwn8v	1	1	87	22	0	Go	GAL	1	1	0.692	1	0.0	1	0.9409	0.9392341165156629	-0.06323975914050381
fp7csa2rz19l6t90s0ftwn8v	1	1	92	23	0	Go	GAL	1	1	0.704	1	0.0	1	0.9491	0.949572641068065	-0.05216992443405403
fp7csa2rz19l6t90s0ftwn8v	1	1	95	24	0	Go	GAL	1	1	0.649	1	1.0	0	0.9575	0.9579667441465768	-0.04327357204802795
fp7csa2rz19l6t90s0ftwn8v	1	1	99	25	0	Go	GAL	1	1	0.673	1	0.0	1	0.9439	0.9418357455104802	-0.060434031374543576
fp7csa2rz19l6t90s0ftwn8v	1	1	103	26	0	Go	GAL	1	1	0.602	1	1.0	0	0.9486	0.9517266231388054	-0.04987168300205982
fp7csa2rz19l6t90s0ftwn8v	1	1	106	27	0	Go	GAL	1	1	0.767	1	0.0	1	0.9355	0.9334585501483053	-0.06949029293776646
fp7csa2rz19l6t90s0ftwn8v	1	1	110	28	0	Go	GAL	1	1	0.677	1	0.0	1	0.9451	0.9449949162115263	-0.05705623269398209
fp7csa2rz19l6t90s0ftwn8v	1	1	116	29	0	Go	GAL	1	1	0.639	1	0.0	1	0.9537	0.9543202359666453	-0.04712475506530994
fp7csa2rz19l6t90s0ftwn8v	1	1	118	30	0	Go	GAL	1	1	0.823	1	0.0	1	0.9621	0.9618814398685316	-0.03914893162088494
fp7csa2rz19l6t90s0ftwn8v	1	1	4	1	1	No-Go	NGW	0	1	0.782	0	0.0	0	0.6472	0.6469906774525878	-0.4514443571101392
fp7csa2rz19l6t90s0ftwn8v	1	1	5	2	1	No-Go	NGW	0	1	0.569	0	0.0	0	0.5914	0.5835016893276858	-0.5589841878831809
fp7csa2rz19l6t90s0ftwn8v	1	1	10	3	1	No-Go	NGW	0	0		1	0.0	1	0.5065	0.4810389560291904	-0.7608872333652393
fp7csa2rz19l6t90s0ftwn8v	1	1	14	4	1	No-Go	NGW	0	0		1	0.0	1	0.4535	0.5484798603095814	-0.6220928381891523
fp7csa2rz19l6t90s0ftwn8v	1	1	18	5	1	No-Go	NGW	0	0		1	1.0	0	0.3906	0.6121761733737574	-0.5068039998835788
fp7csa2rz19l6t90s0ftwn8v	1	1	24	6	1	No-Go	NGW	0	1	0.646	0	0.0	0	0.4637	0.4577973664595591	-0.8126635278821934
fp7csa2rz19l6t90s0ftwn8v	1	1	26	7	1	No-Go	NGW	0	1	0.779	0	0.0	0	0.3925	0.3957923318763367	-0.965710080762535
fp7csa2rz19l6t90s0ftwn8v	1	1	29	8	1	No-Go	NGW	0	1	0.602	0	1.0	1	0.3321	0.3387730768563907	-1.1301211014516879
fp7csa2rz19l6t90s0ftwn8v	1	1	35	9	1	No-Go	NGW	0	1	0.468	0	0.0	0	0.7383	0.7365025789971539	-0.3158038229326832
fp7csa2rz19l6t90s0ftwn8v	1	1	37	10	1	No-Go	NGW	0	1	0.513	0	0.0	0	0.6772	0.6771989496546931	-0.4030054567746284
fp7csa2rz19l6t90s0ftwn8v	1	1	41	11	1	No-Go	NGW	0	1	0.508	0	0.0	0	0.6172	0.6133171843328308	-0.5061981349184778
fp7csa2rz19l6t90s0ftwn8v	1	1	47	12	1	No-Go	NGW	0	1	0.526	0	0.0	0	0.5493	0.5471912567087536	-0.6254265053384829
fp7csa2rz19l6t90s0ftwn8v	1	1	50	13	1	No-Go	NGW	0	1	0.69	0	0.0	0	0.4844	0.48134837828737875	-0.7599711284843226
fp7csa2rz19l6t90s0ftwn8v	1	1	54	14	1	No-Go	NGW	0	0		1	1.0	0	0.4156	0.5818823673600045	-0.5607833945818512
fp7csa2rz19l6t90s0ftwn8v	1	1	60	15	1	No-Go	NGW	0	1	0.421	0	0.0	0	0.4797	0.4868277310985279	-0.7464362217425567
fp7csa2rz19l6t90s0ftwn8v	1	1	61	16	1	No-Go	NGW	0	1	0.518	0	0.0	0	0.4175	0.42531690812313566	-0.8881196481960916
fp7csa2rz19l6t90s0ftwn8v	1	1	67	17	1	No-Go	NGW	0	1	0.508	0	0.0	0	0.3601	0.36782881765287706	-1.0410238300395396
fp7csa2rz19l6t90s0ftwn8v	1	1	72	18	1	No-Go	NGW	0	0		1	0.0	1	0.3163	0.6844896178086038	-0.38996210764696804
fp7csa2rz19l6t90s0ftwn8v	1	1	75	19	1	No-Go	NGW	0	0		1	1.0	0	0.2673	0.7395936726820226	-0.31010814552786814
fp7csa2rz19l6t90s0ftwn8v	1	1	77	20	1	No-Go	NGW	0	1	0.616	0	0.0	0	0.3188	0.3168371978499013	-1.1985565041461825
fp7csa2rz19l6t90s0ftwn8v	1	1	81	21	1	No-Go	NGW	0	1	0.583	0	0.0	0	0.2666	0.27014844230026164	-1.3676297659723478
fp7csa2rz19l6t90s0ftwn8v	1	1	88	22	1	No-Go	NGW	0	1	0.539	0	0.0	0	0.2267	0.2293198729924854	-1.5420398509419413
fp7csa2rz19l6t90s0ftwn8v	1	1	90	23	1	No-Go	NGW	0	1	0.75	0	1.0	1	0.1928	0.19412389581618486	-1.720013808427462
fp7csa2rz19l6t90s0ftwn8v	1	1	96	24	1	No-Go	NGW	0	0		1	0.0	1	0.603	0.39674795888745845	-1.0693843778259673
fp7csa2rz19l6t90s0ftwn8v	1	1	100	25	1	No-Go	NGW	0	0		1	0.0	1	0.5466	0.45947847818290555	-0.8937852649591134
fp7csa2rz19l6t90s0ftwn8v	1	1	101	26	1	No-Go	NGW	0	0		1	0.0	1	0.4791	0.5214582870521568	-0.7432136218467019
fp7csa2rz19l6t90s0ftwn8v	1	1	105	27	1	No-Go	NGW	0	0		1	1.0	0	0.4141	0.5808205846304795	-0.6155741491438353
fp7csa2rz19l6t90s0ftwn8v	1	1	111	28	1	No-Go	NGW	0	1	0.59	0	0.0	0	0.4938	0.4877160308925089	-0.8178985817288259
fp7csa2rz19l6t90s0ftwn8v	1	1	115	29	1	No-Go	NGW	0	0		1	0.0	1	0.4215	0.5743632289022025	-0.6236205273916304
fp7csa2rz19l6t90s0ftwn8v	1	1	117	30	1	No-Go	NGW	0	0		1	0.0	1	0.3721	0.6323478948820664	-0.511486985761696
fp7csa2rz19l6t90s0ftwn8v	1	2	121	1	0	Go	GAL	1	1	0.556	1	0.0	1	0.6028	0.6066005918043265	-0.5057875344813236
fp7csa2rz19l6t90s0ftwn8v	1	2	125	2	0	Go	GAL	1	0		0	0.0	0	0.6658	0.33022776536693754	-1.1275800806256617
fp7csa2rz19l6t90s0ftwn8v	1	2	129	3	0	Go	GAL	1	1	0.813	1	0.0	1	0.6765	0.675544908331378	-0.3968261861053205
fp7csa2rz19l6t90s0ftwn8v	1	2	133	4	0	Go	GAL	1	0		0	1.0	1	0.7313	0.26943066549811484	-1.3401454403587536
fp7csa2rz19l6t90s0ftwn8v	1	2	137	5	0	Go	GAL	1	1	0.738	1	0.0	1	0.6719	0.6734787193983183	-0.3998794377176761
fp7csa2rz19l6t90s0ftwn8v	1	2	142	6	0	Go	GAL	1	0		0	0.0	0	0.7288	0.272882200927964	-1.3261215748733812
fp7csa2rz19l6t90s0ftwn8v	1	2	147	7	0	Go	GAL	1	1	0.803	1	0.0	1	0.73	0.7323716496758534	-0.3152176992200632
fp7csa2rz19l6t90s0ftwn8v	1	2	152	8	0	Go	GAL	1	0		0	0.0	0	0.7793	0.2221051144989573	-1.5436946002839451
fp7csa2rz19l6t90s0ftwn8v	1	2	154	9	0	Go	GAL	1	1	0.913	1	0.0	1	0.7884	0.7823734856195538	-0.2485195037497147
fp7csa2rz19l6t90s0ftwn8v	1	2	159	10	0	Go	GAL	1	1	0.676	1	1.0	0	0.8202	0.8201421754418133	-0.2007919250594326
fp7csa2rz19l6t90s0ftwn8v	1	2	161	11	0	Go	GAL	1	0		0	0.0	0	0.7682	0.22994774236916704	-1.505016086094996
fp7csa2rz19l6t90s0ftwn8v	1	2	167	12	0	Go	GAL	1	0		0	0.0	0	0.7695	0.22537923172233187	-1.5274889926363548
fp7csa2rz19l6t90s0ftwn8v	1	2	170	13	0	Go	GAL	1	1	0.792	1	0.0	1	0.772	0.7790725937940347	-0.25277535962692577
fp7csa2rz19l6t90s0ftwn8v	1	2	175	14	0	Go	GAL	1	1	0.691	1	1.0	0	0.8152	0.8176897124670053	-0.2038043044857848
fp7csa2rz19l6t90s0ftwn8v	1	2	178	15	0	Go	GAL	1	1	0.723	1	0.0	1	0.774	0.7674235763964797	-0.26787960827081253
fp7csa2rz19l6t90s0ftwn8v	1	2	181	16	0	Go	GAL	1	1	0.754	1	0.0	1	0.802	0.8080424272552981	-0.2157015215541758
fp7csa2rz19l6t90s0ftwn8v	1	2	187	17	0	Go	GAL	1	1	1.21	1	0.0	1	0.8402	0.8418606163663932	-0.17420107914722927
fp7csa2rz19l6t90s0ftwn8v	1	2	189	18	0	Go	GAL	1	0		0	0.0	0	0.8752	0.13026089471537333	-2.113651245906873
fp7csa2rz19l6t90s0ftwn8v	1	2	194	19	0	Go	GAL	1	1	0.662	1	0.0	1	0.8713	0.8725169575065067	-0.1380207057809244
fp7csa2rz19l6t90s0ftwn8v	1	2	197	20	0	Go	GAL	1	0		0	1.0	1	0.8988	0.10509482268488966	-2.3498963187293045
fp7csa2rz19l6t90s0ftwn8v	1	2	203	21	0	Go	GAL	1	1	0.721	1	0.0	1	0.859	0.8675176066219258	-0.14378973873052764
fp7csa2rz19l6t90s0ftwn8v	1	2	207	22	0	Go	GAL	1	1	0.886	1	0.0	1	0.892	0.8900698689267947	-0.11777754977870683
fp7csa2rz19l6t90s0ftwn8v	1	2	210	23	0	Go	GAL	1	1	0.764	1	0.0	1	0.9063	0.9085922359403598	-0.09689950749679298
fp7csa2rz19l6t90s0ftwn8v	1	2	216	24	0	Go	GAL	1	1	0.767	1	1.0	0	0.9268	0.9237802709127619	-0.08009682696061332
fp7csa2rz19l6t90s0ftwn8v	1	2	220	25	0	Go	GAL	1	1	0.704	1	0.0	1	0.8937	0.8962643623545417	-0.11068738629260669
fp7csa2rz19l6t90s0ftwn8v	1	2	221	26	0	Go	GAL	1	1	0.691	1	1.0	0	0.9172	0.9137465587915771	-0.09112140086540108
fp7csa2rz19l6t90s0ftwn8v	1	2	227	27	0	Go	GAL	1	1	0.611	1	0.0	1	0.8825	0.8832001632014597	-0.12558213463160947
fp7csa2rz19l6t90s0ftwn8v	1	2	232	28	0	Go	GAL	1	1	0.735	1	0.0	1	0.9023	0.9031210387518247	-0.10297194356332591
fp7csa2rz19l6t90s0ftwn8v	1	2	236	29	0	Go	GAL	1	1	0.543	1	0.0	1	0.9174	0.9194151573710818	-0.08485626493557705
fp7csa2rz19l6t90s0ftwn8v	1	2	239	30	0	Go	GAL	1	1	0.535	1	0.0	1	0.9338	0.9327380341367718	-0.07028793605218983
fp7csa2rz19l6t90s0ftwn8v	1	2	124	1	0	No-Go	NGAL	0	1	0.549	0	1.0	1	0.5991	0.6066005918043265	-0.5057875344813236
fp7csa2rz19l6t90s0ftwn8v	1	2	128	2	0	No-Go	NGAL	0	1	0.825	0	0.0	0	0.6757	0.6697722346330625	-0.4054994699849007
fp7csa2rz19l6t90s0ftwn8v	1	2	131	3	0	No-Go	NGAL	0	0		1	0.0	1	0.5967	0.39546795581369953	-0.9416903875386619
fp7csa2rz19l6t90s0ftwn8v	1	2	134	4	0	No-Go	NGAL	0	1	0.481	0	0.0	0	0.5352	0.5373282134770963	-0.6292588984385227
fp7csa2rz19l6t90s0ftwn8v	1	2	139	5	0	No-Go	NGAL	0	1	0.988	0	0.0	0	0.4694	0.4688620632206336	-0.7693932187571032
fp7csa2rz19l6t90s0ftwn8v	1	2	143	6	0	No-Go	NGAL	0	0		1	0.0	1	0.4094	0.5961675888143433	-0.5252349115328832
fp7csa2rz19l6t90s0ftwn8v	1	2	148	7	0	No-Go	NGAL	0	0		1	0.0	1	0.3446	0.6577475972357733	-0.42593631370087004
fp7csa2rz19l6t90s0ftwn8v	1	2	151	8	0	No-Go	NGAL	0	1	0.827	0	0.0	0	0.2838	0.28756425274965225	-1.2852333462289054
fp7csa2rz19l6t90s0ftwn8v	1	2	155	9	0	No-Go	NGAL	0	0		1	0.0	1	0.2474	0.7611950207453332	-0.2779155072649968
fp7csa2rz19l6t90s0ftwn8v	1	2	160	10	0	No-Go	NGAL	0	1	0.496	0	1.0	1	0.1988	0.19746711210011392	-1.6949786628227308
fp7csa2rz19l6t90s0ftwn8v	1	2	164	11	0	No-Go	NGAL	0	1	0.839	0	1.0	1	0.2446	0.24764446442907473	-1.443817315629365
fp7csa2rz19l6t90s0ftwn8v	1	2	166	12	0	No-Go	NGAL	0	1	0.801	0	0.0	0	0.2953	0.3044330422228104	-1.2207016500147871
fp7csa2rz19l6t90s0ftwn8v	1	2	169	13	0	No-Go	NGAL	0	1	0.708	0	0.0	0	0.253	0.2516606882006245	-1.4253775908822364
fp7csa2rz19l6t90s0ftwn8v	1	2	173	14	0	No-Go	NGAL	0	1	0.949	0	0.0	0	0.206	0.20698172984673494	-1.638478951867752
fp7csa2rz19l6t90s0ftwn8v	1	2	180	15	0	No-Go	NGAL	0	1	0.826	0	0.0	0	0.1672	0.16977710537201166	-1.8570221286580526
fp7csa2rz19l6t90s0ftwn8v	1	2	184	16	0	No-Go	NGAL	0	0		1	0.0	1	0.1375	0.8608502484044331	-0.15246539569012935
fp7csa2rz19l6t90s0ftwn8v	1	2	186	17	0	No-Go	NGAL	0	0		1	1.0	0	0.1171	0.8864061315752216	-0.12262700667286901
fp7csa2rz19l6t90s0ftwn8v	1	2	192	18	0	No-Go	NGAL	0	0		1	0.0	1	0.1191	0.8835478971546575	-0.1258880107769509
fp7csa2rz19l6t90s0ftwn8v	1	2	195	19	0	No-Go	NGAL	0	0		1	0.0	1	0.0955	0.9048025533151549	-0.10164030286708169
fp7csa2rz19l6t90s0ftwn8v	1	2	198	20	0	No-Go	NGAL	0	0		1	0.0	1	0.0738	0.9219731298110903	-0.08246305335491838
fp7csa2rz19l6t90s0ftwn8v	1	2	204	21	0	No-Go	NGAL	0	0		1	0.0	1	0.0604	0.9358355731005511	-0.06724555327261296
fp7csa2rz19l6t90s0ftwn8v	1	2	208	22	0	No-Go	NGAL	0	0		1	0.0	1	0.0518	0.9470356414841273	-0.05512338632636884
fp7csa2rz19l6t90s0ftwn8v	1	2	212	23	0	No-Go	NGAL	0	0		1	0.0	1	0.0428	0.9561006464971813	-0.04542585781097277
fp7csa2rz19l6t90s0ftwn8v	1	2	214	24	0	No-Go	NGAL	0	0		1	0.0	1	0.0362	0.963455963644982	-0.037633081060269594
fp7csa2rz19l6t90s0ftwn8v	1	2	219	25	0	No-Go	NGAL	0	0		1	1.0	0	0.0305	0.9694421415424754	-0.031341831585425035
fp7csa2rz19l6t90s0ftwn8v	1	2	223	26	0	No-Go	NGAL	0	0		1	0.0	1	0.0296	0.9685135099430398	-0.03230961250151675
fp7csa2rz19l6t90s0ftwn8v	1	2	228	27	0	No-Go	NGAL	0	0		1	0.0	1	0.0241	0.9735744752574251	-0.027022421931476744
fp7csa2rz19l6t90s0ftwn8v	1	2	229	28	0	No-Go	NGAL	0	0		1	0.0	1	0.0218	0.977718951443794	-0.022717814793709996
fp7csa2rz19l6t90s0ftwn8v	1	2	233	29	0	No-Go	NGAL	0	0		1	0.0	1	0.0181	0.9811259189750603	-0.019196552834352166
fp7csa2rz19l6t90s0ftwn8v	1	2	237	30	0	No-Go	NGAL	0	0		1	1.0	0	0.0163	0.9839376551801498	-0.016302563645069164
fp7csa2rz19l6t90s0ftwn8v	1	2	122	1	1	No-Go	NGW	0	1	0.648	0	0.0	0	0.6435	0.6469906774525878	-0.4514443571101392
fp7csa2rz19l6t90s0ftwn8v	1	2	127	2	1	No-Go	NGW	0	1	0.689	0	0.0	0	0.5779	0.5835016893276858	-0.5589841878831809
fp7csa2rz19l6t90s0ftwn8v	1	2	132	3	1	No-Go	NGW	0	1	0.63	0	0.0	0	0.5226	0.5189610439708096	-0.6813444646323001
fp7csa2rz19l6t90s0ftwn8v	1	2	136	4	1	No-Go	NGW	0	0		1	0.0	1	0.457	0.5443228409023264	-0.63005214899894
fp7csa2rz19l6t90s0ftwn8v	1	2	138	5	1	No-Go	NGW	0	0		1	1.0	0	0.3864	0.6102282298686552	-0.5100898247695547
fp7csa2rz19l6t90s0ftwn8v	1	2	144	6	1	No-Go	NGW	0	0		1	0.0	1	0.4626	0.542202633540441	-0.6341487150065928
fp7csa2rz19l6t90s0ftwn8v	1	2	146	7	1	No-Go	NGW	0	0		1	0.0	1	0.3844	0.6082754525425329	-0.5133993698393367
fp7csa2rz19l6t90s0ftwn8v	1	2	150	8	1	No-Go	NGW	0	0		1	1.0	0	0.3235	0.6686350445905362	-0.41467458448825956
fp7csa2rz19l6t90s0ftwn8v	1	2	153	9	1	No-Go	NGW	0	0		1	0.0	1	0.4036	0.602379871269206	-0.5234884346631149
fp7csa2rz19l6t90s0ftwn8v	1	2	158	10	1	No-Go	NGW	0	0		1	0.0	1	0.3432	0.6633805092063914	-0.42276377539421145
fp7csa2rz19l6t90s0ftwn8v	1	2	163	11	1	No-Go	NGW	0	0		1	0.0	1	0.2814	0.7175914191858974	-0.341109792895744
fp7csa2rz19l6t90s0ftwn8v	1	2	165	12	1	No-Go	NGW	0	0		1	0.0	1	0.2371	0.76459660971733	-0.2753531918867676
fp7csa2rz19l6t90s0ftwn8v	1	2	172	13	1	No-Go	NGW	0	0		1	0.0	1	0.1924	0.8045885847943532	-0.22263425189896172
fp7csa2rz19l6t90s0ftwn8v	1	2	176	14	1	No-Go	NGW	0	0		1	1.0	0	0.1612	0.8381384759405482	-0.1804732193023087
fp7csa2rz19l6t90s0ftwn8v	1	2	179	15	1	No-Go	NGW	0	0		1	0.0	1	0.2092	0.791340728907569	-0.2395305176247278
fp7csa2rz19l6t90s0ftwn8v	1	2	183	16	1	No-Go	NGW	0	0		1	0.0	1	0.1732	0.8271897675079782	-0.19383855112968346
fp7csa2rz19l6t90s0ftwn8v	1	2	188	17	1	No-Go	NGW	0	0		1	0.0	1	0.1418	0.8570264944986294	-0.15736786984851997
fp7csa2rz19l6t90s0ftwn8v	1	2	190	18	1	No-Go	NGW	0	0		1	0.0	1	0.1185	0.8816657887377322	-0.1282487157133906
fp7csa2rz19l6t90s0ftwn8v	1	2	196	19	1	No-Go	NGW	0	0		1	1.0	0	0.0973	0.9019126145660022	-0.10496522268917578
fp7csa2rz19l6t90s0ftwn8v	1	2	200	20	1	No-Go	NGW	0	0		1	0.0	1	0.1346	0.8690198461209566	-0.14295812273968284
fp7csa2rz19l6t90s0ftwn8v	1	2	202	21	1	No-Go	NGW	0	0		1	0.0	1	0.112	0.8916231414312699	-0.11663362551252712
fp7csa2rz19l6t90s0ftwn8v	1	2	205	22	1	No-Go	NGW	0	0		1	0.0	1	0.0884	0.9101430800262428	-0.0955955171893254
fp7csa2rz19l6t90s0ftwn8v	1	2	209	23	1	No-Go	NGW	0	0		1	1.0	0	0.076	0.9252907260948825	-0.07873259496293841
fp7csa2rz19l6t90s0ftwn8v	1	2	215	24	1	No-Go	NGW	0	0		1	0.0	1	0.1028	0.898553907035902	-0.10866753561221004
fp7csa2rz19l6t90s0ftwn8v	1	2	218	25	1	No-Go	NGW	0	0		1	0.0	1	0.0842	0.9158863142967808	-0.08913407310283808
fp7csa2rz19l6t90s0ftwn8v	1	2	222	26	1	No-Go	NGW	0	0		1	0.0	1	0.0717	0.9300387364177477	-0.0734855037699106
fp7csa2rz19l6t90s0ftwn8v	1	2	225	27	1	No-Go	NGW	0	0		1	1.0	0	0.0592	0.9415988100889926	-0.06089967141107203
fp7csa2rz19l6t90s0ftwn8v	1	2	230	28	1	No-Go	NGW	0	0		1	0.0	1	0.0817	0.9195702978210678	-0.08505070694106215
fp7csa2rz19l6t90s0ftwn8v	1	2	235	29	1	No-Go	NGW	0	0		1	0.0	1	0.0634	0.9331051102907815	-0.07013561558510702
fp7csa2rz19l6t90s0ftwn8v	1	2	238	30	1	No-Go	NGW	0	0		1	0.0	1	0.0587	0.9441470275816786	-0.0581506309984406
fp7csa2rz19l6t90s0ftwn8v	1	2	123	1	1	Go	GW	1	1	0.603	1	0.0	1	0.6451	0.6469906774525878	-0.4514443571101392
fp7csa2rz19l6t90s0ftwn8v	1	2	126	2	1	Go	GW	1	0		0	0.0	0	0.8955	0.10764472830702039	-2.3875522918203074
fp7csa2rz19l6t90s0ftwn8v	1	2	130	3	1	Go	GW	1	1	0.673	1	1.0	0	0.9106	0.9150519482004562	-0.09035462816548165
fp7csa2rz19l6t90s0ftwn8v	1	2	135	4	1	Go	GW	1	1	0.542	1	0.0	1	0.8897	0.8881309370425877	-0.12089824799264096
fp7csa2rz19l6t90s0ftwn8v	1	2	140	5	1	Go	GW	1	1	0.737	1	0.0	1	0.9642	0.963798948859836	-0.03749346047754165
fp7csa2rz19l6t90s0ftwn8v	1	2	141	6	1	Go	GW	1	1	0.708	1	1.0	0	0.9847	0.9857840065783253	-0.014498872240390015
fp7csa2rz19l6t90s0ftwn8v	1	2	145	7	1	Go	GW	1	1	0.57	1	0.0	1	0.9819	0.9799482331218659	-0.020568393076898034
fp7csa2rz19l6t90s0ftwn8v	1	2	149	8	1	Go	GW	1	1	0.62	1	0.0	1	0.9912	0.9912090509832179	-0.008930016202244949
fp7csa2rz19l6t90s0ftwn8v	1	2	156	9	1	Go	GW	1	1	0.633	1	0.0	1	0.9947	0.9955585423570014	-0.004488403099960113
fp7csa2rz19l6t90s0ftwn8v	1	2	157	10	1	Go	GW	1	1	0.657	1	0.0	1	0.9985	0.9974798254626521	-0.002539074525715323
fp7csa2rz19l6t90s0ftwn8v	1	2	162	11	1	Go	GW	1	1	0.598	1	1.0	0	0.9985	0.9984231316597754	-0.0015856943692251306
fp7csa2rz19l6t90s0ftwn8v	1	2	168	12	1	Go	GW	1	1	0.643	1	0.0	1	0.9979	0.9975735120041419	-0.002445299699947047
fp7csa2rz19l6t90s0ftwn8v	1	2	171	13	1	Go	GW	1	1	0.598	1	0.0	1	0.9985	0.998470771020499	-0.0015381076060434398
fp7csa2rz19l6t90s0ftwn8v	1	2	174	14	1	Go	GW	1	1	0.512	1	0.0	1	0.999	0.9989516813647926	-0.0010531275664931792
fp7csa2rz19l6t90s0ftwn8v	1	2	177	15	1	Go	GW	1	1	0.505	1	0.0	1	0.9992	0.9992285671102276	-0.0007743695495283008
fp7csa2rz19l6t90s0ftwn8v	1	2	182	16	1	Go	GW	1	1	0.596	1	1.0	0	0.9996	0.9993973130295891	-0.00060468184979232
fp7csa2rz19l6t90s0ftwn8v	1	2	185	17	1	Go	GW	1	1	0.584	1	0.0	1	0.9987	0.9990080650566125	-0.0009971924005096554
fp7csa2rz19l6t90s0ftwn8v	1	2	191	18	1	Go	GW	1	1	0.554	1	0.0	1	0.9989	0.999269529569809	-0.000733528512514293
fp7csa2rz19l6t90s0ftwn8v	1	2	193	19	1	Go	GW	1	1	0.555	1	0.0	1	0.9993	0.9994258011593776	-0.0005762449617830453
fp7csa2rz19l6t90s0ftwn8v	1	2	199	20	1	Go	GW	1	1	0.509	1	0.0	1	0.9994	0.9995249436362333	-0.00047657203103253394
fp7csa2rz19l6t90s0ftwn8v	1	2	201	21	1	Go	GW	1	1	0.734	1	0.0	1	0.9999	0.9995906639501027	-0.0004105496417840452
fp7csa2rz19l6t90s0ftwn8v	1	2	206	22	1	Go	GW	1	1	0.539	1	0.0	1	0.9998	0.999635749625331	-0.0003652815166207292
fp7csa2rz19l6t90s0ftwn8v	1	2	211	23	1	Go	GW	1	1	0.495	1	0.0	1	0.9996	0.9996675526070198	-0.0003333633088775407
fp7csa2rz19l6t90s0ftwn8v	1	2	213	24	1	Go	GW	1	1	0.51	1	1.0	0	0.9999	0.9996905121838209	-0.0003103283442301737
fp7csa2rz19l6t90s0ftwn8v	1	2	217	25	1	Go	GW	1	1	0.57	1	0.0	1	0.9995	0.9994592028615887	-0.0005434512177967467
fp7csa2rz19l6t90s0ftwn8v	1	2	224	26	1	Go	GW	1	1	0.591	1	0.0	1	0.9992	0.999558047984424	-0.0004436659134749169
fp7csa2rz19l6t90s0ftwn8v	1	2	226	27	1	Go	GW	1	1	0.716	1	1.0	0	0.9999	0.999618780878959	-0.0003825050062345038
fp7csa2rz19l6t90s0ftwn8v	1	2	231	28	1	Go	GW	1	1	0.54	1	0.0	1	0.9993	0.9993371571513473	-0.0006668826336927665
fp7csa2rz19l6t90s0ftwn8v	1	2	234	29	1	Go	GW	1	1	0.541	1	0.0	1	0.9998	0.9994871441723244	-0.0005151377184697125
fp7csa2rz19l6t90s0ftwn8v	1	2	240	30	1	Go	GW	1	1	0.572	1	0.0	1	0.9995	0.9995741688969101	-0.0004274006050094125
gd6lbuycu8vux2kk0dz46s2w	1	1	4	1	0	Go	GAL	1	0		0	0.0	0	0.5768	0.41630332890382743	-0.906714611838838
gd6lbuycu8vux2kk0dz46s2w	1	1	6	2	0	Go	GAL	1	1	0.551	1	0.0	1	0.7907	0.7896305717349436	-0.24945531603279647
gd6lbuycu8vux2kk0dz46s2w	1	1	9	3	0	Go	GAL	1	1	0.507	1	1.0	0	0.9478	0.9455192875969367	-0.058113733937015175
gd6lbuycu8vux2kk0dz46s2w	1	1	16	4	0	Go	GAL	1	1	0.297	1	0.0	1	0.7409	0.730415922797944	-0.3329210149904805
gd6lbuycu8vux2kk0dz46s2w	1	1	20	5	0	Go	GAL	1	1	0.531	1	0.0	1	0.939	0.9328906604311851	-0.07208641544261296
gd6lbuycu8vux2kk0dz46s2w	1	1	22	6	0	Go	GAL	1	1	0.545	1	0.0	1	0.9763	0.9794006117457109	-0.021283039145491726
gd6lbuycu8vux2kk0dz46s2w	1	1	28	7	0	Go	GAL	1	1	0.452	1	1.0	0	0.9914	0.9921211846540627	-0.008014538033524875
gd6lbuycu8vux2kk0dz46s2w	1	1	32	8	0	Go	GAL	1	1	0.448	1	0.0	1	0.937	0.938002136501922	-0.06584007600591038
gd6lbuycu8vux2kk0dz46s2w	1	1	33	9	0	Go	GAL	1	1	0.412	1	0.0	1	0.9821	0.9818938392780079	-0.018565018632376834
gd6lbuycu8vux2kk0dz46s2w	1	1	37	10	0	Go	GAL	1	1	0.551	1	0.0	1	0.9932	0.9931176844949343	-0.00697372411238416
gd6lbuycu8vux2kk0dz46s2w	1	1	43	11	0	Go	GAL	1	1	0.585	1	0.0	1	0.997	0.9968333087276793	-0.003191380801525173
gd6lbuycu8vux2kk0dz46s2w	1	1	46	12	0	Go	GAL	1	1	0.335	1	0.0	1	0.9984	0.9983157513863109	-0.0016925734497464946
gd6lbuycu8vux2kk0dz46s2w	1	1	52	13	0	Go	GAL	1	1	0.496	1	0.0	1	0.9992	0.9989951839844563	-0.001008167382652227
gd6lbuycu8vux2kk0dz46s2w	1	1	54	14	0	Go	GAL	1	1	0.435	1	0.0	1	0.9991	0.9993417456742009	-0.0006598196621296033
gd6lbuycu8vux2kk0dz46s2w	1	1	58	15	0	Go	GAL	1	1	0.424	1	1.0	0	0.9995	0.9995341503707965	-0.00046668029218771627
gd6lbuycu8vux2kk0dz46s2w	1	1	63	16	0	Go	GAL	1	1	0.436	1	0.0	1	0.9925	0.9930534799667983	-0.007038436054324419
gd6lbuycu8vux2kk0dz46s2w	1	1	66	17	0	Go	GAL	1	1	0.548	1	0.0	1	0.9971	0.9971780454005369	-0.0028382027094785217
gd6lbuycu8vux2kk0dz46s2w	1	1	69	18	0	Go	GAL	1	1	0.45	1	0.0	1	0.9988	0.9985508939017884	-0.0014541650189770455
gd6lbuycu8vux2kk0dz46s2w	1	1	73	19	0	Go	GAL	1	1	0.539	1	0.0	1	0.9994	0.9991353552622173	-0.0008667365241314186
gd6lbuycu8vux2kk0dz46s2w	1	1	79	20	0	Go	GAL	1	1	0.513	1	1.0	0	0.9996	0.9994255435591182	-0.0005754962642393121
gd6lbuycu8vux2kk0dz46s2w	1	1	84	21	0	Go	GAL	1	1	0.496	1	0.0	1	0.9919	0.9908107156247068	-0.009359062384495185
gd6lbuycu8vux2kk0dz46s2w	1	1	88	22	0	Go	GAL	1	1	0.498	1	0.0	1	0.9962	0.9966146356080848	-0.0034083846076225117
gd6lbuycu8vux2kk0dz46s2w	1	1	91	23	0	Go	GAL	1	1	0.43	1	0.0	1	0.9985	0.9983587935092277	-0.0016474583712516415
gd6lbuycu8vux2kk0dz46s2w	1	1	95	24	0	Go	GAL	1	1	0.5	1	1.0	0	0.9992	0.9990552648962201	-0.0009471359651620395
gd6lbuycu8vux2kk0dz46s2w	1	1	97	25	0	Go	GAL	1	1	0.783	1	0.0	1	0.9875	0.9857698024319849	-0.014608626719844909
gd6lbuycu8vux2kk0dz46s2w	1	1	104	26	0	Go	GAL	1	1	0.557	1	0.0	1	0.9964	0.9952668936314146	-0.004774750759034939
gd6lbuycu8vux2kk0dz46s2w	1	1	107	27	0	Go	GAL	1	1	0.612	1	1.0	0	0.998	0.9978679390243181	-0.0021419183788093294
gd6lbuycu8vux2kk0dz46s2w	1	1	110	28	0	Go	GAL	1	1	0.491	1	0.0	1	0.9717	0.9720423228089953	-0.029260130879084783
gd6lbuycu8vux2kk0dz46s2w	1	1	115	29	0	Go	GAL	1	1	0.507	1	0.0	1	0.9926	0.9919549369722727	-0.008150716631090675
gd6lbuycu8vux2kk0dz46s2w	1	1	119	30	0	Go	GAL	1	1	0.469	1	0.0	1	0.9977	0.99675089205965	-0.0032696213643936363
gd6lbuycu8vux2kk0dz46s2w	1	1	1	1	1	No-Go	NGW	0	1	0.846	0	0.0	0	0.6214	0.6193136055989594	-0.5128650745240606
gd6lbuycu8vux2kk0dz46s2w	1	1	7	2	1	No-Go	NGW	0	0		1	0.0	1	0.2367	0.7623737356428801	-0.2875053741494192
gd6lbuycu8vux2kk0dz46s2w	1	1	12	3	1	No-Go	NGW	0	0		1	0.0	1	0.0631	0.9375709595231441	-0.06705093336619737
gd6lbuycu8vux2kk0dz46s2w	1	1	14	4	1	No-Go	NGW	0	0		1	0.0	1	0.0198	0.9802484358313756	-0.020386123888267788
gd6lbuycu8vux2kk0dz46s2w	1	1	18	5	1	No-Go	NGW	0	0		1	1.0	0	0.0073	0.9923934407326466	-0.007726288911304925
gd6lbuycu8vux2kk0dz46s2w	1	1	23	6	1	No-Go	NGW	0	0		1	0.0	1	0.0573	0.9399565300991062	-0.06319227413030577
gd6lbuycu8vux2kk0dz46s2w	1	1	25	7	1	No-Go	NGW	0	0		1	0.0	1	0.0174	0.9821422225026556	-0.018255904958094
gd6lbuycu8vux2kk0dz46s2w	1	1	29	8	1	No-Go	NGW	0	0		1	0.0	1	0.0064	0.9932121259067986	-0.00686496909691176
gd6lbuycu8vux2kk0dz46s2w	1	1	35	9	1	No-Go	NGW	0	0		1	1.0	0	0.0031	0.9969045605375894	-0.0031152794547607233
gd6lbuycu8vux2kk0dz46s2w	1	1	39	10	1	No-Go	NGW	0	0		1	0.0	1	0.0344	0.9692118517721877	-0.03164095283482736
gd6lbuycu8vux2kk0dz46s2w	1	1	42	11	1	No-Go	NGW	0	0		1	1.0	0	0.0096	0.9901724734264377	-0.00994405700140903
gd6lbuycu8vux2kk0dz46s2w	1	1	48	12	1	No-Go	NGW	0	0		1	0.0	1	0.0807	0.9126598729498686	-0.09372192952973583
gd6lbuycu8vux2kk0dz46s2w	1	1	50	13	1	No-Go	NGW	0	0		1	0.0	1	0.0217	0.9779732557493002	-0.022496264275520286
gd6lbuycu8vux2kk0dz46s2w	1	1	55	14	1	No-Go	NGW	0	0		1	0.0	1	0.0072	0.9923420487998287	-0.007734556617192364
gd6lbuycu8vux2kk0dz46s2w	1	1	60	15	1	No-Go	NGW	0	0		1	0.0	1	0.0032	0.9966676278299714	-0.003351064831661536
gd6lbuycu8vux2kk0dz46s2w	1	1	61	16	1	No-Go	NGW	0	0		1	0.0	1	0.0023	0.9982938837111819	-0.0017120632083941559
gd6lbuycu8vux2kk0dz46s2w	1	1	68	17	1	No-Go	NGW	0	0		1	1.0	0	0.0009	0.9990104387714113	-0.0009918726373823745
gd6lbuycu8vux2kk0dz46s2w	1	1	72	18	1	No-Go	NGW	0	0		1	0.0	1	0.0125	0.9872536419859803	-0.012925199545402227
gd6lbuycu8vux2kk0dz46s2w	1	1	75	19	1	No-Go	NGW	0	0		1	0.0	1	0.0043	0.9953698640733233	-0.004658853543050573
gd6lbuycu8vux2kk0dz46s2w	1	1	80	20	1	No-Go	NGW	0	0		1	0.0	1	0.0022	0.99785265876858	-0.002155081505713415
gd6lbuycu8vux2kk0dz46s2w	1	1	83	21	1	No-Go	NGW	0	0		1	1.0	0	0.0011	0.9988273121450612	-0.0011754691955847406
gd6lbuycu8vux2kk0dz46s2w	1	1	87	22	1	No-Go	NGW	0	0		1	0.0	1	0.0151	0.9841262671056417	-0.016161182265569216
gd6lbuycu8vux2kk0dz46s2w	1	1	90	23	1	No-Go	NGW	0	0		1	0.0	1	0.0054	0.994666728262787	-0.0053701123560404304
gd6lbuycu8vux2kk0dz46s2w	1	1	96	24	1	No-Go	NGW	0	0		1	0.0	1	0.0017	0.9976342509746028	-0.002374731922771436
gd6lbuycu8vux2kk0dz46s2w	1	1	100	25	1	No-Go	NGW	0	0		1	0.0	1	0.0014	0.9987428209091651	-0.0012602482290136007
gd6lbuycu8vux2kk0dz46s2w	1	1	103	26	1	No-Go	NGW	0	0		1	0.0	1	0.001	0.9992396233204123	-0.0007616850598269323
gd6lbuycu8vux2kk0dz46s2w	1	1	106	27	1	No-Go	NGW	0	0		1	1.0	0	0.0005	0.9994925834023932	-0.000508073309963895
gd6lbuycu8vux2kk0dz46s2w	1	1	112	28	1	No-Go	NGW	0	0		1	0.0	1	0.0067	0.9919653982001979	-0.008123040470623512
gd6lbuycu8vux2kk0dz46s2w	1	1	113	29	1	No-Go	NGW	0	0		1	0.0	1	0.0036	0.9969381315546533	-0.0030760412845125184
gd6lbuycu8vux2kk0dz46s2w	1	1	117	30	1	No-Go	NGW	0	0		1	0.0	1	0.0016	0.9985009478131874	-0.0015031103832964462
gd6lbuycu8vux2kk0dz46s2w	1	1	3	1	1	Go	GW	1	0		0	1.0	1	0.6282	0.3806863944010404	-1.0504382846872793
gd6lbuycu8vux2kk0dz46s2w	1	1	8	2	1	Go	GW	1	0		0	0.0	0	0.2454	0.7623737356428801	-0.2875053741494192
gd6lbuycu8vux2kk0dz46s2w	1	1	11	3	1	Go	GW	1	1	0.867	1	0.0	1	0.6908	0.6937470061801464	-0.3923064919929735
gd6lbuycu8vux2kk0dz46s2w	1	1	13	4	1	Go	GW	1	1	1.125	1	0.0	1	0.9621	0.9617345216480099	-0.04077407343887033
gd6lbuycu8vux2kk0dz46s2w	1	1	19	5	1	Go	GW	1	1	0.719	1	0.0	1	0.991	0.9905983891896282	-0.009667764615798807
gd6lbuycu8vux2kk0dz46s2w	1	1	21	6	1	Go	GW	1	1	0.495	1	0.0	1	0.997	0.9966965984602825	-0.003349208674968096
gd6lbuycu8vux2kk0dz46s2w	1	1	26	7	1	Go	GW	1	1	0.487	1	1.0	0	0.9985	0.9985225507947562	-0.001488102417774352
gd6lbuycu8vux2kk0dz46s2w	1	1	31	8	1	Go	GW	1	1	0.46	1	0.0	1	0.9854	0.9826276037151298	-0.017844896436073624
gd6lbuycu8vux2kk0dz46s2w	1	1	36	9	1	Go	GW	1	1	0.464	1	0.0	1	0.9958	0.9954815620373416	-0.004575565857464782
gd6lbuycu8vux2kk0dz46s2w	1	1	38	10	1	Go	GW	1	1	0.489	1	0.0	1	0.9984	0.9981895339511259	-0.001822671647127287
gd6lbuycu8vux2kk0dz46s2w	1	1	41	11	1	Go	GW	1	1	0.864	1	0.0	1	0.9995	0.9990799125280184	-0.0009235427666722642
gd6lbuycu8vux2kk0dz46s2w	1	1	47	12	1	Go	GW	1	1	0.323	1	0.0	1	0.9993	0.999441709309412	-0.0005595296469201853
gd6lbuycu8vux2kk0dz46s2w	1	1	51	13	1	Go	GW	1	1	0.468	1	1.0	0	0.9994	0.999610450323519	-0.00039011519406769964
gd6lbuycu8vux2kk0dz46s2w	1	1	53	14	1	Go	GW	1	1	0.372	1	0.0	1	0.993	0.9926794395096693	-0.007426253364615775
gd6lbuycu8vux2kk0dz46s2w	1	1	57	15	1	Go	GW	1	1	0.54	1	0.0	1	0.9988	0.9980702468307052	-0.0019378638259112564
gd6lbuycu8vux2kk0dz46s2w	1	1	62	16	1	Go	GW	1	1	0.402	1	1.0	0	0.9993	0.9991070796122175	-0.0008950239037007117
gd6lbuycu8vux2kk0dz46s2w	1	1	67	17	1	Go	GW	1	1	0.781	1	0.0	1	0.9861	0.9847254499738216	-0.015670792442596098
gd6lbuycu8vux2kk0dz46s2w	1	1	70	18	1	Go	GW	1	1	0.476	1	0.0	1	0.9974	0.9966707975157433	-0.0033524644737188674
gd6lbuycu8vux2kk0dz46s2w	1	1	76	19	1	Go	GW	1	1	0.706	1	0.0	1	0.9991	0.9986745616555283	-0.0013300015382583176
gd6lbuycu8vux2kk0dz46s2w	1	1	77	20	1	Go	GW	1	1	0.44	1	0.0	1	0.9992	0.9992954404796055	-0.0007059847031608169
gd6lbuycu8vux2kk0dz46s2w	1	1	81	21	1	Go	GW	1	1	0.517	1	0.0	1	0.9995	0.9995466107897215	-0.0004540069381066105
gd6lbuycu8vux2kk0dz46s2w	1	1	86	22	1	Go	GW	1	1	0.439	1	1.0	0	0.9997	0.9996656705911937	-0.0003346813632480026
gd6lbuycu8vux2kk0dz46s2w	1	1	92	23	1	Go	GW	1	1	0.44	1	0.0	1	0.9929	0.9930452986745714	-0.007056761418304456
gd6lbuycu8vux2kk0dz46s2w	1	1	94	24	1	Go	GW	1	1	0.443	1	0.0	1	0.9988	0.9982320476405581	-0.0017745356724115425
gd6lbuycu8vux2kk0dz46s2w	1	1	99	25	1	Go	GW	1	1	0.339	1	0.0	1	0.9996	0.9991823966615362	-0.0008192480971655115
gd6lbuycu8vux2kk0dz46s2w	1	1	102	26	1	Go	GW	1	1	0.372	1	0.0	1	0.9993	0.999507039182162	-0.0004936235730530323
gd6lbuycu8vux2kk0dz46s2w	1	1	108	27	1	Go	GW	1	1	0.547	1	1.0	0	0.9993	0.9996489651798316	-0.0003514023826606128
gd6lbuycu8vux2kk0dz46s2w	1	1	111	28	1	Go	GW	1	1	0.452	1	0.0	1	0.9935	0.9925770362201354	-0.007538706183362315
gd6lbuycu8vux2kk0dz46s2w	1	1	116	29	1	Go	GW	1	1	0.458	1	0.0	1	0.9977	0.9981763196695814	-0.0018306291023796797
gd6lbuycu8vux2kk0dz46s2w	1	1	118	30	1	Go	GW	1	1	0.371	1	0.0	1	0.999	0.9991719946845771	-0.0008296606550937317
gd6lbuycu8vux2kk0dz46s2w	1	1	2	1	0	No-Go	NGAL	0	0		1	0.0	1	0.5875	0.41630332890382743	-0.906714611838838
gd6lbuycu8vux2kk0dz46s2w	1	1	5	2	0	No-Go	NGAL	0	0		1	0.0	1	0.2077	0.7913584740160131	-0.24474880642906505
gd6lbuycu8vux2kk0dz46s2w	1	1	10	3	0	No-Go	NGAL	0	0		1	0.0	1	0.0711	0.9295503617980149	-0.07576249605655568
gd6lbuycu8vux2kk0dz46s2w	1	1	15	4	0	No-Go	NGAL	0	0		1	0.0	1	0.0292	0.9723327283679101	-0.0287284503131789
gd6lbuycu8vux2kk0dz46s2w	1	1	17	5	0	No-Go	NGAL	0	0		1	1.0	0	0.0112	0.9872717699552451	-0.013003106858430372
gd6lbuycu8vux2kk0dz46s2w	1	1	24	6	0	No-Go	NGAL	0	0		1	0.0	1	0.0514	0.947966070081167	-0.054796805621960244
gd6lbuycu8vux2kk0dz46s2w	1	1	27	7	0	No-Go	NGAL	0	0		1	0.0	1	0.0195	0.9805927535260911	-0.019817806264857667
gd6lbuycu8vux2kk0dz46s2w	1	1	30	8	0	No-Go	NGAL	0	0		1	1.0	0	0.007	0.9910505475655271	-0.009051771909285208
gd6lbuycu8vux2kk0dz46s2w	1	1	34	9	0	No-Go	NGAL	0	0		1	0.0	1	0.0515	0.9484643106709632	-0.056270867763864925
gd6lbuycu8vux2kk0dz46s2w	1	1	40	10	0	No-Go	NGAL	0	0		1	0.0	1	0.0182	0.9823440509181124	-0.01807428100698008
gd6lbuycu8vux2kk0dz46s2w	1	1	44	11	0	No-Go	NGAL	0	0		1	0.0	1	0.0092	0.9922081919495293	-0.007871000099416731
gd6lbuycu8vux2kk0dz46s2w	1	1	45	12	0	No-Go	NGAL	0	0		1	0.0	1	0.0048	0.9958251360954719	-0.004199331086664266
gd6lbuycu8vux2kk0dz46s2w	1	1	49	13	0	No-Go	NGAL	0	0		1	0.0	1	0.0021	0.9974189457625949	-0.002591535490339943
gd6lbuycu8vux2kk0dz46s2w	1	1	56	14	0	No-Go	NGAL	0	0		1	1.0	0	0.0021	0.9982226918779689	-0.0017829408562861425
gd6lbuycu8vux2kk0dz46s2w	1	1	59	15	0	No-Go	NGAL	0	0		1	0.0	1	0.0124	0.9878363956480989	-0.01243963132718699
gd6lbuycu8vux2kk0dz46s2w	1	1	64	16	0	No-Go	NGAL	0	0		1	1.0	0	0.0048	0.9946715255819523	-0.005370905997485507
gd6lbuycu8vux2kk0dz46s2w	1	1	65	17	0	No-Go	NGAL	0	0		1	0.0	1	0.0435	0.9558150928093151	-0.05112580824016292
gd6lbuycu8vux2kk0dz46s2w	1	1	71	18	0	No-Go	NGAL	0	0		1	0.0	1	0.0149	0.9861874199458897	-0.014199195624893064
gd6lbuycu8vux2kk0dz46s2w	1	1	74	19	0	No-Go	NGAL	0	0		1	0.0	1	0.0067	0.9941599027836828	-0.00589496257515515
gd6lbuycu8vux2kk0dz46s2w	1	1	78	20	0	No-Go	NGAL	0	0		1	0.0	1	0.0027	0.9968717006956175	-0.003143329848746463
gd6lbuycu8vux2kk0dz46s2w	1	1	82	21	0	No-Go	NGAL	0	0		1	0.0	1	0.0015	0.9980228267211428	-0.0019835471071885605
gd6lbuycu8vux2kk0dz46s2w	1	1	85	22	0	No-Go	NGAL	0	0		1	1.0	0	0.0006	0.9985947821154366	-0.0014088108345815427
gd6lbuycu8vux2kk0dz46s2w	1	1	89	23	0	No-Go	NGAL	0	0		1	0.0	1	0.0123	0.9887700581423111	-0.011516778927385087
gd6lbuycu8vux2kk0dz46s2w	1	1	93	24	0	No-Go	NGAL	0	0		1	0.0	1	0.0048	0.9951996282293054	-0.004839719433710564
gd6lbuycu8vux2kk0dz46s2w	1	1	98	25	0	No-Go	NGAL	0	0		1	0.0	1	0.0026	0.9973593368872633	-0.0026520107774788294
gd6lbuycu8vux2kk0dz46s2w	1	1	101	26	0	No-Go	NGAL	0	0		1	0.0	1	0.0024	0.9982831072561322	-0.0017220062639499037
gd6lbuycu8vux2kk0dz46s2w	1	1	105	27	0	No-Go	NGAL	0	0		1	0.0	1	0.001	0.9987480857219805	-0.0012549478825061688
gd6lbuycu8vux2kk0dz46s2w	1	1	109	28	0	No-Go	NGAL	0	0		1	0.0	1	0.0008	0.9990102394327561	-0.0009918947856075056
gd6lbuycu8vux2kk0dz46s2w	1	1	114	29	0	No-Go	NGAL	0	0		1	1.0	0	0.0007	0.9991706186777494	-0.0008310539490824912
gd6lbuycu8vux2kk0dz46s2w	1	1	120	30	0	No-Go	NGAL	0	0		1	0.0	1	0.0058	0.9937134362702366	-0.00637755637618349
gd6lbuycu8vux2kk0dz46s2w	1	2	121	1	0	Go	GAL	1	0		0	0.0	0	0.5886	0.41630332890382743	-0.906714611838838
gd6lbuycu8vux2kk0dz46s2w	1	2	125	2	0	Go	GAL	1	1	0.462	1	0.0	1	0.7849	0.7896305717349436	-0.24945531603279647
gd6lbuycu8vux2kk0dz46s2w	1	2	130	3	0	Go	GAL	1	1	0.299	1	1.0	0	0.9499	0.9455192875969367	-0.058113733937015175
gd6lbuycu8vux2kk0dz46s2w	1	2	134	4	0	Go	GAL	1	1	0.436	1	0.0	1	0.7285	0.730415922797944	-0.3329210149904805
gd6lbuycu8vux2kk0dz46s2w	1	2	139	5	0	Go	GAL	1	1	0.48	1	0.0	1	0.9355	0.9328906604311851	-0.07208641544261296
gd6lbuycu8vux2kk0dz46s2w	1	2	143	6	0	Go	GAL	1	1	0.378	1	0.0	1	0.9804	0.9794006117457109	-0.021283039145491726
gd6lbuycu8vux2kk0dz46s2w	1	2	145	7	0	Go	GAL	1	1	0.388	1	1.0	0	0.9928	0.9921211846540627	-0.008014538033524875
gd6lbuycu8vux2kk0dz46s2w	1	2	150	8	0	Go	GAL	1	1	0.382	1	0.0	1	0.94	0.938002136501922	-0.06584007600591038
gd6lbuycu8vux2kk0dz46s2w	1	2	154	9	0	Go	GAL	1	1	0.408	1	0.0	1	0.9835	0.9818938392780079	-0.018565018632376834
gd6lbuycu8vux2kk0dz46s2w	1	2	160	10	0	Go	GAL	1	1	0.507	1	0.0	1	0.9929	0.9931176844949343	-0.00697372411238416
gd6lbuycu8vux2kk0dz46s2w	1	2	162	11	0	Go	GAL	1	1	0.327	1	0.0	1	0.9967	0.9968333087276793	-0.003191380801525173
gd6lbuycu8vux2kk0dz46s2w	1	2	165	12	0	Go	GAL	1	1	0.418	1	0.0	1	0.9983	0.9983157513863109	-0.0016925734497464946
gd6lbuycu8vux2kk0dz46s2w	1	2	169	13	0	Go	GAL	1	1	0.276	1	0.0	1	0.999	0.9989951839844563	-0.001008167382652227
gd6lbuycu8vux2kk0dz46s2w	1	2	174	14	0	Go	GAL	1	1	0.864	1	0.0	1	0.9991	0.9993417456742009	-0.0006598196621296033
gd6lbuycu8vux2kk0dz46s2w	1	2	177	15	0	Go	GAL	1	1	0.329	1	1.0	0	0.9997	0.9995341503707965	-0.00046668029218771627
gd6lbuycu8vux2kk0dz46s2w	1	2	181	16	0	Go	GAL	1	1	0.354	1	0.0	1	0.9927	0.9930534799667983	-0.007038436054324419
gd6lbuycu8vux2kk0dz46s2w	1	2	186	17	0	Go	GAL	1	1	0.406	1	0.0	1	0.996	0.9971780454005369	-0.0028382027094785217
gd6lbuycu8vux2kk0dz46s2w	1	2	192	18	0	Go	GAL	1	1	0.421	1	0.0	1	0.9988	0.9985508939017884	-0.0014541650189770455
gd6lbuycu8vux2kk0dz46s2w	1	2	196	19	0	Go	GAL	1	1	0.465	1	0.0	1	0.9991	0.9991353552622173	-0.0008667365241314186
gd6lbuycu8vux2kk0dz46s2w	1	2	197	20	0	Go	GAL	1	1	0.447	1	1.0	0	0.9993	0.9994255435591182	-0.0005754962642393121
gd6lbuycu8vux2kk0dz46s2w	1	2	204	21	0	Go	GAL	1	1	0.269	1	0.0	1	0.9901	0.9908107156247068	-0.009359062384495185
gd6lbuycu8vux2kk0dz46s2w	1	2	207	22	0	Go	GAL	1	1	0.331	1	0.0	1	0.9974	0.9966146356080848	-0.0034083846076225117
gd6lbuycu8vux2kk0dz46s2w	1	2	212	23	0	Go	GAL	1	1	0.4	1	0.0	1	0.9988	0.9983587935092277	-0.0016474583712516415
gd6lbuycu8vux2kk0dz46s2w	1	2	214	24	0	Go	GAL	1	1	0.272	1	1.0	0	0.9991	0.9990552648962201	-0.0009471359651620395
gd6lbuycu8vux2kk0dz46s2w	1	2	218	25	0	Go	GAL	1	1	0.323	1	0.0	1	0.9856	0.9857698024319849	-0.014608626719844909
gd6lbuycu8vux2kk0dz46s2w	1	2	222	26	0	Go	GAL	1	1	0.578	1	0.0	1	0.995	0.9952668936314146	-0.004774750759034939
gd6lbuycu8vux2kk0dz46s2w	1	2	226	27	0	Go	GAL	1	1	0.393	1	1.0	0	0.9972	0.9978679390243181	-0.0021419183788093294
gd6lbuycu8vux2kk0dz46s2w	1	2	231	28	0	Go	GAL	1	1	0.458	1	0.0	1	0.9721	0.9720423228089953	-0.029260130879084783
gd6lbuycu8vux2kk0dz46s2w	1	2	233	29	0	Go	GAL	1	1	0.294	1	0.0	1	0.9916	0.9919549369722727	-0.008150716631090675
gd6lbuycu8vux2kk0dz46s2w	1	2	237	30	0	Go	GAL	1	1	0.312	1	0.0	1	0.996	0.99675089205965	-0.0032696213643936363
gd6lbuycu8vux2kk0dz46s2w	1	2	122	1	1	No-Go	NGW	0	0		1	0.0	1	0.6218	0.3806863944010404	-1.0504382846872793
gd6lbuycu8vux2kk0dz46s2w	1	2	126	2	1	No-Go	NGW	0	0		1	0.0	1	0.2341	0.7623737356428801	-0.2875053741494192
gd6lbuycu8vux2kk0dz46s2w	1	2	132	3	1	No-Go	NGW	0	0		1	0.0	1	0.0841	0.9196421160297344	-0.08693558282104678
gd6lbuycu8vux2kk0dz46s2w	1	2	136	4	1	No-Go	NGW	0	0		1	0.0	1	0.0316	0.9691738618713621	-0.03198183263839655
gd6lbuycu8vux2kk0dz46s2w	1	2	140	5	1	No-Go	NGW	0	0		1	1.0	0	0.0157	0.9861929204424987	-0.01407358729597546
gd6lbuycu8vux2kk0dz46s2w	1	2	141	6	1	No-Go	NGW	0	0		1	0.0	1	0.1425	0.8567577622841791	-0.1597623317512542
gd6lbuycu8vux2kk0dz46s2w	1	2	146	7	1	No-Go	NGW	0	0		1	0.0	1	0.0453	0.9535052727236758	-0.04833609946263469
gd6lbuycu8vux2kk0dz46s2w	1	2	151	8	1	No-Go	NGW	0	0		1	0.0	1	0.0205	0.9813588484298851	-0.018999365852763912
gd6lbuycu8vux2kk0dz46s2w	1	2	155	9	1	No-Go	NGW	0	0		1	1.0	0	0.0085	0.9910589284091591	-0.009038702446796611
gd6lbuycu8vux2kk0dz46s2w	1	2	157	10	1	No-Go	NGW	0	0		1	0.0	1	0.1164	0.8855423236094407	-0.1275301446300053
gd6lbuycu8vux2kk0dz46s2w	1	2	163	11	1	No-Go	NGW	0	0		1	1.0	0	0.0364	0.9634401877582399	-0.037750713555218425
gd6lbuycu8vux2kk0dz46s2w	1	2	167	12	1	No-Go	NGW	0	0		1	0.0	1	0.313	0.6967250016118522	-0.4216941730239318
gd6lbuycu8vux2kk0dz46s2w	1	2	171	13	1	No-Go	NGW	0	0		1	0.0	1	0.0928	0.9097777797692373	-0.09706510729842985
gd6lbuycu8vux2kk0dz46s2w	1	2	176	14	1	No-Go	NGW	0	0		1	0.0	1	0.0298	0.969237600009672	-0.03161076422239274
gd6lbuycu8vux2kk0dz46s2w	1	2	179	15	1	No-Go	NGW	0	0		1	0.0	1	0.0132	0.9868947644925136	-0.013286654985323344
gd6lbuycu8vux2kk0dz46s2w	1	2	184	16	1	No-Go	NGW	0	0		1	0.0	1	0.0071	0.9933464474082925	-0.006708301366439087
gd6lbuycu8vux2kk0dz46s2w	1	2	187	17	1	No-Go	NGW	0	0		1	1.0	0	0.0047	0.9961328481189048	-0.0038882642448932864
gd6lbuycu8vux2kk0dz46s2w	1	2	191	18	1	No-Go	NGW	0	0		1	0.0	1	0.0589	0.9365862616700357	-0.06819862547907184
gd6lbuycu8vux2kk0dz46s2w	1	2	193	19	1	No-Go	NGW	0	0		1	0.0	1	0.022	0.9783077003132706	-0.022181807536982047
gd6lbuycu8vux2kk0dz46s2w	1	2	200	20	1	No-Go	NGW	0	0		1	0.0	1	0.0117	0.9904177069202745	-0.009687774603160603
gd6lbuycu8vux2kk0dz46s2w	1	2	201	21	1	No-Go	NGW	0	0		1	1.0	0	0.0048	0.9949128466945427	-0.005121111162519929
gd6lbuycu8vux2kk0dz46s2w	1	2	206	22	1	No-Go	NGW	0	0		1	0.0	1	0.0802	0.9174880615151902	-0.09164877816386818
gd6lbuycu8vux2kk0dz46s2w	1	2	210	23	1	No-Go	NGW	0	0		1	0.0	1	0.0273	0.9735982110743824	-0.027144726210571058
gd6lbuycu8vux2kk0dz46s2w	1	2	213	24	1	No-Go	NGW	0	0		1	0.0	1	0.0101	0.9889380635703974	-0.011201489965212245
gd6lbuycu8vux2kk0dz46s2w	1	2	220	25	1	No-Go	NGW	0	0		1	0.0	1	0.0048	0.9943347908308465	-0.005706684540220819
gd6lbuycu8vux2kk0dz46s2w	1	2	221	26	1	No-Go	NGW	0	0		1	0.0	1	0.0028	0.9966457787594496	-0.0033706623403186235
gd6lbuycu8vux2kk0dz46s2w	1	2	227	27	1	No-Go	NGW	0	0		1	1.0	0	0.0022	0.9977849037637163	-0.002223082291355593
gd6lbuycu8vux2kk0dz46s2w	1	2	230	28	1	No-Go	NGW	0	0		1	0.0	1	0.0441	0.9558749438577011	-0.04709282140415453
gd6lbuycu8vux2kk0dz46s2w	1	2	236	29	1	No-Go	NGW	0	0		1	0.0	1	0.015	0.9844055205846612	-0.01589562176008221
gd6lbuycu8vux2kk0dz46s2w	1	2	240	30	1	No-Go	NGW	0	0		1	0.0	1	0.0057	0.9927975533729126	-0.0072700540358215
gd6lbuycu8vux2kk0dz46s2w	1	2	124	1	1	Go	GW	1	1	0.48	1	1.0	0	0.6154	0.6193136055989594	-0.5128650745240606
gd6lbuycu8vux2kk0dz46s2w	1	2	127	2	1	Go	GW	1	1	0.356	1	0.0	1	0.2424	0.2376262643571198	-1.6171131937780867
gd6lbuycu8vux2kk0dz46s2w	1	2	129	3	1	Go	GW	1	1	0.456	1	0.0	1	0.8581	0.8607946255593537	-0.16868782584576528
gd6lbuycu8vux2kk0dz46s2w	1	2	135	4	1	Go	GW	1	1	0.546	1	0.0	1	0.9719	0.9705948302884808	-0.03178717386630268
gd6lbuycu8vux2kk0dz46s2w	1	2	138	5	1	Go	GW	1	1	0.318	1	0.0	1	0.9932	0.9911737570627794	-0.009145736231971091
gd6lbuycu8vux2kk0dz46s2w	1	2	144	6	1	Go	GW	1	1	0.38	1	0.0	1	0.9964	0.9965737437850024	-0.0034863814054393602
gd6lbuycu8vux2kk0dz46s2w	1	2	148	7	1	Go	GW	1	1	0.402	1	1.0	0	0.9983	0.998366408105375	-0.0016481087693229395
gd6lbuycu8vux2kk0dz46s2w	1	2	149	8	1	Go	GW	1	1	0.418	1	0.0	1	0.98	0.9786260854858291	-0.022177927770489842
gd6lbuycu8vux2kk0dz46s2w	1	2	156	9	1	Go	GW	1	1	0.33	1	0.0	1	0.9938	0.9944775359056828	-0.005609656143668265
gd6lbuycu8vux2kk0dz46s2w	1	2	159	10	1	Go	GW	1	1	0.381	1	0.0	1	0.9975	0.9977562731692098	-0.0022621719286243275
gd6lbuycu8vux2kk0dz46s2w	1	2	164	11	1	Go	GW	1	1	0.36	1	0.0	1	0.998	0.9988404322558301	-0.0011647737948483937
gd6lbuycu8vux2kk0dz46s2w	1	2	168	12	1	Go	GW	1	1	0.334	1	0.0	1	0.9992	0.9992832953524831	-0.0007185930101458596
gd6lbuycu8vux2kk0dz46s2w	1	2	172	13	1	Go	GW	1	1	0.441	1	1.0	0	1.0	0.9994905902532835	-0.0005103003202561764
gd6lbuycu8vux2kk0dz46s2w	1	2	173	14	1	Go	GW	1	1	0.891	1	0.0	1	0.9883	0.9891648057838748	-0.011113431332885119
gd6lbuycu8vux2kk0dz46s2w	1	2	178	15	1	Go	GW	1	1	0.49	1	0.0	1	0.9974	0.9973393515539963	-0.0026754976741119613
gd6lbuycu8vux2kk0dz46s2w	1	2	182	16	1	Go	GW	1	1	0.411	1	1.0	0	0.9986	0.9987915886583262	-0.001211996281386502
gd6lbuycu8vux2kk0dz46s2w	1	2	185	17	1	Go	GW	1	1	0.527	1	0.0	1	0.9777	0.9772116649293763	-0.023827801617743546
gd6lbuycu8vux2kk0dz46s2w	1	2	189	18	1	Go	GW	1	1	0.455	1	0.0	1	0.9953	0.9953525598076247	-0.004691658333553888
gd6lbuycu8vux2kk0dz46s2w	1	2	195	19	1	Go	GW	1	1	0.369	1	0.0	1	0.9981	0.9981953662835414	-0.001812519391859542
gd6lbuycu8vux2kk0dz46s2w	1	2	199	20	1	Go	GW	1	1	0.368	1	0.0	1	0.9991	0.9990480240332922	-0.0009543615705933917
gd6lbuycu8vux2kk0dz46s2w	1	2	202	21	1	Go	GW	1	1	0.348	1	0.0	1	0.9992	0.9993867842215386	-0.0006142535465737721
gd6lbuycu8vux2kk0dz46s2w	1	2	205	22	1	Go	GW	1	1	0.274	1	1.0	0	0.9999	0.9995455511171986	-0.00045505407855731694
gd6lbuycu8vux2kk0dz46s2w	1	2	211	23	1	Go	GW	1	1	0.303	1	0.0	1	0.9893	0.9894326681077186	-0.010847017456647205
gd6lbuycu8vux2kk0dz46s2w	1	2	215	24	1	Go	GW	1	1	0.323	1	0.0	1	0.9981	0.997497733519641	-0.0025151875836812022
gd6lbuycu8vux2kk0dz46s2w	1	2	219	25	1	Go	GW	1	1	0.427	1	0.0	1	0.9992	0.9988700549863392	-0.0011329113244393453
gd6lbuycu8vux2kk0dz46s2w	1	2	224	26	1	Go	GW	1	1	0.393	1	0.0	1	0.9995	0.9993238894033857	-0.000677277454624843
gd6lbuycu8vux2kk0dz46s2w	1	2	225	27	1	Go	GW	1	1	0.658	1	1.0	0	0.9992	0.9995186438263397	-0.0004820061432578179
gd6lbuycu8vux2kk0dz46s2w	1	2	229	28	1	Go	GW	1	1	0.404	1	0.0	1	0.9875	0.9886708601851653	-0.011648028574670297
gd6lbuycu8vux2kk0dz46s2w	1	2	235	29	1	Go	GW	1	1	0.337	1	0.0	1	0.9981	0.9974049562471078	-0.002608954092445403
gd6lbuycu8vux2kk0dz46s2w	1	2	238	30	1	Go	GW	1	1	0.345	1	0.0	1	0.9983	0.9988508365898712	-0.0011521975598780463
gd6lbuycu8vux2kk0dz46s2w	1	2	123	1	0	No-Go	NGAL	0	0		1	0.0	1	0.586	0.41630332890382743	-0.906714611838838
gd6lbuycu8vux2kk0dz46s2w	1	2	128	2	0	No-Go	NGAL	0	0		1	0.0	1	0.2043	0.7913584740160131	-0.24474880642906505
gd6lbuycu8vux2kk0dz46s2w	1	2	131	3	0	No-Go	NGAL	0	0		1	0.0	1	0.0706	0.9295503617980149	-0.07576249605655568
gd6lbuycu8vux2kk0dz46s2w	1	2	133	4	0	No-Go	NGAL	0	0		1	0.0	1	0.0293	0.9723327283679101	-0.0287284503131789
gd6lbuycu8vux2kk0dz46s2w	1	2	137	5	0	No-Go	NGAL	0	0		1	1.0	0	0.0118	0.9872717699552451	-0.013003106858430372
gd6lbuycu8vux2kk0dz46s2w	1	2	142	6	0	No-Go	NGAL	0	0		1	0.0	1	0.0521	0.947966070081167	-0.054796805621960244
gd6lbuycu8vux2kk0dz46s2w	1	2	147	7	0	No-Go	NGAL	0	0		1	0.0	1	0.019	0.9805927535260911	-0.019817806264857667
gd6lbuycu8vux2kk0dz46s2w	1	2	152	8	0	No-Go	NGAL	0	0		1	1.0	0	0.0089	0.9910505475655271	-0.009051771909285208
gd6lbuycu8vux2kk0dz46s2w	1	2	153	9	0	No-Go	NGAL	0	0		1	0.0	1	0.0531	0.9484643106709632	-0.056270867763864925
gd6lbuycu8vux2kk0dz46s2w	1	2	158	10	0	No-Go	NGAL	0	0		1	0.0	1	0.0184	0.9823440509181124	-0.01807428100698008
gd6lbuycu8vux2kk0dz46s2w	1	2	161	11	0	No-Go	NGAL	0	0		1	0.0	1	0.0067	0.9922081919495293	-0.007871000099416731
gd6lbuycu8vux2kk0dz46s2w	1	2	166	12	0	No-Go	NGAL	0	0		1	0.0	1	0.0032	0.9958251360954719	-0.004199331086664266
gd6lbuycu8vux2kk0dz46s2w	1	2	170	13	0	No-Go	NGAL	0	0		1	0.0	1	0.002	0.9974189457625949	-0.002591535490339943
gd6lbuycu8vux2kk0dz46s2w	1	2	175	14	0	No-Go	NGAL	0	0		1	1.0	0	0.0018	0.9982226918779689	-0.0017829408562861425
gd6lbuycu8vux2kk0dz46s2w	1	2	180	15	0	No-Go	NGAL	0	0		1	0.0	1	0.0119	0.9878363956480989	-0.01243963132718699
gd6lbuycu8vux2kk0dz46s2w	1	2	183	16	0	No-Go	NGAL	0	0		1	1.0	0	0.0049	0.9946715255819523	-0.005370905997485507
gd6lbuycu8vux2kk0dz46s2w	1	2	188	17	0	No-Go	NGAL	0	0		1	0.0	1	0.042	0.9558150928093151	-0.05112580824016292
gd6lbuycu8vux2kk0dz46s2w	1	2	190	18	0	No-Go	NGAL	0	0		1	0.0	1	0.0159	0.9861874199458897	-0.014199195624893064
gd6lbuycu8vux2kk0dz46s2w	1	2	194	19	0	No-Go	NGAL	0	0		1	0.0	1	0.0066	0.9941599027836828	-0.00589496257515515
gd6lbuycu8vux2kk0dz46s2w	1	2	198	20	0	No-Go	NGAL	0	0		1	0.0	1	0.0037	0.9968717006956175	-0.003143329848746463
gd6lbuycu8vux2kk0dz46s2w	1	2	203	21	0	No-Go	NGAL	0	0		1	0.0	1	0.0027	0.9980228267211428	-0.0019835471071885605
gd6lbuycu8vux2kk0dz46s2w	1	2	208	22	0	No-Go	NGAL	0	0		1	1.0	0	0.001	0.9985947821154366	-0.0014088108345815427
gd6lbuycu8vux2kk0dz46s2w	1	2	209	23	0	No-Go	NGAL	0	0		1	0.0	1	0.011	0.9887700581423111	-0.011516778927385087
gd6lbuycu8vux2kk0dz46s2w	1	2	216	24	0	No-Go	NGAL	0	0		1	0.0	1	0.0055	0.9951996282293054	-0.004839719433710564
gd6lbuycu8vux2kk0dz46s2w	1	2	217	25	0	No-Go	NGAL	0	0		1	0.0	1	0.0023	0.9973593368872633	-0.0026520107774788294
gd6lbuycu8vux2kk0dz46s2w	1	2	223	26	0	No-Go	NGAL	0	0		1	0.0	1	0.0015	0.9982831072561322	-0.0017220062639499037
gd6lbuycu8vux2kk0dz46s2w	1	2	228	27	0	No-Go	NGAL	0	1	0.429	0	0.0	0	0.002	0.0012519142780195252	-7.971631945703042
gd6lbuycu8vux2kk0dz46s2w	1	2	232	28	0	No-Go	NGAL	0	0		1	0.0	1	0.0002	0.9997246516860234	-0.00027556379174894824
gd6lbuycu8vux2kk0dz46s2w	1	2	234	29	0	No-Go	NGAL	0	0		1	1.0	0	0.0001	0.9997802123026533	-0.00021994244540678295
gd6lbuycu8vux2kk0dz46s2w	1	2	239	30	0	No-Go	NGAL	0	0		1	0.0	1	0.0017	0.9985883850005064	-0.0014164002568888695
i1tfnk9rd0znvar0osctyab8	1	1	4	1	1	No-Go	NGW	0	0		1	0.0	1	0.5742	0.42944927486884815	-0.8987151470199076
i1tfnk9rd0znvar0osctyab8	1	1	7	2	1	No-Go	NGW	0	0		1	1.0	0	0.4707	0.5346510447157657	-0.6580163742042776
i1tfnk9rd0znvar0osctyab8	1	1	10	3	1	No-Go	NGW	0	1	0.614	0	0.0	0	0.5803	0.5790788408965617	-0.5766883360224291
i1tfnk9rd0znvar0osctyab8	1	1	15	4	1	No-Go	NGW	0	1	0.475	0	0.0	0	0.4786	0.47421813407635866	-0.7883221583183453
i1tfnk9rd0znvar0osctyab8	1	1	20	5	1	No-Go	NGW	0	1	0.496	0	0.0	0	0.3807	0.37939075107581693	-1.0262639249433196
i1tfnk9rd0znvar0osctyab8	1	1	21	6	1	No-Go	NGW	0	0		1	1.0	0	0.3006	0.700362479531424	-0.3697438119873946
i1tfnk9rd0znvar0osctyab8	1	1	25	7	1	No-Go	NGW	0	0		1	0.0	1	0.3959	0.6052778577131639	-0.5255746619987057
i1tfnk9rd0znvar0osctyab8	1	1	32	8	1	No-Go	NGW	0	0		1	0.0	1	0.2894	0.7091511331931825	-0.3565337208727545
i1tfnk9rd0znvar0osctyab8	1	1	34	9	1	No-Go	NGW	0	0		1	0.0	1	0.2186	0.7880277535154613	-0.24594399223727292
i1tfnk9rd0znvar0osctyab8	1	1	40	10	1	No-Go	NGW	0	0		1	0.0	1	0.154	0.8451402724926423	-0.1730188306427412
i1tfnk9rd0znvar0osctyab8	1	1	44	11	1	No-Go	NGW	0	1	0.789	0	0.0	0	0.1143	0.11426554075666787	-2.3430505959755967
i1tfnk9rd0znvar0osctyab8	1	1	45	12	1	No-Go	NGW	0	0		1	1.0	0	0.0861	0.9145427462517357	-0.09118746999568013
i1tfnk9rd0znvar0osctyab8	1	1	52	13	1	No-Go	NGW	0	0		1	0.0	1	0.1294	0.8654706996640723	-0.14800043436772858
i1tfnk9rd0znvar0osctyab8	1	1	56	14	1	No-Go	NGW	0	0		1	0.0	1	0.0977	0.9028182558746559	-0.10434125079813131
i1tfnk9rd0znvar0osctyab8	1	1	60	15	1	No-Go	NGW	0	0		1	0.0	1	0.073	0.9285442494023278	-0.07543533725802892
i1tfnk9rd0znvar0osctyab8	1	1	62	16	1	No-Go	NGW	0	0		1	0.0	1	0.0545	0.9464614496529644	-0.05584085469607913
i1tfnk9rd0znvar0osctyab8	1	1	68	17	1	No-Go	NGW	0	0		1	0.0	1	0.0397	0.9591211371114241	-0.04226120784828238
i1tfnk9rd0znvar0osctyab8	1	1	72	18	1	No-Go	NGW	0	0		1	1.0	0	0.0283	0.9682059887899279	-0.032653845000522756
i1tfnk9rd0znvar0osctyab8	1	1	74	19	1	No-Go	NGW	0	0		1	0.0	1	0.0534	0.9441149334964434	-0.05835088956945743
i1tfnk9rd0znvar0osctyab8	1	1	79	20	1	No-Go	NGW	0	0		1	0.0	1	0.0417	0.9577195001864042	-0.04372368116048002
i1tfnk9rd0znvar0osctyab8	1	1	82	21	1	No-Go	NGW	0	0		1	0.0	1	0.0307	0.9673368407708552	-0.03354970516266245
i1tfnk9rd0znvar0osctyab8	1	1	85	22	1	No-Go	NGW	0	0		1	0.0	1	0.0263	0.9742676646019197	-0.026299858473420194
i1tfnk9rd0znvar0osctyab8	1	1	89	23	1	No-Go	NGW	0	0		1	1.0	0	0.0207	0.9793528073966805	-0.02102437434555855
i1tfnk9rd0znvar0osctyab8	1	1	94	24	1	No-Go	NGW	0	0		1	0.0	1	0.037	0.9617254088783944	-0.03955574850224427
i1tfnk9rd0znvar0osctyab8	1	1	97	25	1	No-Go	NGW	0	0		1	0.0	1	0.0302	0.9704137791139563	-0.030356211758624966
i1tfnk9rd0znvar0osctyab8	1	1	101	26	1	No-Go	NGW	0	0		1	0.0	1	0.025	0.9766275832123165	-0.02386374468448218
i1tfnk9rd0znvar0osctyab8	1	1	107	27	1	No-Go	NGW	0	0		1	0.0	1	0.0165	0.9811689023941573	-0.019159529623558463
i1tfnk9rd0znvar0osctyab8	1	1	110	28	1	No-Go	NGW	0	0		1	0.0	1	0.0191	0.9845520597064169	-0.015676432214972058
i1tfnk9rd0znvar0osctyab8	1	1	116	29	1	No-Go	NGW	0	0		1	0.0	1	0.0128	0.9871157421732689	-0.013049022608267083
i1tfnk9rd0znvar0osctyab8	1	1	117	30	1	No-Go	NGW	0	0		1	1.0	0	0.0116	0.9890883822132357	-0.011034395519186627
i1tfnk9rd0znvar0osctyab8	1	1	3	1	0	Go	GAL	1	1	0.823	1	0.0	1	0.6382	0.6346294941768391	-0.4614365153484017
i1tfnk9rd0znvar0osctyab8	1	1	6	2	0	Go	GAL	1	1	0.783	1	0.0	1	0.7257	0.7276876350010132	-0.32275857565029736
i1tfnk9rd0znvar0osctyab8	1	1	9	3	0	Go	GAL	1	1	0.928	1	0.0	1	0.8005	0.7980646257333075	-0.22909448940633093
i1tfnk9rd0znvar0osctyab8	1	1	16	4	0	Go	GAL	1	1	1.034	1	1.0	0	0.8464	0.8495700444709516	-0.16547838257093428
i1tfnk9rd0znvar0osctyab8	1	1	19	5	0	Go	GAL	1	0		0	0.0	0	0.7743	0.2291533782887715	-1.5109180632554138
i1tfnk9rd0znvar0osctyab8	1	1	22	6	0	Go	GAL	1	1	1.059	1	0.0	1	0.7745	0.7753662632821595	-0.25758236272760665
i1tfnk9rd0znvar0osctyab8	1	1	26	7	0	Go	GAL	1	0		0	0.0	0	0.8346	0.16603879272926442	-1.8536654247279762
i1tfnk9rd0znvar0osctyab8	1	1	30	8	0	Go	GAL	1	1	0.971	1	0.0	1	0.8348	0.8374079253886797	-0.1796653690365075
i1tfnk9rd0znvar0osctyab8	1	1	35	9	0	Go	GAL	1	1	0.472	1	0.0	1	0.8822	0.8787791614432695	-0.13077861849638364
i1tfnk9rd0znvar0osctyab8	1	1	37	10	0	Go	GAL	1	1	0.491	1	1.0	0	0.9105	0.9083793970976048	-0.0971631441886674
i1tfnk9rd0znvar0osctyab8	1	1	43	11	0	Go	GAL	1	0		0	0.0	0	0.8462	0.1494246909820785	-1.9565240883453132
i1tfnk9rd0znvar0osctyab8	1	1	46	12	0	Go	GAL	1	1	0.896	1	1.0	0	0.8496	0.8536646669862055	-0.1598916815241037
i1tfnk9rd0znvar0osctyab8	1	1	49	13	0	Go	GAL	1	1	0.724	1	0.0	1	0.7779	0.776226023324797	-0.25653053737728826
i1tfnk9rd0znvar0osctyab8	1	1	55	14	0	Go	GAL	1	1	1.188	1	0.0	1	0.8403	0.8362861229482338	-0.18070666138917818
i1tfnk9rd0znvar0osctyab8	1	1	58	15	0	Go	GAL	1	1	0.895	1	0.0	1	0.8765	0.8788984457047482	-0.13038286210453195
i1tfnk9rd0znvar0osctyab8	1	1	61	16	0	Go	GAL	1	1	1.184	1	0.0	1	0.9121	0.9090374350409591	-0.09626771481913787
i1tfnk9rd0znvar0osctyab8	1	1	66	17	0	Go	GAL	1	1	0.828	1	0.0	1	0.934	0.9305033503378938	-0.07265635157958071
i1tfnk9rd0znvar0osctyab8	1	1	69	18	0	Go	GAL	1	1	0.834	1	0.0	1	0.9451	0.9459697492915587	-0.055984970279093584
i1tfnk9rd0znvar0osctyab8	1	1	75	19	0	Go	GAL	1	0		0	0.0	0	0.9558	0.042735429364812776	-3.3110850366847955
i1tfnk9rd0znvar0osctyab8	1	1	80	20	0	Go	GAL	1	1	1.013	1	1.0	0	0.9564	0.9581952449746332	-0.04301205120422671
i1tfnk9rd0znvar0osctyab8	1	1	81	21	0	Go	GAL	1	1	0.516	1	0.0	1	0.925	0.9251558426287595	-0.078517241568269
i1tfnk9rd0znvar0osctyab8	1	1	88	22	0	Go	GAL	1	1	1.284	1	0.0	1	0.9424	0.9425101550262667	-0.05969440329776027
i1tfnk9rd0znvar0osctyab8	1	1	90	23	0	Go	GAL	1	1	0.877	1	1.0	0	0.9577	0.954975937899736	-0.04640909929034444
i1tfnk9rd0znvar0osctyab8	1	1	96	24	0	Go	GAL	1	1	0.831	1	0.0	1	0.9227	0.9194497685218285	-0.08497234087712605
i1tfnk9rd0znvar0osctyab8	1	1	100	25	0	Go	GAL	1	1	0.508	1	0.0	1	0.9351	0.9387092006518076	-0.06385394671548718
i1tfnk9rd0znvar0osctyab8	1	1	104	26	0	Go	GAL	1	1	0.742	1	0.0	1	0.9531	0.9523778928831973	-0.04919439636703373
i1tfnk9rd0znvar0osctyab8	1	1	108	27	0	Go	GAL	1	1	0.567	1	0.0	1	0.9607	0.9622614086268719	-0.03874947941715713
i1tfnk9rd0znvar0osctyab8	1	1	112	28	0	Go	GAL	1	1	1.199	1	0.0	1	0.9705	0.9695380536411514	-0.03113899144256783
i1tfnk9rd0znvar0osctyab8	1	1	115	29	0	Go	GAL	1	1	0.62	1	0.0	1	0.9732	0.974986773284536	-0.025483567480077123
i1tfnk9rd0znvar0osctyab8	1	1	118	30	0	Go	GAL	1	1	0.561	1	1.0	0	0.976	0.9791311001722428	-0.02120672049114002
i1tfnk9rd0znvar0osctyab8	1	1	2	1	0	No-Go	NGAL	0	1	0.669	0	0.0	0	0.63	0.6346294941768391	-0.4614365153484017
i1tfnk9rd0znvar0osctyab8	1	1	5	2	0	No-Go	NGAL	0	0		1	1.0	0	0.5277	0.47042486446370074	-0.7679691810320612
i1tfnk9rd0znvar0osctyab8	1	1	12	3	0	No-Go	NGAL	0	1	0.611	0	0.0	0	0.5413	0.5360034563470455	-0.6338888328779702
i1tfnk9rd0znvar0osctyab8	1	1	14	4	0	No-Go	NGAL	0	1	0.605	0	0.0	0	0.4329	0.4371650875418401	-0.8453710000663086
i1tfnk9rd0znvar0osctyab8	1	1	17	5	0	No-Go	NGAL	0	1	1.056	0	0.0	0	0.3504	0.3509655520440019	-1.0767336847610043
i1tfnk9rd0znvar0osctyab8	1	1	23	6	0	No-Go	NGAL	0	1	0.744	0	0.0	0	0.2859	0.2797995425316632	-1.31828291776531
i1tfnk9rd0znvar0osctyab8	1	1	27	7	0	No-Go	NGAL	0	0		1	0.0	1	0.2231	0.7769665705231323	-0.2573490933021426
i1tfnk9rd0znvar0osctyab8	1	1	29	8	0	No-Go	NGAL	0	0		1	0.0	1	0.1648	0.8414660326518849	-0.17613581120055916
i1tfnk9rd0znvar0osctyab8	1	1	36	9	0	No-Go	NGAL	0	0		1	1.0	0	0.114	0.88602231465175	-0.12339821332501522
i1tfnk9rd0znvar0osctyab8	1	1	38	10	0	No-Go	NGAL	0	1	1.138	0	0.0	0	0.1157	0.11684901161809509	-2.2922376165842433
i1tfnk9rd0znvar0osctyab8	1	1	42	11	0	No-Go	NGAL	0	0		1	1.0	0	0.0901	0.9086064201568937	-0.09753724812942832
i1tfnk9rd0znvar0osctyab8	1	1	47	12	0	No-Go	NGAL	0	0		1	0.0	1	0.0946	0.9062348813213695	-0.10022003859067635
i1tfnk9rd0znvar0osctyab8	1	1	51	13	0	No-Go	NGAL	0	0		1	0.0	1	0.0655	0.9321412666928538	-0.07140970566272895
i1tfnk9rd0znvar0osctyab8	1	1	53	14	0	No-Go	NGAL	0	0		1	0.0	1	0.0515	0.9499065051992027	-0.05212414790573485
i1tfnk9rd0znvar0osctyab8	1	1	59	15	0	No-Go	NGAL	0	1	1.067	0	0.0	0	0.038	0.03771359135495004	-3.5855649941416488
i1tfnk9rd0znvar0osctyab8	1	1	63	16	0	No-Go	NGAL	0	0		1	0.0	1	0.0284	0.9703870945389159	-0.03037825425742683
i1tfnk9rd0znvar0osctyab8	1	1	67	17	0	No-Go	NGAL	0	0		1	0.0	1	0.0193	0.9772994135754347	-0.02317026752463452
i1tfnk9rd0znvar0osctyab8	1	1	71	18	0	No-Go	NGAL	0	0		1	1.0	0	0.0159	0.9822663418113184	-0.018031577884497045
i1tfnk9rd0znvar0osctyab8	1	1	76	19	0	No-Go	NGAL	0	0		1	0.0	1	0.0187	0.9816744779608693	-0.018641112855963357
i1tfnk9rd0znvar0osctyab8	1	1	77	20	0	No-Go	NGAL	0	0		1	0.0	1	0.0124	0.9854647733377154	-0.014740848408571027
i1tfnk9rd0znvar0osctyab8	1	1	84	21	0	No-Go	NGAL	0	0		1	0.0	1	0.0096	0.9882722384751219	-0.011865966257172624
i1tfnk9rd0znvar0osctyab8	1	1	86	22	0	No-Go	NGAL	0	0		1	0.0	1	0.0093	0.9903834948753695	-0.009712247673821275
i1tfnk9rd0znvar0osctyab8	1	1	91	23	0	No-Go	NGAL	0	0		1	0.0	1	0.0078	0.9919937128061928	-0.008074597213102818
i1tfnk9rd0znvar0osctyab8	1	1	93	24	0	No-Go	NGAL	0	0		1	0.0	1	0.0067	0.9932379763532494	-0.00681218056079389
i1tfnk9rd0znvar0osctyab8	1	1	99	25	0	No-Go	NGAL	0	0		1	1.0	0	0.0087	0.9942112236761084	-0.0058266446011642
i1tfnk9rd0znvar0osctyab8	1	1	103	26	0	No-Go	NGAL	0	0		1	0.0	1	0.0054	0.9939908902685769	-0.006049493388363965
i1tfnk9rd0znvar0osctyab8	1	1	106	27	0	No-Go	NGAL	0	0		1	0.0	1	0.0053	0.9948079287413848	-0.005223184706333819
i1tfnk9rd0znvar0osctyab8	1	1	109	28	0	No-Go	NGAL	0	0		1	1.0	0	0.0032	0.9954588485740996	-0.004565760018091103
i1tfnk9rd0znvar0osctyab8	1	1	113	29	0	No-Go	NGAL	0	0		1	0.0	1	0.0057	0.9952773893958123	-0.004749056738129694
i1tfnk9rd0znvar0osctyab8	1	1	120	30	0	No-Go	NGAL	0	0		1	0.0	1	0.0043	0.9958384043800598	-0.004182843680688721
i1tfnk9rd0znvar0osctyab8	1	1	1	1	1	Go	GW	1	0		0	1.0	1	0.5633	0.42944927486884815	-0.8987151470199076
i1tfnk9rd0znvar0osctyab8	1	1	8	2	1	Go	GW	1	0		0	0.0	0	0.4729	0.5346510447157657	-0.6580163742042776
i1tfnk9rd0znvar0osctyab8	1	1	11	3	1	Go	GW	1	1	0.711	1	0.0	1	0.5808	0.5790788408965617	-0.5766883360224291
i1tfnk9rd0znvar0osctyab8	1	1	13	4	1	Go	GW	1	1	0.973	1	0.0	1	0.9289	0.9301618009860873	-0.07437684330033284
i1tfnk9rd0znvar0osctyab8	1	1	18	5	1	Go	GW	1	1	0.595	1	0.0	1	0.9795	0.978586312483652	-0.02187901167033869
i1tfnk9rd0znvar0osctyab8	1	1	24	6	1	Go	GW	1	1	0.509	1	0.0	1	0.9895	0.9895162840724839	-0.010596262763843288
i1tfnk9rd0znvar0osctyab8	1	1	28	7	1	Go	GW	1	1	0.605	1	1.0	0	0.9925	0.9929802963679057	-0.007076683819055981
i1tfnk9rd0znvar0osctyab8	1	1	31	8	1	Go	GW	1	1	0.6	1	0.0	1	0.9844	0.9842385446691234	-0.016058933796709782
i1tfnk9rd0znvar0osctyab8	1	1	33	9	1	Go	GW	1	1	0.728	1	0.0	1	0.9924	0.9917368008057114	-0.00834736281350866
i1tfnk9rd0znvar0osctyab8	1	1	39	10	1	Go	GW	1	1	0.669	1	0.0	1	0.994	0.9939204315716109	-0.006131525468075101
i1tfnk9rd0znvar0osctyab8	1	1	41	11	1	Go	GW	1	1	0.524	1	0.0	1	0.9955	0.9947949317323995	-0.005247918021541439
i1tfnk9rd0znvar0osctyab8	1	1	48	12	1	Go	GW	1	1	0.389	1	0.0	1	0.994	0.9952032574549041	-0.004836362374457221
i1tfnk9rd0znvar0osctyab8	1	1	50	13	1	Go	GW	1	1	0.663	1	1.0	0	0.9955	0.9954137865394534	-0.004624531632480709
i1tfnk9rd0znvar0osctyab8	1	1	54	14	1	Go	GW	1	1	0.623	1	0.0	1	0.9873	0.9888049445894449	-0.011431778636389039
i1tfnk9rd0znvar0osctyab8	1	1	57	15	1	Go	GW	1	1	1.2	1	0.0	1	0.9933	0.9934990066137119	-0.006571228718944418
i1tfnk9rd0znvar0osctyab8	1	1	64	16	1	Go	GW	1	1	0.523	1	0.0	1	0.9948	0.9947442490778445	-0.005303508500300833
i1tfnk9rd0znvar0osctyab8	1	1	65	17	1	Go	GW	1	1	0.553	1	0.0	1	0.9933	0.995227496586425	-0.004813858159018624
i1tfnk9rd0znvar0osctyab8	1	1	70	18	1	Go	GW	1	1	0.548	1	0.0	1	0.9946	0.995449170206465	-0.004589862835772098
i1tfnk9rd0znvar0osctyab8	1	1	73	19	1	Go	GW	1	1	0.438	1	0.0	1	0.9945	0.9955619373495976	-0.004476140460708392
i1tfnk9rd0znvar0osctyab8	1	1	78	20	1	Go	GW	1	1	0.307	1	1.0	0	0.9962	0.9956236937666177	-0.004413957950210177
i1tfnk9rd0znvar0osctyab8	1	1	83	21	1	Go	GW	1	1	0.45	1	0.0	1	0.9887	0.9892190887613349	-0.011015053073433319
i1tfnk9rd0znvar0osctyab8	1	1	87	22	1	Go	GW	1	1	0.503	1	0.0	1	0.9937	0.993699569119424	-0.00636988875600006
i1tfnk9rd0znvar0osctyab8	1	1	92	23	1	Go	GW	1	1	0.491	1	0.0	1	0.9947	0.9948561045228733	-0.005191380618698296
i1tfnk9rd0znvar0osctyab8	1	1	95	24	1	Go	GW	1	1	0.711	1	0.0	1	0.9959	0.9952951149173704	-0.0047461403209957545
i1tfnk9rd0znvar0osctyab8	1	1	98	25	1	Go	GW	1	1	0.555	1	1.0	0	0.9946	0.9954923203629603	-0.004546679345537542
i1tfnk9rd0znvar0osctyab8	1	1	102	26	1	Go	GW	1	1	1.271	1	0.0	1	0.9895	0.9889360359436041	-0.011304853002461401
i1tfnk9rd0znvar0osctyab8	1	1	105	27	1	Go	GW	1	1	0.48	1	0.0	1	0.9932	0.9935985134030311	-0.006472320794228692
i1tfnk9rd0znvar0osctyab8	1	1	111	28	1	Go	GW	1	1	1.314	1	1.0	0	0.9953	0.9948100116112876	-0.005237942531272838
i1tfnk9rd0znvar0osctyab8	1	1	114	29	1	Go	GW	1	1	0.559	1	0.0	1	0.9873	0.9874743314490013	-0.012812950425201712
i1tfnk9rd0znvar0osctyab8	1	1	119	30	1	Go	GW	1	1	0.482	1	0.0	1	0.9918	0.9931421807355134	-0.006935565049232179
i1tfnk9rd0znvar0osctyab8	1	2	124	1	0	No-Go	NGAL	0	0		1	0.0	1	0.6275	0.3653705058231609	-1.0275460295536
i1tfnk9rd0znvar0osctyab8	1	2	126	2	0	No-Go	NGAL	0	0		1	1.0	0	0.5351	0.47042486446370074	-0.7679691810320612
i1tfnk9rd0znvar0osctyab8	1	2	132	3	0	No-Go	NGAL	0	0		1	0.0	1	0.5342	0.46349450897576716	-0.7828894559075927
i1tfnk9rd0znvar0osctyab8	1	2	133	4	0	No-Go	NGAL	0	0		1	0.0	1	0.4406	0.5628823994457426	-0.5855331916887779
i1tfnk9rd0znvar0osctyab8	1	2	138	5	0	No-Go	NGAL	0	0		1	0.0	1	0.3541	0.6495203544006738	-0.44013319796104994
i1tfnk9rd0znvar0osctyab8	1	2	142	6	0	No-Go	NGAL	0	0		1	0.0	1	0.2803	0.7209728885697646	-0.3337998060591909
i1tfnk9rd0znvar0osctyab8	1	2	146	7	0	No-Go	NGAL	0	0		1	0.0	1	0.223	0.7778925765706015	-0.25615942187031504
i1tfnk9rd0znvar0osctyab8	1	2	149	8	0	No-Go	NGAL	0	0		1	0.0	1	0.1808	0.8223510502542772	-0.19928635453223745
i1tfnk9rd0znvar0osctyab8	1	2	153	9	0	No-Go	NGAL	0	0		1	1.0	0	0.1496	0.8567513940076144	-0.15734474614005073
i1tfnk9rd0znvar0osctyab8	1	2	160	10	0	No-Go	NGAL	0	1	0.522	0	0.0	0	0.1476	0.14760368086510503	-2.0090369569252466
i1tfnk9rd0znvar0osctyab8	1	2	161	11	0	No-Go	NGAL	0	0		1	1.0	0	0.1029	0.8975101488480334	-0.10995850039166474
i1tfnk9rd0znvar0osctyab8	1	2	166	12	0	No-Go	NGAL	0	1	1.0	0	0.0	0	0.1029	0.10575438961003715	-2.3862030564316163
i1tfnk9rd0znvar0osctyab8	1	2	171	13	0	No-Go	NGAL	0	0		1	0.0	1	0.0729	0.9250336020622076	-0.07915613444330476
i1tfnk9rd0znvar0osctyab8	1	2	173	14	0	No-Go	NGAL	0	0		1	0.0	1	0.0579	0.9400756420534959	-0.06265252452499022
i1tfnk9rd0znvar0osctyab8	1	2	179	15	0	No-Go	NGAL	0	0		1	0.0	1	0.0513	0.9513994655127601	-0.05043030697875526
i1tfnk9rd0znvar0osctyab8	1	2	182	16	0	No-Go	NGAL	0	0		1	0.0	1	0.0435	0.9600142616041653	-0.041249709577302875
i1tfnk9rd0znvar0osctyab8	1	2	187	17	0	No-Go	NGAL	0	0		1	0.0	1	0.0313	0.9666390112393132	-0.03426009942837411
i1tfnk9rd0znvar0osctyab8	1	2	189	18	0	No-Go	NGAL	0	0		1	1.0	0	0.0273	0.9717882082069762	-0.028870152045867355
i1tfnk9rd0znvar0osctyab8	1	2	194	19	0	No-Go	NGAL	0	0		1	0.0	1	0.0299	0.9707195600308449	-0.029984805164226982
i1tfnk9rd0znvar0osctyab8	1	2	199	20	0	No-Go	NGAL	0	0		1	0.0	1	0.0243	0.9749984319007091	-0.02552848380926965
i1tfnk9rd0znvar0osctyab8	1	2	202	21	0	No-Go	NGAL	0	0		1	0.0	1	0.0202	0.9783825680288157	-0.022022819465908214
i1tfnk9rd0znvar0osctyab8	1	2	208	22	0	No-Go	NGAL	0	0		1	0.0	1	0.0165	0.9810858145370692	-0.0192345392581595
i1tfnk9rd0znvar0osctyab8	1	2	211	23	0	No-Go	NGAL	0	0		1	0.0	1	0.0172	0.9832655360448272	-0.016994107058724738
i1tfnk9rd0znvar0osctyab8	1	2	213	24	0	No-Go	NGAL	0	0		1	0.0	1	0.0177	0.9850387343448765	-0.015176733072189351
i1tfnk9rd0znvar0osctyab8	1	2	217	25	0	No-Go	NGAL	0	0		1	1.0	0	0.0146	0.9864932666892049	-0.013689479111870554
i1tfnk9rd0znvar0osctyab8	1	2	224	26	0	No-Go	NGAL	0	0		1	0.0	1	0.0133	0.9859321003868121	-0.014265438588847382
i1tfnk9rd0znvar0osctyab8	1	2	227	27	0	No-Go	NGAL	0	0		1	0.0	1	0.0147	0.9872365749166827	-0.012932613365117647
i1tfnk9rd0znvar0osctyab8	1	2	232	28	0	No-Go	NGAL	0	0		1	1.0	0	0.0117	0.9883180077299821	-0.01182972842770181
i1tfnk9rd0znvar0osctyab8	1	2	235	29	0	No-Go	NGAL	0	0		1	0.0	1	0.0106	0.9878122954463446	-0.012349291123076856
i1tfnk9rd0znvar0osctyab8	1	2	238	30	0	No-Go	NGAL	0	0		1	0.0	1	0.0114	0.9888058019072261	-0.011335680933410653
i1tfnk9rd0znvar0osctyab8	1	2	123	1	1	No-Go	NGW	0	1	0.715	0	0.0	0	0.5752	0.5705507251311518	-0.5917649724186227
i1tfnk9rd0znvar0osctyab8	1	2	125	2	1	No-Go	NGW	0	1	0.859	0	1.0	1	0.4622	0.4653489552842343	-0.8077745939854509
i1tfnk9rd0znvar0osctyab8	1	2	130	3	1	No-Go	NGW	0	1	0.581	0	0.0	0	0.9157	0.9102174677823502	-0.09734168973311222
i1tfnk9rd0znvar0osctyab8	1	2	136	4	1	No-Go	NGW	0	1	0.433	0	0.0	0	0.8543	0.8541978160972501	-0.16310304234060458
i1tfnk9rd0znvar0osctyab8	1	2	140	5	1	No-Go	NGW	0	1	0.45	0	0.0	0	0.779	0.7762091769827756	-0.2621600436980079
i1tfnk9rd0znvar0osctyab8	1	2	141	6	1	No-Go	NGW	0	1	0.436	0	1.0	1	0.6823	0.6792960675623216	-0.40051951524852
i1tfnk9rd0znvar0osctyab8	1	2	147	7	1	No-Go	NGW	0	1	0.433	0	0.0	0	0.9404	0.9396819917552608	-0.0641286010455203
i1tfnk9rd0znvar0osctyab8	1	2	150	8	1	No-Go	NGW	0	1	0.459	0	0.0	0	0.8974	0.8972852177829127	-0.11210911666736524
i1tfnk9rd0znvar0osctyab8	1	2	155	9	1	No-Go	NGW	0	1	0.369	0	0.0	0	0.8357	0.8343457927265708	-0.18826637787184433
i1tfnk9rd0znvar0osctyab8	1	2	157	10	1	No-Go	NGW	0	1	0.357	0	0.0	0	0.7439	0.7505167144727335	-0.30038616425388814
i1tfnk9rd0znvar0osctyab8	1	2	164	11	1	No-Go	NGW	0	1	0.384	0	0.0	0	0.6543	0.6511962416981903	-0.4524351397638534
i1tfnk9rd0znvar0osctyab8	1	2	168	12	1	No-Go	NGW	0	1	0.44	0	1.0	1	0.5456	0.5460863297220782	-0.642550264364127
i1tfnk9rd0znvar0osctyab8	1	2	169	13	1	No-Go	NGW	0	1	0.413	0	0.0	0	0.9228	0.9196279018804	-0.0878547217908525
i1tfnk9rd0znvar0osctyab8	1	2	174	14	1	No-Go	NGW	0	1	0.442	0	0.0	0	0.8709	0.8682299867815718	-0.14896743840453264
i1tfnk9rd0znvar0osctyab8	1	2	178	15	1	No-Go	NGW	0	1	0.465	0	0.0	0	0.7932	0.7960249289020903	-0.24194914988775454
i1tfnk9rd0znvar0osctyab8	1	2	181	16	1	No-Go	NGW	0	1	0.427	0	0.0	0	0.7071	0.7050703166273639	-0.3730359191681656
i1tfnk9rd0znvar0osctyab8	1	2	186	17	1	No-Go	NGW	0	1	0.328	0	0.0	0	0.5926	0.602776722624261	-0.5435805638983343
i1tfnk9rd0znvar0osctyab8	1	2	192	18	1	No-Go	NGW	0	0		1	1.0	0	0.4981	0.5007134667045838	-0.7468788143907279
i1tfnk9rd0znvar0osctyab8	1	2	195	19	1	No-Go	NGW	0	0		1	0.0	1	0.597	0.3972792799750126	-0.995356248020202
i1tfnk9rd0znvar0osctyab8	1	2	197	20	1	No-Go	NGW	0	0		1	0.0	1	0.4934	0.5094225518543709	-0.7295926668263457
i1tfnk9rd0znvar0osctyab8	1	2	201	21	1	No-Go	NGW	0	1	0.44	0	0.0	0	0.3856	0.38994572595547367	-1.0407906611705993
i1tfnk9rd0znvar0osctyab8	1	2	205	22	1	No-Go	NGW	0	0		1	0.0	1	0.298	0.6969759211136337	-0.38538275917530945
i1tfnk9rd0znvar0osctyab8	1	2	212	23	1	No-Go	NGW	0	0		1	1.0	0	0.2373	0.7691826024200348	-0.27882188170761185
i1tfnk9rd0znvar0osctyab8	1	2	216	24	1	No-Go	NGW	0	0		1	0.0	1	0.32	0.6750820284620279	-0.41759332592502946
i1tfnk9rd0znvar0osctyab8	1	2	218	25	1	No-Go	NGW	0	0		1	0.0	1	0.2495	0.7529727092387626	-0.30059358854423573
i1tfnk9rd0znvar0osctyab8	1	2	223	26	1	No-Go	NGW	0	0		1	0.0	1	0.1771	0.8121400355155866	-0.21927696335500924
i1tfnk9rd0znvar0osctyab8	1	2	226	27	1	No-Go	NGW	0	0		1	0.0	1	0.1458	0.8562946593311608	-0.16246095637275257
i1tfnk9rd0znvar0osctyab8	1	2	231	28	1	No-Go	NGW	0	0		1	0.0	1	0.1093	0.8890385501747291	-0.12238615066434563
i1tfnk9rd0znvar0osctyab8	1	2	234	29	1	No-Go	NGW	0	0		1	0.0	1	0.0892	0.9133358361035873	-0.09377750380337303
i1tfnk9rd0znvar0osctyab8	1	2	239	30	1	No-Go	NGW	0	0		1	1.0	0	0.0681	0.9314531869672908	-0.07307944770087434
i1tfnk9rd0znvar0osctyab8	1	2	121	1	0	Go	GAL	1	1	0.773	1	0.0	1	0.6384	0.6346294941768391	-0.4614365153484017
i1tfnk9rd0znvar0osctyab8	1	2	127	2	0	Go	GAL	1	1	0.883	1	0.0	1	0.7221	0.7276876350010132	-0.32275857565029736
i1tfnk9rd0znvar0osctyab8	1	2	129	3	0	Go	GAL	1	1	1.419	1	0.0	1	0.7987	0.7980646257333075	-0.22909448940633093
i1tfnk9rd0znvar0osctyab8	1	2	134	4	0	Go	GAL	1	1	0.5	1	1.0	0	0.8479	0.8495700444709516	-0.16547838257093428
i1tfnk9rd0znvar0osctyab8	1	2	137	5	0	Go	GAL	1	1	0.642	1	0.0	1	0.7667	0.7708466217112284	-0.26354402373055474
i1tfnk9rd0znvar0osctyab8	1	2	143	6	0	Go	GAL	1	1	0.672	1	0.0	1	0.8287	0.8303865516484832	-0.18822312993523593
i1tfnk9rd0znvar0osctyab8	1	2	145	7	0	Go	GAL	1	1	0.54	1	0.0	1	0.8719	0.8733124011487183	-0.13711953624092302
i1tfnk9rd0znvar0osctyab8	1	2	151	8	0	Go	GAL	1	1	0.71	1	0.0	1	0.9022	0.9041302086784966	-0.10192212229143906
i1tfnk9rd0znvar0osctyab8	1	2	154	9	0	Go	GAL	1	1	0.455	1	0.0	1	0.9275	0.9263532311016139	-0.077277848172009
i1tfnk9rd0znvar0osctyab8	1	2	158	10	0	Go	GAL	1	1	1.344	1	1.0	0	0.9434	0.9425222350743115	-0.05972875652925971
i1tfnk9rd0znvar0osctyab8	1	2	163	11	0	Go	GAL	1	1	0.518	1	0.0	1	0.9021	0.9004942529465144	-0.10577933586958312
i1tfnk9rd0znvar0osctyab8	1	2	165	12	0	Go	GAL	1	1	0.761	1	1.0	0	0.9257	0.9241567773120103	-0.07954137774201472
i1tfnk9rd0znvar0osctyab8	1	2	172	13	0	Go	GAL	1	1	0.598	1	0.0	1	0.8726	0.8720267240545329	-0.13847864865380308
i1tfnk9rd0znvar0osctyab8	1	2	175	14	0	Go	GAL	1	1	1.367	1	0.0	1	0.9025	0.9042600170088997	-0.10157406799754491
i1tfnk9rd0znvar0osctyab8	1	2	177	15	0	Go	GAL	1	1	1.037	1	0.0	1	0.9311	0.9270504598123245	-0.07637491952311622
i1tfnk9rd0znvar0osctyab8	1	2	183	16	0	Go	GAL	1	1	0.398	1	0.0	1	0.9482	0.9433725168106859	-0.05873310234954389
i1tfnk9rd0znvar0osctyab8	1	2	188	17	0	Go	GAL	1	1	1.389	1	0.0	1	0.9539	0.9552390845570325	-0.046108646273031455
i1tfnk9rd0znvar0osctyab8	1	2	191	18	0	Go	GAL	1	1	0.936	1	0.0	1	0.9668	0.9640001386971079	-0.03689485228796673
i1tfnk9rd0znvar0osctyab8	1	2	196	19	0	Go	GAL	1	1	0.472	1	0.0	1	0.9736	0.9705660680577819	-0.03004897332182704
i1tfnk9rd0znvar0osctyab8	1	2	200	20	0	Go	GAL	1	1	0.597	1	1.0	0	0.9721	0.9755575987913506	-0.024878899131690557
i1tfnk9rd0znvar0osctyab8	1	2	204	21	0	Go	GAL	1	0		0	0.0	0	0.9534	0.04706362106830025	-3.2440114335738426
i1tfnk9rd0znvar0osctyab8	1	2	207	22	0	Go	GAL	1	1	0.438	1	0.0	1	0.9554	0.9540215887069309	-0.047509459554735414
i1tfnk9rd0znvar0osctyab8	1	2	209	23	0	Go	GAL	1	0		0	1.0	1	0.9624	0.03659498452723968	-3.5184093010226696
i1tfnk9rd0znvar0osctyab8	1	2	214	24	0	Go	GAL	1	1	0.577	1	0.0	1	0.941	0.9445528924255168	-0.05772545041821714
i1tfnk9rd0znvar0osctyab8	1	2	219	25	0	Go	GAL	1	1	0.493	1	0.0	1	0.9553	0.9549033339458927	-0.04661921045551047
i1tfnk9rd0znvar0osctyab8	1	2	221	26	0	Go	GAL	1	1	1.274	1	0.0	1	0.9627	0.9626924631988216	-0.03837067076702961
i1tfnk9rd0znvar0osctyab8	1	2	225	27	0	Go	GAL	1	1	0.471	1	0.0	1	0.968	0.968644423411362	-0.03212654044144903
i1tfnk9rd0znvar0osctyab8	1	2	229	28	0	Go	GAL	1	1	0.517	1	0.0	1	0.974	0.9732574372852553	-0.027320785452800637
i1tfnk9rd0znvar0osctyab8	1	2	233	29	0	Go	GAL	1	1	0.485	1	0.0	1	0.9771	0.9768796202512927	-0.023567437914854085
i1tfnk9rd0znvar0osctyab8	1	2	240	30	0	Go	GAL	1	1	0.959	1	1.0	0	0.9787	0.979758020023369	-0.02059732848431161
i1tfnk9rd0znvar0osctyab8	1	2	122	1	1	Go	GW	1	0		0	1.0	1	0.578	0.42944927486884815	-0.8987151470199076
i1tfnk9rd0znvar0osctyab8	1	2	128	2	1	Go	GW	1	0		0	0.0	0	0.4723	0.5346510447157657	-0.6580163742042776
i1tfnk9rd0znvar0osctyab8	1	2	131	3	1	Go	GW	1	1	0.908	1	0.0	1	0.5816	0.5790788408965617	-0.5766883360224291
i1tfnk9rd0znvar0osctyab8	1	2	135	4	1	Go	GW	1	1	0.585	1	0.0	1	0.9335	0.9301618009860873	-0.07437684330033284
i1tfnk9rd0znvar0osctyab8	1	2	139	5	1	Go	GW	1	1	0.445	1	0.0	1	0.9748	0.978586312483652	-0.02187901167033869
i1tfnk9rd0znvar0osctyab8	1	2	144	6	1	Go	GW	1	1	0.453	1	0.0	1	0.9897	0.9895162840724839	-0.010596262763843288
i1tfnk9rd0znvar0osctyab8	1	2	148	7	1	Go	GW	1	1	0.535	1	1.0	0	0.9925	0.9929802963679057	-0.007076683819055981
i1tfnk9rd0znvar0osctyab8	1	2	152	8	1	Go	GW	1	1	0.783	1	0.0	1	0.9851	0.9842385446691234	-0.016058933796709782
i1tfnk9rd0znvar0osctyab8	1	2	156	9	1	Go	GW	1	1	0.351	1	0.0	1	0.9928	0.9917368008057114	-0.00834736281350866
i1tfnk9rd0znvar0osctyab8	1	2	159	10	1	Go	GW	1	1	0.507	1	0.0	1	0.9938	0.9939204315716109	-0.006131525468075101
i1tfnk9rd0znvar0osctyab8	1	2	162	11	1	Go	GW	1	1	0.407	1	0.0	1	0.9939	0.9947949317323995	-0.005247918021541439
i1tfnk9rd0znvar0osctyab8	1	2	167	12	1	Go	GW	1	1	0.429	1	0.0	1	0.996	0.9952032574549041	-0.004836362374457221
i1tfnk9rd0znvar0osctyab8	1	2	170	13	1	Go	GW	1	1	0.416	1	1.0	0	0.9959	0.9954137865394534	-0.004624531632480709
i1tfnk9rd0znvar0osctyab8	1	2	176	14	1	Go	GW	1	1	0.477	1	0.0	1	0.9883	0.9888049445894449	-0.011431778636389039
i1tfnk9rd0znvar0osctyab8	1	2	180	15	1	Go	GW	1	1	0.397	1	0.0	1	0.9947	0.9934990066137119	-0.006571228718944418
i1tfnk9rd0znvar0osctyab8	1	2	184	16	1	Go	GW	1	1	0.402	1	0.0	1	0.9943	0.9947442490778445	-0.005303508500300833
i1tfnk9rd0znvar0osctyab8	1	2	185	17	1	Go	GW	1	1	0.422	1	0.0	1	0.9946	0.995227496586425	-0.004813858159018624
i1tfnk9rd0znvar0osctyab8	1	2	190	18	1	Go	GW	1	1	0.355	1	0.0	1	0.996	0.995449170206465	-0.004589862835772098
i1tfnk9rd0znvar0osctyab8	1	2	193	19	1	Go	GW	1	1	0.377	1	0.0	1	0.9943	0.9955619373495976	-0.004476140460708392
i1tfnk9rd0znvar0osctyab8	1	2	198	20	1	Go	GW	1	1	0.383	1	1.0	0	0.9969	0.9956236937666177	-0.004413957950210177
i1tfnk9rd0znvar0osctyab8	1	2	203	21	1	Go	GW	1	1	0.441	1	0.0	1	0.9888	0.9892190887613349	-0.011015053073433319
i1tfnk9rd0znvar0osctyab8	1	2	206	22	1	Go	GW	1	1	0.365	1	0.0	1	0.9918	0.993699569119424	-0.00636988875600006
i1tfnk9rd0znvar0osctyab8	1	2	210	23	1	Go	GW	1	1	0.319	1	0.0	1	0.9947	0.9948561045228733	-0.005191380618698296
i1tfnk9rd0znvar0osctyab8	1	2	215	24	1	Go	GW	1	1	0.334	1	0.0	1	0.9956	0.9952951149173704	-0.0047461403209957545
i1tfnk9rd0znvar0osctyab8	1	2	220	25	1	Go	GW	1	1	0.428	1	1.0	0	0.9963	0.9954923203629603	-0.004546679345537542
i1tfnk9rd0znvar0osctyab8	1	2	222	26	1	Go	GW	1	1	0.404	1	0.0	1	0.9892	0.9889360359436041	-0.011304853002461401
i1tfnk9rd0znvar0osctyab8	1	2	228	27	1	Go	GW	1	1	0.414	1	0.0	1	0.9936	0.9935985134030311	-0.006472320794228692
i1tfnk9rd0znvar0osctyab8	1	2	230	28	1	Go	GW	1	1	0.409	1	1.0	0	0.9947	0.9948100116112876	-0.005237942531272838
i1tfnk9rd0znvar0osctyab8	1	2	236	29	1	Go	GW	1	1	0.892	1	0.0	1	0.988	0.9874743314490013	-0.012812950425201712
i1tfnk9rd0znvar0osctyab8	1	2	237	30	1	Go	GW	1	1	0.404	1	0.0	1	0.9932	0.9931421807355134	-0.006935565049232179
ipgum2nxzkv3wg37c4w3qh6o	1	2	121	1	1	No-Go	NGW	0	1	0.501	0	0.0	0	0.8139	0.8201831367841298	-0.20356885012228013
ipgum2nxzkv3wg37c4w3qh6o	1	2	125	2	1	No-Go	NGW	0	0		1	0.0	1	0.7187	0.28317411066306497	-1.3286713519695779
ipgum2nxzkv3wg37c4w3qh6o	1	2	129	3	1	No-Go	NGW	0	0		1	0.0	1	0.5792	0.4171372153818388	-0.9167489074481786
ipgum2nxzkv3wg37c4w3qh6o	1	2	133	4	1	No-Go	NGW	0	1	0.922	0	0.0	0	0.4472	0.4465270328980195	-0.8501458767625568
ipgum2nxzkv3wg37c4w3qh6o	1	2	138	5	1	No-Go	NGW	0	0		1	1.0	0	0.32	0.6812053253602025	-0.4001017564159379
ipgum2nxzkv3wg37c4w3qh6o	1	2	143	6	1	No-Go	NGW	0	1	0.5	0	0.0	0	0.4813	0.47770400252376377	-0.7706801700900332
ipgum2nxzkv3wg37c4w3qh6o	1	2	145	7	1	No-Go	NGW	0	0		1	0.0	1	0.3515	0.6455792712313482	-0.45358345419661916
ipgum2nxzkv3wg37c4w3qh6o	1	2	149	8	1	No-Go	NGW	0	0		1	0.0	1	0.2468	0.7603508765272421	-0.283280794545422
ipgum2nxzkv3wg37c4w3qh6o	1	2	154	9	1	No-Go	NGW	0	0		1	1.0	0	0.1518	0.840791435587143	-0.17856608455634362
ipgum2nxzkv3wg37c4w3qh6o	1	2	157	10	1	No-Go	NGW	0	0		1	0.0	1	0.2765	0.7268128061332243	-0.32894645099008907
ipgum2nxzkv3wg37c4w3qh6o	1	2	162	11	1	No-Go	NGW	0	0		1	0.0	1	0.1818	0.8188171524727492	-0.20540686442553605
ipgum2nxzkv3wg37c4w3qh6o	1	2	165	12	1	No-Go	NGW	0	0		1	0.0	1	0.1194	0.8803152527242261	-0.1304867055122854
ipgum2nxzkv3wg37c4w3qh6o	1	2	169	13	1	No-Go	NGW	0	0		1	0.0	1	0.0805	0.9202584066385879	-0.08472116402459187
ipgum2nxzkv3wg37c4w3qh6o	1	2	173	14	1	No-Go	NGW	0	0		1	0.0	1	0.0574	0.9460443957646819	-0.0563391026671179
ipgum2nxzkv3wg37c4w3qh6o	1	2	177	15	1	No-Go	NGW	0	0		1	1.0	0	0.037	0.9627913845189103	-0.03839630130318333
ipgum2nxzkv3wg37c4w3qh6o	1	2	181	16	1	No-Go	NGW	0	0		1	0.0	1	0.0799	0.9222504227827234	-0.0823159849169484
ipgum2nxzkv3wg37c4w3qh6o	1	2	188	17	1	No-Go	NGW	0	0		1	1.0	0	0.0545	0.9477849638080031	-0.05436312996778205
ipgum2nxzkv3wg37c4w3qh6o	1	2	190	18	1	No-Go	NGW	0	0		1	0.0	1	0.1099	0.8931686484831529	-0.11572715571684328
ipgum2nxzkv3wg37c4w3qh6o	1	2	194	19	1	No-Go	NGW	0	0		1	0.0	1	0.0715	0.9298224807172748	-0.07401458126520678
ipgum2nxzkv3wg37c4w3qh6o	1	2	198	20	1	No-Go	NGW	0	0		1	0.0	1	0.0428	0.9528268790750742	-0.04896846364236684
ipgum2nxzkv3wg37c4w3qh6o	1	2	201	21	1	No-Go	NGW	0	0		1	0.0	1	0.0315	0.9674934451228073	-0.03340310472144883
ipgum2nxzkv3wg37c4w3qh6o	1	2	206	22	1	No-Go	NGW	0	0		1	0.0	1	0.0248	0.9770377090242844	-0.023436267018923665
ipgum2nxzkv3wg37c4w3qh6o	1	2	210	23	1	No-Go	NGW	0	0		1	0.0	1	0.0147	0.9833831216702267	-0.016881010122087887
ipgum2nxzkv3wg37c4w3qh6o	1	2	216	24	1	No-Go	NGW	0	0		1	0.0	1	0.0134	0.9876914105887139	-0.012463371448324415
ipgum2nxzkv3wg37c4w3qh6o	1	2	219	25	1	No-Go	NGW	0	0		1	1.0	0	0.0091	0.9906759824541354	-0.00941925961970879
ipgum2nxzkv3wg37c4w3qh6o	1	2	221	26	1	No-Go	NGW	0	0		1	0.0	1	0.0253	0.9769161427919058	-0.02370390696767102
ipgum2nxzkv3wg37c4w3qh6o	1	2	227	27	1	No-Go	NGW	0	0		1	1.0	0	0.0118	0.9834979256011313	-0.016823059324693124
ipgum2nxzkv3wg37c4w3qh6o	1	2	230	28	1	No-Go	NGW	0	0		1	0.0	1	0.0401	0.960407220274414	-0.041789175518825696
ipgum2nxzkv3wg37c4w3qh6o	1	2	233	29	1	No-Go	NGW	0	0		1	0.0	1	0.0317	0.97313563770371	-0.027793532230981452
ipgum2nxzkv3wg37c4w3qh6o	1	2	237	30	1	No-Go	NGW	0	0		1	0.0	1	0.0186	0.9811194928469844	-0.019333727895788435
ipgum2nxzkv3wg37c4w3qh6o	1	2	124	1	1	Go	GW	1	1	0.458	1	1.0	0	0.8191	0.8201831367841298	-0.20356885012228013
ipgum2nxzkv3wg37c4w3qh6o	1	2	128	2	1	Go	GW	1	1	1.038	1	0.0	1	0.7164	0.7168258893369349	-0.34345581155875277
ipgum2nxzkv3wg37c4w3qh6o	1	2	131	3	1	Go	GW	1	1	0.663	1	0.0	1	0.78	0.7876837393999259	-0.24376077226408221
ipgum2nxzkv3wg37c4w3qh6o	1	2	135	4	1	Go	GW	1	0		0	0.0	0	0.8374	0.15906600514179103	-1.9362909303552767
ipgum2nxzkv3wg37c4w3qh6o	1	2	137	5	1	Go	GW	1	1	0.664	1	0.0	1	0.902	0.90450625568352	-0.1020193194667501
ipgum2nxzkv3wg37c4w3qh6o	1	2	142	6	1	Go	GW	1	1	0.585	1	0.0	1	0.9297	0.9291487559901347	-0.07458385910853728
ipgum2nxzkv3wg37c4w3qh6o	1	2	146	7	1	Go	GW	1	1	0.447	1	0.0	1	0.9423	0.9467707153885665	-0.05544498954839548
ipgum2nxzkv3wg37c4w3qh6o	1	2	151	8	1	Go	GW	1	1	0.661	1	0.0	1	0.9607	0.9595280253132507	-0.041826774054797816
ipgum2nxzkv3wg37c4w3qh6o	1	2	156	9	1	Go	GW	1	1	0.451	1	1.0	0	0.9697	0.9688779795774674	-0.03197116622729786
ipgum2nxzkv3wg37c4w3qh6o	1	2	159	10	1	Go	GW	1	1	0.696	1	0.0	1	0.9408	0.9416903810643422	-0.0609517603568424
ipgum2nxzkv3wg37c4w3qh6o	1	2	164	11	1	Go	GW	1	1	0.572	1	0.0	1	0.9534	0.9556357856050283	-0.046001326070068155
ipgum2nxzkv3wg37c4w3qh6o	1	2	168	12	1	Go	GW	1	1	0.485	1	1.0	0	0.9666	0.9658583937993153	-0.03517934704756762
ipgum2nxzkv3wg37c4w3qh6o	1	2	170	13	1	Go	GW	1	1	0.685	1	0.0	1	0.9352	0.9362200878705619	-0.06706952073461495
ipgum2nxzkv3wg37c4w3qh6o	1	2	176	14	1	Go	GW	1	1	0.414	1	0.0	1	0.9475	0.951452902321197	-0.050596092463169755
ipgum2nxzkv3wg37c4w3qh6o	1	2	178	15	1	Go	GW	1	1	0.471	1	0.0	1	0.9618	0.9626221429696047	-0.03868322112510858
ipgum2nxzkv3wg37c4w3qh6o	1	2	183	16	1	Go	GW	1	1	0.423	1	0.0	1	0.9706	0.9709206771951658	-0.02992650147688014
ipgum2nxzkv3wg37c4w3qh6o	1	2	187	17	1	Go	GW	1	1	0.446	1	0.0	1	0.9782	0.9771582969958034	-0.02340048409651908
ipgum2nxzkv3wg37c4w3qh6o	1	2	189	18	1	Go	GW	1	1	0.446	1	0.0	1	0.9809	0.9818962570627857	-0.018477706024221763
ipgum2nxzkv3wg37c4w3qh6o	1	2	195	19	1	Go	GW	1	1	0.419	1	1.0	0	0.9855	0.9855299304788794	-0.014723707193591246
ipgum2nxzkv3wg37c4w3qh6o	1	2	197	20	1	Go	GW	1	1	0.325	1	0.0	1	0.9715	0.9711387547435963	-0.029741929694820757
ipgum2nxzkv3wg37c4w3qh6o	1	2	203	21	1	Go	GW	1	1	0.439	1	0.0	1	0.9753	0.9773465548796472	-0.023235075507211492
ipgum2nxzkv3wg37c4w3qh6o	1	2	208	22	1	Go	GW	1	1	0.472	1	0.0	1	0.9815	0.9820431872040565	-0.018347146362222184
ipgum2nxzkv3wg37c4w3qh6o	1	2	209	23	1	Go	GW	1	1	0.447	1	0.0	1	0.9844	0.9856384977768529	-0.01462711775682256
ipgum2nxzkv3wg37c4w3qh6o	1	2	214	24	1	Go	GW	1	1	0.562	1	1.0	0	0.9877	0.9884187931756147	-0.0117642352076487
ipgum2nxzkv3wg37c4w3qh6o	1	2	220	25	1	Go	GW	1	1	0.447	1	0.0	1	0.9756	0.9763745510890163	-0.024290381535949108
ipgum2nxzkv3wg37c4w3qh6o	1	2	222	26	1	Go	GW	1	1	0.669	1	0.0	1	0.9805	0.9813455317811386	-0.019097472203455576
ipgum2nxzkv3wg37c4w3qh6o	1	2	228	27	1	Go	GW	1	1	0.384	1	0.0	1	0.986	0.9851197179394774	-0.01518055660279407
ipgum2nxzkv3wg37c4w3qh6o	1	2	231	28	1	Go	GW	1	1	0.623	1	0.0	1	0.9881	0.9880226799223201	-0.012183752484749039
ipgum2nxzkv3wg37c4w3qh6o	1	2	236	29	1	Go	GW	1	1	0.393	1	1.0	0	0.9909	0.9902796509291224	-0.009864047432856455
ipgum2nxzkv3wg37c4w3qh6o	1	2	240	30	1	Go	GW	1	1	0.381	1	0.0	1	0.9786	0.9797999130623052	-0.020741718054450024
ipgum2nxzkv3wg37c4w3qh6o	1	2	122	1	0	No-Go	NGAL	0	1	0.739	0	0.0	0	0.5642	0.5670801076891802	-0.5809565925269332
ipgum2nxzkv3wg37c4w3qh6o	1	2	127	2	0	No-Go	NGAL	0	0		1	1.0	0	0.4166	0.5818519957705692	-0.5559743374239562
ipgum2nxzkv3wg37c4w3qh6o	1	2	130	3	0	No-Go	NGAL	0	1	0.398	0	0.0	0	0.6656	0.6653781955282663	-0.41718143390373147
ipgum2nxzkv3wg37c4w3qh6o	1	2	134	4	0	No-Go	NGAL	0	0		1	0.0	1	0.5308	0.4668242636424332	-0.7819794365306266
ipgum2nxzkv3wg37c4w3qh6o	1	2	139	5	0	No-Go	NGAL	0	1	0.629	0	0.0	0	0.363	0.3680596606990504	-1.0328343498212846
ipgum2nxzkv3wg37c4w3qh6o	1	2	141	6	0	No-Go	NGAL	0	0		1	1.0	0	0.2522	0.741513861685811	-0.305389375667186
ipgum2nxzkv3wg37c4w3qh6o	1	2	148	7	0	No-Go	NGAL	0	1	0.322	0	0.0	0	0.483	0.4797081781884177	-0.7762866929481153
ipgum2nxzkv3wg37c4w3qh6o	1	2	150	8	0	No-Go	NGAL	0	1	0.894	0	0.0	0	0.3491	0.3648717970977408	-1.0657566251013681
ipgum2nxzkv3wg37c4w3qh6o	1	2	155	9	0	No-Go	NGAL	0	1	0.595	0	0.0	0	0.2683	0.2694821863414908	-1.3844338637215718
ipgum2nxzkv3wg37c4w3qh6o	1	2	160	10	0	No-Go	NGAL	0	0		1	0.0	1	0.1951	0.8039663125112269	-0.22343449827305262
ipgum2nxzkv3wg37c4w3qh6o	1	2	163	11	0	No-Go	NGAL	0	0		1	1.0	0	0.1051	0.8900076874428059	-0.11862450632285648
ipgum2nxzkv3wg37c4w3qh6o	1	2	166	12	0	No-Go	NGAL	0	0		1	0.0	1	0.2359	0.7580265509252817	-0.29152774778719076
ipgum2nxzkv3wg37c4w3qh6o	1	2	172	13	0	No-Go	NGAL	0	0		1	0.0	1	0.136	0.8621240084823852	-0.153283939068669
ipgum2nxzkv3wg37c4w3qh6o	1	2	175	14	0	No-Go	NGAL	0	0		1	0.0	1	0.0783	0.9216149045472908	-0.08349920533508895
ipgum2nxzkv3wg37c4w3qh6o	1	2	180	15	0	No-Go	NGAL	0	0		1	0.0	1	0.0444	0.9545277447579158	-0.047300907731301765
ipgum2nxzkv3wg37c4w3qh6o	1	2	182	16	0	No-Go	NGAL	0	0		1	0.0	1	0.0272	0.9728558700353693	-0.02784711329516048
ipgum2nxzkv3wg37c4w3qh6o	1	2	186	17	0	No-Go	NGAL	0	0		1	0.0	1	0.0175	0.9832898867164364	-0.016998946012480996
ipgum2nxzkv3wg37c4w3qh6o	1	2	191	18	0	No-Go	NGAL	0	0		1	0.0	1	0.0085	0.9893946777952569	-0.010731370458892135
ipgum2nxzkv3wg37c4w3qh6o	1	2	196	19	0	No-Go	NGAL	0	0		1	0.0	1	0.0063	0.9930691368933557	-0.006988981678493373
ipgum2nxzkv3wg37c4w3qh6o	1	2	199	20	0	No-Go	NGAL	0	0		1	1.0	0	0.0043	0.995342495347757	-0.0046857017310806374
ipgum2nxzkv3wg37c4w3qh6o	1	2	204	21	0	No-Go	NGAL	0	0		1	0.0	1	0.0165	0.9842143805773349	-0.016020502927196135
ipgum2nxzkv3wg37c4w3qh6o	1	2	205	22	0	No-Go	NGAL	0	0		1	0.0	1	0.0104	0.9901980440561278	-0.009897675144823806
ipgum2nxzkv3wg37c4w3qh6o	1	2	212	23	0	No-Go	NGAL	0	0		1	0.0	1	0.0058	0.9936775944445868	-0.006364990828595566
ipgum2nxzkv3wg37c4w3qh6o	1	2	215	24	0	No-Go	NGAL	0	0		1	0.0	1	0.0036	0.9957820730748171	-0.004238255988207944
ipgum2nxzkv3wg37c4w3qh6o	1	2	217	25	0	No-Go	NGAL	0	0		1	1.0	0	0.003	0.9970985078075242	-0.0029118159724940565
ipgum2nxzkv3wg37c4w3qh6o	1	2	223	26	0	No-Go	NGAL	0	0		1	0.0	1	0.011	0.9888651940673979	-0.011270723726613575
ipgum2nxzkv3wg37c4w3qh6o	1	2	225	27	0	No-Go	NGAL	0	0		1	0.0	1	0.0073	0.9930960676528537	-0.006955277101324327
ipgum2nxzkv3wg37c4w3qh6o	1	2	232	28	0	No-Go	NGAL	0	0		1	0.0	1	0.0044	0.9955173949327153	-0.0045049964178793984
ipgum2nxzkv3wg37c4w3qh6o	1	2	234	29	0	No-Go	NGAL	0	0		1	1.0	0	0.0034	0.9969750480121493	-0.00303572449340196
ipgum2nxzkv3wg37c4w3qh6o	1	2	239	30	0	No-Go	NGAL	0	0		1	0.0	1	0.0112	0.9876529488720492	-0.012545789406406212
ipgum2nxzkv3wg37c4w3qh6o	1	2	123	1	0	Go	GAL	1	1	0.612	1	1.0	0	0.574	0.5670801076891802	-0.5809565925269332
ipgum2nxzkv3wg37c4w3qh6o	1	2	126	2	0	Go	GAL	1	0		0	0.0	0	0.4168	0.5818519957705692	-0.5559743374239562
ipgum2nxzkv3wg37c4w3qh6o	1	2	132	3	0	Go	GAL	1	1	0.653	1	0.0	1	0.6658	0.6653781955282663	-0.41718143390373147
ipgum2nxzkv3wg37c4w3qh6o	1	2	136	4	0	Go	GAL	1	1	0.548	1	0.0	1	0.7852	0.7887572115807097	-0.24345512528086596
ipgum2nxzkv3wg37c4w3qh6o	1	2	140	5	0	Go	GAL	1	1	0.617	1	0.0	1	0.8631	0.86852550510123	-0.14450062246164222
ipgum2nxzkv3wg37c4w3qh6o	1	2	144	6	0	Go	GAL	1	1	0.683	1	0.0	1	0.9189	0.9176232738308914	-0.08785903541786286
ipgum2nxzkv3wg37c4w3qh6o	1	2	147	7	0	Go	GAL	1	1	0.394	1	1.0	0	0.9507	0.947516713171051	-0.05488973420972096
ipgum2nxzkv3wg37c4w3qh6o	1	2	152	8	0	Go	GAL	1	1	0.897	1	0.0	1	0.9032	0.9026906445163233	-0.1044162055323557
ipgum2nxzkv3wg37c4w3qh6o	1	2	153	9	0	Go	GAL	1	1	0.621	1	0.0	1	0.9381	0.9388222781490929	-0.0642139574894744
ipgum2nxzkv3wg37c4w3qh6o	1	2	158	10	0	Go	GAL	1	1	0.637	1	0.0	1	0.9618	0.9606582450200291	-0.04070590831864032
ipgum2nxzkv3wg37c4w3qh6o	1	2	161	11	0	Go	GAL	1	1	0.589	1	0.0	1	0.9751	0.9740750754293745	-0.02656727017744998
ipgum2nxzkv3wg37c4w3qh6o	1	2	167	12	0	Go	GAL	1	1	0.366	1	0.0	1	0.9818	0.9824891823624737	-0.017827144817513102
ipgum2nxzkv3wg37c4w3qh6o	1	2	171	13	0	Go	GAL	1	1	0.435	1	1.0	0	0.9866	0.9878812676957863	-0.01228142250297922
ipgum2nxzkv3wg37c4w3qh6o	1	2	174	14	0	Go	GAL	1	1	0.509	1	0.0	1	0.9726	0.9744629001724847	-0.026130759018733848
ipgum2nxzkv3wg37c4w3qh6o	1	2	179	15	0	Go	GAL	1	1	0.626	1	0.0	1	0.9835	0.9828826637419268	-0.017405454934759257
ipgum2nxzkv3wg37c4w3qh6o	1	2	184	16	0	Go	GAL	1	1	0.477	1	0.0	1	0.9876	0.9881968217517569	-0.011951378666394482
ipgum2nxzkv3wg37c4w3qh6o	1	2	185	17	0	Go	GAL	1	1	0.488	1	0.0	1	0.9903	0.991644549183213	-0.0084356426856952
ipgum2nxzkv3wg37c4w3qh6o	1	2	192	18	0	Go	GAL	1	1	0.292	1	0.0	1	0.9935	0.9939375194826072	-0.006107972479030228
ipgum2nxzkv3wg37c4w3qh6o	1	2	193	19	0	Go	GAL	1	1	0.521	1	1.0	0	0.9963	0.9954973431023666	-0.004529669182929905
ipgum2nxzkv3wg37c4w3qh6o	1	2	200	20	0	Go	GAL	1	1	0.465	1	0.0	1	0.9897	0.989443165312283	-0.010696592168138156
ipgum2nxzkv3wg37c4w3qh6o	1	2	202	21	0	Go	GAL	1	1	0.483	1	0.0	1	0.9928	0.992557083249318	-0.007515189863716222
ipgum2nxzkv3wg37c4w3qh6o	1	2	207	22	0	Go	GAL	1	1	0.429	1	0.0	1	0.9948	0.9945920071062959	-0.005448593805090527
ipgum2nxzkv3wg37c4w3qh6o	1	2	211	23	0	Go	GAL	1	1	0.462	1	1.0	0	0.996	0.9959646222187631	-0.004059665253167609
ipgum2nxzkv3wg37c4w3qh6o	1	2	213	24	0	Go	GAL	1	1	0.413	1	0.0	1	0.9904	0.9901303177995333	-0.01002589474025271
ipgum2nxzkv3wg37c4w3qh6o	1	2	218	25	0	Go	GAL	1	1	0.459	1	0.0	1	0.9937	0.9930940183486767	-0.006981224247918287
ipgum2nxzkv3wg37c4w3qh6o	1	2	224	26	0	Go	GAL	1	1	0.383	1	0.0	1	0.9949	0.9949932292842777	-0.005047616107357223
ipgum2nxzkv3wg37c4w3qh6o	1	2	226	27	0	Go	GAL	1	1	0.458	1	0.0	1	0.9962	0.9962599794865656	-0.0037640867074868792
ipgum2nxzkv3wg37c4w3qh6o	1	2	229	28	0	Go	GAL	1	1	0.416	1	0.0	1	0.9971	0.9971320270076584	-0.0028830944003391847
ipgum2nxzkv3wg37c4w3qh6o	1	2	235	29	0	Go	GAL	1	1	0.457	1	0.0	1	0.9983	0.9977482686094409	-0.0022617644429922187
ipgum2nxzkv3wg37c4w3qh6o	1	2	238	30	0	Go	GAL	1	1	0.525	1	1.0	0	0.9987	0.9981935938042347	-0.0018133914804941023
ipgum2nxzkv3wg37c4w3qh6o	1	1	3	1	0	No-Go	NGAL	0	0		1	0.0	1	0.5719	0.4329198923108199	-0.8597157808124849
ipgum2nxzkv3wg37c4w3qh6o	1	1	5	2	0	No-Go	NGAL	0	0		1	1.0	0	0.4087	0.5818519957705692	-0.5559743374239562
ipgum2nxzkv3wg37c4w3qh6o	1	1	10	3	0	No-Go	NGAL	0	0		1	0.0	1	0.6814	0.3190941573463231	-1.1927723130373504
ipgum2nxzkv3wg37c4w3qh6o	1	1	16	4	0	No-Go	NGAL	0	0		1	0.0	1	0.5302	0.4684489869103263	-0.7782779667905962
ipgum2nxzkv3wg37c4w3qh6o	1	1	20	5	0	No-Go	NGAL	0	0		1	0.0	1	0.3852	0.6138784676021136	-0.49817773095346723
ipgum2nxzkv3wg37c4w3qh6o	1	1	21	6	0	No-Go	NGAL	0	0		1	1.0	0	0.273	0.732622051005134	-0.3172117570944042
ipgum2nxzkv3wg37c4w3qh6o	1	1	26	7	0	No-Go	NGAL	0	0		1	0.0	1	0.5394	0.4610890021432133	-0.8307123053553276
ipgum2nxzkv3wg37c4w3qh6o	1	1	32	8	0	No-Go	NGAL	0	1	0.483	0	0.0	0	0.3994	0.3947635905357859	-0.9791897083346295
ipgum2nxzkv3wg37c4w3qh6o	1	1	33	9	0	No-Go	NGAL	0	0		1	0.0	1	0.269	0.7350901336107303	-0.3176340996335555
ipgum2nxzkv3wg37c4w3qh6o	1	1	39	10	0	No-Go	NGAL	0	0		1	0.0	1	0.1682	0.8272553462627886	-0.19397152477910298
ipgum2nxzkv3wg37c4w3qh6o	1	1	41	11	0	No-Go	NGAL	0	0		1	1.0	0	0.1149	0.8879764075315015	-0.12087912544008145
ipgum2nxzkv3wg37c4w3qh6o	1	1	48	12	0	No-Go	NGAL	0	0		1	0.0	1	0.3033	0.69851331836508	-0.38514650150942814
ipgum2nxzkv3wg37c4w3qh6o	1	1	51	13	0	No-Go	NGAL	0	1	1.42	0	0.0	0	0.1948	0.19760513033052876	-1.7662314435406377
ipgum2nxzkv3wg37c4w3qh6o	1	1	54	14	0	No-Go	NGAL	0	0		1	0.0	1	0.1228	0.8752186063704119	-0.13707159269701458
ipgum2nxzkv3wg37c4w3qh6o	1	1	60	15	0	No-Go	NGAL	0	1	0.675	0	0.0	0	0.0776	0.07800996285705976	-2.7557914016679557
ipgum2nxzkv3wg37c4w3qh6o	1	1	63	16	0	No-Go	NGAL	0	0		1	0.0	1	0.0502	0.9513440224345527	-0.05054329458679946
ipgum2nxzkv3wg37c4w3qh6o	1	1	66	17	0	No-Go	NGAL	0	0		1	0.0	1	0.0317	0.9692241602822116	-0.03155639164708645
ipgum2nxzkv3wg37c4w3qh6o	1	1	69	18	0	No-Go	NGAL	0	0		1	0.0	1	0.02	0.9799561193736752	-0.020390572976442443
ipgum2nxzkv3wg37c4w3qh6o	1	1	74	19	0	No-Go	NGAL	0	0		1	0.0	1	0.0121	0.9865625834022032	-0.013601685860032499
ipgum2nxzkv3wg37c4w3qh6o	1	1	80	20	0	No-Go	NGAL	0	0		1	1.0	0	0.0104	0.9907368875270766	-0.009345723049505874
ipgum2nxzkv3wg37c4w3qh6o	1	1	82	21	0	No-Go	NGAL	0	0		1	0.0	1	0.0381	0.9638382808532712	-0.037352893192114406
ipgum2nxzkv3wg37c4w3qh6o	1	1	88	22	0	No-Go	NGAL	0	0		1	0.0	1	0.0222	0.9773180270324568	-0.02313680668066045
ipgum2nxzkv3wg37c4w3qh6o	1	1	91	23	0	No-Go	NGAL	0	0		1	0.0	1	0.0145	0.9852188006206641	-0.014976957068357428
ipgum2nxzkv3wg37c4w3qh6o	1	1	95	24	0	No-Go	NGAL	0	0		1	0.0	1	0.0089	0.9900259406121188	-0.010066482597804852
ipgum2nxzkv3wg37c4w3qh6o	1	1	97	25	0	No-Go	NGAL	0	0		1	1.0	0	0.0081	0.9930519933816117	-0.006995199274987864
ipgum2nxzkv3wg37c4w3qh6o	1	1	103	26	0	No-Go	NGAL	0	0		1	0.0	1	0.0285	0.9699928251857672	-0.031046212564451826
ipgum2nxzkv3wg37c4w3qh6o	1	1	105	27	0	No-Go	NGAL	0	0		1	0.0	1	0.0184	0.9813411181303218	-0.019022583815862578
ipgum2nxzkv3wg37c4w3qh6o	1	1	110	28	0	No-Go	NGAL	0	0		1	0.0	1	0.0134	0.987866926951407	-0.012282857168216369
ipgum2nxzkv3wg37c4w3qh6o	1	1	116	29	0	No-Go	NGAL	0	0		1	1.0	0	0.0072	0.9917926523416599	-0.00827678651934689
ipgum2nxzkv3wg37c4w3qh6o	1	1	118	30	0	No-Go	NGAL	0	0		1	0.0	1	0.0382	0.9636493950187401	-0.03819928140489687
ipgum2nxzkv3wg37c4w3qh6o	1	1	1	1	0	Go	GAL	1	0		0	1.0	1	0.5734	0.4329198923108199	-0.8597157808124849
ipgum2nxzkv3wg37c4w3qh6o	1	1	6	2	0	Go	GAL	1	0		0	0.0	0	0.4205	0.5818519957705692	-0.5559743374239562
ipgum2nxzkv3wg37c4w3qh6o	1	1	9	3	0	Go	GAL	1	1	0.667	1	0.0	1	0.6793	0.6809058426536768	-0.3945860498933197
ipgum2nxzkv3wg37c4w3qh6o	1	1	14	4	0	Go	GAL	1	1	1.395	1	0.0	1	0.7936	0.7929284211116621	-0.23842907927236415
ipgum2nxzkv3wg37c4w3qh6o	1	1	19	5	0	Go	GAL	1	1	0.528	1	0.0	1	0.8668	0.867157069791442	-0.14619546428201893
ipgum2nxzkv3wg37c4w3qh6o	1	1	23	6	0	Go	GAL	1	0		0	0.0	0	0.9189	0.08571766479144095	-2.7094079781708857
ipgum2nxzkv3wg37c4w3qh6o	1	1	28	7	0	Go	GAL	1	1	0.567	1	1.0	0	0.9572	0.9602614988179957	-0.041510140012552266
ipgum2nxzkv3wg37c4w3qh6o	1	1	30	8	0	Go	GAL	1	1	0.546	1	0.0	1	0.9277	0.9267961332350952	-0.07831772555413596
ipgum2nxzkv3wg37c4w3qh6o	1	1	35	9	0	Go	GAL	1	1	0.775	1	0.0	1	0.9526	0.9539458526178926	-0.048277579634060305
ipgum2nxzkv3wg37c4w3qh6o	1	1	40	10	0	Go	GAL	1	1	0.521	1	0.0	1	0.9702	0.9702889374782672	-0.030727678355757425
ipgum2nxzkv3wg37c4w3qh6o	1	1	43	11	0	Go	GAL	1	1	0.498	1	0.0	1	0.9811	0.9803374051235769	-0.020149423631097875
ipgum2nxzkv3wg37c4w3qh6o	1	1	45	12	0	Go	GAL	1	1	0.825	1	0.0	1	0.9865	0.9866575001036868	-0.01358606202559038
ipgum2nxzkv3wg37c4w3qh6o	1	1	52	13	0	Go	GAL	1	1	0.574	1	1.0	0	0.9904	0.990723696546274	-0.009403404460457987
ipgum2nxzkv3wg37c4w3qh6o	1	1	55	14	0	Go	GAL	1	1	0.585	1	0.0	1	0.98	0.9807453956868789	-0.019704358014782278
ipgum2nxzkv3wg37c4w3qh6o	1	1	58	15	0	Go	GAL	1	1	0.477	1	0.0	1	0.9873	0.9870282529534552	-0.013193570466035389
ipgum2nxzkv3wg37c4w3qh6o	1	1	64	16	0	Go	GAL	1	1	0.592	1	0.0	1	0.9914	0.9910112418306937	-0.009104412541422063
ipgum2nxzkv3wg37c4w3qh6o	1	1	68	17	0	Go	GAL	1	1	0.654	1	0.0	1	0.9936	0.993607584831062	-0.006455723942904648
ipgum2nxzkv3wg37c4w3qh6o	1	1	71	18	0	Go	GAL	1	1	0.851	1	0.0	1	0.9953	0.9953424406378057	-0.004693824293318114
ipgum2nxzkv3wg37c4w3qh6o	1	1	75	19	0	Go	GAL	1	1	0.406	1	1.0	0	0.9969	0.9965278949862489	-0.003493807913135276
ipgum2nxzkv3wg37c4w3qh6o	1	1	77	20	0	Go	GAL	1	1	0.754	1	0.0	1	0.9901	0.9920095524129391	-0.008096134950979337
ipgum2nxzkv3wg37c4w3qh6o	1	1	81	21	0	Go	GAL	1	1	0.43	1	0.0	1	0.9955	0.9943375464993309	-0.005718211879238277
ipgum2nxzkv3wg37c4w3qh6o	1	1	87	22	0	Go	GAL	1	1	0.53	1	0.0	1	0.9966	0.9958669038558057	-0.004164825507154391
ipgum2nxzkv3wg37c4w3qh6o	1	1	90	23	0	Go	GAL	1	1	0.561	1	1.0	0	0.9975	0.9969035815044636	-0.003115569611344842
ipgum2nxzkv3wg37c4w3qh6o	1	1	94	24	0	Go	GAL	1	1	0.501	1	0.0	1	0.9933	0.9925704317061956	-0.0075434039168529275
ipgum2nxzkv3wg37c4w3qh6o	1	1	99	25	0	Go	GAL	1	1	0.695	1	0.0	1	0.9945	0.9947720181414362	-0.005284446532527026
ipgum2nxzkv3wg37c4w3qh6o	1	1	102	26	0	Go	GAL	1	1	0.744	1	0.0	1	0.9952	0.9961908406654743	-0.0038403718683081905
ipgum2nxzkv3wg37c4w3qh6o	1	1	108	27	0	Go	GAL	1	1	0.498	1	0.0	1	0.997	0.9971422239649768	-0.0028763922503976126
ipgum2nxzkv3wg37c4w3qh6o	1	1	112	28	0	Go	GAL	1	1	0.551	1	0.0	1	0.997	0.9978003315804517	-0.0022114649239215376
ipgum2nxzkv3wg37c4w3qh6o	1	1	113	29	0	Go	GAL	1	1	0.573	1	0.0	1	0.998	0.9982674068431492	-0.0017404656153765091
ipgum2nxzkv3wg37c4w3qh6o	1	1	120	30	0	Go	GAL	1	1	0.372	1	1.0	0	0.9984	0.9986062483427263	-0.001399253098860836
ipgum2nxzkv3wg37c4w3qh6o	1	1	4	1	1	Go	GW	1	0		0	1.0	1	0.8247	0.17981686321587026	-1.8251477195945165
ipgum2nxzkv3wg37c4w3qh6o	1	1	8	2	1	Go	GW	1	1	0.522	1	0.0	1	0.7153	0.7168258893369349	-0.34345581155875277
ipgum2nxzkv3wg37c4w3qh6o	1	1	11	3	1	Go	GW	1	1	1.271	1	0.0	1	0.7854	0.7832875007403912	-0.24950199329283118
ipgum2nxzkv3wg37c4w3qh6o	1	1	15	4	1	Go	GW	1	1	1.321	1	0.0	1	0.8369	0.8344047456458151	-0.18437787425656355
ipgum2nxzkv3wg37c4w3qh6o	1	1	18	5	1	Go	GW	1	1	0.5	1	0.0	1	0.8727	0.8729440923417043	-0.13823820820224575
ipgum2nxzkv3wg37c4w3qh6o	1	1	24	6	1	Go	GW	1	1	0.557	1	0.0	1	0.9066	0.9018577356225181	-0.10500653572704356
ipgum2nxzkv3wg37c4w3qh6o	1	1	25	7	1	Go	GW	1	1	0.413	1	0.0	1	0.9285	0.9235907186361506	-0.08073142534776062
ipgum2nxzkv3wg37c4w3qh6o	1	1	31	8	1	Go	GW	1	1	0.472	1	0.0	1	0.9393	0.9400108906259244	-0.06277075586557931
ipgum2nxzkv3wg37c4w3qh6o	1	1	36	9	1	Go	GW	1	1	0.438	1	1.0	0	0.9537	0.9525011258103605	-0.04932400344009946
ipgum2nxzkv3wg37c4w3qh6o	1	1	37	10	1	Go	GW	1	1	0.414	1	0.0	1	0.9066	0.9064071273939804	-0.10024843259277569
ipgum2nxzkv3wg37c4w3qh6o	1	1	42	11	1	Go	GW	1	1	0.426	1	0.0	1	0.9244	0.9268577870354676	-0.07738926969436985
ipgum2nxzkv3wg37c4w3qh6o	1	1	47	12	1	Go	GW	1	1	0.902	1	1.0	0	0.9424	0.9423279301263728	-0.060445317036502674
ipgum2nxzkv3wg37c4w3qh6o	1	1	49	13	1	Go	GW	1	0		0	0.0	0	0.8883	0.11198777481069783	-2.4603570494645597
ipgum2nxzkv3wg37c4w3qh6o	1	1	53	14	1	Go	GW	1	1	0.839	1	0.0	1	0.9358	0.9379841146544265	-0.0651041186793116
ipgum2nxzkv3wg37c4w3qh6o	1	1	59	15	1	Go	GW	1	0		0	0.0	0	0.9512	0.047892987936955095	-3.3964610332929848
ipgum2nxzkv3wg37c4w3qh6o	1	1	61	16	1	Go	GW	1	1	0.548	1	0.0	1	0.9711	0.9727480901050816	-0.02791011314789182
ipgum2nxzkv3wg37c4w3qh6o	1	1	65	17	1	Go	GW	1	1	0.547	1	0.0	1	0.9787	0.9787672646475104	-0.02166081570369207
ipgum2nxzkv3wg37c4w3qh6o	1	1	70	18	1	Go	GW	1	1	0.838	1	0.0	1	0.9829	0.983275033439245	-0.017008734357933406
ipgum2nxzkv3wg37c4w3qh6o	1	1	76	19	1	Go	GW	1	1	0.842	1	1.0	0	0.9864	0.9866949713115013	-0.013496231899336582
ipgum2nxzkv3wg37c4w3qh6o	1	1	78	20	1	Go	GW	1	1	0.437	1	0.0	1	0.9737	0.9731711334438531	-0.027514168131873375
ipgum2nxzkv3wg37c4w3qh6o	1	1	84	21	1	Go	GW	1	1	0.716	1	0.0	1	0.9783	0.9790768284557194	-0.021369609869948947
ipgum2nxzkv3wg37c4w3qh6o	1	1	86	22	1	Go	GW	1	1	0.605	1	0.0	1	0.983	0.9834943212606937	-0.016802657412397826
ipgum2nxzkv3wg37c4w3qh6o	1	1	89	23	1	Go	GW	1	1	0.457	1	0.0	1	0.9871	0.9868468772396358	-0.013354042885130004
ipgum2nxzkv3wg37c4w3qh6o	1	1	93	24	1	Go	GW	1	1	0.559	1	1.0	0	0.989	0.989422103773502	-0.010715828880270098
ipgum2nxzkv3wg37c4w3qh6o	1	1	98	25	1	Go	GW	1	1	0.57	1	0.0	1	0.9781	0.9782215467569151	-0.022294663224934334
ipgum2nxzkv3wg37c4w3qh6o	1	1	101	26	1	Go	GW	1	1	0.548	1	0.0	1	0.9835	0.9828713592013549	-0.017469393889810936
ipgum2nxzkv3wg37c4w3qh6o	1	1	106	27	1	Go	GW	1	1	0.484	1	0.0	1	0.9853	0.9863770216881778	-0.013852563680637814
ipgum2nxzkv3wg37c4w3qh6o	1	1	111	28	1	Go	GW	1	1	0.461	1	0.0	1	0.9865	0.9890586856386788	-0.011098543726667631
ipgum2nxzkv3wg37c4w3qh6o	1	1	114	29	1	Go	GW	1	1	0.457	1	1.0	0	0.9909	0.9911345766785936	-0.00897462027908389
ipgum2nxzkv3wg37c4w3qh6o	1	1	119	30	1	Go	GW	1	1	0.45	1	0.0	1	0.9789	0.9814315562593547	-0.018991448362928903
ipgum2nxzkv3wg37c4w3qh6o	1	1	2	1	1	No-Go	NGW	0	1	0.476	0	0.0	0	0.8191	0.8201831367841298	-0.20356885012228013
ipgum2nxzkv3wg37c4w3qh6o	1	1	7	2	1	No-Go	NGW	0	1	0.442	0	0.0	0	0.7085	0.7168258893369349	-0.34345581155875277
ipgum2nxzkv3wg37c4w3qh6o	1	1	12	3	1	No-Go	NGW	0	1	0.737	0	0.0	0	0.5958	0.5935052796287172	-0.5418552413476374
ipgum2nxzkv3wg37c4w3qh6o	1	1	13	4	1	No-Go	NGW	0	0		1	0.0	1	0.4667	0.5331107026701362	-0.6554727581113601
ipgum2nxzkv3wg37c4w3qh6o	1	1	17	5	1	No-Go	NGW	0	1	0.494	0	1.0	1	0.3301	0.32698973456207064	-1.1911417933809654
ipgum2nxzkv3wg37c4w3qh6o	1	1	22	6	1	No-Go	NGW	0	1	0.448	0	0.0	0	0.4344	0.42405486711622653	-0.8964861575417485
ipgum2nxzkv3wg37c4w3qh6o	1	1	27	7	1	No-Go	NGW	0	1	0.443	0	0.0	0	0.3104	0.3076564979093392	-1.2472628708940139
ipgum2nxzkv3wg37c4w3qh6o	1	1	29	8	1	No-Go	NGW	0	1	0.391	0	0.0	0	0.217	0.21811426058365185	-1.6281575844155127
ipgum2nxzkv3wg37c4w3qh6o	1	1	34	9	1	No-Go	NGW	0	1	0.433	0	1.0	1	0.1501	0.15344519818934663	-2.019810277568482
ipgum2nxzkv3wg37c4w3qh6o	1	1	38	10	1	No-Go	NGW	0	1	0.476	0	0.0	0	0.2282	0.22320704339164335	-1.6252847588257016
ipgum2nxzkv3wg37c4w3qh6o	1	1	44	11	1	No-Go	NGW	0	0		1	0.0	1	0.1542	0.8431296351529687	-0.17651393740131707
ipgum2nxzkv3wg37c4w3qh6o	1	1	46	12	1	No-Go	NGW	0	0		1	0.0	1	0.0975	0.9011982539456689	-0.10700958906248814
ipgum2nxzkv3wg37c4w3qh6o	1	1	50	13	1	No-Go	NGW	0	0		1	0.0	1	0.0674	0.9368268855778599	-0.06678240239269634
ipgum2nxzkv3wg37c4w3qh6o	1	1	56	14	1	No-Go	NGW	0	0		1	0.0	1	0.0439	0.9587361644914836	-0.042931745788727355
ipgum2nxzkv3wg37c4w3qh6o	1	1	57	15	1	No-Go	NGW	0	0		1	1.0	0	0.0275	0.9723950601209345	-0.028414126414160103
ipgum2nxzkv3wg37c4w3qh6o	1	1	62	16	1	No-Go	NGW	0	0		1	0.0	1	0.055	0.9440349739746517	-0.058953368768166675
ipgum2nxzkv3wg37c4w3qh6o	1	1	67	17	1	No-Go	NGW	0	0		1	1.0	0	0.0422	0.9635325874347873	-0.03781889332791181
ipgum2nxzkv3wg37c4w3qh6o	1	1	72	18	1	No-Go	NGW	0	0		1	0.0	1	0.074	0.9269994064191461	-0.07845152462082476
ipgum2nxzkv3wg37c4w3qh6o	1	1	73	19	1	No-Go	NGW	0	0		1	0.0	1	0.0503	0.9535238689020531	-0.048701071119428535
ipgum2nxzkv3wg37c4w3qh6o	1	1	79	20	1	No-Go	NGW	0	0		1	0.0	1	0.0286	0.9695078198588846	-0.03150219490186068
ipgum2nxzkv3wg37c4w3qh6o	1	1	83	21	1	No-Go	NGW	0	0		1	0.0	1	0.0194	0.9793862248582321	-0.021110044170111857
ipgum2nxzkv3wg37c4w3qh6o	1	1	85	22	1	No-Go	NGW	0	0		1	0.0	1	0.0154	0.9856597268630976	-0.014600734170977642
ipgum2nxzkv3wg37c4w3qh6o	1	1	92	23	1	No-Go	NGW	0	0		1	0.0	1	0.0118	0.9897492508906452	-0.010395810240661323
ipgum2nxzkv3wg37c4w3qh6o	1	1	96	24	1	No-Go	NGW	0	0		1	0.0	1	0.0076	0.9924808159019248	-0.007604630036753269
ipgum2nxzkv3wg37c4w3qh6o	1	1	100	25	1	No-Go	NGW	0	0		1	1.0	0	0.0051	0.9943469635364875	-0.005706171836068348
ipgum2nxzkv3wg37c4w3qh6o	1	1	104	26	1	No-Go	NGW	0	0		1	0.0	1	0.0142	0.9861648298679573	-0.014208532786670676
ipgum2nxzkv3wg37c4w3qh6o	1	1	107	27	1	No-Go	NGW	0	0		1	1.0	0	0.0093	0.9902261706346966	-0.009959291474618812
ipgum2nxzkv3wg37c4w3qh6o	1	1	109	28	1	No-Go	NGW	0	0		1	0.0	1	0.0222	0.9766909298238755	-0.024652061166185544
ipgum2nxzkv3wg37c4w3qh6o	1	1	115	29	1	No-Go	NGW	0	0		1	0.0	1	0.015	0.9844563652808541	-0.01607021093799474
ipgum2nxzkv3wg37c4w3qh6o	1	1	117	30	1	No-Go	NGW	0	0		1	0.0	1	0.0106	0.9891956012505166	-0.011052105269631506
ju0f49e2syj7yu56vwlehxyy	1	1	1	1	1	Go	GW	1	1	0.788	1	0.0	1	0.6587	0.6585624748337561	-0.44815715707006903
ju0f49e2syj7yu56vwlehxyy	1	1	6	2	1	Go	GW	1	1	0.613	1	0.0	1	0.9219	0.9181354285392684	-0.08684807756199364
ju0f49e2syj7yu56vwlehxyy	1	1	10	3	1	Go	GW	1	1	0.617	1	0.0	1	0.9792	0.978317941507449	-0.022076940208450687
ju0f49e2syj7yu56vwlehxyy	1	1	13	4	1	Go	GW	1	1	0.917	1	1.0	0	0.9924	0.9926424181774317	-0.007413250342954368
ju0f49e2syj7yu56vwlehxyy	1	1	18	5	1	Go	GW	1	1	0.558	1	0.0	1	0.986	0.9863109189954801	-0.013884721540795073
ju0f49e2syj7yu56vwlehxyy	1	1	23	6	1	Go	GW	1	1	0.541	1	0.0	1	0.9949	0.9948192210516641	-0.005217654614586647
ju0f49e2syj7yu56vwlehxyy	1	1	25	7	1	Go	GW	1	1	0.645	1	1.0	0	0.9975	0.9975702619036984	-0.002440838601886989
ju0f49e2syj7yu56vwlehxyy	1	1	32	8	1	Go	GW	1	1	0.673	1	0.0	1	0.993	0.9946833164232448	-0.005406431975702976
ju0f49e2syj7yu56vwlehxyy	1	1	36	9	1	Go	GW	1	1	0.589	1	0.0	1	0.9972	0.9975404834642101	-0.0024790818178287394
ju0f49e2syj7yu56vwlehxyy	1	1	39	10	1	Go	GW	1	1	0.511	1	0.0	1	0.9986	0.9986211716134443	-0.0013860519863065463
ju0f49e2syj7yu56vwlehxyy	1	1	43	11	1	Go	GW	1	1	0.481	1	0.0	1	0.9989	0.9991061113578111	-0.0008975698631458085
ju0f49e2syj7yu56vwlehxyy	1	1	47	12	1	Go	GW	1	1	0.573	1	0.0	1	0.9993	0.999351515158686	-0.0006508279810816011
ju0f49e2syj7yu56vwlehxyy	1	1	51	13	1	Go	GW	1	1	0.504	1	0.0	1	0.9998	0.9994873592848815	-0.0005143792730764238
ju0f49e2syj7yu56vwlehxyy	1	1	54	14	1	Go	GW	1	1	0.561	1	1.0	0	0.9996	0.9995679100176369	-0.0004335196981515748
ju0f49e2syj7yu56vwlehxyy	1	1	58	15	1	Go	GW	1	1	0.591	1	0.0	1	0.999	0.9986470270208986	-0.0013774391264928215
ju0f49e2syj7yu56vwlehxyy	1	1	63	16	1	Go	GW	1	1	0.496	1	0.0	1	0.9994	0.9991746774951679	-0.0008324184373982757
ju0f49e2syj7yu56vwlehxyy	1	1	65	17	1	Go	GW	1	1	0.453	1	0.0	1	0.9995	0.9994038861537243	-0.0005995709142805148
ju0f49e2syj7yu56vwlehxyy	1	1	69	18	1	Go	GW	1	1	0.56	1	1.0	0	0.9997	0.9995237293032256	-0.0004784785926357883
ju0f49e2syj7yu56vwlehxyy	1	1	74	19	1	Go	GW	1	1	0.506	1	0.0	1	0.9978	0.9984757026834185	-0.001560732945539875
ju0f49e2syj7yu56vwlehxyy	1	1	78	20	1	Go	GW	1	1	0.504	1	0.0	1	0.9992	0.9991193251441427	-0.0008898677905396369
ju0f49e2syj7yu56vwlehxyy	1	1	83	21	1	Go	GW	1	1	0.623	1	0.0	1	0.9991	0.9993816969937428	-0.0006223845140860044
ju0f49e2syj7yu56vwlehxyy	1	1	86	22	1	Go	GW	1	1	0.474	1	1.0	0	0.9994	0.9995136194713253	-0.0004888365507609128
ju0f49e2syj7yu56vwlehxyy	1	1	92	23	1	Go	GW	1	1	0.4	1	0.0	1	0.9984	0.9984350356635158	-0.0016046752736026404
ju0f49e2syj7yu56vwlehxyy	1	1	93	24	1	Go	GW	1	1	0.403	1	0.0	1	0.9992	0.999107520330151	-0.0009022761795845665
ju0f49e2syj7yu56vwlehxyy	1	1	100	25	1	Go	GW	1	1	0.469	1	0.0	1	0.9993	0.9993779307280581	-0.0006263299248348329
ju0f49e2syj7yu56vwlehxyy	1	1	104	26	1	Go	GW	1	1	0.468	1	1.0	0	0.9996	0.999512513241038	-0.0004900131238166157
ju0f49e2syj7yu56vwlehxyy	1	1	106	27	1	Go	GW	1	1	0.531	1	0.0	1	0.9987	0.9984273024814969	-0.0016132501428950806
ju0f49e2syj7yu56vwlehxyy	1	1	111	28	1	Go	GW	1	1	0.492	1	0.0	1	0.9993	0.9991063035301598	-0.0009036612143510288
ju0f49e2syj7yu56vwlehxyy	1	1	115	29	1	Go	GW	1	1	0.674	1	0.0	1	0.9999	0.9993782759792319	-0.0006260361151094727
ju0f49e2syj7yu56vwlehxyy	1	1	118	30	1	Go	GW	1	1	0.619	1	0.0	1	0.9993	0.9995131929464822	-0.0004893538729958855
ju0f49e2syj7yu56vwlehxyy	1	1	2	1	1	No-Go	NGW	0	1	0.639	0	0.0	0	0.6511	0.6585624748337561	-0.44815715707006903
ju0f49e2syj7yu56vwlehxyy	1	1	7	2	1	No-Go	NGW	0	1	0.536	0	1.0	1	0.5564	0.5610506834571839	-0.6229201237730012
ju0f49e2syj7yu56vwlehxyy	1	1	11	3	1	No-Go	NGW	0	1	0.688	0	0.0	0	0.8854	0.8895110886618506	-0.1192208966614363
ju0f49e2syj7yu56vwlehxyy	1	1	16	4	1	No-Go	NGW	0	1	0.661	0	0.0	0	0.835	0.8326984980480246	-0.1863535143067879
ju0f49e2syj7yu56vwlehxyy	1	1	17	5	1	No-Go	NGW	0	1	0.449	0	0.0	0	0.7604	0.7575102948746177	-0.2830692991464169
ju0f49e2syj7yu56vwlehxyy	1	1	21	6	1	No-Go	NGW	0	1	0.631	0	0.0	0	0.6696	0.6669120176992538	-0.4146443040895524
ju0f49e2syj7yu56vwlehxyy	1	1	26	7	1	No-Go	NGW	0	1	0.544	0	1.0	1	0.5724	0.5677960143268609	-0.5832384911898766
ju0f49e2syj7yu56vwlehxyy	1	1	30	8	1	No-Go	NGW	0	1	0.543	0	0.0	0	0.8921	0.892531367763385	-0.11540936510300363
ju0f49e2syj7yu56vwlehxyy	1	1	33	9	1	No-Go	NGW	0	1	0.521	0	0.0	0	0.8323	0.8361373459737029	-0.1823524638292503
ju0f49e2syj7yu56vwlehxyy	1	1	38	10	1	No-Go	NGW	0	1	0.559	0	0.0	0	0.7608	0.7622740809107249	-0.2784464169533756
ju0f49e2syj7yu56vwlehxyy	1	1	44	11	1	No-Go	NGW	0	1	0.379	0	1.0	1	0.6746	0.6737327504802905	-0.4084354570815607
ju0f49e2syj7yu56vwlehxyy	1	1	45	12	1	No-Go	NGW	0	1	0.586	0	0.0	0	0.9176	0.9207896334598455	-0.08407904155998416
ju0f49e2syj7yu56vwlehxyy	1	1	52	13	1	No-Go	NGW	0	1	0.451	0	0.0	0	0.8769	0.8757221139596433	-0.13636346163099808
ju0f49e2syj7yu56vwlehxyy	1	1	55	14	1	No-Go	NGW	0	1	0.441	0	0.0	0	0.8179	0.8142997231397789	-0.2136957504008709
ju0f49e2syj7yu56vwlehxyy	1	1	59	15	1	No-Go	NGW	0	1	0.392	0	0.0	0	0.739	0.7371101430029928	-0.3215075025134223
ju0f49e2syj7yu56vwlehxyy	1	1	64	16	1	No-Go	NGW	0	1	0.46	0	1.0	1	0.6455	0.6476839598964631	-0.4633216527951008
ju0f49e2syj7yu56vwlehxyy	1	1	66	17	1	No-Go	NGW	0	1	0.482	0	0.0	0	0.9131	0.9125850055519604	-0.09400547423015386
ju0f49e2syj7yu56vwlehxyy	1	1	72	18	1	No-Go	NGW	0	1	0.592	0	0.0	0	0.864	0.8644876350542734	-0.1515298734668979
ju0f49e2syj7yu56vwlehxyy	1	1	73	19	1	No-Go	NGW	0	1	0.553	0	0.0	0	0.8065	0.8004434727899886	-0.23537796408673273
ju0f49e2syj7yu56vwlehxyy	1	1	77	20	1	No-Go	NGW	0	1	0.596	0	0.0	0	0.7211	0.7217069621320403	-0.3505260227681307
ju0f49e2syj7yu56vwlehxyy	1	1	84	21	1	No-Go	NGW	0	1	0.403	0	0.0	0	0.6429	0.6322294936176514	-0.4997999358925947
ju0f49e2syj7yu56vwlehxyy	1	1	87	22	1	No-Go	NGW	0	1	0.469	0	0.0	0	0.5377	0.5381296199795703	-0.6830989726808568
ju0f49e2syj7yu56vwlehxyy	1	1	91	23	1	No-Go	NGW	0	1	0.756	0	0.0	0	0.4477	0.44613787031500035	-0.8972677581757582
ju0f49e2syj7yu56vwlehxyy	1	1	94	24	1	No-Go	NGW	0	1	0.389	0	0.0	0	0.3607	0.36183601054533926	-1.1368099551166873
ju0f49e2syj7yu56vwlehxyy	1	1	97	25	1	No-Go	NGW	0	1	0.456	0	1.0	1	0.2826	0.28863034913266794	-1.395122160167979
ju0f49e2syj7yu56vwlehxyy	1	1	101	26	1	No-Go	NGW	0	1	0.746	0	0.0	0	0.7588	0.7527488150803174	-0.30041767165520644
ju0f49e2syj7yu56vwlehxyy	1	1	108	27	1	No-Go	NGW	0	1	0.561	0	0.0	0	0.6626	0.6647753118939086	-0.4357260074192715
ju0f49e2syj7yu56vwlehxyy	1	1	110	28	1	No-Go	NGW	0	1	0.541	0	1.0	1	0.5647	0.569224021930802	-0.6072474072345331
ju0f49e2syj7yu56vwlehxyy	1	1	113	29	1	No-Go	NGW	0	1	0.48	0	0.0	0	0.8865	0.884932200478929	-0.1280340910093188
ju0f49e2syj7yu56vwlehxyy	1	1	119	30	1	No-Go	NGW	0	1	0.402	0	0.0	0	0.8248	0.8280162834333538	-0.19965360912167493
ju0f49e2syj7yu56vwlehxyy	1	1	4	1	0	No-Go	NGAL	0	1	0.627	0	0.0	0	0.5868	0.583583641139632	-0.5469910551777195
ju0f49e2syj7yu56vwlehxyy	1	1	5	2	0	No-Go	NGAL	0	1	0.716	0	0.0	0	0.4728	0.47543788763638195	-0.7600209731098844
ju0f49e2syj7yu56vwlehxyy	1	1	12	3	0	No-Go	NGAL	0	0		1	1.0	0	0.378	0.6238026557626865	-0.48234213214451394
ju0f49e2syj7yu56vwlehxyy	1	1	15	4	0	No-Go	NGAL	0	0		1	0.0	1	0.3991	0.6070234034778493	-0.5088200924140455
ju0f49e2syj7yu56vwlehxyy	1	1	20	5	0	No-Go	NGAL	0	0		1	0.0	1	0.2914	0.7043899919600067	-0.3587991959408751
ju0f49e2syj7yu56vwlehxyy	1	1	24	6	0	No-Go	NGAL	0	0		1	0.0	1	0.2259	0.7804733428469565	-0.2543075509305918
ju0f49e2syj7yu56vwlehxyy	1	1	27	7	0	No-Go	NGAL	0	0		1	1.0	0	0.1667	0.8378705051048597	-0.18144205681056377
ju0f49e2syj7yu56vwlehxyy	1	1	31	8	0	No-Go	NGAL	0	0		1	0.0	1	0.1721	0.8275176271675868	-0.19377923557758236
ju0f49e2syj7yu56vwlehxyy	1	1	34	9	0	No-Go	NGAL	0	0		1	0.0	1	0.1275	0.8731824593284268	-0.13870846700778922
ju0f49e2syj7yu56vwlehxyy	1	1	37	10	0	No-Go	NGAL	0	0		1	0.0	1	0.0916	0.9062755046347769	-0.10048189675767229
ju0f49e2syj7yu56vwlehxyy	1	1	42	11	0	No-Go	NGAL	0	0		1	0.0	1	0.071	0.9302487524939965	-0.0736580768983945
ju0f49e2syj7yu56vwlehxyy	1	1	46	12	0	No-Go	NGAL	0	0		1	0.0	1	0.0518	0.9476508297363025	-0.05464916603064595
ju0f49e2syj7yu56vwlehxyy	1	1	50	13	0	No-Go	NGAL	0	0		1	0.0	1	0.04	0.9603398012032832	-0.04103979922222879
ju0f49e2syj7yu56vwlehxyy	1	1	53	14	0	No-Go	NGAL	0	0		1	1.0	0	0.0307	0.9696504760078336	-0.03119298114158674
ju0f49e2syj7yu56vwlehxyy	1	1	60	15	0	No-Go	NGAL	0	0		1	0.0	1	0.0329	0.9667697566072615	-0.03421881255689711
ju0f49e2syj7yu56vwlehxyy	1	1	61	16	0	No-Go	NGAL	0	0		1	0.0	1	0.0286	0.9745611413051017	-0.026035583199613792
ju0f49e2syj7yu56vwlehxyy	1	1	68	17	0	No-Go	NGAL	0	0		1	0.0	1	0.0197	0.9802491189143492	-0.02012681080472803
ju0f49e2syj7yu56vwlehxyy	1	1	71	18	0	No-Go	NGAL	0	0		1	1.0	0	0.0158	0.9844797408619496	-0.015762698335272482
ju0f49e2syj7yu56vwlehxyy	1	1	76	19	0	No-Go	NGAL	0	0		1	0.0	1	0.0163	0.9824614695895066	-0.01789668893367293
ju0f49e2syj7yu56vwlehxyy	1	1	80	20	0	No-Go	NGAL	0	1	0.42	0	0.0	0	0.0126	0.013652119604077808	-4.812641523086851
ju0f49e2syj7yu56vwlehxyy	1	1	82	21	0	No-Go	NGAL	0	0		1	0.0	1	0.0097	0.99040847935817	-0.009697641821370222
ju0f49e2syj7yu56vwlehxyy	1	1	85	22	0	No-Go	NGAL	0	0		1	0.0	1	0.0075	0.9923790807523223	-0.007690063896529347
ju0f49e2syj7yu56vwlehxyy	1	1	90	23	0	No-Go	NGAL	0	0		1	0.0	1	0.0063	0.9938600585306157	-0.006186706684276235
ju0f49e2syj7yu56vwlehxyy	1	1	95	24	0	No-Go	NGAL	0	0		1	0.0	1	0.0054	0.9949936338107491	-0.005038852101608188
ju0f49e2syj7yu56vwlehxyy	1	1	98	25	0	No-Go	NGAL	0	0		1	1.0	0	0.0032	0.9958723880485107	-0.004150736817988198
ju0f49e2syj7yu56vwlehxyy	1	1	102	26	0	No-Go	NGAL	0	0		1	1.0	0	0.005	0.9950828299008415	-0.00497045049897148
ju0f49e2syj7yu56vwlehxyy	1	1	105	27	0	No-Go	NGAL	0	0		1	0.0	1	0.0067	0.9937335689318446	-0.006543286557258616
ju0f49e2syj7yu56vwlehxyy	1	1	112	28	0	No-Go	NGAL	0	0		1	0.0	1	0.0033	0.9953612139839922	-0.004694764250415531
ju0f49e2syj7yu56vwlehxyy	1	1	116	29	0	No-Go	NGAL	0	0		1	0.0	1	0.0031	0.9963062868489732	-0.0037214957125363923
ju0f49e2syj7yu56vwlehxyy	1	1	120	30	0	No-Go	NGAL	0	0		1	0.0	1	0.003	0.9969625582771471	-0.003055156170065877
ju0f49e2syj7yu56vwlehxyy	1	1	3	1	0	Go	GAL	1	1	0.779	1	0.0	1	0.5759	0.583583641139632	-0.5469910551777195
ju0f49e2syj7yu56vwlehxyy	1	1	8	2	0	Go	GAL	1	1	0.581	1	0.0	1	0.6769	0.6838037456442493	-0.38627631910450383
ju0f49e2syj7yu56vwlehxyy	1	1	9	3	0	Go	GAL	1	1	0.58	1	1.0	0	0.7623	0.7640972043602594	-0.2737829808811197
ju0f49e2syj7yu56vwlehxyy	1	1	14	4	0	Go	GAL	1	1	0.778	1	0.0	1	0.6752	0.6682731051808858	-0.40900638116537025
ju0f49e2syj7yu56vwlehxyy	1	1	19	5	0	Go	GAL	1	1	0.654	1	0.0	1	0.75	0.7529114617253125	-0.2881694574122653
ju0f49e2syj7yu56vwlehxyy	1	1	22	6	0	Go	GAL	1	1	0.661	1	0.0	1	0.8133	0.8175243834707017	-0.20472175982103297
ju0f49e2syj7yu56vwlehxyy	1	1	28	7	0	Go	GAL	1	1	0.641	1	1.0	0	0.8669	0.865447406291657	-0.14679578191221568
ju0f49e2syj7yu56vwlehxyy	1	1	29	8	0	Go	GAL	1	0		0	0.0	0	0.7953	0.20416257488805764	-1.637612294197116
ju0f49e2syj7yu56vwlehxyy	1	1	35	9	0	Go	GAL	1	0		0	0.0	0	0.8044	0.19271637420810847	-1.7007287001251927
ju0f49e2syj7yu56vwlehxyy	1	1	40	10	0	Go	GAL	1	1	0.595	1	0.0	1	0.8195	0.8171544391227371	-0.20506958275527515
ju0f49e2syj7yu56vwlehxyy	1	1	41	11	0	Go	GAL	1	0		0	0.0	0	0.8606	0.13373428634225493	-2.123873705690899
ju0f49e2syj7yu56vwlehxyy	1	1	48	12	0	Go	GAL	1	1	0.514	1	0.0	1	0.8721	0.8728846662141874	-0.1382255750556627
ju0f49e2syj7yu56vwlehxyy	1	1	49	13	0	Go	GAL	1	1	0.868	1	1.0	0	0.9101	0.9067017005174194	-0.09947013240325003
ju0f49e2syj7yu56vwlehxyy	1	1	56	14	0	Go	GAL	1	1	0.608	1	0.0	1	0.8571	0.8558046751778402	-0.15792357561378528
ju0f49e2syj7yu56vwlehxyy	1	1	57	15	0	Go	GAL	1	0		0	0.0	0	0.8956	0.10509414320645222	-2.3845501952698838
ju0f49e2syj7yu56vwlehxyy	1	1	62	16	0	Go	GAL	1	1	0.711	1	0.0	1	0.8981	0.9001360604907137	-0.10675724442261436
ju0f49e2syj7yu56vwlehxyy	1	1	67	17	0	Go	GAL	1	1	0.436	1	1.0	0	0.9271	0.9266637508120142	-0.07720007176957783
ju0f49e2syj7yu56vwlehxyy	1	1	70	18	0	Go	GAL	1	1	0.7	1	0.0	1	0.8894	0.8845529455797345	-0.12427883528896055
ju0f49e2syj7yu56vwlehxyy	1	1	75	19	0	Go	GAL	1	1	0.617	1	0.0	1	0.9189	0.9159425833025502	-0.088909500488673
ju0f49e2syj7yu56vwlehxyy	1	1	79	20	0	Go	GAL	1	1	0.46	1	0.0	1	0.9388	0.9381507462704769	-0.06458907673708159
ju0f49e2syj7yu56vwlehxyy	1	1	81	21	0	Go	GAL	1	1	0.523	1	0.0	1	0.9567	0.953994092846202	-0.047591535141344295
ju0f49e2syj7yu56vwlehxyy	1	1	88	22	0	Go	GAL	1	1	0.426	1	1.0	0	0.9649	0.9653938866978539	-0.03554535354378688
ju0f49e2syj7yu56vwlehxyy	1	1	89	23	0	Go	GAL	1	1	0.68	1	0.0	1	0.9396	0.9425218210729621	-0.05977735754185931
ju0f49e2syj7yu56vwlehxyy	1	1	96	24	0	Go	GAL	1	1	0.626	1	0.0	1	0.9567	0.9574075641652593	-0.04391547050113435
ju0f49e2syj7yu56vwlehxyy	1	1	99	25	0	Go	GAL	1	1	0.56	1	0.0	1	0.9679	0.9679973803867984	-0.032786751759734854
ju0f49e2syj7yu56vwlehxyy	1	1	103	26	0	Go	GAL	1	1	0.559	1	0.0	1	0.9768	0.975644097863645	-0.024832572129771684
ju0f49e2syj7yu56vwlehxyy	1	1	107	27	0	Go	GAL	1	1	0.674	1	1.0	0	0.9824	0.9812355147096494	-0.019061107939868704
ju0f49e2syj7yu56vwlehxyy	1	1	109	28	0	Go	GAL	1	1	0.588	1	0.0	1	0.9688	0.9674187888356041	-0.033378607786853746
ju0f49e2syj7yu56vwlehxyy	1	1	114	29	0	Go	GAL	1	1	0.612	1	0.0	1	0.9755	0.9754344421734615	-0.025038707924692472
ju0f49e2syj7yu56vwlehxyy	1	1	117	30	0	Go	GAL	1	1	0.621	1	0.0	1	0.9812	0.9811798808256627	-0.01911140951199959
ju0f49e2syj7yu56vwlehxyy	1	2	121	1	0	No-Go	NGAL	0	1	0.832	0	0.0	0	0.5821	0.583583641139632	-0.5469910551777195
ju0f49e2syj7yu56vwlehxyy	1	2	128	2	0	No-Go	NGAL	0	0		1	0.0	1	0.4747	0.524562112363618	-0.6577564978673557
ju0f49e2syj7yu56vwlehxyy	1	2	132	3	0	No-Go	NGAL	0	0		1	1.0	0	0.3705	0.6292152622896611	-0.4742187379228928
ju0f49e2syj7yu56vwlehxyy	1	2	134	4	0	No-Go	NGAL	0	0		1	0.0	1	0.3896	0.6113143669056131	-0.50192765845162
ju0f49e2syj7yu56vwlehxyy	1	2	138	5	0	No-Go	NGAL	0	0		1	0.0	1	0.2892	0.7034509620913585	-0.3599822323253135
ju0f49e2syj7yu56vwlehxyy	1	2	143	6	0	No-Go	NGAL	0	0		1	0.0	1	0.2223	0.7765380776903021	-0.2591918903720779
ju0f49e2syj7yu56vwlehxyy	1	2	147	7	0	No-Go	NGAL	0	0		1	1.0	0	0.1674	0.8325448411505134	-0.1877276857383105
ju0f49e2syj7yu56vwlehxyy	1	2	151	8	0	No-Go	NGAL	0	0		1	0.0	1	0.1888	0.8209019831066534	-0.20176624359113407
ju0f49e2syj7yu56vwlehxyy	1	2	154	9	0	No-Go	NGAL	0	0		1	0.0	1	0.1336	0.8665364026457777	-0.14630615150614004
ju0f49e2syj7yu56vwlehxyy	1	2	157	10	0	No-Go	NGAL	0	0		1	0.0	1	0.1024	0.9000480060658153	-0.10738459101003181
ju0f49e2syj7yu56vwlehxyy	1	2	163	11	0	No-Go	NGAL	0	0		1	0.0	1	0.0752	0.9246431922786844	-0.07973430234506332
ju0f49e2syj7yu56vwlehxyy	1	2	165	12	0	No-Go	NGAL	0	0		1	0.0	1	0.0558	0.9427240418216419	-0.05990116073388771
ju0f49e2syj7yu56vwlehxyy	1	2	172	13	0	No-Go	NGAL	0	0		1	0.0	1	0.0434	0.9560677042377532	-0.045536671408311635
ju0f49e2syj7yu56vwlehxyy	1	2	175	14	0	No-Go	NGAL	0	0		1	1.0	0	0.0362	0.9659708693001259	-0.035029086816303234
ju0f49e2syj7yu56vwlehxyy	1	2	180	15	0	No-Go	NGAL	0	0		1	0.0	1	0.0362	0.9622026456153991	-0.039095172460513465
ju0f49e2syj7yu56vwlehxyy	1	2	183	16	0	No-Go	NGAL	0	0		1	0.0	1	0.0276	0.9708170490788088	-0.029941486165041966
ju0f49e2syj7yu56vwlehxyy	1	2	186	17	0	No-Go	NGAL	0	0		1	0.0	1	0.0231	0.9771177685947238	-0.023364808528151145
ju0f49e2syj7yu56vwlehxyy	1	2	190	18	0	No-Go	NGAL	0	0		1	1.0	0	0.0166	0.9818284368502529	-0.018488814765119203
ju0f49e2syj7yu56vwlehxyy	1	2	195	19	0	No-Go	NGAL	0	0		1	0.0	1	0.0191	0.9789394483787213	-0.02171232324520466
ju0f49e2syj7yu56vwlehxyy	1	2	200	20	0	No-Go	NGAL	0	0		1	0.0	1	0.0146	0.9835464039620095	-0.016766980070009294
ju0f49e2syj7yu56vwlehxyy	1	2	201	21	0	No-Go	NGAL	0	0		1	0.0	1	0.0125	0.9868415463439982	-0.013355887539825428
ju0f49e2syj7yu56vwlehxyy	1	2	206	22	0	No-Go	NGAL	0	0		1	0.0	1	0.011	0.9893055715671278	-0.010828821230760578
ju0f49e2syj7yu56vwlehxyy	1	2	212	23	0	No-Go	NGAL	0	0		1	0.0	1	0.0092	0.9911914574009668	-0.008904235245499366
ju0f49e2syj7yu56vwlehxyy	1	2	215	24	0	No-Go	NGAL	0	0		1	0.0	1	0.008	0.9926567515274725	-0.007413892058420013
ju0f49e2syj7yu56vwlehxyy	1	2	220	25	0	No-Go	NGAL	0	0		1	1.0	0	0.0069	0.9938085049682631	-0.006245397667218737
ju0f49e2syj7yu56vwlehxyy	1	2	222	26	0	No-Go	NGAL	0	0		1	1.0	0	0.0087	0.9921018219949564	-0.008149121566631261
ju0f49e2syj7yu56vwlehxyy	1	2	226	27	0	No-Go	NGAL	0	0		1	0.0	1	0.0107	0.9892986138476244	-0.012285217257383681
ju0f49e2syj7yu56vwlehxyy	1	2	231	28	0	No-Go	NGAL	0	0		1	0.0	1	0.0072	0.9921110514813074	-0.008200051968439571
ju0f49e2syj7yu56vwlehxyy	1	2	236	29	0	No-Go	NGAL	0	0		1	0.0	1	0.0057	0.993750621694528	-0.006380877544382805
ju0f49e2syj7yu56vwlehxyy	1	2	239	30	0	No-Go	NGAL	0	0		1	0.0	1	0.0048	0.9948384056533274	-0.00523883857143637
ju0f49e2syj7yu56vwlehxyy	1	2	122	1	0	Go	GAL	1	1	0.725	1	0.0	1	0.5825	0.583583641139632	-0.5469910551777195
ju0f49e2syj7yu56vwlehxyy	1	2	125	2	0	Go	GAL	1	1	0.994	1	0.0	1	0.6865	0.6838037456442493	-0.38627631910450383
ju0f49e2syj7yu56vwlehxyy	1	2	130	3	0	Go	GAL	1	1	0.681	1	1.0	0	0.7654	0.7640972043602594	-0.2737829808811197
ju0f49e2syj7yu56vwlehxyy	1	2	135	4	0	Go	GAL	1	0		0	0.0	0	0.6759	0.33172689481911427	-1.1273872986839446
ju0f49e2syj7yu56vwlehxyy	1	2	139	5	0	Go	GAL	1	1	0.511	1	0.0	1	0.6791	0.68403831373191	-0.3857541367807832
ju0f49e2syj7yu56vwlehxyy	1	2	144	6	0	Go	GAL	1	1	0.578	1	0.0	1	0.7681	0.7653093402058369	-0.2721580703505929
ju0f49e2syj7yu56vwlehxyy	1	2	148	7	0	Go	GAL	1	1	0.546	1	1.0	0	0.834	0.8269856251336363	-0.19335815053767438
ju0f49e2syj7yu56vwlehxyy	1	2	149	8	0	Go	GAL	1	1	0.764	1	0.0	1	0.7473	0.747220648586509	-0.2955828865874983
ju0f49e2syj7yu56vwlehxyy	1	2	155	9	0	Go	GAL	1	1	0.996	1	0.0	1	0.8176	0.8142629491484341	-0.20866821064907617
ju0f49e2syj7yu56vwlehxyy	1	2	160	10	0	Go	GAL	1	1	1.047	1	0.0	1	0.8591	0.8636557086332343	-0.14886891363709046
ju0f49e2syj7yu56vwlehxyy	1	2	161	11	0	Go	GAL	1	1	0.737	1	0.0	1	0.898	0.8995694780336527	-0.10740236119694821
ju0f49e2syj7yu56vwlehxyy	1	2	166	12	0	Go	GAL	1	1	0.506	1	0.0	1	0.9223	0.9255434185145422	-0.07841562812815313
ju0f49e2syj7yu56vwlehxyy	1	2	171	13	0	Go	GAL	1	1	0.811	1	1.0	0	0.9458	0.9443315880152768	-0.05796343651569614
ju0f49e2syj7yu56vwlehxyy	1	2	173	14	0	Go	GAL	1	1	0.76	1	0.0	1	0.9096	0.9092430355029121	-0.09623495777051379
ju0f49e2syj7yu56vwlehxyy	1	2	177	15	0	Go	GAL	1	1	0.97	1	0.0	1	0.9333	0.9330859326380522	-0.06999530350698299
ju0f49e2syj7yu56vwlehxyy	1	2	181	16	0	Go	GAL	1	1	0.928	1	0.0	1	0.9512	0.9500539618794702	-0.05173503452423826
ju0f49e2syj7yu56vwlehxyy	1	2	188	17	0	Go	GAL	1	1	0.808	1	1.0	0	0.9648	0.9622734411624002	-0.03879213060615529
ju0f49e2syj7yu56vwlehxyy	1	2	189	18	0	Go	GAL	1	0		0	0.0	0	0.9315	0.06401188452247383	-2.897514357730123
ju0f49e2syj7yu56vwlehxyy	1	2	196	19	0	Go	GAL	1	1	0.749	1	0.0	1	0.943	0.9401487971589265	-0.06232059269227823
ju0f49e2syj7yu56vwlehxyy	1	2	198	20	0	Go	GAL	1	1	0.643	1	0.0	1	0.9575	0.9556149186426001	-0.045793463563291094
ju0f49e2syj7yu56vwlehxyy	1	2	202	21	0	Go	GAL	1	1	0.705	1	0.0	1	0.9688	0.9665766186234483	-0.03425869940449575
ju0f49e2syj7yu56vwlehxyy	1	2	208	22	0	Go	GAL	1	1	0.906	1	1.0	0	0.9745	0.9744882353564907	-0.026021551923778086
ju0f49e2syj7yu56vwlehxyy	1	2	209	23	0	Go	GAL	1	1	0.685	1	0.0	1	0.9529	0.9556393382312919	-0.04581332002576491
ju0f49e2syj7yu56vwlehxyy	1	2	214	24	0	Go	GAL	1	1	0.683	1	0.0	1	0.967	0.9669413092879219	-0.03387876982851066
ju0f49e2syj7yu56vwlehxyy	1	2	219	25	0	Go	GAL	1	1	0.957	1	0.0	1	0.9736	0.9749103014363447	-0.02558059593429004
ju0f49e2syj7yu56vwlehxyy	1	2	224	26	0	Go	GAL	1	1	0.876	1	0.0	1	0.9837	0.9806679294297144	-0.01963680903150047
ju0f49e2syj7yu56vwlehxyy	1	2	228	27	0	Go	GAL	1	1	0.854	1	1.0	0	0.9855	0.9849002245528973	-0.01529455760497136
ju0f49e2syj7yu56vwlehxyy	1	2	232	28	0	Go	GAL	1	1	0.785	1	0.0	1	0.9737	0.9725063727061141	-0.028147464077564667
ju0f49e2syj7yu56vwlehxyy	1	2	234	29	0	Go	GAL	1	1	0.691	1	0.0	1	0.979	0.9792072303417217	-0.02116254806580444
ju0f49e2syj7yu56vwlehxyy	1	2	238	30	0	Go	GAL	1	1	0.726	1	0.0	1	0.9847	0.9839501060321758	-0.016276134468277866
ju0f49e2syj7yu56vwlehxyy	1	2	123	1	1	No-Go	NGW	0	1	0.714	0	0.0	0	0.6615	0.6585624748337561	-0.44815715707006903
ju0f49e2syj7yu56vwlehxyy	1	2	126	2	1	No-Go	NGW	0	1	1.472	0	1.0	1	0.5611	0.5610506834571839	-0.6229201237730012
ju0f49e2syj7yu56vwlehxyy	1	2	131	3	1	No-Go	NGW	0	1	0.577	0	0.0	0	0.8855	0.8895110886618506	-0.1192208966614363
ju0f49e2syj7yu56vwlehxyy	1	2	136	4	1	No-Go	NGW	0	0		1	0.0	1	0.8306	0.16730150195197535	-1.8676689463018412
ju0f49e2syj7yu56vwlehxyy	1	2	140	5	1	No-Go	NGW	0	0		1	0.0	1	0.7639	0.2356034958195838	-1.4991689513168163
ju0f49e2syj7yu56vwlehxyy	1	2	141	6	1	No-Go	NGW	0	0		1	0.0	1	0.6797	0.3165800205132009	-1.1897215224737476
ju0f49e2syj7yu56vwlehxyy	1	2	146	7	1	No-Go	NGW	0	0		1	1.0	0	0.5956	0.4051440126184276	-0.9336594961998733
ju0f49e2syj7yu56vwlehxyy	1	2	152	8	1	No-Go	NGW	0	0		1	0.0	1	0.7073	0.292072014849056	-1.2721718122084855
ju0f49e2syj7yu56vwlehxyy	1	2	156	9	1	No-Go	NGW	0	1	0.905	0	0.0	0	0.6191	0.6199618883895937	-0.4891272695459616
ju0f49e2syj7yu56vwlehxyy	1	2	159	10	1	No-Go	NGW	0	0		1	0.0	1	0.5025	0.49561965441700023	-0.7241186423142117
ju0f49e2syj7yu56vwlehxyy	1	2	164	11	1	No-Go	NGW	0	1	0.619	0	1.0	1	0.4106	0.41241203170217716	-0.9241906167626339
ju0f49e2syj7yu56vwlehxyy	1	2	167	12	1	No-Go	NGW	0	0		1	0.0	1	0.7902	0.21013064092301006	-1.633893582465727
ju0f49e2syj7yu56vwlehxyy	1	2	169	13	1	No-Go	NGW	0	0		1	0.0	1	0.7224	0.27440909227564303	-1.3523202228828
ju0f49e2syj7yu56vwlehxyy	1	2	176	14	1	No-Go	NGW	0	0		1	0.0	1	0.6595	0.34546435771394846	-1.109463804054697
ju0f49e2syj7yu56vwlehxyy	1	2	179	15	1	No-Go	NGW	0	0		1	0.0	1	0.5844	0.42007969181192883	-0.9034423951929329
ju0f49e2syj7yu56vwlehxyy	1	2	182	16	1	No-Go	NGW	0	0		1	1.0	0	0.5002	0.49465888845342987	-0.7315936028786579
ju0f49e2syj7yu56vwlehxyy	1	2	187	17	1	No-Go	NGW	0	0		1	0.0	1	0.6524	0.3552131220341512	-1.0774094364898916
ju0f49e2syj7yu56vwlehxyy	1	2	191	18	1	No-Go	NGW	0	0		1	0.0	1	0.5632	0.43211837297481526	-0.8698618282533565
ju0f49e2syj7yu56vwlehxyy	1	2	194	19	1	No-Go	NGW	0	0		1	0.0	1	0.4863	0.5081819406331153	-0.7006363358631595
ju0f49e2syj7yu56vwlehxyy	1	2	199	20	1	No-Go	NGW	0	0		1	0.0	1	0.4235	0.57984317283224	-0.5635901761833272
ju0f49e2syj7yu56vwlehxyy	1	2	204	21	1	No-Go	NGW	0	0		1	0.0	1	0.3562	0.6447245132423807	-0.45359942713348134
ju0f49e2syj7yu56vwlehxyy	1	2	207	22	1	No-Go	NGW	0	0		1	0.0	1	0.2926	0.7016245882751702	-0.3660023991923789
ju0f49e2syj7yu56vwlehxyy	1	2	210	23	1	No-Go	NGW	0	1	0.947	0	0.0	0	0.2482	0.24969227749434217	-1.4683976229149374
ju0f49e2syj7yu56vwlehxyy	1	2	216	24	1	No-Go	NGW	0	0		1	0.0	1	0.1661	0.8347908544302689	-0.1853356332094498
ju0f49e2syj7yu56vwlehxyy	1	2	218	25	1	No-Go	NGW	0	0		1	1.0	0	0.1344	0.8643585947955653	-0.14933666599018094
ju0f49e2syj7yu56vwlehxyy	1	2	223	26	1	No-Go	NGW	0	0		1	0.0	1	0.2306	0.7722009649856405	-0.27060638242966023
ju0f49e2syj7yu56vwlehxyy	1	2	225	27	1	No-Go	NGW	0	0		1	0.0	1	0.1875	0.8149823382730017	-0.2119840317508716
ju0f49e2syj7yu56vwlehxyy	1	2	229	28	1	No-Go	NGW	0	0		1	1.0	0	0.1507	0.8492566192030881	-0.1685109566090553
ju0f49e2syj7yu56vwlehxyy	1	2	235	29	1	No-Go	NGW	0	0		1	0.0	1	0.2577	0.7508767810077772	-0.3118354670375847
ju0f49e2syj7yu56vwlehxyy	1	2	237	30	1	No-Go	NGW	0	0		1	0.0	1	0.2045	0.7980182974765114	-0.23874147719046507
ju0f49e2syj7yu56vwlehxyy	1	2	124	1	1	Go	GW	1	1	0.714	1	0.0	1	0.6611	0.6585624748337561	-0.44815715707006903
ju0f49e2syj7yu56vwlehxyy	1	2	127	2	1	Go	GW	1	1	0.662	1	0.0	1	0.9145	0.9181354285392684	-0.08684807756199364
ju0f49e2syj7yu56vwlehxyy	1	2	129	3	1	Go	GW	1	1	0.623	1	0.0	1	0.9781	0.978317941507449	-0.022076940208450687
ju0f49e2syj7yu56vwlehxyy	1	2	133	4	1	Go	GW	1	1	0.654	1	1.0	0	0.9924	0.9926424181774317	-0.007413250342954368
ju0f49e2syj7yu56vwlehxyy	1	2	137	5	1	Go	GW	1	1	0.923	1	0.0	1	0.986	0.9863109189954801	-0.013884721540795073
ju0f49e2syj7yu56vwlehxyy	1	2	142	6	1	Go	GW	1	1	0.769	1	0.0	1	0.9941	0.9948192210516641	-0.005217654614586647
ju0f49e2syj7yu56vwlehxyy	1	2	145	7	1	Go	GW	1	1	0.889	1	1.0	0	0.9978	0.9975702619036984	-0.002440838601886989
ju0f49e2syj7yu56vwlehxyy	1	2	150	8	1	Go	GW	1	1	0.578	1	0.0	1	0.9948	0.9946833164232448	-0.005406431975702976
ju0f49e2syj7yu56vwlehxyy	1	2	153	9	1	Go	GW	1	1	0.948	1	0.0	1	0.998	0.9975404834642101	-0.0024790818178287394
ju0f49e2syj7yu56vwlehxyy	1	2	158	10	1	Go	GW	1	1	0.961	1	0.0	1	0.9987	0.9986211716134443	-0.0013860519863065463
ju0f49e2syj7yu56vwlehxyy	1	2	162	11	1	Go	GW	1	1	1.032	1	0.0	1	0.999	0.9991061113578111	-0.0008975698631458085
ju0f49e2syj7yu56vwlehxyy	1	2	168	12	1	Go	GW	1	1	0.867	1	0.0	1	0.9995	0.999351515158686	-0.0006508279810816011
ju0f49e2syj7yu56vwlehxyy	1	2	170	13	1	Go	GW	1	1	0.84	1	0.0	1	0.9998	0.9994873592848815	-0.0005143792730764238
ju0f49e2syj7yu56vwlehxyy	1	2	174	14	1	Go	GW	1	1	0.683	1	1.0	0	0.9994	0.9995679100176369	-0.0004335196981515748
ju0f49e2syj7yu56vwlehxyy	1	2	178	15	1	Go	GW	1	1	0.754	1	0.0	1	0.9988	0.9986470270208986	-0.0013774391264928215
ju0f49e2syj7yu56vwlehxyy	1	2	184	16	1	Go	GW	1	1	0.598	1	0.0	1	0.9992	0.9991746774951679	-0.0008324184373982757
ju0f49e2syj7yu56vwlehxyy	1	2	185	17	1	Go	GW	1	1	0.636	1	0.0	1	0.9995	0.9994038861537243	-0.0005995709142805148
ju0f49e2syj7yu56vwlehxyy	1	2	192	18	1	Go	GW	1	1	0.491	1	1.0	0	0.9995	0.9995237293032256	-0.0004784785926357883
ju0f49e2syj7yu56vwlehxyy	1	2	193	19	1	Go	GW	1	1	0.516	1	0.0	1	0.9986	0.9984757026834185	-0.001560732945539875
ju0f49e2syj7yu56vwlehxyy	1	2	197	20	1	Go	GW	1	1	0.483	1	0.0	1	0.9992	0.9991193251441427	-0.0008898677905396369
ju0f49e2syj7yu56vwlehxyy	1	2	203	21	1	Go	GW	1	1	0.616	1	0.0	1	0.9992	0.9993816969937428	-0.0006223845140860044
ju0f49e2syj7yu56vwlehxyy	1	2	205	22	1	Go	GW	1	1	0.583	1	1.0	0	0.9992	0.9995136194713253	-0.0004888365507609128
ju0f49e2syj7yu56vwlehxyy	1	2	211	23	1	Go	GW	1	1	0.497	1	0.0	1	0.9981	0.9984350356635158	-0.0016046752736026404
ju0f49e2syj7yu56vwlehxyy	1	2	213	24	1	Go	GW	1	1	0.554	1	0.0	1	0.9993	0.999107520330151	-0.0009022761795845665
ju0f49e2syj7yu56vwlehxyy	1	2	217	25	1	Go	GW	1	1	1.029	1	0.0	1	0.9994	0.9993779307280581	-0.0006263299248348329
ju0f49e2syj7yu56vwlehxyy	1	2	221	26	1	Go	GW	1	1	0.567	1	1.0	0	0.9997	0.999512513241038	-0.0004900131238166157
ju0f49e2syj7yu56vwlehxyy	1	2	227	27	1	Go	GW	1	1	0.5	1	0.0	1	0.9982	0.9984273024814969	-0.0016132501428950806
ju0f49e2syj7yu56vwlehxyy	1	2	230	28	1	Go	GW	1	1	0.647	1	0.0	1	0.9991	0.9991063035301598	-0.0009036612143510288
ju0f49e2syj7yu56vwlehxyy	1	2	233	29	1	Go	GW	1	1	0.611	1	0.0	1	0.9995	0.9993782759792319	-0.0006260361151094727
ju0f49e2syj7yu56vwlehxyy	1	2	240	30	1	Go	GW	1	1	0.581	1	0.0	1	0.9994	0.9995131929464822	-0.0004893538729958855
k7iveyein54g2c50ty7z8vxs	1	1	1	1	0	Go	GAL	1	0		0	0.0	0	0.5903	0.416681166821651	-0.8937471706630506
k7iveyein54g2c50ty7z8vxs	1	1	8	2	0	Go	GAL	1	0		0	1.0	1	0.6217	0.3833451508495461	-0.9757644215891679
k7iveyein54g2c50ty7z8vxs	1	1	11	3	0	Go	GAL	1	0		0	0.0	0	0.4395	0.5558552722322627	-0.5963047921309328
k7iveyein54g2c50ty7z8vxs	1	1	15	4	0	Go	GAL	1	0		0	0.0	0	0.5	0.5055332404626721	-0.6903191027161457
k7iveyein54g2c50ty7z8vxs	1	1	20	5	0	Go	GAL	1	1	1.224	1	0.0	1	0.5311	0.5360744208005774	-0.6332761225005933
k7iveyein54g2c50ty7z8vxs	1	1	24	6	0	Go	GAL	1	1	1.354	1	0.0	1	0.6752	0.6822744812018706	-0.39009810062765593
k7iveyein54g2c50ty7z8vxs	1	1	27	7	0	Go	GAL	1	0		0	0.0	0	0.7361	0.2568026822646324	-1.4080446303465268
k7iveyein54g2c50ty7z8vxs	1	1	32	8	0	Go	GAL	1	1	0.941	1	1.0	0	0.7666	0.76757685420239	-0.27075068285805415
k7iveyein54g2c50ty7z8vxs	1	1	36	9	0	Go	GAL	1	0		0	0.0	0	0.5286	0.4717511919784167	-0.7681984995794383
k7iveyein54g2c50ty7z8vxs	1	1	37	10	0	Go	GAL	1	1	1.321	1	0.0	1	0.5593	0.5577021144951132	-0.5975270342856392
k7iveyein54g2c50ty7z8vxs	1	1	44	11	0	Go	GAL	1	0		0	1.0	1	0.7151	0.27939563153131114	-1.3335858966324725
k7iveyein54g2c50ty7z8vxs	1	1	48	12	0	Go	GAL	1	1	1.227	1	0.0	1	0.576	0.5718354429174911	-0.565376349000672
k7iveyein54g2c50ty7z8vxs	1	1	52	13	0	Go	GAL	1	0		0	0.0	0	0.6517	0.3472221592447268	-1.0764409380025584
k7iveyein54g2c50ty7z8vxs	1	1	54	14	0	Go	GAL	1	1	0.941	1	0.0	1	0.6933	0.6954314653109621	-0.36941992986313366
k7iveyein54g2c50ty7z8vxs	1	1	57	15	0	Go	GAL	1	1	0.603	1	0.0	1	0.7292	0.7298423110004524	-0.319971637121999
k7iveyein54g2c50ty7z8vxs	1	1	63	16	0	Go	GAL	1	1	0.613	1	0.0	1	0.7506	0.746648310267154	-0.29657366114136896
k7iveyein54g2c50ty7z8vxs	1	1	66	17	0	Go	GAL	1	1	0.843	1	0.0	1	0.7533	0.7553665943692462	-0.28464235939911176
k7iveyein54g2c50ty7z8vxs	1	1	69	18	0	Go	GAL	1	0		0	1.0	1	0.7653	0.23989330243468343	-1.4669694985389898
k7iveyein54g2c50ty7z8vxs	1	1	73	19	0	Go	GAL	1	1	1.055	1	0.0	1	0.6765	0.6751970881742453	-0.3983210900347805
k7iveyein54g2c50ty7z8vxs	1	1	79	20	0	Go	GAL	1	0		0	0.0	0	0.6828	0.3216420053863445	-1.1586809720148825
k7iveyein54g2c50ty7z8vxs	1	1	83	21	0	Go	GAL	1	1	0.538	1	0.0	1	0.7239	0.725226862254024	-0.32566077958094314
k7iveyein54g2c50ty7z8vxs	1	1	88	22	0	Go	GAL	1	0		0	0.0	0	0.7253	0.2730385205315101	-1.3290649535676247
k7iveyein54g2c50ty7z8vxs	1	1	91	23	0	Go	GAL	1	1	0.712	1	0.0	1	0.7609	0.761087919586086	-0.2778491376823443
k7iveyein54g2c50ty7z8vxs	1	1	96	24	0	Go	GAL	1	1	0.73	1	1.0	0	0.7602	0.7620748908285132	-0.2764778900564041
k7iveyein54g2c50ty7z8vxs	1	1	98	25	0	Go	GAL	1	1	0.619	1	0.0	1	0.4866	0.4818266472212458	-0.7575957660041629
k7iveyein54g2c50ty7z8vxs	1	1	103	26	0	Go	GAL	1	1	0.795	1	0.0	1	0.6345	0.6390584630597222	-0.4573512815087305
k7iveyein54g2c50ty7z8vxs	1	1	108	27	0	Go	GAL	1	0		0	1.0	1	0.7029	0.29584704746427604	-1.2643471458102185
k7iveyein54g2c50ty7z8vxs	1	1	110	28	0	Go	GAL	1	0		0	0.0	0	0.598	0.3894209008461844	-0.9571722826362056
k7iveyein54g2c50ty7z8vxs	1	1	114	29	0	Go	GAL	1	1	0.756	1	0.0	1	0.6577	0.6613179432464321	-0.42073743488777987
k7iveyein54g2c50ty7z8vxs	1	1	119	30	0	Go	GAL	1	1	0.692	1	0.0	1	0.6926	0.6929150066799682	-0.37298870924018035
k7iveyein54g2c50ty7z8vxs	1	1	3	1	1	Go	GW	1	1	1.434	1	0.0	1	0.7333	0.7363540523801732	-0.3097401293130862
k7iveyein54g2c50ty7z8vxs	1	1	6	2	1	Go	GW	1	1	0.833	1	0.0	1	0.8907	0.8930376639469334	-0.11453396316230316
k7iveyein54g2c50ty7z8vxs	1	1	10	3	1	Go	GW	1	1	0.765	1	0.0	1	0.9038	0.9042691724100294	-0.1016974420481441
k7iveyein54g2c50ty7z8vxs	1	1	14	4	1	Go	GW	1	1	0.685	1	0.0	1	0.9067	0.9060709329789647	-0.09965362438980598
k7iveyein54g2c50ty7z8vxs	1	1	19	5	1	Go	GW	1	1	0.741	1	1.0	0	0.9101	0.906475524613674	-0.09919532865370682
k7iveyein54g2c50ty7z8vxs	1	1	23	6	1	Go	GW	1	1	1.101	1	1.0	0	0.7372	0.7362518283072265	-0.31422779318760025
k7iveyein54g2c50ty7z8vxs	1	1	25	7	1	Go	GW	1	1	1.348	1	0.0	1	0.598	0.6064717088738123	-0.5159219340244531
k7iveyein54g2c50ty7z8vxs	1	1	29	8	1	Go	GW	1	1	0.843	1	0.0	1	0.8864	0.8876920543810526	-0.12074111093263921
k7iveyein54g2c50ty7z8vxs	1	1	34	9	1	Go	GW	1	1	0.648	1	0.0	1	0.9036	0.903593966622186	-0.10247001725905962
k7iveyein54g2c50ty7z8vxs	1	1	38	10	1	Go	GW	1	1	0.553	1	0.0	1	0.908	0.9059494255204954	-0.09979283167625398
k7iveyein54g2c50ty7z8vxs	1	1	42	11	1	Go	GW	1	1	0.606	1	0.0	1	0.9087	0.9064494729782219	-0.09922541285630553
k7iveyein54g2c50ty7z8vxs	1	1	47	12	1	Go	GW	1	1	0.685	1	0.0	1	0.9098	0.9065828430700472	-0.09907403829350736
k7iveyein54g2c50ty7z8vxs	1	1	49	13	1	Go	GW	1	1	0.852	1	0.0	1	0.9045	0.9066247998453895	-0.099026390446429
k7iveyein54g2c50ty7z8vxs	1	1	53	14	1	Go	GW	1	1	0.647	1	0.0	1	0.9045	0.9066397647763992	-0.09900938666852595
k7iveyein54g2c50ty7z8vxs	1	1	59	15	1	Go	GW	1	1	0.642	1	1.0	0	0.9022	0.9066456578653126	-0.09900268743532031
k7iveyein54g2c50ty7z8vxs	1	1	64	16	1	Go	GW	1	1	0.67	1	1.0	0	0.7415	0.7364486600487924	-0.31399523928530215
k7iveyein54g2c50ty7z8vxs	1	1	65	17	1	Go	GW	1	0		0	0.0	0	0.6048	0.3933603693354178	-0.973996501212059
k7iveyein54g2c50ty7z8vxs	1	1	72	18	1	Go	GW	1	1	0.389	1	0.0	1	0.7422	0.7428331181071735	-0.3016808695392525
k7iveyein54g2c50ty7z8vxs	1	1	76	19	1	Go	GW	1	1	0.886	1	0.0	1	0.9357	0.934608171033556	-0.06853310999262555
k7iveyein54g2c50ty7z8vxs	1	1	78	20	1	Go	GW	1	1	0.564	1	0.0	1	0.945	0.944494281718611	-0.05770316323246345
k7iveyein54g2c50ty7z8vxs	1	1	84	21	1	Go	GW	1	1	0.737	1	0.0	1	0.944	0.946003200538587	-0.05605399954056395
k7iveyein54g2c50ty7z8vxs	1	1	85	22	1	Go	GW	1	1	0.882	1	0.0	1	0.9474	0.9463323379985179	-0.05569329102635517
k7iveyein54g2c50ty7z8vxs	1	1	90	23	1	Go	GW	1	1	0.463	1	1.0	0	0.9459	0.9464219811374851	-0.05559471954067651
k7iveyein54g2c50ty7z8vxs	1	1	93	24	1	Go	GW	1	1	0.626	1	0.0	1	0.8358	0.8396219486179942	-0.17717676253112546
k7iveyein54g2c50ty7z8vxs	1	1	100	25	1	Go	GW	1	1	1.295	1	0.0	1	0.941	0.9390864203166366	-0.06357087526389787
k7iveyein54g2c50ty7z8vxs	1	1	104	26	1	Go	GW	1	1	0.84	1	0.0	1	0.9422	0.945225753769262	-0.056898675632390684
k7iveyein54g2c50ty7z8vxs	1	1	106	27	1	Go	GW	1	1	0.983	1	0.0	1	0.9451	0.9461766623772028	-0.05586307216730596
k7iveyein54g2c50ty7z8vxs	1	1	111	28	1	Go	GW	1	1	0.643	1	0.0	1	0.9473	0.9463834168112844	-0.055636936068367934
k7iveyein54g2c50ty7z8vxs	1	1	116	29	1	Go	GW	1	1	0.614	1	1.0	0	0.9457	0.9464394763694293	-0.0555753672509365
k7iveyein54g2c50ty7z8vxs	1	1	120	30	1	Go	GW	1	1	1.304	1	0.0	1	0.8422	0.8396435464586298	-0.17715173992955746
k7iveyein54g2c50ty7z8vxs	1	1	4	1	0	No-Go	NGAL	0	0		1	0.0	1	0.5856	0.416681166821651	-0.8937471706630506
k7iveyein54g2c50ty7z8vxs	1	1	7	2	0	No-Go	NGAL	0	0		1	1.0	0	0.4294	0.5713375807233567	-0.5697166061783756
k7iveyein54g2c50ty7z8vxs	1	1	9	3	0	No-Go	NGAL	0	0		1	0.0	1	0.4791	0.5189315499123197	-0.6635644990413156
k7iveyein54g2c50ty7z8vxs	1	1	16	4	0	No-Go	NGAL	0	0		1	0.0	1	0.3821	0.6209283598079071	-0.48269682847186757
k7iveyein54g2c50ty7z8vxs	1	1	17	5	0	No-Go	NGAL	0	0		1	0.0	1	0.3337	0.6671933107475743	-0.4099783118117658
k7iveyein54g2c50ty7z8vxs	1	1	22	6	0	No-Go	NGAL	0	1	0.966	0	1.0	1	0.3103	0.3103828593082981	-1.1941315982808984
k7iveyein54g2c50ty7z8vxs	1	1	28	7	0	No-Go	NGAL	0	0		1	0.0	1	0.4546	0.5432728600082932	-0.6204079444988999
k7iveyein54g2c50ty7z8vxs	1	1	31	8	0	No-Go	NGAL	0	1	0.839	0	0.0	0	0.4464	0.44328961303679615	-0.8304517494879418
k7iveyein54g2c50ty7z8vxs	1	1	35	9	0	No-Go	NGAL	0	0		1	0.0	1	0.2323	0.7630980749896051	-0.27476703265960173
k7iveyein54g2c50ty7z8vxs	1	1	40	10	0	No-Go	NGAL	0	1	0.746	0	0.0	0	0.2383	0.2313812100616768	-1.5096799040396853
k7iveyein54g2c50ty7z8vxs	1	1	41	11	0	No-Go	NGAL	0	1	0.917	0	0.0	0	0.16	0.16229092281596963	-1.8938662404122604
k7iveyein54g2c50ty7z8vxs	1	1	45	12	0	No-Go	NGAL	0	1	0.861	0	1.0	1	0.1312	0.13450838337448198	-2.0939285804571894
k7iveyein54g2c50ty7z8vxs	1	1	50	13	0	No-Go	NGAL	0	0		1	0.0	1	0.3271	0.6775478500897486	-0.3980952058644444
k7iveyein54g2c50ty7z8vxs	1	1	56	14	0	No-Go	NGAL	0	0		1	0.0	1	0.3184	0.6810496029735368	-0.39328442799482594
k7iveyein54g2c50ty7z8vxs	1	1	60	15	0	No-Go	NGAL	0	0		1	0.0	1	0.3117	0.6830644153702624	-0.3905788031445048
k7iveyein54g2c50ty7z8vxs	1	1	62	16	0	No-Go	NGAL	0	1	0.883	0	0.0	0	0.3133	0.31573974741765176	-1.196953104693743
k7iveyein54g2c50ty7z8vxs	1	1	67	17	0	No-Go	NGAL	0	1	0.858	0	0.0	0	0.1848	0.18483487939328647	-1.741229209512788
k7iveyein54g2c50ty7z8vxs	1	1	70	18	0	No-Go	NGAL	0	0		1	0.0	1	0.139	0.8593140003653432	-0.15366241122668486
k7iveyein54g2c50ty7z8vxs	1	1	74	19	0	No-Go	NGAL	0	0		1	0.0	1	0.142	0.8597762925244188	-0.1531074282500567
k7iveyein54g2c50ty7z8vxs	1	1	80	20	0	No-Go	NGAL	0	0		1	1.0	0	0.1399	0.8600700978232404	-0.15275486028138047
k7iveyein54g2c50ty7z8vxs	1	1	82	21	0	No-Go	NGAL	0	0		1	0.0	1	0.1731	0.8233911404497727	-0.19773061538564563
k7iveyein54g2c50ty7z8vxs	1	1	87	22	0	No-Go	NGAL	0	0		1	1.0	0	0.1611	0.8446842900096213	-0.17104308139094418
k7iveyein54g2c50ty7z8vxs	1	1	92	23	0	No-Go	NGAL	0	0		1	0.0	1	0.1897	0.8072545518504042	-0.21852276141359567
k7iveyein54g2c50ty7z8vxs	1	1	94	24	0	No-Go	NGAL	0	0		1	0.0	1	0.1624	0.8378732194829525	-0.1793070902211959
k7iveyein54g2c50ty7z8vxs	1	1	97	25	0	No-Go	NGAL	0	0		1	0.0	1	0.1534	0.8498161863901132	-0.16489756571861755
k7iveyein54g2c50ty7z8vxs	1	1	101	26	0	No-Go	NGAL	0	0		1	1.0	0	0.1486	0.8551529850465366	-0.158553564533149
k7iveyein54g2c50ty7z8vxs	1	1	105	27	0	No-Go	NGAL	0	0		1	0.0	1	0.1827	0.8181535077991822	-0.20429919193269114
k7iveyein54g2c50ty7z8vxs	1	1	112	28	0	No-Go	NGAL	0	0		1	0.0	1	0.1532	0.8422317610741873	-0.17400973253794305
k7iveyein54g2c50ty7z8vxs	1	1	115	29	0	No-Go	NGAL	0	0		1	0.0	1	0.143	0.8518175380033772	-0.16250821731551912
k7iveyein54g2c50ty7z8vxs	1	1	118	30	0	No-Go	NGAL	0	0		1	0.0	1	0.148	0.8561485947417363	-0.15737212523558838
k7iveyein54g2c50ty7z8vxs	1	1	2	1	1	No-Go	NGW	0	1	1.386	0	0.0	0	0.7339	0.7363540523801732	-0.3097401293130862
k7iveyein54g2c50ty7z8vxs	1	1	5	2	1	No-Go	NGW	0	1	0.619	0	0.0	0	0.5988	0.5991044192817604	-0.5216420315048298
k7iveyein54g2c50ty7z8vxs	1	1	12	3	1	No-Go	NGW	0	1	0.761	0	0.0	0	0.5198	0.5252180716781071	-0.6578819115304319
k7iveyein54g2c50ty7z8vxs	1	1	13	4	1	No-Go	NGW	0	0		1	1.0	0	0.4922	0.5126502865550397	-0.6829855655319916
k7iveyein54g2c50ty7z8vxs	1	1	18	5	1	No-Go	NGW	0	0		1	0.0	1	0.6443	0.3604397105617596	-1.0425160337149069
k7iveyein54g2c50ty7z8vxs	1	1	21	6	1	No-Go	NGW	0	0		1	0.0	1	0.4185	0.5913641105035056	-0.5421477810482502
k7iveyein54g2c50ty7z8vxs	1	1	26	7	1	No-Go	NGW	0	0		1	0.0	1	0.2992	0.6919652208551914	-0.38134809144247894
k7iveyein54g2c50ty7z8vxs	1	1	30	8	1	No-Go	NGW	0	0		1	0.0	1	0.2648	0.7366671879897605	-0.3158379326512303
k7iveyein54g2c50ty7z8vxs	1	1	33	9	1	No-Go	NGW	0	0		1	1.0	0	0.2392	0.7582885446322422	-0.2853222869410932
k7iveyein54g2c50ty7z8vxs	1	1	39	10	1	No-Go	NGW	0	0		1	0.0	1	0.5016	0.4946379164425288	-0.7256680469081604
k7iveyein54g2c50ty7z8vxs	1	1	43	11	1	No-Go	NGW	0	0		1	1.0	0	0.3459	0.6578089494565098	-0.4298925639716924
k7iveyein54g2c50ty7z8vxs	1	1	46	12	1	No-Go	NGW	0	1	0.774	0	0.0	0	0.5718	0.567045503898182	-0.5799948278007452
k7iveyein54g2c50ty7z8vxs	1	1	51	13	1	No-Go	NGW	0	0		1	0.0	1	0.552	0.45269802541994997	-0.8162094589627396
k7iveyein54g2c50ty7z8vxs	1	1	55	14	1	No-Go	NGW	0	0		1	0.0	1	0.3533	0.6470801838914122	-0.4466566905261619
k7iveyein54g2c50ty7z8vxs	1	1	58	15	1	No-Go	NGW	0	0		1	0.0	1	0.2787	0.7261218550292108	-0.32940924133708654
k7iveyein54g2c50ty7z8vxs	1	1	61	16	1	No-Go	NGW	0	0		1	1.0	0	0.2377	0.7607295436546386	-0.28145544680462786
k7iveyein54g2c50ty7z8vxs	1	1	68	17	1	No-Go	NGW	0	1	0.61	0	0.0	0	0.4933	0.4941228177383707	-0.7285945720387847
k7iveyein54g2c50ty7z8vxs	1	1	71	18	1	No-Go	NGW	0	1	0.752	0	0.0	0	0.4736	0.483405887346276	-0.7545940438431792
k7iveyein54g2c50ty7z8vxs	1	1	75	19	1	No-Go	NGW	0	1	0.995	0	0.0	0	0.4799	0.4774220735528748	-0.7701805882972442
k7iveyein54g2c50ty7z8vxs	1	1	77	20	1	No-Go	NGW	0	0		1	0.0	1	0.4819	0.5260219086911246	-0.6692017212390321
k7iveyein54g2c50ty7z8vxs	1	1	81	21	1	No-Go	NGW	0	0		1	0.0	1	0.317	0.6891130737888176	-0.38195161565444985
k7iveyein54g2c50ty7z8vxs	1	1	86	22	1	No-Go	NGW	0	0		1	1.0	0	0.2496	0.7529422194174086	-0.29147451203546865
k7iveyein54g2c50ty7z8vxs	1	1	89	23	1	No-Go	NGW	0	1	0.632	0	0.0	0	0.494	0.4896752380455704	-0.7435908293824962
k7iveyein54g2c50ty7z8vxs	1	1	95	24	1	No-Go	NGW	0	1	0.985	0	0.0	0	0.474	0.48761364552639924	-0.7494033919136173
k7iveyein54g2c50ty7z8vxs	1	1	99	25	1	No-Go	NGW	0	1	0.734	0	0.0	0	0.4865	0.4863586842095821	-0.7531500000319601
k7iveyein54g2c50ty7z8vxs	1	1	102	26	1	No-Go	NGW	0	1	1.467	0	0.0	0	0.4884	0.4855756669692252	-0.7556213062468672
k7iveyein54g2c50ty7z8vxs	1	1	107	27	1	No-Go	NGW	0	0		1	1.0	0	0.4801	0.5149243893262043	-0.6921829669735977
k7iveyein54g2c50ty7z8vxs	1	1	109	28	1	No-Go	NGW	0	0		1	0.0	1	0.6105	0.38869096323151914	-0.9870205878318776
k7iveyein54g2c50ty7z8vxs	1	1	113	29	1	No-Go	NGW	0	0		1	0.0	1	0.3602	0.6285891827688694	-0.47574027720350115
k7iveyein54g2c50ty7z8vxs	1	1	117	30	1	No-Go	NGW	0	0		1	0.0	1	0.2705	0.7278008750648187	-0.3263548326890844
k7iveyein54g2c50ty7z8vxs	1	2	123	1	1	Go	GW	1	0		0	0.0	0	0.7404	0.2636459476198269	-1.3622472059460964
k7iveyein54g2c50ty7z8vxs	1	2	127	2	1	Go	GW	1	1	0.67	1	0.0	1	0.8426	0.8376053414783806	-0.1797266630467001
k7iveyein54g2c50ty7z8vxs	1	2	130	3	1	Go	GW	1	1	0.583	1	0.0	1	0.9382	0.9377880630603956	-0.06506222430539077
k7iveyein54g2c50ty7z8vxs	1	2	136	4	1	Go	GW	1	1	0.625	1	0.0	1	0.945	0.94488978482284	-0.0572759188896781
k7iveyein54g2c50ty7z8vxs	1	2	140	5	1	Go	GW	1	1	0.529	1	1.0	0	0.9473	0.9460709201497095	-0.05598127485473454
k7iveyein54g2c50ty7z8vxs	1	2	144	6	1	Go	GW	1	1	0.643	1	1.0	0	0.8398	0.8391773780310712	-0.177694853161766
k7iveyein54g2c50ty7z8vxs	1	2	146	7	1	Go	GW	1	0		0	0.0	0	0.7429	0.25761254345470685	-1.393774781410304
k7iveyein54g2c50ty7z8vxs	1	2	152	8	1	Go	GW	1	1	0.745	1	0.0	1	0.7978	0.7952720636847534	-0.2322413645291577
k7iveyein54g2c50ty7z8vxs	1	2	155	9	1	Go	GW	1	1	0.759	1	0.0	1	0.9475	0.9500221520663134	-0.05190124239161928
k7iveyein54g2c50ty7z8vxs	1	2	160	10	1	Go	GW	1	1	0.504	1	0.0	1	0.9583	0.9577117449890075	-0.04362891581325271
k7iveyein54g2c50ty7z8vxs	1	2	164	11	1	Go	GW	1	1	0.657	1	0.0	1	0.9607	0.9588972463599561	-0.042354876385014784
k7iveyein54g2c50ty7z8vxs	1	2	168	12	1	Go	GW	1	1	0.49	1	0.0	1	0.9585	0.9591596243419799	-0.042072047186342144
k7iveyein54g2c50ty7z8vxs	1	2	171	13	1	Go	GW	1	1	0.644	1	0.0	1	0.9588	0.959232301758462	-0.04199342046461631
k7iveyein54g2c50ty7z8vxs	1	2	175	14	1	Go	GW	1	1	0.624	1	0.0	1	0.9581	0.9592559598603948	-0.041967734850862276
k7iveyein54g2c50ty7z8vxs	1	2	179	15	1	Go	GW	1	1	0.569	1	1.0	0	0.9585	0.9592646696452164	-0.04195824631392959
k7iveyein54g2c50ty7z8vxs	1	2	184	16	1	Go	GW	1	1	0.739	1	1.0	0	0.8782	0.8754237439977989	-0.13482327617149417
k7iveyein54g2c50ty7z8vxs	1	2	185	17	1	Go	GW	1	0		0	0.0	0	0.7922	0.20435400060749298	-1.6377947903431664
k7iveyein54g2c50ty7z8vxs	1	2	192	18	1	Go	GW	1	0		0	0.0	0	0.8194	0.1814567231225908	-1.7702652738984104
k7iveyein54g2c50ty7z8vxs	1	2	195	19	1	Go	GW	1	1	0.529	1	0.0	1	0.8348	0.8294163202176417	-0.1901450609327979
k7iveyein54g2c50ty7z8vxs	1	2	197	20	1	Go	GW	1	1	0.793	1	0.0	1	0.9611	0.9597412395310537	-0.041531178363501904
k7iveyein54g2c50ty7z8vxs	1	2	204	21	1	Go	GW	1	1	0.575	1	0.0	1	0.9632	0.9658846269854005	-0.03501424756594129
k7iveyein54g2c50ty7z8vxs	1	2	206	22	1	Go	GW	1	1	0.588	1	0.0	1	0.9658	0.9668172999766084	-0.03402639703034949
k7iveyein54g2c50ty7z8vxs	1	2	211	23	1	Go	GW	1	1	0.541	1	1.0	0	0.9681	0.9670213070563841	-0.03380989359643292
k7iveyein54g2c50ty7z8vxs	1	2	214	24	1	Go	GW	1	1	0.516	1	0.0	1	0.897	0.8970649794453655	-0.11029824907162303
k7iveyein54g2c50ty7z8vxs	1	2	220	25	1	Go	GW	1	1	0.596	1	0.0	1	0.9652	0.9625014902107621	-0.03858422098072947
k7iveyein54g2c50ty7z8vxs	1	2	222	26	1	Go	GW	1	1	0.639	1	0.0	1	0.9641	0.9663310740087109	-0.034539772562260804
k7iveyein54g2c50ty7z8vxs	1	2	226	27	1	Go	GW	1	1	0.511	1	0.0	1	0.9666	0.9669229838118952	-0.03391397199809363
k7iveyein54g2c50ty7z8vxs	1	2	230	28	1	Go	GW	1	1	0.443	1	0.0	1	0.9697	0.9670524426169259	-0.03377670013861364
k7iveyein54g2c50ty7z8vxs	1	2	236	29	1	Go	GW	1	1	0.632	1	1.0	0	0.9717	0.9670878800888036	-0.03373900777730906
k7iveyein54g2c50ty7z8vxs	1	2	240	30	1	Go	GW	1	0		0	0.0	0	0.9013	0.10284729657962685	-2.3997977399133554
k7iveyein54g2c50ty7z8vxs	1	2	121	1	1	No-Go	NGW	0	1	0.763	0	0.0	0	0.7321	0.7363540523801732	-0.3097401293130862
k7iveyein54g2c50ty7z8vxs	1	2	125	2	1	No-Go	NGW	0	1	0.555	0	0.0	0	0.6067	0.5991044192817604	-0.5216420315048298
k7iveyein54g2c50ty7z8vxs	1	2	129	3	1	No-Go	NGW	0	0		1	0.0	1	0.5254	0.47478192832189287	-0.761944957976386
k7iveyein54g2c50ty7z8vxs	1	2	135	4	1	No-Go	NGW	0	0		1	1.0	0	0.3806	0.6260032041487271	-0.4850469840447289
k7iveyein54g2c50ty7z8vxs	1	2	139	5	1	No-Go	NGW	0	1	0.752	0	0.0	0	0.6122	0.6045544804033539	-0.5113789944162475
k7iveyein54g2c50ty7z8vxs	1	2	143	6	1	No-Go	NGW	0	1	0.942	0	0.0	0	0.568	0.5675917794013706	-0.5773266581344614
k7iveyein54g2c50ty7z8vxs	1	2	148	7	1	No-Go	NGW	0	1	0.961	0	0.0	0	0.5517	0.5478338105263948	-0.6153813415513387
k7iveyein54g2c50ty7z8vxs	1	2	151	8	1	No-Go	NGW	0	1	1.367	0	0.0	0	0.5305	0.5370068547254209	-0.63754633712719
k7iveyein54g2c50ty7z8vxs	1	2	153	9	1	No-Go	NGW	0	0		1	1.0	0	0.5361	0.46910060219078525	-0.7796661569896493
k7iveyein54g2c50ty7z8vxs	1	2	157	10	1	No-Go	NGW	0	1	0.518	0	0.0	0	0.6386	0.6390889027212983	-0.4581355174668685
k7iveyein54g2c50ty7z8vxs	1	2	163	11	1	No-Go	NGW	0	1	0.675	0	1.0	1	0.6332	0.6356836780865078	-0.46442942796542297
k7iveyein54g2c50ty7z8vxs	1	2	166	12	1	No-Go	NGW	0	1	0.92	0	0.0	0	0.9367	0.9361621078932151	-0.06728109677032193
k7iveyein54g2c50ty7z8vxs	1	2	172	13	1	No-Go	NGW	0	1	0.899	0	0.0	0	0.8413	0.8381643504690194	-0.1789144168628529
k7iveyein54g2c50ty7z8vxs	1	2	176	14	1	No-Go	NGW	0	1	0.771	0	0.0	0	0.7565	0.7539830515025522	-0.28583434347171277
k7iveyein54g2c50ty7z8vxs	1	2	177	15	1	No-Go	NGW	0	1	0.575	0	0.0	0	0.6985	0.701520470972608	-0.3589973013212771
k7iveyein54g2c50ty7z8vxs	1	2	183	16	1	No-Go	NGW	0	1	0.664	0	1.0	1	0.6745	0.671540242949342	-0.4040524623393607
k7iveyein54g2c50ty7z8vxs	1	2	186	17	1	No-Go	NGW	0	1	0.591	0	0.0	0	0.9374	0.9378877196519688	-0.0652608739789368
k7iveyein54g2c50ty7z8vxs	1	2	191	18	1	No-Go	NGW	0	1	0.636	0	0.0	0	0.8365	0.840087717916474	-0.17651564111106868
k7iveyein54g2c50ty7z8vxs	1	2	193	19	1	No-Go	NGW	0	1	0.61	0	0.0	0	0.7576	0.7555896765646145	-0.283659254244674
k7iveyein54g2c50ty7z8vxs	1	2	199	20	1	No-Go	NGW	0	0		1	0.0	1	0.7094	0.2972910276879639	-1.2380950137409465
k7iveyein54g2c50ty7z8vxs	1	2	202	21	1	No-Go	NGW	0	1	1.171	0	0.0	0	0.4555	0.45950083790980173	-0.8135708515926326
k7iveyein54g2c50ty7z8vxs	1	2	208	22	1	No-Go	NGW	0	0		1	1.0	0	0.4208	0.5748400661664225	-0.5726913496998156
k7iveyein54g2c50ty7z8vxs	1	2	209	23	1	No-Go	NGW	0	1	0.711	0	0.0	0	0.6083	0.6124119764545956	-0.4978593485296537
k7iveyein54g2c50ty7z8vxs	1	2	215	24	1	No-Go	NGW	0	0		1	0.0	1	0.5904	0.405828056506438	-0.9209906709538948
k7iveyein54g2c50ty7z8vxs	1	2	219	25	1	No-Go	NGW	0	1	0.508	0	0.0	0	0.3776	0.377409599482316	-1.014630835694294
k7iveyein54g2c50ty7z8vxs	1	2	221	26	1	No-Go	NGW	0	0		1	0.0	1	0.3634	0.6325504083696296	-0.4712367542670928
k7iveyein54g2c50ty7z8vxs	1	2	227	27	1	No-Go	NGW	0	0		1	1.0	0	0.2783	0.7223391468378523	-0.3356331195834854
k7iveyein54g2c50ty7z8vxs	1	2	229	28	1	No-Go	NGW	0	1	0.734	0	0.0	0	0.5059	0.5162286832966735	-0.6789198545775715
k7iveyein54g2c50ty7z8vxs	1	2	233	29	1	No-Go	NGW	0	0		1	0.0	1	0.5162	0.4898407503257704	-0.7356179171972439
k7iveyein54g2c50ty7z8vxs	1	2	237	30	1	No-Go	NGW	0	1	0.972	0	0.0	0	0.3381	0.3298936473517771	-1.1516825767574315
k7iveyein54g2c50ty7z8vxs	1	2	124	1	0	No-Go	NGAL	0	0		1	0.0	1	0.577	0.416681166821651	-0.8937471706630506
k7iveyein54g2c50ty7z8vxs	1	2	126	2	0	No-Go	NGAL	0	1	1.272	0	1.0	1	0.4219	0.42866241927664334	-0.8658229727580976
k7iveyein54g2c50ty7z8vxs	1	2	131	3	0	No-Go	NGAL	0	1	1.442	0	0.0	0	0.5817	0.5833188331783489	-0.5486302332824888
k7iveyein54g2c50ty7z8vxs	1	2	133	4	0	No-Go	NGAL	0	0		1	0.0	1	0.3512	0.6465657610998937	-0.4479888059854587
k7iveyein54g2c50ty7z8vxs	1	2	138	5	0	No-Go	NGAL	0	0		1	0.0	1	0.291	0.7114216137543317	-0.348800712036931
k7iveyein54g2c50ty7z8vxs	1	2	142	6	0	No-Go	NGAL	0	0		1	1.0	0	0.2567	0.7417873571672332	-0.30483174132645796
k7iveyein54g2c50ty7z8vxs	1	2	147	7	0	No-Go	NGAL	0	1	1.037	0	0.0	0	0.3122	0.30944114949905166	-1.2013785694834074
k7iveyein54g2c50ty7z8vxs	1	2	150	8	0	No-Go	NGAL	0	1	0.595	0	0.0	0	0.2228	0.22345825450431533	-1.552247470367113
k7iveyein54g2c50ty7z8vxs	1	2	156	9	0	No-Go	NGAL	0	0		1	0.0	1	0.1885	0.8123816053047346	-0.21141849579008787
k7iveyein54g2c50ty7z8vxs	1	2	158	10	0	No-Go	NGAL	0	0		1	0.0	1	0.1469	0.8434632612515014	-0.17294712087163547
k7iveyein54g2c50ty7z8vxs	1	2	161	11	0	No-Go	NGAL	0	0		1	0.0	1	0.1384	0.856638631078491	-0.15712869380310124
k7iveyein54g2c50ty7z8vxs	1	2	167	12	0	No-Go	NGAL	0	0		1	1.0	0	0.134	0.8629740106088646	-0.1495701396595358
k7iveyein54g2c50ty7z8vxs	1	2	169	13	0	No-Go	NGAL	0	0		1	0.0	1	0.1689	0.8282500686445861	-0.19174429297329618
k7iveyein54g2c50ty7z8vxs	1	2	173	14	0	No-Go	NGAL	0	0		1	0.0	1	0.1519	0.8517435671306904	-0.16276705902946165
k7iveyein54g2c50ty7z8vxs	1	2	180	15	0	No-Go	NGAL	0	1	0.719	0	0.0	0	0.1371	0.13871243946440212	-2.0562375301587994
k7iveyein54g2c50ty7z8vxs	1	2	182	16	0	No-Go	NGAL	0	0		1	0.0	1	0.1358	0.8743744138767577	-0.1360790195170407
k7iveyein54g2c50ty7z8vxs	1	2	187	17	0	No-Go	NGAL	0	0		1	0.0	1	0.1179	0.8784350474012527	-0.13136977852695517
k7iveyein54g2c50ty7z8vxs	1	2	189	18	0	No-Go	NGAL	0	0		1	0.0	1	0.1192	0.8804582253107552	-0.12902944982511005
k7iveyein54g2c50ty7z8vxs	1	2	194	19	0	No-Go	NGAL	0	0		1	0.0	1	0.1151	0.881526422272473	-0.12779400432269386
k7iveyein54g2c50ty7z8vxs	1	2	198	20	0	No-Go	NGAL	0	0		1	1.0	0	0.1232	0.8821179798948917	-0.1271091561051146
k7iveyein54g2c50ty7z8vxs	1	2	201	21	0	No-Go	NGAL	0	0		1	0.0	1	0.1457	0.8500676958119977	-0.16544159514062173
k7iveyein54g2c50ty7z8vxs	1	2	205	22	0	No-Go	NGAL	0	0		1	1.0	0	0.1302	0.8690125700200748	-0.1423142006512185
k7iveyein54g2c50ty7z8vxs	1	2	212	23	0	No-Go	NGAL	0	0		1	0.0	1	0.1646	0.8361081802758384	-0.18283243558085288
k7iveyein54g2c50ty7z8vxs	1	2	216	24	0	No-Go	NGAL	0	0		1	0.0	1	0.139	0.8632294695477293	-0.1491298840012584
k7iveyein54g2c50ty7z8vxs	1	2	218	25	0	No-Go	NGAL	0	1	0.575	0	0.0	0	0.1232	0.12635897893765013	-2.154492614618008
k7iveyein54g2c50ty7z8vxs	1	2	224	26	0	No-Go	NGAL	0	1	0.772	0	1.0	1	0.1199	0.11980653392223621	-2.212985707828043
k7iveyein54g2c50ty7z8vxs	1	2	225	27	0	No-Go	NGAL	0	1	0.92	0	0.0	0	0.3079	0.3128285723527783	-1.2188960638876256
k7iveyein54g2c50ty7z8vxs	1	2	231	28	0	No-Go	NGAL	0	0		1	0.0	1	0.1862	0.8115012785649763	-0.21161915351471686
k7iveyein54g2c50ty7z8vxs	1	2	235	29	0	No-Go	NGAL	0	1	1.172	0	0.0	0	0.1823	0.18201777083386222	-1.7580026877620827
k7iveyein54g2c50ty7z8vxs	1	2	238	30	0	No-Go	NGAL	0	0		1	0.0	1	0.1409	0.8589613741749778	-0.15403131206047443
k7iveyein54g2c50ty7z8vxs	1	2	122	1	0	Go	GAL	1	0		0	0.0	0	0.5882	0.416681166821651	-0.8937471706630506
k7iveyein54g2c50ty7z8vxs	1	2	128	2	0	Go	GAL	1	0		0	1.0	1	0.6105	0.3833451508495461	-0.9757644215891679
k7iveyein54g2c50ty7z8vxs	1	2	132	3	0	Go	GAL	1	0		0	0.0	0	0.4439	0.5558552722322627	-0.5963047921309328
k7iveyein54g2c50ty7z8vxs	1	2	134	4	0	Go	GAL	1	1	0.579	1	0.0	1	0.493	0.49446675953732794	-0.7128711674592048
k7iveyein54g2c50ty7z8vxs	1	2	137	5	0	Go	GAL	1	1	0.946	1	0.0	1	0.6396	0.6462047501783179	-0.4431629395763593
k7iveyein54g2c50ty7z8vxs	1	2	141	6	0	Go	GAL	1	1	0.731	1	0.0	1	0.7084	0.7113723404080486	-0.34574792145693656
k7iveyein54g2c50ty7z8vxs	1	2	145	7	0	Go	GAL	1	1	0.962	1	0.0	1	0.7447	0.7414733059824671	-0.3034297315839832
k7iveyein54g2c50ty7z8vxs	1	2	149	8	0	Go	GAL	1	0		0	1.0	1	0.7558	0.2435504747650526	-1.4490035151324605
k7iveyein54g2c50ty7z8vxs	1	2	154	9	0	Go	GAL	1	1	0.957	1	0.0	1	0.663	0.6661833292683083	-0.4122511409205936
k7iveyein54g2c50ty7z8vxs	1	2	159	10	0	Go	GAL	1	1	0.625	1	0.0	1	0.677	0.6756515728052556	-0.3982632653959597
k7iveyein54g2c50ty7z8vxs	1	2	162	11	0	Go	GAL	1	1	0.66	1	1.0	0	0.6739	0.6808787331142118	-0.3907159141139356
k7iveyein54g2c50ty7z8vxs	1	2	165	12	0	Go	GAL	1	0		0	0.0	0	0.3853	0.614283260547527	-0.5085543708583673
k7iveyein54g2c50ty7z8vxs	1	2	170	13	0	Go	GAL	1	1	0.725	1	0.0	1	0.4447	0.4385794156690088	-0.854742067926157
k7iveyein54g2c50ty7z8vxs	1	2	174	14	0	Go	GAL	1	0		0	0.0	0	0.6049	0.39975438216651155	-0.9318672117393333
k7iveyein54g2c50ty7z8vxs	1	2	178	15	0	Go	GAL	1	1	0.762	1	0.0	1	0.639	0.6433988402862179	-0.4487950564214677
k7iveyein54g2c50ty7z8vxs	1	2	181	16	0	Go	GAL	1	1	0.996	1	0.0	1	0.7077	0.709020005635895	-0.3501175820583947
k7iveyein54g2c50ty7z8vxs	1	2	188	17	0	Go	GAL	1	1	0.891	1	0.0	1	0.7379	0.7383259875691449	-0.308642868960126
k7iveyein54g2c50ty7z8vxs	1	2	190	18	0	Go	GAL	1	0		0	1.0	1	0.7551	0.24746503597849168	-1.4423773096370118
k7iveyein54g2c50ty7z8vxs	1	2	196	19	0	Go	GAL	1	0		0	0.0	0	0.6655	0.33599762554109047	-1.110072734139685
k7iveyein54g2c50ty7z8vxs	1	2	200	20	0	Go	GAL	1	1	1.244	1	0.0	1	0.7132	0.7111707619346566	-0.3458837883847224
k7iveyein54g2c50ty7z8vxs	1	2	203	21	0	Go	GAL	1	0		0	0.0	0	0.719	0.28076938628607406	-1.3018874239741827
k7iveyein54g2c50ty7z8vxs	1	2	207	22	0	Go	GAL	1	0		0	0.0	0	0.7504	0.24648790843880625	-1.455573417054108
k7iveyein54g2c50ty7z8vxs	1	2	210	23	0	Go	GAL	1	1	1.194	1	0.0	1	0.7811	0.7797103430438131	-0.2548333061392666
k7iveyein54g2c50ty7z8vxs	1	2	213	24	0	Go	GAL	1	1	1.288	1	1.0	0	0.7806	0.7834882574804051	-0.24966922498640318
k7iveyein54g2c50ty7z8vxs	1	2	217	25	0	Go	GAL	1	0		0	0.0	0	0.5105	0.4830861825025688	-0.755387681888324
k7iveyein54g2c50ty7z8vxs	1	2	223	26	0	Go	GAL	1	0		0	0.0	0	0.5486	0.45019784615336966	-0.8327642832789677
k7iveyein54g2c50ty7z8vxs	1	2	228	27	0	Go	GAL	1	1	0.909	1	1.0	0	0.5741	0.5778795567199994	-0.571557654469878
k7iveyein54g2c50ty7z8vxs	1	2	232	28	0	Go	GAL	1	0		0	0.0	0	0.4254	0.566890773100875	-0.5935721751732334
k7iveyein54g2c50ty7z8vxs	1	2	234	29	0	Go	GAL	1	0		0	0.0	0	0.4592	0.5421101227811715	-0.6419483675581873
k7iveyein54g2c50ty7z8vxs	1	2	239	30	0	Go	GAL	1	0		0	0.0	0	0.4886	0.5201320581638688	-0.686541420419611
k9aubsm14o60l5ozagwbc8si	1	1	3	1	0	Go	GAL	1	1	0.572	1	1.0	0	0.6365	0.6410810881481404	-0.45160230479155744
k9aubsm14o60l5ozagwbc8si	1	1	8	2	0	Go	GAL	1	0		0	0.0	0	0.5859	0.4165911498849483	-0.8891260230054618
k9aubsm14o60l5ozagwbc8si	1	1	11	3	0	Go	GAL	1	0		0	0.0	0	0.5937	0.4030271537333397	-0.9218107319146084
k9aubsm14o60l5ozagwbc8si	1	1	13	4	0	Go	GAL	1	0		0	0.0	0	0.6112	0.3901529919978449	-0.9552772686708265
k9aubsm14o60l5ozagwbc8si	1	1	19	5	0	Go	GAL	1	1	0.907	1	0.0	1	0.6244	0.6220766348514793	-0.48046171904150936
k9aubsm14o60l5ozagwbc8si	1	1	23	6	0	Go	GAL	1	0		0	1.0	1	0.683	0.31816367173194265	-1.193231642117788
k9aubsm14o60l5ozagwbc8si	1	1	28	7	0	Go	GAL	1	0		0	0.0	0	0.6261	0.37518768021756443	-0.9978775111752903
k9aubsm14o60l5ozagwbc8si	1	1	32	8	0	Go	GAL	1	1	0.738	1	0.0	1	0.6474	0.6378940557948337	-0.4562251121392777
k9aubsm14o60l5ozagwbc8si	1	1	34	9	0	Go	GAL	1	1	1.141	1	0.0	1	0.6936	0.6896059340184778	-0.37907567520111196
k9aubsm14o60l5ozagwbc8si	1	1	37	10	0	Go	GAL	1	1	1.042	1	0.0	1	0.7336	0.731762218510379	-0.3194133866744141
k9aubsm14o60l5ozagwbc8si	1	1	43	11	0	Go	GAL	1	1	0.901	1	1.0	0	0.7626	0.766875273428528	-0.27161957163413175
k9aubsm14o60l5ozagwbc8si	1	1	46	12	0	Go	GAL	1	1	1.026	1	0.0	1	0.7084	0.7106414902508098	-0.3460164697099206
k9aubsm14o60l5ozagwbc8si	1	1	49	13	0	Go	GAL	1	0		0	0.0	0	0.7596	0.24709932784100866	-1.4424192171550987
k9aubsm14o60l5ozagwbc8si	1	1	54	14	0	Go	GAL	1	1	0.669	1	0.0	1	0.7622	0.7624113318513366	-0.2759819259155248
k9aubsm14o60l5ozagwbc8si	1	1	60	15	0	Go	GAL	1	1	1.226	1	0.0	1	0.7975	0.7950760391821639	-0.2336413758905797
k9aubsm14o60l5ozagwbc8si	1	1	61	16	0	Go	GAL	1	1	0.665	1	0.0	1	0.8192	0.8219308840639853	-0.19979834553091513
k9aubsm14o60l5ozagwbc8si	1	1	67	17	0	Go	GAL	1	1	0.745	1	0.0	1	0.8471	0.844380929769755	-0.1721954745433072
k9aubsm14o60l5ozagwbc8si	1	1	69	18	0	Go	GAL	1	1	0.801	1	0.0	1	0.8596	0.8633305918252874	-0.14941170467555198
k9aubsm14o60l5ozagwbc8si	1	1	74	19	0	Go	GAL	1	1	0.826	1	1.0	0	0.8816	0.8794220499345982	-0.13045240986398163
k9aubsm14o60l5ozagwbc8si	1	1	80	20	0	Go	GAL	1	1	0.823	1	0.0	1	0.8382	0.8384155714787599	-0.1788798866736706
k9aubsm14o60l5ozagwbc8si	1	1	82	21	0	Go	GAL	1	1	0.806	1	0.0	1	0.8673	0.8620157999215146	-0.15030693779027565
k9aubsm14o60l5ozagwbc8si	1	1	86	22	0	Go	GAL	1	1	0.69	1	0.0	1	0.8807	0.8803164866054436	-0.12897370766262783
k9aubsm14o60l5ozagwbc8si	1	1	92	23	0	Go	GAL	1	1	0.671	1	0.0	1	0.8911	0.89508030385678	-0.1121055288633231
k9aubsm14o60l5ozagwbc8si	1	1	93	24	0	Go	GAL	1	1	0.682	1	1.0	0	0.9017	0.9072641136364021	-0.09839332861888317
k9aubsm14o60l5ozagwbc8si	1	1	98	25	0	Go	GAL	1	1	0.748	1	0.0	1	0.8723	0.8704952716512263	-0.14195570779039635
k9aubsm14o60l5ozagwbc8si	1	1	103	26	0	Go	GAL	1	1	0.657	1	0.0	1	0.8919	0.8902106020287119	-0.11807157680176833
k9aubsm14o60l5ozagwbc8si	1	1	105	27	0	Go	GAL	1	1	0.732	1	1.0	0	0.91	0.904932644907529	-0.10118136682021191
k9aubsm14o60l5ozagwbc8si	1	1	110	28	0	Go	GAL	1	1	0.909	1	0.0	1	0.8622	0.8669840233138232	-0.14810262488287604
k9aubsm14o60l5ozagwbc8si	1	1	113	29	0	Go	GAL	1	1	0.56	1	0.0	1	0.8876	0.8889994074654305	-0.12014612906976316
k9aubsm14o60l5ozagwbc8si	1	1	119	30	0	Go	GAL	1	1	0.794	1	0.0	1	0.9022	0.9048787146685945	-0.10156043445340944
k9aubsm14o60l5ozagwbc8si	1	1	2	1	0	No-Go	NGAL	0	0		1	0.0	1	0.6355	0.35891891185185965	-1.0497923444605097
k9aubsm14o60l5ozagwbc8si	1	1	5	2	0	No-Go	NGAL	0	1	0.659	0	0.0	0	0.5802	0.5834088501150516	-0.5456522793297801
k9aubsm14o60l5ozagwbc8si	1	1	10	3	0	No-Go	NGAL	0	1	0.795	0	0.0	0	0.5219	0.5227055841607864	-0.660525686434512
k9aubsm14o60l5ozagwbc8si	1	1	16	4	0	No-Go	NGAL	0	1	0.998	0	0.0	0	0.4698	0.46858266496075374	-0.7786368870031668
k9aubsm14o60l5ozagwbc8si	1	1	17	5	0	No-Go	NGAL	0	0		1	1.0	0	0.4189	0.5794634299857998	-0.558121769979227
k9aubsm14o60l5ozagwbc8si	1	1	22	6	0	No-Go	NGAL	0	0		1	0.0	1	0.4358	0.5649131558583927	-0.5822894433753636
k9aubsm14o60l5ozagwbc8si	1	1	27	7	0	No-Go	NGAL	0	0		1	0.0	1	0.3804	0.6178516605682389	-0.4940158133072728
k9aubsm14o60l5ozagwbc8si	1	1	29	8	0	No-Go	NGAL	0	0		1	1.0	0	0.3438	0.6628697292706369	-0.42307966060011404
k9aubsm14o60l5ozagwbc8si	1	1	35	9	0	No-Go	NGAL	0	1	0.604	0	0.0	0	0.3495	0.35139533372807025	-1.0930446860301775
k9aubsm14o60l5ozagwbc8si	1	1	40	10	0	No-Go	NGAL	0	0		1	0.0	1	0.3124	0.6877601529485335	-0.3840594861179547
k9aubsm14o60l5ozagwbc8si	1	1	41	11	0	No-Go	NGAL	0	0		1	0.0	1	0.2737	0.7262337850867691	-0.3287202043605726
k9aubsm14o60l5ozagwbc8si	1	1	47	12	0	No-Go	NGAL	0	0		1	0.0	1	0.2442	0.7589695093945674	-0.28332447767401275
k9aubsm14o60l5ozagwbc8si	1	1	50	13	0	No-Go	NGAL	0	0		1	1.0	0	0.2067	0.787091928102354	-0.2456109809730146
k9aubsm14o60l5ozagwbc8si	1	1	53	14	0	No-Go	NGAL	0	0		1	0.0	1	0.2308	0.7755701348688495	-0.26020571296150363
k9aubsm14o60l5ozagwbc8si	1	1	57	15	0	No-Go	NGAL	0	1	1.06	0	0.0	0	0.1915	0.19791796482989685	-1.7105991041192334
k9aubsm14o60l5ozagwbc8si	1	1	64	16	0	No-Go	NGAL	0	1	0.965	0	0.0	0	0.1695	0.17331980962457702	-1.8547317699697696
k9aubsm14o60l5ozagwbc8si	1	1	65	17	0	No-Go	NGAL	0	0		1	0.0	1	0.1526	0.8475586270772656	-0.16880730883043643
k9aubsm14o60l5ozagwbc8si	1	1	71	18	0	No-Go	NGAL	0	1	1.144	0	0.0	0	0.1304	0.13424994284944158	-2.1268081037623503
k9aubsm14o60l5ozagwbc8si	1	1	75	19	0	No-Go	NGAL	0	1	0.871	0	0.0	0	0.1252	0.11834184909733438	-2.2611649575447084
k9aubsm14o60l5ozagwbc8si	1	1	79	20	0	No-Go	NGAL	0	0		1	1.0	0	0.1065	0.8951939595369764	-0.11258569268476878
k9aubsm14o60l5ozagwbc8si	1	1	84	21	0	No-Go	NGAL	0	0		1	1.0	0	0.117	0.8881065106408192	-0.12071100017131628
k9aubsm14o60l5ozagwbc8si	1	1	88	22	0	No-Go	NGAL	0	0		1	0.0	1	0.1204	0.880537049289306	-0.1297182969189083
k9aubsm14o60l5ozagwbc8si	1	1	89	23	0	No-Go	NGAL	0	1	1.188	0	0.0	0	0.1039	0.1037231627407436	-2.401902957346823
k9aubsm14o60l5ozagwbc8si	1	1	95	24	0	No-Go	NGAL	0	0		1	0.0	1	0.0879	0.9075319165446039	-0.09860487987158845
k9aubsm14o60l5ozagwbc8si	1	1	100	25	0	No-Go	NGAL	0	0		1	0.0	1	0.0802	0.9189331413678912	-0.08581344709116222
k9aubsm14o60l5ozagwbc8si	1	1	101	26	0	No-Go	NGAL	0	0		1	0.0	1	0.0742	0.9282967368787849	-0.07547341931862837
k9aubsm14o60l5ozagwbc8si	1	1	107	27	0	No-Go	NGAL	0	0		1	1.0	0	0.065	0.9361054266547353	-0.06695268022938873
k9aubsm14o60l5ozagwbc8si	1	1	109	28	0	No-Go	NGAL	0	0		1	0.0	1	0.0664	0.9308439479072386	-0.07286263620387126
k9aubsm14o60l5ozagwbc8si	1	1	116	29	0	No-Go	NGAL	0	0		1	0.0	1	0.0609	0.9387121135210589	-0.06421008181189346
k9aubsm14o60l5ozagwbc8si	1	1	117	30	0	No-Go	NGAL	0	0		1	0.0	1	0.0519	0.9451540283493856	-0.05724172738228561
k9aubsm14o60l5ozagwbc8si	1	1	1	1	1	Go	GW	1	1	0.629	1	0.0	1	0.6265	0.6235029810741624	-0.49900585770936073
k9aubsm14o60l5ozagwbc8si	1	1	6	2	1	Go	GW	1	1	0.479	1	0.0	1	0.7817	0.7769341217469696	-0.263495415940175
k9aubsm14o60l5ozagwbc8si	1	1	9	3	1	Go	GW	1	1	0.522	1	0.0	1	0.857	0.8575905917486283	-0.15845673808152094
k9aubsm14o60l5ozagwbc8si	1	1	15	4	1	Go	GW	1	1	0.425	1	1.0	0	0.901	0.9041613390580209	-0.1030971098063082
k9aubsm14o60l5ozagwbc8si	1	1	20	5	1	Go	GW	1	1	0.458	1	0.0	1	0.8699	0.8703396075546236	-0.1416777796131929
k9aubsm14o60l5ozagwbc8si	1	1	21	6	1	Go	GW	1	1	0.44	1	0.0	1	0.9169	0.916586584443544	-0.08880144681156237
k9aubsm14o60l5ozagwbc8si	1	1	25	7	1	Go	GW	1	1	0.337	1	1.0	0	0.9407	0.9403964494683416	-0.06254009029127047
k9aubsm14o60l5ozagwbc8si	1	1	30	8	1	Go	GW	1	1	0.355	1	0.0	1	0.914	0.9132425726301546	-0.09335342427378268
k9aubsm14o60l5ozagwbc8si	1	1	36	9	1	Go	GW	1	1	0.394	1	0.0	1	0.9411	0.9432422650869327	-0.05955396149206801
k9aubsm14o60l5ozagwbc8si	1	1	39	10	1	Go	GW	1	1	0.46	1	0.0	1	0.9571	0.9574014466902275	-0.04431349978196474
k9aubsm14o60l5ozagwbc8si	1	1	42	11	1	Go	GW	1	1	0.337	1	0.0	1	0.9652	0.9659467138585675	-0.035267803018975884
k9aubsm14o60l5ozagwbc8si	1	1	48	12	1	Go	GW	1	1	0.403	1	0.0	1	0.9714	0.9715226638336855	-0.029436878720996557
k9aubsm14o60l5ozagwbc8si	1	1	51	13	1	Go	GW	1	1	0.474	1	0.0	1	0.9768	0.9753215110643371	-0.025501451534248747
k9aubsm14o60l5ozagwbc8si	1	1	55	14	1	Go	GW	1	1	0.41	1	0.0	1	0.9779	0.9779888887107782	-0.02275841331434724
k9aubsm14o60l5ozagwbc8si	1	1	59	15	1	Go	GW	1	1	0.477	1	1.0	0	0.9808	0.9799067044390309	-0.020797670219627844
k9aubsm14o60l5ozagwbc8si	1	1	62	16	1	Go	GW	1	1	0.421	1	0.0	1	0.9619	0.9625069446991507	-0.04108449269877027
k9aubsm14o60l5ozagwbc8si	1	1	66	17	1	Go	GW	1	1	0.414	1	0.0	1	0.9749	0.9752767877998726	-0.025897546812812835
k9aubsm14o60l5ozagwbc8si	1	1	72	18	1	Go	GW	1	1	0.394	1	1.0	0	0.9802	0.979173043342602	-0.021681106448345065
k9aubsm14o60l5ozagwbc8si	1	1	73	19	1	Go	GW	1	1	0.531	1	0.0	1	0.9603	0.9611038609148996	-0.04303035213802442
k9aubsm14o60l5ozagwbc8si	1	1	78	20	1	Go	GW	1	1	0.543	1	0.0	1	0.9761	0.9751501068802114	-0.026143102441019576
k9aubsm14o60l5ozagwbc8si	1	1	83	21	1	Go	GW	1	1	0.439	1	0.0	1	0.9804	0.9793281139824481	-0.02157312548762883
k9aubsm14o60l5ozagwbc8si	1	1	85	22	1	Go	GW	1	1	0.4	1	0.0	1	0.9824	0.9813951601337131	-0.019375918802943055
k9aubsm14o60l5ozagwbc8si	1	1	90	23	1	Go	GW	1	1	0.277	1	0.0	1	0.9803	0.9826432542021266	-0.01807127267773573
k9aubsm14o60l5ozagwbc8si	1	1	94	24	1	Go	GW	1	1	0.357	1	0.0	1	0.9836	0.9834792648034345	-0.017207027882543663
k9aubsm14o60l5ozagwbc8si	1	1	97	25	1	Go	GW	1	1	0.422	1	1.0	0	0.9827	0.984074556856123	-0.016596413489331625
k9aubsm14o60l5ozagwbc8si	1	1	102	26	1	Go	GW	1	1	0.443	1	0.0	1	0.9642	0.9678151192879646	-0.0358065362372883
k9aubsm14o60l5ozagwbc8si	1	1	108	27	1	Go	GW	1	1	0.412	1	1.0	0	0.9771	0.9792890973200183	-0.02186498856608698
k9aubsm14o60l5ozagwbc8si	1	1	112	28	1	Go	GW	1	1	0.451	1	0.0	1	0.9617	0.9607422730810864	-0.044508280056891954
k9aubsm14o60l5ozagwbc8si	1	1	114	29	1	Go	GW	1	1	0.484	1	0.0	1	0.977	0.9766299216189703	-0.024804004250794442
k9aubsm14o60l5ozagwbc8si	1	1	120	30	1	Go	GW	1	1	0.454	1	0.0	1	0.9799	0.9808170162898461	-0.020126755729837513
k9aubsm14o60l5ozagwbc8si	1	1	4	1	1	No-Go	NGW	0	1	0.465	0	0.0	0	0.632	0.6235029810741624	-0.49900585770936073
k9aubsm14o60l5ozagwbc8si	1	1	7	2	1	No-Go	NGW	0	1	1.419	0	1.0	1	0.5672	0.5668880978546673	-0.5954218399806325
k9aubsm14o60l5ozagwbc8si	1	1	12	3	1	No-Go	NGW	0	1	0.539	0	0.0	0	0.7478	0.7471124970913908	-0.3053592548564047
k9aubsm14o60l5ozagwbc8si	1	1	14	4	1	No-Go	NGW	0	1	0.487	0	0.0	0	0.6977	0.6932922563942687	-0.3782858747809311
k9aubsm14o60l5ozagwbc8si	1	1	18	5	1	No-Go	NGW	0	1	0.428	0	0.0	0	0.6249	0.6363515462713388	-0.4628448759520893
k9aubsm14o60l5ozagwbc8si	1	1	24	6	1	No-Go	NGW	0	1	0.355	0	0.0	0	0.5756	0.5806424982270855	-0.5552654092688916
k9aubsm14o60l5ozagwbc8si	1	1	26	7	1	No-Go	NGW	0	1	0.393	0	1.0	1	0.5324	0.5282306334442324	-0.6522583120514152
k9aubsm14o60l5ozagwbc8si	1	1	31	8	1	No-Go	NGW	0	1	0.404	0	0.0	0	0.7299	0.725955953209728	-0.33701795512938326
k9aubsm14o60l5ozagwbc8si	1	1	33	9	1	No-Go	NGW	0	1	0.43	0	0.0	0	0.6739	0.6710917473718476	-0.4140141705063193
k9aubsm14o60l5ozagwbc8si	1	1	38	10	1	No-Go	NGW	0	1	0.466	0	0.0	0	0.6252	0.614154079196406	-0.5018074588309103
k9aubsm14o60l5ozagwbc8si	1	1	44	11	1	No-Go	NGW	0	1	0.334	0	0.0	0	0.5523	0.5591258636731518	-0.5966426588548154
k9aubsm14o60l5ozagwbc8si	1	1	45	12	1	No-Go	NGW	0	0		1	0.0	1	0.5036	0.49224269642562285	-0.7277206964632786
k9aubsm14o60l5ozagwbc8si	1	1	52	13	1	No-Go	NGW	0	1	0.525	0	0.0	0	0.4453	0.4472072837340483	-0.8330834122795343
k9aubsm14o60l5ozagwbc8si	1	1	56	14	1	No-Go	NGW	0	0		1	0.0	1	0.3944	0.5987119006998363	-0.527833898139321
k9aubsm14o60l5ozagwbc8si	1	1	58	15	1	No-Go	NGW	0	0		1	1.0	0	0.3496	0.6483415978306609	-0.4474655935439571
k9aubsm14o60l5ozagwbc8si	1	1	63	16	1	No-Go	NGW	0	0		1	0.0	1	0.4145	0.5807295071122562	-0.5569189672162224
k9aubsm14o60l5ozagwbc8si	1	1	68	17	1	No-Go	NGW	0	0		1	0.0	1	0.3676	0.6360115255945851	-0.4646861609238413
k9aubsm14o60l5ozagwbc8si	1	1	70	18	1	No-Go	NGW	0	0		1	1.0	0	0.3205	0.6817059408836847	-0.39445403599463275
k9aubsm14o60l5ozagwbc8si	1	1	76	19	1	No-Go	NGW	0	0		1	0.0	1	0.3823	0.6147136305276879	-0.4988939720319826
k9aubsm14o60l5ozagwbc8si	1	1	77	20	1	No-Go	NGW	0	0		1	0.0	1	0.3344	0.6667607496831106	-0.41535947499906795
k9aubsm14o60l5ozagwbc8si	1	1	81	21	1	No-Go	NGW	0	0		1	0.0	1	0.2917	0.7092832897444356	-0.3525704846948309
k9aubsm14o60l5ozagwbc8si	1	1	87	22	1	No-Go	NGW	0	0		1	0.0	1	0.26	0.7447275309461451	-0.3026540022286975
k9aubsm14o60l5ozagwbc8si	1	1	91	23	1	No-Go	NGW	0	0		1	0.0	1	0.223	0.7747273306027953	-0.2619385241368853
k9aubsm14o60l5ozagwbc8si	1	1	96	24	1	No-Go	NGW	0	0		1	1.0	0	0.1925	0.8003582097676507	-0.22825640586142945
k9aubsm14o60l5ozagwbc8si	1	1	99	25	1	No-Go	NGW	0	0		1	0.0	1	0.2584	0.7411438018240832	-0.30809399936539433
k9aubsm14o60l5ozagwbc8si	1	1	104	26	1	No-Go	NGW	0	0		1	1.0	0	0.2245	0.7764799145708153	-0.2587966474534427
k9aubsm14o60l5ozagwbc8si	1	1	106	27	1	No-Go	NGW	0	0		1	0.0	1	0.2882	0.7156073753116662	-0.34953003944051275
k9aubsm14o60l5ozagwbc8si	1	1	111	28	1	No-Go	NGW	0	0		1	0.0	1	0.2424	0.7576459985253304	-0.2850226398282519
k9aubsm14o60l5ozagwbc8si	1	1	115	29	1	No-Go	NGW	0	0		1	0.0	1	0.2084	0.790423018857507	-0.2405655377715334
k9aubsm14o60l5ozagwbc8si	1	1	118	30	1	No-Go	NGW	0	0		1	0.0	1	0.1805	0.8166963046552591	-0.20683270792631467
k9aubsm14o60l5ozagwbc8si	1	2	122	1	1	No-Go	NGW	0	1	0.858	0	0.0	0	0.6273	0.6235029810741624	-0.49900585770936073
k9aubsm14o60l5ozagwbc8si	1	2	125	2	1	No-Go	NGW	0	1	0.647	0	1.0	1	0.5651	0.5668880978546673	-0.5954218399806325
k9aubsm14o60l5ozagwbc8si	1	2	131	3	1	No-Go	NGW	0	1	0.544	0	0.0	0	0.7433	0.7471124970913908	-0.3053592548564047
k9aubsm14o60l5ozagwbc8si	1	2	136	4	1	No-Go	NGW	0	1	0.541	0	0.0	0	0.7072	0.6932922563942687	-0.3782858747809311
k9aubsm14o60l5ozagwbc8si	1	2	140	5	1	No-Go	NGW	0	1	0.473	0	0.0	0	0.644	0.6363515462713388	-0.4628448759520893
k9aubsm14o60l5ozagwbc8si	1	2	142	6	1	No-Go	NGW	0	1	0.491	0	0.0	0	0.5849	0.5806424982270855	-0.5552654092688916
k9aubsm14o60l5ozagwbc8si	1	2	147	7	1	No-Go	NGW	0	0		1	1.0	0	0.5265	0.47176936655576773	-0.7685461723117808
k9aubsm14o60l5ozagwbc8si	1	2	149	8	1	No-Go	NGW	0	0		1	0.0	1	0.5912	0.4116688578351702	-0.9122381268147448
k9aubsm14o60l5ozagwbc8si	1	2	153	9	1	No-Go	NGW	0	0		1	0.0	1	0.5268	0.4786665608965029	-0.7549804867383347
k9aubsm14o60l5ozagwbc8si	1	2	159	10	1	No-Go	NGW	0	1	1.193	0	0.0	0	0.4637	0.4624076011461968	-0.8004241105795521
k9aubsm14o60l5ozagwbc8si	1	2	162	11	1	No-Go	NGW	0	0		1	0.0	1	0.4137	0.5848648373578651	-0.5521774112657197
k9aubsm14o60l5ozagwbc8si	1	2	166	12	1	No-Go	NGW	0	0		1	0.0	1	0.3673	0.634103168806465	-0.47035533919065825
k9aubsm14o60l5ozagwbc8si	1	2	171	13	1	No-Go	NGW	0	0		1	0.0	1	0.3233	0.6765066426313849	-0.40369644267536325
k9aubsm14o60l5ozagwbc8si	1	2	174	14	1	No-Go	NGW	0	0		1	0.0	1	0.2914	0.7133292099237905	-0.3485161249331642
k9aubsm14o60l5ozagwbc8si	1	2	178	15	1	No-Go	NGW	0	0		1	1.0	0	0.2524	0.7454438047785775	-0.3024303949406994
k9aubsm14o60l5ozagwbc8si	1	2	184	16	1	No-Go	NGW	0	0		1	0.0	1	0.3178	0.6804990904121062	-0.39314659868851654
k9aubsm14o60l5ozagwbc8si	1	2	186	17	1	No-Go	NGW	0	0		1	0.0	1	0.2804	0.7221353728034808	-0.33223159095699184
k9aubsm14o60l5ozagwbc8si	1	2	190	18	1	No-Go	NGW	0	0		1	1.0	0	0.2482	0.7562505503151522	-0.2851821808923212
k9aubsm14o60l5ozagwbc8si	1	2	193	19	1	No-Go	NGW	0	0		1	0.0	1	0.3039	0.692022516788648	-0.37774179238767974
k9aubsm14o60l5ozagwbc8si	1	2	199	20	1	No-Go	NGW	0	0		1	0.0	1	0.2716	0.7346208667061992	-0.3143938598627233
k9aubsm14o60l5ozagwbc8si	1	2	201	21	1	No-Go	NGW	0	1	0.892	0	0.0	0	0.2342	0.23130534914627374	-1.5182828007254852
k9aubsm14o60l5ozagwbc8si	1	2	205	22	1	No-Go	NGW	0	0		1	0.0	1	0.2	0.7984691974417979	-0.2292104624615618
k9aubsm14o60l5ozagwbc8si	1	2	210	23	1	No-Go	NGW	0	0		1	0.0	1	0.1739	0.823585854055253	-0.19756476311252977
k9aubsm14o60l5ozagwbc8si	1	2	214	24	1	No-Go	NGW	0	0		1	1.0	0	0.1579	0.8444078306354978	-0.17205394947797
k9aubsm14o60l5ozagwbc8si	1	2	219	25	1	No-Go	NGW	0	0		1	0.0	1	0.2116	0.7920662410733378	-0.24091216219772588
k9aubsm14o60l5ozagwbc8si	1	2	222	26	1	No-Go	NGW	0	0		1	1.0	0	0.175	0.8221971819667653	-0.20011763358378412
k9aubsm14o60l5ozagwbc8si	1	2	228	27	1	No-Go	NGW	0	0		1	0.0	1	0.2366	0.7676914016892502	-0.2792515315063098
k9aubsm14o60l5ozagwbc8si	1	2	230	28	1	No-Go	NGW	0	0		1	0.0	1	0.2018	0.8043694438431424	-0.22413759867196037
k9aubsm14o60l5ozagwbc8si	1	2	235	29	1	No-Go	NGW	0	0		1	0.0	1	0.1697	0.8320898321038439	-0.1878826881919974
k9aubsm14o60l5ozagwbc8si	1	2	238	30	1	No-Go	NGW	0	0		1	0.0	1	0.1435	0.8537796442552182	-0.16114845153178042
k9aubsm14o60l5ozagwbc8si	1	2	123	1	0	No-Go	NGAL	0	1	1.098	0	0.0	0	0.6432	0.6410810881481404	-0.45160230479155744
k9aubsm14o60l5ozagwbc8si	1	2	127	2	0	No-Go	NGAL	0	0		1	0.0	1	0.5851	0.4165911498849483	-0.8891260230054618
k9aubsm14o60l5ozagwbc8si	1	2	130	3	0	No-Go	NGAL	0	0		1	0.0	1	0.5201	0.4772944158392136	-0.7522414608271982
k9aubsm14o60l5ozagwbc8si	1	2	134	4	0	No-Go	NGAL	0	0		1	0.0	1	0.4723	0.5314173350392462	-0.6453611399161533
k9aubsm14o60l5ozagwbc8si	1	2	139	5	0	No-Go	NGAL	0	0		1	1.0	0	0.4266	0.5794634299857998	-0.558121769979227
k9aubsm14o60l5ozagwbc8si	1	2	141	6	0	No-Go	NGAL	0	1	1.193	0	0.0	0	0.4377	0.4368907785352955	-0.8479522556870873
k9aubsm14o60l5ozagwbc8si	1	2	145	7	0	No-Go	NGAL	0	0		1	0.0	1	0.3895	0.6147906601172376	-0.49805242483460443
k9aubsm14o60l5ozagwbc8si	1	2	152	8	0	No-Go	NGAL	0	1	0.803	0	1.0	1	0.3431	0.34242957582293804	-1.1200323353281636
k9aubsm14o60l5ozagwbc8si	1	2	156	9	0	No-Go	NGAL	0	1	1.011	0	0.0	0	0.4055	0.40914296814129	-0.9094550987288437
k9aubsm14o60l5ozagwbc8si	1	2	158	10	0	No-Go	NGAL	0	1	0.722	0	0.0	0	0.3606	0.354334568705967	-1.0668490660764807
k9aubsm14o60l5ozagwbc8si	1	2	164	11	0	No-Go	NGAL	0	0		1	0.0	1	0.3156	0.6907143614255672	-0.3784472228919736
k9aubsm14o60l5ozagwbc8si	1	2	165	12	0	No-Go	NGAL	0	0		1	0.0	1	0.2754	0.7258784496544791	-0.3276719908874339
k9aubsm14o60l5ozagwbc8si	1	2	170	13	0	No-Go	NGAL	0	1	0.915	0	1.0	1	0.2464	0.24364120694941338	-1.4758063601837066
k9aubsm14o60l5ozagwbc8si	1	2	175	14	0	No-Go	NGAL	0	1	0.699	0	0.0	0	0.2992	0.3011237017480607	-1.2317952603048228
k9aubsm14o60l5ozagwbc8si	1	2	179	15	0	No-Go	NGAL	0	1	0.633	0	0.0	0	0.2478	0.2558939651118135	-1.40699097133667
k9aubsm14o60l5ozagwbc8si	1	2	183	16	0	No-Go	NGAL	0	1	0.782	0	0.0	0	0.2221	0.22026569739700813	-1.5755940556976176
k9aubsm14o60l5ozagwbc8si	1	2	188	17	0	No-Go	NGAL	0	1	0.8	0	0.0	0	0.183	0.19129104919347842	-1.7338965224469702
k9aubsm14o60l5ozagwbc8si	1	2	191	18	0	No-Go	NGAL	0	0		1	0.0	1	0.1659	0.8327660368793568	-0.18667918351675797
k9aubsm14o60l5ozagwbc8si	1	2	194	19	0	No-Go	NGAL	0	0		1	0.0	1	0.1424	0.8524137765611793	-0.16271155352219976
k9aubsm14o60l5ozagwbc8si	1	2	200	20	0	No-Go	NGAL	0	0		1	1.0	0	0.1279	0.8691855979073125	-0.14269166364600386
k9aubsm14o60l5ozagwbc8si	1	2	202	21	0	No-Go	NGAL	0	1	0.83	0	1.0	1	0.1442	0.13932563459340444	-2.066701798215559
k9aubsm14o60l5ozagwbc8si	1	2	206	22	0	No-Go	NGAL	0	1	1.143	0	0.0	0	0.1835	0.18470996695500866	-1.7786642123950849
k9aubsm14o60l5ozagwbc8si	1	2	211	23	0	No-Go	NGAL	0	1	1.193	0	0.0	0	0.1554	0.15579605259826393	-1.9485485937869216
k9aubsm14o60l5ozagwbc8si	1	2	213	24	0	No-Go	NGAL	0	0		1	0.0	1	0.1415	0.8662420446446493	-0.14601766360378732
k9aubsm14o60l5ozagwbc8si	1	2	217	25	0	No-Go	NGAL	0	0		1	0.0	1	0.1211	0.8816835880177357	-0.1279870843247396
k9aubsm14o60l5ozagwbc8si	1	2	223	26	0	No-Go	NGAL	0	0		1	0.0	1	0.1064	0.8945655726055999	-0.11325761741107022
k9aubsm14o60l5ozagwbc8si	1	2	226	27	0	No-Go	NGAL	0	0		1	1.0	0	0.0938	0.90542852321876	-0.10103772914342614
k9aubsm14o60l5ozagwbc8si	1	2	231	28	0	No-Go	NGAL	0	0		1	0.0	1	0.0974	0.8978970679845127	-0.10995464552119547
k9aubsm14o60l5ozagwbc8si	1	2	236	29	0	No-Go	NGAL	0	0		1	0.0	1	0.0952	0.9089131022021244	-0.09739678265091355
k9aubsm14o60l5ozagwbc8si	1	2	240	30	0	No-Go	NGAL	0	0		1	0.0	1	0.0786	0.9180149247472553	-0.08725802050905242
k9aubsm14o60l5ozagwbc8si	1	2	121	1	1	Go	GW	1	1	0.896	1	0.0	1	0.6179	0.6235029810741624	-0.49900585770936073
k9aubsm14o60l5ozagwbc8si	1	2	128	2	1	Go	GW	1	1	0.481	1	0.0	1	0.7744	0.7769341217469696	-0.263495415940175
k9aubsm14o60l5ozagwbc8si	1	2	129	3	1	Go	GW	1	1	0.549	1	0.0	1	0.8554	0.8575905917486283	-0.15845673808152094
k9aubsm14o60l5ozagwbc8si	1	2	133	4	1	Go	GW	1	1	0.486	1	1.0	0	0.9023	0.9041613390580209	-0.1030971098063082
k9aubsm14o60l5ozagwbc8si	1	2	138	5	1	Go	GW	1	1	0.426	1	0.0	1	0.874	0.8703396075546236	-0.1416777796131929
k9aubsm14o60l5ozagwbc8si	1	2	143	6	1	Go	GW	1	1	0.42	1	0.0	1	0.9178	0.916586584443544	-0.08880144681156237
k9aubsm14o60l5ozagwbc8si	1	2	146	7	1	Go	GW	1	1	0.813	1	1.0	0	0.9405	0.9403964494683416	-0.06254009029127047
k9aubsm14o60l5ozagwbc8si	1	2	150	8	1	Go	GW	1	1	0.436	1	0.0	1	0.9123	0.9132425726301546	-0.09335342427378268
k9aubsm14o60l5ozagwbc8si	1	2	155	9	1	Go	GW	1	1	0.403	1	0.0	1	0.9416	0.9432422650869327	-0.05955396149206801
k9aubsm14o60l5ozagwbc8si	1	2	157	10	1	Go	GW	1	1	0.449	1	0.0	1	0.9543	0.9574014466902275	-0.04431349978196474
k9aubsm14o60l5ozagwbc8si	1	2	163	11	1	Go	GW	1	1	0.498	1	0.0	1	0.9686	0.9659467138585675	-0.035267803018975884
k9aubsm14o60l5ozagwbc8si	1	2	168	12	1	Go	GW	1	1	0.61	1	0.0	1	0.9715	0.9715226638336855	-0.029436878720996557
k9aubsm14o60l5ozagwbc8si	1	2	172	13	1	Go	GW	1	1	0.439	1	0.0	1	0.974	0.9753215110643371	-0.025501451534248747
k9aubsm14o60l5ozagwbc8si	1	2	173	14	1	Go	GW	1	1	0.533	1	0.0	1	0.9773	0.9779888887107782	-0.02275841331434724
k9aubsm14o60l5ozagwbc8si	1	2	177	15	1	Go	GW	1	1	0.462	1	1.0	0	0.9787	0.9799067044390309	-0.020797670219627844
k9aubsm14o60l5ozagwbc8si	1	2	182	16	1	Go	GW	1	1	0.441	1	0.0	1	0.9608	0.9625069446991507	-0.04108449269877027
k9aubsm14o60l5ozagwbc8si	1	2	185	17	1	Go	GW	1	1	0.724	1	0.0	1	0.976	0.9752767877998726	-0.025897546812812835
k9aubsm14o60l5ozagwbc8si	1	2	192	18	1	Go	GW	1	1	0.56	1	1.0	0	0.9776	0.979173043342602	-0.021681106448345065
k9aubsm14o60l5ozagwbc8si	1	2	196	19	1	Go	GW	1	1	0.51	1	0.0	1	0.9612	0.9611038609148996	-0.04303035213802442
k9aubsm14o60l5ozagwbc8si	1	2	197	20	1	Go	GW	1	1	0.515	1	0.0	1	0.9759	0.9751501068802114	-0.026143102441019576
k9aubsm14o60l5ozagwbc8si	1	2	203	21	1	Go	GW	1	1	0.454	1	0.0	1	0.9808	0.9793281139824481	-0.02157312548762883
k9aubsm14o60l5ozagwbc8si	1	2	207	22	1	Go	GW	1	1	0.498	1	0.0	1	0.9817	0.9813951601337131	-0.019375918802943055
k9aubsm14o60l5ozagwbc8si	1	2	212	23	1	Go	GW	1	1	0.412	1	0.0	1	0.9827	0.9826432542021266	-0.01807127267773573
k9aubsm14o60l5ozagwbc8si	1	2	215	24	1	Go	GW	1	1	0.705	1	0.0	1	0.984	0.9834792648034345	-0.017207027882543663
k9aubsm14o60l5ozagwbc8si	1	2	220	25	1	Go	GW	1	1	0.454	1	1.0	0	0.984	0.984074556856123	-0.016596413489331625
k9aubsm14o60l5ozagwbc8si	1	2	221	26	1	Go	GW	1	1	0.359	1	0.0	1	0.9691	0.9678151192879646	-0.0358065362372883
k9aubsm14o60l5ozagwbc8si	1	2	225	27	1	Go	GW	1	1	0.468	1	1.0	0	0.981	0.9792890973200183	-0.02186498856608698
k9aubsm14o60l5ozagwbc8si	1	2	232	28	1	Go	GW	1	1	0.496	1	0.0	1	0.9592	0.9607422730810864	-0.044508280056891954
k9aubsm14o60l5ozagwbc8si	1	2	234	29	1	Go	GW	1	1	0.412	1	0.0	1	0.9769	0.9766299216189703	-0.024804004250794442
k9aubsm14o60l5ozagwbc8si	1	2	239	30	1	Go	GW	1	1	0.463	1	0.0	1	0.981	0.9808170162898461	-0.020126755729837513
k9aubsm14o60l5ozagwbc8si	1	2	124	1	0	Go	GAL	1	0		0	1.0	1	0.6403	0.35891891185185965	-1.0497923444605097
k9aubsm14o60l5ozagwbc8si	1	2	126	2	0	Go	GAL	1	0		0	0.0	0	0.5797	0.4165911498849484	-0.8891260230054616
k9aubsm14o60l5ozagwbc8si	1	2	132	3	0	Go	GAL	1	0		0	0.0	0	0.5991	0.40165719019223545	-0.9254688323465183
k9aubsm14o60l5ozagwbc8si	1	2	135	4	0	Go	GAL	1	1	0.63	1	0.0	1	0.615	0.6123690593913261	-0.49633456076689114
k9aubsm14o60l5ozagwbc8si	1	2	137	5	0	Go	GAL	1	1	0.667	1	0.0	1	0.6719	0.6676718777506897	-0.41112204216975295
k9aubsm14o60l5ozagwbc8si	1	2	144	6	0	Go	GAL	1	1	0.907	1	1.0	0	0.7225	0.7125909567213854	-0.3460833702219513
k9aubsm14o60l5ozagwbc8si	1	2	148	7	0	Go	GAL	1	1	1.464	1	0.0	1	0.6602	0.6517223445957064	-0.4329996663077281
k9aubsm14o60l5ozagwbc8si	1	2	151	8	0	Go	GAL	1	1	0.581	1	0.0	1	0.6988	0.702194900233085	-0.35903548451547246
k9aubsm14o60l5ozagwbc8si	1	2	154	9	0	Go	GAL	1	0		0	0.0	0	0.736	0.2572465102648992	-1.412453779167627
k9aubsm14o60l5ozagwbc8si	1	2	160	10	0	Go	GAL	1	1	0.765	1	0.0	1	0.7488	0.7527700194499788	-0.2896338859419742
k9aubsm14o60l5ozagwbc8si	1	2	161	11	0	Go	GAL	1	1	0.529	1	1.0	0	0.7848	0.7852280325029813	-0.24674127909240967
k9aubsm14o60l5ozagwbc8si	1	2	167	12	0	Go	GAL	1	1	1.083	1	0.0	1	0.7273	0.7307705341537892	-0.31737504086370916
k9aubsm14o60l5ozagwbc8si	1	2	169	13	0	Go	GAL	1	1	0.749	1	0.0	1	0.7752	0.7703869074330488	-0.2644740841031839
k9aubsm14o60l5ozagwbc8si	1	2	176	14	0	Go	GAL	1	1	0.538	1	0.0	1	0.7963	0.8018183429353627	-0.22424811783759696
k9aubsm14o60l5ozagwbc8si	1	2	180	15	0	Go	GAL	1	1	0.582	1	0.0	1	0.8258	0.827559742128107	-0.19220579216635145
k9aubsm14o60l5ozagwbc8si	1	2	181	16	0	Go	GAL	1	0		0	0.0	0	0.8519	0.15097100314599896	-1.9743665963691053
k9aubsm14o60l5ozagwbc8si	1	2	187	17	0	Go	GAL	1	1	1.268	1	0.0	1	0.8554	0.8553134396907639	-0.15877418926459344
k9aubsm14o60l5ozagwbc8si	1	2	189	18	0	Go	GAL	1	1	0.827	1	0.0	1	0.8776	0.8727560812138412	-0.13811830845844728
k9aubsm14o60l5ozagwbc8si	1	2	195	19	0	Go	GAL	1	1	0.56	1	1.0	0	0.8899	0.8875488799379314	-0.12091935247364166
k9aubsm14o60l5ozagwbc8si	1	2	198	20	0	Go	GAL	1	0		0	0.0	0	0.849	0.1519270621963987	-1.9571248054356423
k9aubsm14o60l5ozagwbc8si	1	2	204	21	0	Go	GAL	1	0		0	0.0	0	0.8507	0.145522948185304	-2.00793590633008
k9aubsm14o60l5ozagwbc8si	1	2	208	22	0	Go	GAL	1	1	1.03	1	0.0	1	0.8644	0.8603794881536243	-0.15266489133209077
k9aubsm14o60l5ozagwbc8si	1	2	209	23	0	Go	GAL	1	1	0.696	1	0.0	1	0.8808	0.8807713746141439	-0.12860865033008315
k9aubsm14o60l5ozagwbc8si	1	2	216	24	0	Go	GAL	1	0		0	1.0	1	0.8995	0.10346833198127314	-2.3778676001477153
k9aubsm14o60l5ozagwbc8si	1	2	218	25	0	Go	GAL	1	0		0	0.0	0	0.8684	0.1288844084029448	-2.1429883623398953
k9aubsm14o60l5ozagwbc8si	1	2	224	26	0	Go	GAL	1	1	0.859	1	0.0	1	0.8794	0.8770336997296999	-0.13308583774737687
k9aubsm14o60l5ozagwbc8si	1	2	227	27	0	Go	GAL	1	1	1.178	1	1.0	0	0.8893	0.8919028278569134	-0.11594373927074525
k9aubsm14o60l5ozagwbc8si	1	2	229	28	0	Go	GAL	1	0		0	0.0	0	0.8492	0.1504341251706036	-2.0493929876092905
k9aubsm14o60l5ozagwbc8si	1	2	233	29	0	Go	GAL	1	1	0.95	1	0.0	1	0.8574	0.8562590342648658	-0.1606631781056856
k9aubsm14o60l5ozagwbc8si	1	2	237	30	0	Go	GAL	1	0		0	0.0	0	0.8787	0.12148452258491593	-2.2598725858180884
kdf364gyhp7cnlnv3h0wu7tq	1	2	121	1	1	Go	GW	1	1	1.052	1	0.0	1	0.379	0.38338859240735934	-1.0216299205235806
kdf364gyhp7cnlnv3h0wu7tq	1	2	125	2	1	Go	GW	1	1	0.372	1	0.0	1	0.8571	0.8548826736876798	-0.1650681668384078
kdf364gyhp7cnlnv3h0wu7tq	1	2	132	3	1	Go	GW	1	1	0.424	1	1.0	0	0.9549	0.9583986110127034	-0.04398481161465175
kdf364gyhp7cnlnv3h0wu7tq	1	2	136	4	1	Go	GW	1	1	0.334	1	0.0	1	0.9183	0.9160331377608769	-0.09286574321265696
kdf364gyhp7cnlnv3h0wu7tq	1	2	140	5	1	Go	GW	1	1	0.501	1	0.0	1	0.9684	0.9717924977432402	-0.029588824682493346
kdf364gyhp7cnlnv3h0wu7tq	1	2	141	6	1	Go	GW	1	1	0.58	1	1.0	0	0.9861	0.9867742615455641	-0.013589383755953928
kdf364gyhp7cnlnv3h0wu7tq	1	2	145	7	1	Go	GW	1	1	0.474	1	0.0	1	0.9652	0.96742197900817	-0.035035553220595775
kdf364gyhp7cnlnv3h0wu7tq	1	2	152	8	1	Go	GW	1	1	0.386	1	0.0	1	0.9849	0.9859348903163611	-0.01453311218098698
kdf364gyhp7cnlnv3h0wu7tq	1	2	156	9	1	Go	GW	1	1	0.369	1	0.0	1	0.991	0.9918393362160114	-0.008327861406653328
kdf364gyhp7cnlnv3h0wu7tq	1	2	160	10	1	Go	GW	1	1	0.469	1	0.0	1	0.9933	0.9942797995936522	-0.0058071141914664256
kdf364gyhp7cnlnv3h0wu7tq	1	2	164	11	1	Go	GW	1	1	0.323	1	0.0	1	0.9962	0.9954495237755351	-0.0046097516628753
kdf364gyhp7cnlnv3h0wu7tq	1	2	165	12	1	Go	GW	1	1	0.486	1	1.0	0	0.9955	0.9960686641256274	-0.00397940202064747
kdf364gyhp7cnlnv3h0wu7tq	1	2	172	13	1	Go	GW	1	1	0.402	1	0.0	1	0.9873	0.9873418330360242	-0.01340115559344668
kdf364gyhp7cnlnv3h0wu7tq	1	2	175	14	1	Go	GW	1	1	0.737	1	0.0	1	0.994	0.9931923566108397	-0.0069606129422195625
kdf364gyhp7cnlnv3h0wu7tq	1	2	180	15	1	Go	GW	1	1	0.413	1	0.0	1	0.9957	0.9950884257408866	-0.004989186112464239
kdf364gyhp7cnlnv3h0wu7tq	1	2	184	16	1	Go	GW	1	1	0.381	1	1.0	0	0.9952	0.9959345292723197	-0.004120558699592823
kdf364gyhp7cnlnv3h0wu7tq	1	2	188	17	1	Go	GW	1	1	0.446	1	0.0	1	0.9865	0.9867620555496245	-0.014105751295454763
kdf364gyhp7cnlnv3h0wu7tq	1	2	192	18	1	Go	GW	1	1	0.423	1	0.0	1	0.9929	0.9931024608898756	-0.007063762461642292
kdf364gyhp7cnlnv3h0wu7tq	1	2	194	19	1	Go	GW	1	1	0.392	1	0.0	1	0.9954	0.9950843869841205	-0.004996286102752004
kdf364gyhp7cnlnv3h0wu7tq	1	2	199	20	1	Go	GW	1	1	0.395	1	0.0	1	0.9968	0.9959474757895174	-0.004108660101344591
kdf364gyhp7cnlnv3h0wu7tq	1	2	202	21	1	Go	GW	1	1	0.339	1	0.0	1	0.996	0.9963857883782604	-0.003660786480030161
kdf364gyhp7cnlnv3h0wu7tq	1	2	206	22	1	Go	GW	1	1	0.422	1	0.0	1	0.9967	0.9966297350846293	-0.0034124688672672863
kdf364gyhp7cnlnv3h0wu7tq	1	2	209	23	1	Go	GW	1	1	0.527	1	1.0	0	0.9966	0.9967742631987717	-0.003265735402208356
kdf364gyhp7cnlnv3h0wu7tq	1	2	215	24	1	Go	GW	1	1	0.41	1	0.0	1	0.9882	0.9890230487593573	-0.01165248973095317
kdf364gyhp7cnlnv3h0wu7tq	1	2	217	25	1	Go	GW	1	1	0.457	1	0.0	1	0.995	0.9940112392686812	-0.006124402581276565
kdf364gyhp7cnlnv3h0wu7tq	1	2	221	26	1	Go	GW	1	1	0.427	1	0.0	1	0.9963	0.9955443943080101	-0.0045267026944737524
kdf364gyhp7cnlnv3h0wu7tq	1	2	226	27	1	Go	GW	1	1	0.258	1	0.0	1	0.996	0.9962099740508835	-0.0038421914674563623
kdf364gyhp7cnlnv3h0wu7tq	1	2	232	28	1	Go	GW	1	1	0.394	1	0.0	1	0.997	0.9965471073312739	-0.0034975488445113043
kdf364gyhp7cnlnv3h0wu7tq	1	2	235	29	1	Go	GW	1	1	0.452	1	0.0	1	0.9971	0.9967340832024641	-0.00330709981165188
kdf364gyhp7cnlnv3h0wu7tq	1	2	238	30	1	Go	GW	1	1	0.322	1	1.0	0	0.9963	0.9968443799282813	-0.0031950382092039193
kdf364gyhp7cnlnv3h0wu7tq	1	2	124	1	0	Go	GAL	1	1	1.085	1	0.0	1	0.6122	0.60764069089487	-0.5067993965289821
kdf364gyhp7cnlnv3h0wu7tq	1	2	128	2	0	Go	GAL	1	1	0.399	1	1.0	0	0.7169	0.71984815160455	-0.3352249813798296
kdf364gyhp7cnlnv3h0wu7tq	1	2	130	3	0	Go	GAL	1	1	0.586	1	0.0	1	0.6009	0.5975958354249092	-0.5236432006828802
kdf364gyhp7cnlnv3h0wu7tq	1	2	134	4	0	Go	GAL	1	1	0.455	1	0.0	1	0.7056	0.7126325283431975	-0.3450429944958249
kdf364gyhp7cnlnv3h0wu7tq	1	2	138	5	0	Go	GAL	1	1	0.697	1	0.0	1	0.7932	0.7973303912547429	-0.231134318472794
kdf364gyhp7cnlnv3h0wu7tq	1	2	144	6	0	Go	GAL	1	1	0.493	1	0.0	1	0.8572	0.8567939409883795	-0.15771870843644675
kdf364gyhp7cnlnv3h0wu7tq	1	2	146	7	0	Go	GAL	1	1	0.562	1	0.0	1	0.9044	0.8978517296421081	-0.1097834936471567
kdf364gyhp7cnlnv3h0wu7tq	1	2	151	8	0	Go	GAL	1	1	0.628	1	0.0	1	0.9257	0.9261562171265848	-0.07798678609544062
kdf364gyhp7cnlnv3h0wu7tq	1	2	155	9	0	Go	GAL	1	1	0.426	1	0.0	1	0.9445	0.9457914422374499	-0.05652612707039819
kdf364gyhp7cnlnv3h0wu7tq	1	2	159	10	0	Go	GAL	1	1	0.522	1	1.0	0	0.9605	0.9595544923657777	-0.04178140100880276
kdf364gyhp7cnlnv3h0wu7tq	1	2	161	11	0	Go	GAL	1	1	0.53	1	0.0	1	0.9268	0.9240241053868126	-0.07991287715049855
kdf364gyhp7cnlnv3h0wu7tq	1	2	167	12	0	Go	GAL	1	1	0.329	1	0.0	1	0.9472	0.9450340691898514	-0.057104612734040744
kdf364gyhp7cnlnv3h0wu7tq	1	2	169	13	0	Go	GAL	1	1	0.531	1	0.0	1	0.9564	0.959365660294062	-0.0418558415034686
kdf364gyhp7cnlnv3h0wu7tq	1	2	173	14	0	Go	GAL	1	1	0.481	1	0.0	1	0.9671	0.9693579730967005	-0.03136696406508308
kdf364gyhp7cnlnv3h0wu7tq	1	2	177	15	0	Go	GAL	1	1	0.445	1	1.0	0	0.9772	0.976458724011557	-0.023986507039656546
kdf364gyhp7cnlnv3h0wu7tq	1	2	181	16	0	Go	GAL	1	1	0.462	1	0.0	1	0.9536	0.9521225280760109	-0.04960528909895483
kdf364gyhp7cnlnv3h0wu7tq	1	2	185	17	0	Go	GAL	1	1	0.466	1	0.0	1	0.9655	0.9648823082562925	-0.03603704057518398
kdf364gyhp7cnlnv3h0wu7tq	1	2	189	18	0	Go	GAL	1	1	0.485	1	0.0	1	0.9741	0.9735446124681725	-0.026992489593131545
kdf364gyhp7cnlnv3h0wu7tq	1	2	196	19	0	Go	GAL	1	1	0.459	1	0.0	1	0.9798	0.9796165359355813	-0.020714841279664113
kdf364gyhp7cnlnv3h0wu7tq	1	2	200	20	0	Go	GAL	1	1	0.422	1	1.0	0	0.9838	0.9839784987433464	-0.016234787321559925
kdf364gyhp7cnlnv3h0wu7tq	1	2	201	21	0	Go	GAL	1	1	0.451	1	0.0	1	0.9615	0.965186007140306	-0.03593555302470557
kdf364gyhp7cnlnv3h0wu7tq	1	2	207	22	0	Go	GAL	1	1	0.672	1	0.0	1	0.9719	0.9742456023759305	-0.0263225948473517
kdf364gyhp7cnlnv3h0wu7tq	1	2	210	23	0	Go	GAL	1	1	0.5	1	1.0	0	0.9782	0.9803509321153481	-0.019979858559627636
kdf364gyhp7cnlnv3h0wu7tq	1	2	216	24	0	Go	GAL	1	1	0.273	1	0.0	1	0.9595	0.9570678503833813	-0.044983572767272065
kdf364gyhp7cnlnv3h0wu7tq	1	2	218	25	0	Go	GAL	1	1	0.391	1	0.0	1	0.9682	0.9691680193065028	-0.03172556936567669
kdf364gyhp7cnlnv3h0wu7tq	1	2	224	26	0	Go	GAL	1	1	0.444	1	0.0	1	0.9756	0.977012831706346	-0.0234635821556454
kdf364gyhp7cnlnv3h0wu7tq	1	2	228	27	0	Go	GAL	1	1	0.447	1	0.0	1	0.9831	0.9823488329383862	-0.01793304219458304
kdf364gyhp7cnlnv3h0wu7tq	1	2	230	28	0	Go	GAL	1	1	0.508	1	0.0	1	0.9854	0.9861113606646917	-0.014067285719710654
kdf364gyhp7cnlnv3h0wu7tq	1	2	233	29	0	Go	GAL	1	1	0.48	1	1.0	0	0.9868	0.9888393118153767	-0.011279991407370769
kdf364gyhp7cnlnv3h0wu7tq	1	2	237	30	0	Go	GAL	1	1	0.335	1	0.0	1	0.9726	0.9739168499870564	-0.026923580572756994
kdf364gyhp7cnlnv3h0wu7tq	1	2	122	1	1	No-Go	NGW	0	0		1	1.0	0	0.3841	0.6166114075926407	-0.5077507529318739
kdf364gyhp7cnlnv3h0wu7tq	1	2	127	2	1	No-Go	NGW	0	0		1	0.0	1	0.5048	0.4941426786550218	-0.7624347671725614
kdf364gyhp7cnlnv3h0wu7tq	1	2	129	3	1	No-Go	NGW	0	0		1	0.0	1	0.3824	0.626437866586908	-0.4896847451852539
kdf364gyhp7cnlnv3h0wu7tq	1	2	135	4	1	No-Go	NGW	0	0		1	0.0	1	0.2624	0.7342328920123561	-0.319724105249148
kdf364gyhp7cnlnv3h0wu7tq	1	2	137	5	1	No-Go	NGW	0	0		1	0.0	1	0.1833	0.8133221477132516	-0.2125291216111473
kdf364gyhp7cnlnv3h0wu7tq	1	2	143	6	1	No-Go	NGW	0	0		1	0.0	1	0.1281	0.8686263274261652	-0.14416996956727524
kdf364gyhp7cnlnv3h0wu7tq	1	2	148	7	1	No-Go	NGW	0	0		1	0.0	1	0.0909	0.9066217139488559	-0.09993100810735411
kdf364gyhp7cnlnv3h0wu7tq	1	2	149	8	1	No-Go	NGW	0	1	1.133	0	0.0	0	0.0615	0.06732313052227476	-2.9188071086531022
kdf364gyhp7cnlnv3h0wu7tq	1	2	154	9	1	No-Go	NGW	0	0		1	1.0	0	0.0398	0.9570218488087979	-0.04453136843828007
kdf364gyhp7cnlnv3h0wu7tq	1	2	157	10	1	No-Go	NGW	0	0		1	0.0	1	0.0759	0.9221554587286828	-0.08227248719717194
kdf364gyhp7cnlnv3h0wu7tq	1	2	163	11	1	No-Go	NGW	0	0		1	1.0	0	0.0522	0.9456566815596589	-0.05657643599621956
kdf364gyhp7cnlnv3h0wu7tq	1	2	168	12	1	No-Go	NGW	0	0		1	0.0	1	0.1007	0.9019722995805678	-0.10505815298640211
kdf364gyhp7cnlnv3h0wu7tq	1	2	170	13	1	No-Go	NGW	0	0		1	0.0	1	0.0631	0.933169546085226	-0.07006576945416214
kdf364gyhp7cnlnv3h0wu7tq	1	2	174	14	1	No-Go	NGW	0	0		1	0.0	1	0.0446	0.9531805929689248	-0.04845633275240533
kdf364gyhp7cnlnv3h0wu7tq	1	2	178	15	1	No-Go	NGW	0	0		1	0.0	1	0.0367	0.9663813859642032	-0.03449603016788351
kdf364gyhp7cnlnv3h0wu7tq	1	2	183	16	1	No-Go	NGW	0	0		1	0.0	1	0.0284	0.9753091838584366	-0.0251830610692385
kdf364gyhp7cnlnv3h0wu7tq	1	2	186	17	1	No-Go	NGW	0	0		1	1.0	0	0.0173	0.9814822906605039	-0.01880513330509601
kdf364gyhp7cnlnv3h0wu7tq	1	2	190	18	1	No-Go	NGW	0	0		1	0.0	1	0.0344	0.9627748764221095	-0.03833404067985098
kdf364gyhp7cnlnv3h0wu7tq	1	2	193	19	1	No-Go	NGW	0	0		1	0.0	1	0.0274	0.9732880102346361	-0.02727832293514945
kdf364gyhp7cnlnv3h0wu7tq	1	2	198	20	1	No-Go	NGW	0	0		1	0.0	1	0.0214	0.9802736925270318	-0.02004345215459515
kdf364gyhp7cnlnv3h0wu7tq	1	2	203	21	1	No-Go	NGW	0	0		1	0.0	1	0.0161	0.9850758631394265	-0.01511223275791404
kdf364gyhp7cnlnv3h0wu7tq	1	2	205	22	1	No-Go	NGW	0	0		1	0.0	1	0.013	0.9884646909511204	-0.011652075121154
kdf364gyhp7cnlnv3h0wu7tq	1	2	211	23	1	No-Go	NGW	0	0		1	1.0	0	0.0089	0.9909087625845117	-0.00916669863555822
kdf364gyhp7cnlnv3h0wu7tq	1	2	213	24	1	No-Go	NGW	0	0		1	0.0	1	0.0203	0.979931292357753	-0.020491833375490272
kdf364gyhp7cnlnv3h0wu7tq	1	2	220	25	1	No-Go	NGW	0	0		1	0.0	1	0.013	0.9851620048429333	-0.015051010821150738
kdf364gyhp7cnlnv3h0wu7tq	1	2	222	26	1	No-Go	NGW	0	0		1	0.0	1	0.0111	0.9886754645512518	-0.0114482166219312
kdf364gyhp7cnlnv3h0wu7tq	1	2	225	27	1	No-Go	NGW	0	0		1	0.0	1	0.0094	0.9911371455323784	-0.008940366121594791
kdf364gyhp7cnlnv3h0wu7tq	1	2	229	28	1	No-Go	NGW	0	0		1	0.0	1	0.0079	0.9929138674382674	-0.007137437200196017
kdf364gyhp7cnlnv3h0wu7tq	1	2	234	29	1	No-Go	NGW	0	0		1	0.0	1	0.0045	0.9942262138146932	-0.005809301392217226
kdf364gyhp7cnlnv3h0wu7tq	1	2	240	30	1	No-Go	NGW	0	0		1	1.0	0	0.0054	0.9952142767994717	-0.004811296879724459
kdf364gyhp7cnlnv3h0wu7tq	1	2	123	1	0	No-Go	NGAL	0	1	0.412	0	0.0	0	0.6132	0.60764069089487	-0.5067993965289821
kdf364gyhp7cnlnv3h0wu7tq	1	2	126	2	0	No-Go	NGAL	0	0		1	0.0	1	0.4826	0.5186754703283475	-0.6707552753195255
kdf364gyhp7cnlnv3h0wu7tq	1	2	131	3	0	No-Go	NGAL	0	0		1	0.0	1	0.3553	0.6410859884554099	-0.45701177184732544
kdf364gyhp7cnlnv3h0wu7tq	1	2	133	4	0	No-Go	NGAL	0	0		1	0.0	1	0.2716	0.7377667758446989	-0.31373549904635756
kdf364gyhp7cnlnv3h0wu7tq	1	2	139	5	0	No-Go	NGAL	0	0		1	1.0	0	0.1894	0.8095498520087949	-0.21796076228794461
kdf364gyhp7cnlnv3h0wu7tq	1	2	142	6	0	No-Go	NGAL	0	0		1	0.0	1	0.2086	0.798955934857933	-0.23089558899342374
kdf364gyhp7cnlnv3h0wu7tq	1	2	147	7	0	No-Go	NGAL	0	0		1	0.0	1	0.1415	0.854103726132486	-0.1620555345395899
kdf364gyhp7cnlnv3h0wu7tq	1	2	150	8	0	No-Go	NGAL	0	0		1	0.0	1	0.1057	0.893195694681393	-0.1157727964647634
kdf364gyhp7cnlnv3h0wu7tq	1	2	153	9	0	No-Go	NGAL	0	0		1	0.0	1	0.0801	0.9208785666374127	-0.08422804157247374
kdf364gyhp7cnlnv3h0wu7tq	1	2	158	10	0	No-Go	NGAL	0	0		1	1.0	0	0.0581	0.9405792104927092	-0.06240598074077305
kdf364gyhp7cnlnv3h0wu7tq	1	2	162	11	0	No-Go	NGAL	0	0		1	0.0	1	0.0635	0.9361868400185386	-0.06712617552530455
kdf364gyhp7cnlnv3h0wu7tq	1	2	166	12	0	No-Go	NGAL	0	0		1	0.0	1	0.0478	0.9516991448989139	-0.050265104105505776
kdf364gyhp7cnlnv3h0wu7tq	1	2	171	13	0	No-Go	NGAL	0	0		1	0.0	1	0.0378	0.9628412521989445	-0.0383618161875363
kdf364gyhp7cnlnv3h0wu7tq	1	2	176	14	0	No-Go	NGAL	0	0		1	0.0	1	0.0281	0.9709579903292346	-0.029800320316640583
kdf364gyhp7cnlnv3h0wu7tq	1	2	179	15	0	No-Go	NGAL	0	0		1	1.0	0	0.0227	0.9769491447025793	-0.023542587230375854
kdf364gyhp7cnlnv3h0wu7tq	1	2	182	16	0	No-Go	NGAL	0	0		1	0.0	1	0.0256	0.9747854014727702	-0.025798192527251237
kdf364gyhp7cnlnv3h0wu7tq	1	2	187	17	0	No-Go	NGAL	0	0		1	0.0	1	0.0205	0.9798922138106673	-0.020481337888481985
kdf364gyhp7cnlnv3h0wu7tq	1	2	191	18	0	No-Go	NGAL	0	0		1	0.0	1	0.0177	0.9836895844582783	-0.016563381941835542
kdf364gyhp7cnlnv3h0wu7tq	1	2	195	19	0	No-Go	NGAL	0	0		1	0.0	1	0.0141	0.986565202568828	-0.013611911276972028
kdf364gyhp7cnlnv3h0wu7tq	1	2	197	20	0	No-Go	NGAL	0	0		1	1.0	0	0.0123	0.9887736674483123	-0.011354216750362255
kdf364gyhp7cnlnv3h0wu7tq	1	2	204	21	0	No-Go	NGAL	0	0		1	0.0	1	0.0118	0.9874267034573153	-0.012753907238044369
kdf364gyhp7cnlnv3h0wu7tq	1	2	208	22	0	No-Go	NGAL	0	0		1	1.0	0	0.0102	0.9895196983579785	-0.010598004726538553
kdf364gyhp7cnlnv3h0wu7tq	1	2	212	23	0	No-Go	NGAL	0	0		1	0.0	1	0.0124	0.9879923206508673	-0.012266649275472026
kdf364gyhp7cnlnv3h0wu7tq	1	2	214	24	0	No-Go	NGAL	0	0		1	0.0	1	0.0078	0.9900727823836493	-0.010048113743256105
kdf364gyhp7cnlnv3h0wu7tq	1	2	219	25	0	No-Go	NGAL	0	0		1	0.0	1	0.007	0.9915937831860889	-0.008490675764006896
kdf364gyhp7cnlnv3h0wu7tq	1	2	223	26	0	No-Go	NGAL	0	0		1	0.0	1	0.0063	0.9927579788721567	-0.007306238782116611
kdf364gyhp7cnlnv3h0wu7tq	1	2	227	27	0	No-Go	NGAL	0	0		1	0.0	1	0.0067	0.9936718845891838	-0.006379127386995932
kdf364gyhp7cnlnv3h0wu7tq	1	2	231	28	0	No-Go	NGAL	0	0		1	1.0	0	0.0058	0.9944011986386253	-0.0056406743994862505
kdf364gyhp7cnlnv3h0wu7tq	1	2	236	29	0	No-Go	NGAL	0	0		1	0.0	1	0.0065	0.993461999684068	-0.006621326272392052
kdf364gyhp7cnlnv3h0wu7tq	1	2	239	30	0	No-Go	NGAL	0	0		1	0.0	1	0.0069	0.9943136322112035	-0.005737900271712827
kdf364gyhp7cnlnv3h0wu7tq	1	1	1	1	1	Go	GW	1	0		0	0.0	0	0.3799	0.6166114075926407	-0.5077507529318739
kdf364gyhp7cnlnv3h0wu7tq	1	1	6	2	1	Go	GW	1	0		0	0.0	0	0.5024	0.4941426786550218	-0.7624347671725614
kdf364gyhp7cnlnv3h0wu7tq	1	1	12	3	1	Go	GW	1	0		0	1.0	1	0.6135	0.38449552956001865	-1.067173053779244
kdf364gyhp7cnlnv3h0wu7tq	1	1	15	4	1	Go	GW	1	0		0	0.0	0	0.4729	0.5234087083727723	-0.687850690643258
kdf364gyhp7cnlnv3h0wu7tq	1	1	19	5	1	Go	GW	1	1	0.756	1	0.0	1	0.5922	0.5917895064629056	-0.5626148776544749
kdf364gyhp7cnlnv3h0wu7tq	1	1	21	6	1	Go	GW	1	1	0.696	1	1.0	0	0.9279	0.9298272065493702	-0.07532094938508087
kdf364gyhp7cnlnv3h0wu7tq	1	1	28	7	1	Go	GW	1	1	0.463	1	0.0	1	0.8729	0.877121439364057	-0.13651652735440176
kdf364gyhp7cnlnv3h0wu7tq	1	1	29	8	1	Go	GW	1	1	0.479	1	0.0	1	0.9726	0.9714287810134862	-0.029784579192270778
kdf364gyhp7cnlnv3h0wu7tq	1	1	33	9	1	Go	GW	1	1	0.576	1	0.0	1	0.9896	0.9897498299754852	-0.010462482885854732
kdf364gyhp7cnlnv3h0wu7tq	1	1	37	10	1	Go	GW	1	1	0.456	1	0.0	1	0.9949	0.9950031871146472	-0.005054662069760768
kdf364gyhp7cnlnv3h0wu7tq	1	1	41	11	1	Go	GW	1	1	0.469	1	0.0	1	0.9976	0.9969445987017053	-0.003078313198612302
kdf364gyhp7cnlnv3h0wu7tq	1	1	46	12	1	Go	GW	1	1	0.519	1	1.0	0	0.9981	0.9977961196521781	-0.0022165369653993393
kdf364gyhp7cnlnv3h0wu7tq	1	1	50	13	1	Go	GW	1	1	0.471	1	0.0	1	0.994	0.9937051064006195	-0.006417151173589259
kdf364gyhp7cnlnv3h0wu7tq	1	1	53	14	1	Go	GW	1	1	0.378	1	0.0	1	0.9958	0.9967062701279107	-0.0033229969753535197
kdf364gyhp7cnlnv3h0wu7tq	1	1	57	15	1	Go	GW	1	1	0.487	1	0.0	1	0.9977	0.9977342537910303	-0.002280269478563553
kdf364gyhp7cnlnv3h0wu7tq	1	1	61	16	1	Go	GW	1	1	0.709	1	1.0	0	0.998	0.998201689728392	-0.0018081259717539488
kdf364gyhp7cnlnv3h0wu7tq	1	1	65	17	1	Go	GW	1	1	0.395	1	0.0	1	0.9942	0.9944555085686565	-0.0056651750507064075
kdf364gyhp7cnlnv3h0wu7tq	1	1	71	18	1	Go	GW	1	1	0.812	1	0.0	1	0.9969	0.9970931420784409	-0.0029330312742409607
kdf364gyhp7cnlnv3h0wu7tq	1	1	75	19	1	Go	GW	1	1	0.568	1	0.0	1	0.9984	0.9979421024304201	-0.0020711285518277937
kdf364gyhp7cnlnv3h0wu7tq	1	1	77	20	1	Go	GW	1	1	0.524	1	0.0	1	0.9986	0.9983211174102413	-0.001688143775470653
kdf364gyhp7cnlnv3h0wu7tq	1	1	82	21	1	Go	GW	1	1	0.485	1	0.0	1	0.9992	0.9985169390276233	-0.0014907179832900864
kdf364gyhp7cnlnv3h0wu7tq	1	1	86	22	1	Go	GW	1	1	1.204	1	0.0	1	0.9986	0.9986273673609934	-0.0013795398494415695
kdf364gyhp7cnlnv3h0wu7tq	1	1	91	23	1	Go	GW	1	1	0.553	1	1.0	0	0.9986	0.9986935102001299	-0.0013130127465910421
kdf364gyhp7cnlnv3h0wu7tq	1	1	96	24	1	Go	GW	1	1	0.358	1	0.0	1	0.9956	0.9956958668744023	-0.004395177234011576
kdf364gyhp7cnlnv3h0wu7tq	1	1	100	25	1	Go	GW	1	1	0.533	1	0.0	1	0.9967	0.9976195903983135	-0.002400743429794484
kdf364gyhp7cnlnv3h0wu7tq	1	1	104	26	1	Go	GW	1	1	0.71	1	0.0	1	0.9976	0.9982161488134632	-0.0017950440508997362
kdf364gyhp7cnlnv3h0wu7tq	1	1	108	27	1	Go	GW	1	1	0.426	1	0.0	1	0.9986	0.9984796741933187	-0.0015286975214200435
kdf364gyhp7cnlnv3h0wu7tq	1	1	109	28	1	Go	GW	1	1	0.716	1	0.0	1	0.9984	0.9986150948346553	-0.0013921212956951516
kdf364gyhp7cnlnv3h0wu7tq	1	1	113	29	1	Go	GW	1	1	0.452	1	0.0	1	0.9991	0.9986911280681153	-0.001315541184912525
kdf364gyhp7cnlnv3h0wu7tq	1	1	118	30	1	Go	GW	1	1	0.515	1	1.0	0	0.9988	0.9987364702904142	-0.0012699160123628022
kdf364gyhp7cnlnv3h0wu7tq	1	1	4	1	0	Go	GAL	1	0		0	0.0	0	0.6071	0.3923593091051299	-0.9565810870762925
kdf364gyhp7cnlnv3h0wu7tq	1	1	5	2	0	Go	GAL	1	1	0.982	1	1.0	0	0.6275	0.6224506635602216	-0.48270609767878436
kdf364gyhp7cnlnv3h0wu7tq	1	1	9	3	0	Go	GAL	1	0		0	0.0	0	0.4956	0.5029070765970799	-0.7012254792785054
kdf364gyhp7cnlnv3h0wu7tq	1	1	16	4	0	Go	GAL	1	1	0.639	1	0.0	1	0.5146	0.5124294779449392	-0.6826980403790943
kdf364gyhp7cnlnv3h0wu7tq	1	1	17	5	0	Go	GAL	1	1	1.059	1	0.0	1	0.6504	0.6454681768869913	-0.4475388040173555
kdf364gyhp7cnlnv3h0wu7tq	1	1	24	6	0	Go	GAL	1	1	0.419	1	0.0	1	0.7453	0.7487657650190246	-0.29667059686635594
kdf364gyhp7cnlnv3h0wu7tq	1	1	27	7	0	Go	GAL	1	1	0.59	1	0.0	1	0.8242	0.8231342139340085	-0.19965337816746384
kdf364gyhp7cnlnv3h0wu7tq	1	1	32	8	0	Go	GAL	1	1	0.52	1	0.0	1	0.8726	0.8749396453116355	-0.13681213407340806
kdf364gyhp7cnlnv3h0wu7tq	1	1	35	9	0	Go	GAL	1	1	0.509	1	0.0	1	0.9122	0.9106380964055332	-0.0956000320204637
kdf364gyhp7cnlnv3h0wu7tq	1	1	40	10	0	Go	GAL	1	1	0.617	1	1.0	0	0.9339	0.935262881141703	-0.06814677685934158
kdf364gyhp7cnlnv3h0wu7tq	1	1	44	11	0	Go	GAL	1	1	0.542	1	0.0	1	0.8886	0.8863880585634218	-0.12250998514909972
kdf364gyhp7cnlnv3h0wu7tq	1	1	48	12	0	Go	GAL	1	1	0.655	1	0.0	1	0.9168	0.9193508775732707	-0.08534744792126954
kdf364gyhp7cnlnv3h0wu7tq	1	1	51	13	0	Go	GAL	1	1	0.627	1	0.0	1	0.9396	0.9417016348617185	-0.06087571289896258
kdf364gyhp7cnlnv3h0wu7tq	1	1	55	14	0	Go	GAL	1	1	0.621	1	0.0	1	0.961	0.9570851053354243	-0.04437775580906285
kdf364gyhp7cnlnv3h0wu7tq	1	1	59	15	0	Go	GAL	1	1	0.42	1	1.0	0	0.9702	0.9678396081697345	-0.03301755770487803
kdf364gyhp7cnlnv3h0wu7tq	1	1	63	16	0	Go	GAL	1	0		0	0.0	0	0.9412	0.06127187828421002	-2.951700689335277
kdf364gyhp7cnlnv3h0wu7tq	1	1	67	17	0	Go	GAL	1	1	0.389	1	0.0	1	0.9435	0.9416469198677081	-0.060775010768724914
kdf364gyhp7cnlnv3h0wu7tq	1	1	69	18	0	Go	GAL	1	1	0.759	1	0.0	1	0.9545	0.9576563512961437	-0.04368167512659206
kdf364gyhp7cnlnv3h0wu7tq	1	1	74	19	0	Go	GAL	1	1	0.68	1	0.0	1	0.9681	0.9685704828404837	-0.03220440169754578
kdf364gyhp7cnlnv3h0wu7tq	1	1	80	20	0	Go	GAL	1	1	0.567	1	1.0	0	0.9744	0.9761914425946816	-0.02427472201852371
kdf364gyhp7cnlnv3h0wu7tq	1	1	84	21	0	Go	GAL	1	1	1.022	1	0.0	1	0.9562	0.9528230303858156	-0.048815252883580025
kdf364gyhp7cnlnv3h0wu7tq	1	1	85	22	0	Go	GAL	1	1	0.723	1	0.0	1	0.9677	0.9656828540368817	-0.03520715551387539
kdf364gyhp7cnlnv3h0wu7tq	1	1	90	23	0	Go	GAL	1	1	0.525	1	1.0	0	0.9746	0.9743735907399259	-0.026143932702348594
kdf364gyhp7cnlnv3h0wu7tq	1	1	93	24	0	Go	GAL	1	1	0.665	1	0.0	1	0.9463	0.9485893576856174	-0.05346832770478754
kdf364gyhp7cnlnv3h0wu7tq	1	1	98	25	0	Go	GAL	1	1	0.693	1	0.0	1	0.9609	0.9632039437947398	-0.037837397776072215
kdf364gyhp7cnlnv3h0wu7tq	1	1	103	26	0	Go	GAL	1	1	1.092	1	0.0	1	0.9717	0.9728461482589362	-0.027735615873144406
kdf364gyhp7cnlnv3h0wu7tq	1	1	106	27	0	Go	GAL	1	1	0.558	1	0.0	1	0.9797	0.9794460157472761	-0.020900228751811783
kdf364gyhp7cnlnv3h0wu7tq	1	1	110	28	0	Go	GAL	1	1	0.456	1	0.0	1	0.983	0.9840947664004026	-0.01612144729639832
kdf364gyhp7cnlnv3h0wu7tq	1	1	114	29	0	Go	GAL	1	1	0.453	1	1.0	0	0.9879	0.987447304600176	-0.01269323455775862
kdf364gyhp7cnlnv3h0wu7tq	1	1	119	30	0	Go	GAL	1	1	0.495	1	0.0	1	0.9733	0.9729107221004418	-0.027742732047119478
kdf364gyhp7cnlnv3h0wu7tq	1	1	2	1	1	No-Go	NGW	0	0		1	1.0	0	0.3834	0.6166114075926407	-0.5077507529318739
kdf364gyhp7cnlnv3h0wu7tq	1	1	7	2	1	No-Go	NGW	0	0		1	0.0	1	0.5086	0.4941426786550218	-0.7624347671725614
kdf364gyhp7cnlnv3h0wu7tq	1	1	11	3	1	No-Go	NGW	0	0		1	0.0	1	0.38	0.626437866586908	-0.4896847451852539
kdf364gyhp7cnlnv3h0wu7tq	1	1	14	4	1	No-Go	NGW	0	0		1	0.0	1	0.2699	0.7342328920123561	-0.319724105249148
kdf364gyhp7cnlnv3h0wu7tq	1	1	20	5	1	No-Go	NGW	0	0		1	0.0	1	0.1842	0.8133221477132516	-0.2125291216111473
kdf364gyhp7cnlnv3h0wu7tq	1	1	23	6	1	No-Go	NGW	0	0		1	0.0	1	0.1277	0.8686263274261652	-0.14416996956727524
kdf364gyhp7cnlnv3h0wu7tq	1	1	25	7	1	No-Go	NGW	0	0		1	0.0	1	0.091	0.9066217139488559	-0.09993100810735411
kdf364gyhp7cnlnv3h0wu7tq	1	1	30	8	1	No-Go	NGW	0	0		1	0.0	1	0.0671	0.9326768694777252	-0.0707966284714858
kdf364gyhp7cnlnv3h0wu7tq	1	1	36	9	1	No-Go	NGW	0	0		1	1.0	0	0.046	0.9506600961685028	-0.051246326413990885
kdf364gyhp7cnlnv3h0wu7tq	1	1	38	10	1	No-Go	NGW	0	1	0.387	0	0.0	0	0.0931	0.092951186421905	-2.535083708372395
kdf364gyhp7cnlnv3h0wu7tq	1	1	43	11	1	No-Go	NGW	0	1	0.748	0	1.0	1	0.0586	0.05846988736291165	-3.0396770283618384
kdf364gyhp7cnlnv3h0wu7tq	1	1	45	12	1	No-Go	NGW	0	0		1	0.0	1	0.43	0.5678355539703303	-0.6395286859884501
kdf364gyhp7cnlnv3h0wu7tq	1	1	52	13	1	No-Go	NGW	0	0		1	0.0	1	0.3522	0.6512501668945482	-0.47657861886378083
kdf364gyhp7cnlnv3h0wu7tq	1	1	54	14	1	No-Go	NGW	0	0		1	0.0	1	0.2823	0.720983427091923	-0.35825175715607244
kdf364gyhp7cnlnv3h0wu7tq	1	1	60	15	1	No-Go	NGW	0	0		1	0.0	1	0.2238	0.7773524448920888	-0.2722279244950679
kdf364gyhp7cnlnv3h0wu7tq	1	1	62	16	1	No-Go	NGW	0	1	0.459	0	0.0	0	0.1795	0.1780232451614062	-2.001493014426854
kdf364gyhp7cnlnv3h0wu7tq	1	1	66	17	1	No-Go	NGW	0	0		1	1.0	0	0.1033	0.8968357336129728	-0.11359051437369333
kdf364gyhp7cnlnv3h0wu7tq	1	1	70	18	1	No-Go	NGW	0	0		1	0.0	1	0.1898	0.8116540702273254	-0.22141894285176417
kdf364gyhp7cnlnv3h0wu7tq	1	1	73	19	1	No-Go	NGW	0	0		1	0.0	1	0.1435	0.8563179557024799	-0.16280538024733296
kdf364gyhp7cnlnv3h0wu7tq	1	1	79	20	1	No-Go	NGW	0	0		1	0.0	1	0.1146	0.8892448826802505	-0.12219912673031247
kdf364gyhp7cnlnv3h0wu7tq	1	1	83	21	1	No-Go	NGW	0	0		1	0.0	1	0.0873	0.9135914577476538	-0.09346398631394011
kdf364gyhp7cnlnv3h0wu7tq	1	1	88	22	1	No-Go	NGW	0	1	0.48	0	0.0	0	0.0671	0.0682923391069302	-3.0579847263228523
kdf364gyhp7cnlnv3h0wu7tq	1	1	89	23	1	No-Go	NGW	0	0		1	1.0	0	0.0391	0.9607449577913334	-0.0407939809792293
kdf364gyhp7cnlnv3h0wu7tq	1	1	95	24	1	No-Go	NGW	0	0		1	0.0	1	0.0789	0.9217168208205432	-0.08378526919239261
kdf364gyhp7cnlnv3h0wu7tq	1	1	99	25	1	No-Go	NGW	0	0		1	0.0	1	0.0588	0.9409417873868133	-0.062247791906990466
kdf364gyhp7cnlnv3h0wu7tq	1	1	102	26	1	No-Go	NGW	0	0		1	0.0	1	0.0483	0.9545421235808319	-0.047398663720335646
kdf364gyhp7cnlnv3h0wu7tq	1	1	107	27	1	No-Go	NGW	0	0		1	0.0	1	0.0344	0.9643737293873904	-0.03685229519614347
kdf364gyhp7cnlnv3h0wu7tq	1	1	111	28	1	No-Go	NGW	0	0		1	0.0	1	0.0287	0.9716098695102714	-0.029190542400950075
kdf364gyhp7cnlnv3h0wu7tq	1	1	116	29	1	No-Go	NGW	0	0		1	0.0	1	0.0222	0.9770206845472168	-0.023517990799553166
kdf364gyhp7cnlnv3h0wu7tq	1	1	117	30	1	No-Go	NGW	0	0		1	1.0	0	0.0191	0.981124979669636	-0.019248123981228667
kdf364gyhp7cnlnv3h0wu7tq	1	1	3	1	0	No-Go	NGAL	0	0		1	0.0	1	0.6078	0.3923593091051299	-0.9565810870762925
kdf364gyhp7cnlnv3h0wu7tq	1	1	8	2	0	No-Go	NGAL	0	0		1	0.0	1	0.4853	0.5186754703283475	-0.6707552753195255
kdf364gyhp7cnlnv3h0wu7tq	1	1	10	3	0	No-Go	NGAL	0	0		1	0.0	1	0.3634	0.6319198428228169	-0.47073557448879577
kdf364gyhp7cnlnv3h0wu7tq	1	1	13	4	0	No-Go	NGAL	0	0		1	0.0	1	0.2692	0.7237730453804115	-0.33224152998079765
kdf364gyhp7cnlnv3h0wu7tq	1	1	18	5	0	No-Go	NGAL	0	0		1	1.0	0	0.2134	0.7940749910098364	-0.2369071373165842
kdf364gyhp7cnlnv3h0wu7tq	1	1	22	6	0	No-Go	NGAL	0	1	0.787	0	0.0	0	0.2152	0.21842284584347016	-1.6026216293690363
kdf364gyhp7cnlnv3h0wu7tq	1	1	26	7	0	No-Go	NGAL	0	1	0.818	0	0.0	0	0.1518	0.1470778209902958	-2.078130577318311
kdf364gyhp7cnlnv3h0wu7tq	1	1	31	8	0	No-Go	NGAL	0	0		1	0.0	1	0.0971	0.8996021927361042	-0.10858004362427598
kdf364gyhp7cnlnv3h0wu7tq	1	1	34	9	0	No-Go	NGAL	0	0		1	0.0	1	0.0699	0.9273199351807573	-0.07720009434462533
kdf364gyhp7cnlnv3h0wu7tq	1	1	39	10	0	No-Go	NGAL	0	0		1	1.0	0	0.0543	0.9465715706509463	-0.055996061499869534
kdf364gyhp7cnlnv3h0wu7tq	1	1	42	11	0	No-Go	NGAL	0	1	0.776	0	0.0	0	0.0577	0.05710427833727548	-3.186819401108672
kdf364gyhp7cnlnv3h0wu7tq	1	1	47	12	0	No-Go	NGAL	0	0		1	0.0	1	0.0361	0.9608061686395959	-0.040652841289702424
kdf364gyhp7cnlnv3h0wu7tq	1	1	49	13	0	No-Go	NGAL	0	0		1	0.0	1	0.0303	0.9709888937268204	-0.029856761707509914
kdf364gyhp7cnlnv3h0wu7tq	1	1	56	14	0	No-Go	NGAL	0	0		1	0.0	1	0.0219	0.978135473889282	-0.022369558303806755
kdf364gyhp7cnlnv3h0wu7tq	1	1	58	15	0	No-Go	NGAL	0	0		1	1.0	0	0.0164	0.983239893127332	-0.01707005648240616
kdf364gyhp7cnlnv3h0wu7tq	1	1	64	16	0	No-Go	NGAL	0	0		1	0.0	1	0.0196	0.9819312633992712	-0.01841324005640578
kdf364gyhp7cnlnv3h0wu7tq	1	1	68	17	0	No-Go	NGAL	0	0		1	0.0	1	0.0122	0.9860344951606576	-0.014179560316204206
kdf364gyhp7cnlnv3h0wu7tq	1	1	72	18	0	No-Go	NGAL	0	0		1	0.0	1	0.0113	0.9890173188388548	-0.011120058292734384
kdf364gyhp7cnlnv3h0wu7tq	1	1	76	19	0	No-Go	NGAL	0	0		1	0.0	1	0.0083	0.9912252388314544	-0.008865330939273339
kdf364gyhp7cnlnv3h0wu7tq	1	1	78	20	0	No-Go	NGAL	0	0		1	1.0	0	0.0091	0.9928838893256429	-0.0071773983959582
kdf364gyhp7cnlnv3h0wu7tq	1	1	81	21	0	No-Go	NGAL	0	0		1	0.0	1	0.0071	0.9922111507274282	-0.007860177681415876
kdf364gyhp7cnlnv3h0wu7tq	1	1	87	22	0	No-Go	NGAL	0	0		1	1.0	0	0.0055	0.9936609534298301	-0.006387080351116538
kdf364gyhp7cnlnv3h0wu7tq	1	1	92	23	0	No-Go	NGAL	0	0		1	0.0	1	0.0078	0.9929502643971475	-0.007115854922178499
kdf364gyhp7cnlnv3h0wu7tq	1	1	94	24	0	No-Go	NGAL	0	0		1	0.0	1	0.0063	0.9942683607327628	-0.005771559741105814
kdf364gyhp7cnlnv3h0wu7tq	1	1	97	25	0	No-Go	NGAL	0	0		1	0.0	1	0.0046	0.995242786266263	-0.004785303448746479
kdf364gyhp7cnlnv3h0wu7tq	1	1	101	26	0	No-Go	NGAL	0	0		1	0.0	1	0.0046	0.9959892758647153	-0.004031276003154588
kdf364gyhp7cnlnv3h0wu7tq	1	1	105	27	0	No-Go	NGAL	0	0		1	0.0	1	0.0039	0.9965719079253358	-0.003443585367796048
kdf364gyhp7cnlnv3h0wu7tq	1	1	112	28	0	No-Go	NGAL	0	0		1	1.0	0	0.003	0.99703292290037	-0.0029790791931050644
kdf364gyhp7cnlnv3h0wu7tq	1	1	115	29	0	No-Go	NGAL	0	0		1	0.0	1	0.0035	0.996647642040524	-0.003369107909698958
kdf364gyhp7cnlnv3h0wu7tq	1	1	120	30	0	No-Go	NGAL	0	0		1	0.0	1	0.0024	0.997118838592897	-0.002893058022105527
kot5rz3je22hoavaecvsaodu	1	2	123	1	1	No-Go	NGW	0	1	0.672	0	1.0	1	0.6255	0.6301522702008461	-0.46769523715914807
kot5rz3je22hoavaecvsaodu	1	2	125	2	1	No-Go	NGW	0	1	0.947	0	0.0	0	0.7155	0.7214199618662572	-0.33214515262231914
kot5rz3je22hoavaecvsaodu	1	2	129	3	1	No-Go	NGW	0	1	0.677	0	0.0	0	0.6341	0.6310236618402999	-0.46638527876661284
kot5rz3je22hoavaecvsaodu	1	2	136	4	1	No-Go	NGW	0	1	0.596	0	0.0	0	0.5727	0.5768047672646195	-0.5590674521601248
kot5rz3je22hoavaecvsaodu	1	2	139	5	1	No-Go	NGW	0	1	0.596	0	0.0	0	0.5449	0.544805944298563	-0.6181053587098582
kot5rz3je22hoavaecvsaodu	1	2	143	6	1	No-Go	NGW	0	1	0.536	0	0.0	0	0.5217	0.5252583219562588	-0.6558446499555414
kot5rz3je22hoavaecvsaodu	1	2	147	7	1	No-Go	NGW	0	1	0.534	0	1.0	1	0.518	0.5127960077788472	-0.6806522340857468
kot5rz3je22hoavaecvsaodu	1	2	152	8	1	No-Go	NGW	0	1	0.506	0	0.0	0	0.6974	0.6942830352255034	-0.37266832692649965
kot5rz3je22hoavaecvsaodu	1	2	155	9	1	No-Go	NGW	0	1	0.677	0	0.0	0	0.6104	0.6115169836125491	-0.498345808261599
kot5rz3je22hoavaecvsaodu	1	2	157	10	1	No-Go	NGW	0	1	0.704	0	0.0	0	0.5492	0.5630704318486988	-0.5828496037486113
kot5rz3je22hoavaecvsaodu	1	2	162	11	1	No-Go	NGW	0	1	0.466	0	0.0	0	0.542	0.5347778942138376	-0.6360384667497172
kot5rz3je22hoavaecvsaodu	1	2	168	12	1	No-Go	NGW	0	1	1.338	0	1.0	1	0.5045	0.5175746628747516	-0.669877829920952
kot5rz3je22hoavaecvsaodu	1	2	170	13	1	No-Go	NGW	0	1	0.553	0	0.0	0	0.6918	0.6933421887604855	-0.3755697980918956
kot5rz3je22hoavaecvsaodu	1	2	175	14	1	No-Go	NGW	0	1	0.599	0	0.0	0	0.604	0.6102406079903653	-0.5012284900341343
kot5rz3je22hoavaecvsaodu	1	2	177	15	1	No-Go	NGW	0	0		1	0.0	1	0.564	0.4384708302330891	-0.8388000609816403
kot5rz3je22hoavaecvsaodu	1	2	181	16	1	No-Go	NGW	0	1	0.635	0	0.0	0	0.5011	0.5020461970768046	-0.7062332134535284
kot5rz3je22hoavaecvsaodu	1	2	186	17	1	No-Go	NGW	0	1	0.808	0	0.0	0	0.4717	0.47352467730526787	-0.7678567979276152
kot5rz3je22hoavaecvsaodu	1	2	192	18	1	No-Go	NGW	0	0		1	1.0	0	0.4592	0.5436361983733314	-0.6246650954297198
kot5rz3je22hoavaecvsaodu	1	2	194	19	1	No-Go	NGW	0	1	1.193	0	0.0	0	0.5426	0.5427137170993174	-0.6207754144793927
kot5rz3je22hoavaecvsaodu	1	2	197	20	1	No-Go	NGW	0	0		1	0.0	1	0.5287	0.46828132862654365	-0.7726537069190442
kot5rz3je22hoavaecvsaodu	1	2	201	21	1	No-Go	NGW	0	0		1	0.0	1	0.4567	0.5411500072801637	-0.6277791689148313
kot5rz3je22hoavaecvsaodu	1	2	207	22	1	No-Go	NGW	0	0		1	0.0	1	0.4209	0.5791553296709515	-0.561028423200153
kot5rz3je22hoavaecvsaodu	1	2	212	23	1	No-Go	NGW	0	0		1	0.0	1	0.403	0.6003710496586127	-0.5251299884242229
kot5rz3je22hoavaecvsaodu	1	2	216	24	1	No-Go	NGW	0	0		1	1.0	0	0.3848	0.6130398949615421	-0.5039781972045354
kot5rz3je22hoavaecvsaodu	1	2	218	25	1	No-Go	NGW	0	0		1	0.0	1	0.498	0.5053308513267508	-0.6981319128343225
kot5rz3je22hoavaecvsaodu	1	2	223	26	1	No-Go	NGW	0	0		1	0.0	1	0.4419	0.5645512758883106	-0.584767447311014
kot5rz3je22hoavaecvsaodu	1	2	227	27	1	No-Go	NGW	0	0		1	1.0	0	0.4076	0.5946706781162936	-0.5333915670639102
kot5rz3je22hoavaecvsaodu	1	2	230	28	1	No-Go	NGW	0	0		1	0.0	1	0.4978	0.4946439497232739	-0.7197457578969478
kot5rz3je22hoavaecvsaodu	1	2	235	29	1	No-Go	NGW	0	0		1	0.0	1	0.4386	0.5587766521230747	-0.5949398742555186
kot5rz3je22hoavaecvsaodu	1	2	238	30	1	No-Go	NGW	0	0		1	0.0	1	0.418	0.5915709003748334	-0.5384884679679024
kot5rz3je22hoavaecvsaodu	1	2	124	1	1	Go	GW	1	1	0.666	1	1.0	0	0.6311	0.6301522702008461	-0.46769523715914807
kot5rz3je22hoavaecvsaodu	1	2	127	2	1	Go	GW	1	1	0.88	1	0.0	1	0.5681	0.5727584488558167	-0.5653941206722176
kot5rz3je22hoavaecvsaodu	1	2	131	3	1	Go	GW	1	0		0	0.0	0	0.7057	0.2905791524984988	-1.270468350707147
kot5rz3je22hoavaecvsaodu	1	2	135	4	1	Go	GW	1	1	0.619	1	0.0	1	0.7555	0.7541791270744119	-0.28930073216084534
kot5rz3je22hoavaecvsaodu	1	2	140	5	1	Go	GW	1	1	0.516	1	0.0	1	0.772	0.7782743575135824	-0.2572008329940025
kot5rz3je22hoavaecvsaodu	1	2	141	6	1	Go	GW	1	1	0.69	1	0.0	1	0.7865	0.7859501246110283	-0.24676723564839476
kot5rz3je22hoavaecvsaodu	1	2	146	7	1	Go	GW	1	1	0.61	1	1.0	0	0.7908	0.789335595500197	-0.24197718822467382
kot5rz3je22hoavaecvsaodu	1	2	150	8	1	Go	GW	1	1	0.455	1	0.0	1	0.7003	0.704087283367523	-0.35531565125021086
kot5rz3je22hoavaecvsaodu	1	2	154	9	1	Go	GW	1	1	0.7	1	0.0	1	0.769	0.7728562916725019	-0.2627757974900053
kot5rz3je22hoavaecvsaodu	1	2	159	10	1	Go	GW	1	1	0.544	1	0.0	1	0.7788	0.7863396686136199	-0.24530661733125028
kot5rz3je22hoavaecvsaodu	1	2	163	11	1	Go	GW	1	1	0.63	1	1.0	0	0.7979	0.7907875000901753	-0.23938703445464185
kot5rz3je22hoavaecvsaodu	1	2	167	12	1	Go	GW	1	0		0	0.0	0	0.7075	0.29432397596992904	-1.2477477432414585
kot5rz3je22hoavaecvsaodu	1	2	172	13	1	Go	GW	1	0		0	0.0	0	0.7238	0.26815444941132444	-1.3468917487409668
kot5rz3je22hoavaecvsaodu	1	2	174	14	1	Go	GW	1	1	0.527	1	0.0	1	0.7456	0.746273438439958	-0.2967664752596243
kot5rz3je22hoavaecvsaodu	1	2	180	15	1	Go	GW	1	0		0	0.0	0	0.8042	0.19254621640124536	-1.722442141605817
kot5rz3je22hoavaecvsaodu	1	2	182	16	1	Go	GW	1	1	0.584	1	0.0	1	0.8205	0.8145277866568662	-0.20931169836413593
kot5rz3je22hoavaecvsaodu	1	2	185	17	1	Go	GW	1	1	0.717	1	0.0	1	0.8319	0.8259287759103642	-0.19528472119645507
kot5rz3je22hoavaecvsaodu	1	2	190	18	1	Go	GW	1	0		0	0.0	0	0.8288	0.17033866458012983	-1.8585537495818567
kot5rz3je22hoavaecvsaodu	1	2	196	19	1	Go	GW	1	0		0	1.0	1	0.8306	0.16609692348639685	-1.8852565502272467
kot5rz3je22hoavaecvsaodu	1	2	199	20	1	Go	GW	1	0		0	0.0	0	0.7619	0.23625310957484966	-1.4878252030219863
kot5rz3je22hoavaecvsaodu	1	2	203	21	1	Go	GW	1	0		0	0.0	0	0.8067	0.19769338143337709	-1.6786177171527406
kot5rz3je22hoavaecvsaodu	1	2	206	22	1	Go	GW	1	1	0.609	1	0.0	1	0.8277	0.8198955532467896	-0.20206378321047744
kot5rz3je22hoavaecvsaodu	1	2	209	23	1	Go	GW	1	0		0	0.0	0	0.8192	0.17830809660985758	-1.796136447225105
kot5rz3je22hoavaecvsaodu	1	2	215	24	1	Go	GW	1	0		0	0.0	0	0.8329	0.16908588322411164	-1.8570832845708074
kot5rz3je22hoavaecvsaodu	1	2	217	25	1	Go	GW	1	0		0	1.0	1	0.8323	0.16372497707548944	-1.8933325158770151
kot5rz3je22hoavaecvsaodu	1	2	224	26	1	Go	GW	1	0		0	0.0	0	0.7641	0.23315532746066533	-1.5042933388906021
kot5rz3je22hoavaecvsaodu	1	2	228	27	1	Go	GW	1	0		0	1.0	1	0.8055	0.19437729948695562	-1.6949420132417403
kot5rz3je22hoavaecvsaodu	1	2	232	28	1	Go	GW	1	0		0	0.0	0	0.7442	0.2555376632009247	-1.4053583722394123
kot5rz3je22hoavaecvsaodu	1	2	233	29	1	Go	GW	1	0		0	0.0	0	0.7957	0.20574272721440406	-1.6322588351730627
kot5rz3je22hoavaecvsaodu	1	2	237	30	1	Go	GW	1	0		0	0.0	0	0.824	0.18324853393222248	-1.7632110420375642
kot5rz3je22hoavaecvsaodu	1	2	122	1	0	Go	GAL	1	1	0.554	1	0.0	1	0.5831	0.5722322460327318	-0.5652049252695411
kot5rz3je22hoavaecvsaodu	1	2	126	2	0	Go	GAL	1	1	0.777	1	0.0	1	0.6204	0.629090841305934	-0.47183438044573206
kot5rz3je22hoavaecvsaodu	1	2	130	3	0	Go	GAL	1	1	0.727	1	0.0	1	0.6633	0.6586442415113447	-0.42642363573084835
kot5rz3je22hoavaecvsaodu	1	2	134	4	0	Go	GAL	1	1	0.651	1	0.0	1	0.6772	0.6753715450479413	-0.4011849943000174
kot5rz3je22hoavaecvsaodu	1	2	138	5	0	Go	GAL	1	1	0.63	1	1.0	0	0.6772	0.6855327995586018	-0.38587862350474617
kot5rz3je22hoavaecvsaodu	1	2	144	6	0	Go	GAL	1	1	0.507	1	1.0	0	0.5838	0.5833490288851736	-0.5475548964532916
kot5rz3je22hoavaecvsaodu	1	2	145	7	0	Go	GAL	1	1	0.519	1	0.0	1	0.5216	0.5238720456471472	-0.65817116368814
kot5rz3je22hoavaecvsaodu	1	2	151	8	0	Go	GAL	1	1	0.501	1	0.0	1	0.6053	0.6074521393070546	-0.5049597302164871
kot5rz3je22hoavaecvsaodu	1	2	156	9	0	Go	GAL	1	1	0.839	1	0.0	1	0.6499	0.6487683845800586	-0.4399234529162019
kot5rz3je22hoavaecvsaodu	1	2	160	10	0	Go	GAL	1	1	0.744	1	0.0	1	0.6719	0.6709399866156915	-0.40648701824265854
kot5rz3je22hoavaecvsaodu	1	2	161	11	0	Go	GAL	1	1	1.043	1	0.0	1	0.6865	0.6837939014795457	-0.38735671014139844
kot5rz3je22hoavaecvsaodu	1	2	166	12	0	Go	GAL	1	1	0.513	1	0.0	1	0.6942	0.6917511835656809	-0.3755316927912399
kot5rz3je22hoavaecvsaodu	1	2	171	13	0	Go	GAL	1	0		0	0.0	0	0.6966	0.30302656115913484	-1.2281903565065821
kot5rz3je22hoavaecvsaodu	1	2	176	14	0	Go	GAL	1	0		0	0.0	0	0.7136	0.28376747723068074	-1.2991599993107414
kot5rz3je22hoavaecvsaodu	1	2	179	15	0	Go	GAL	1	0		0	1.0	1	0.723	0.270323382533365	-1.3549357551988024
kot5rz3je22hoavaecvsaodu	1	2	184	16	0	Go	GAL	1	0		0	0.0	0	0.6646	0.33486597579016364	-1.1153341764963376
kot5rz3je22hoavaecvsaodu	1	2	187	17	0	Go	GAL	1	0		0	0.0	0	0.6919	0.30903911576070797	-1.2015243708823728
kot5rz3je22hoavaecvsaodu	1	2	191	18	0	Go	GAL	1	0		0	1.0	1	0.7071	0.2912281360522357	-1.2704206138477088
kot5rz3je22hoavaecvsaodu	1	2	195	19	0	Go	GAL	1	0		0	0.0	0	0.6469	0.34797977653823775	-1.0733355403305547
kot5rz3je22hoavaecvsaodu	1	2	200	20	0	Go	GAL	1	0		0	0.0	0	0.6826	0.3202641680004557	-1.164167008476733
kot5rz3je22hoavaecvsaodu	1	2	204	21	0	Go	GAL	1	0		0	0.0	0	0.7019	0.3010204118232059	-1.237101924217316
kot5rz3je22hoavaecvsaodu	1	2	205	22	0	Go	GAL	1	1	0.581	1	0.0	1	0.7142	0.7132920350011615	-0.3449722276445471
kot5rz3je22hoavaecvsaodu	1	2	210	23	0	Go	GAL	1	0		0	0.0	0	0.7086	0.28316318813694413	-1.307559183516421
kot5rz3je22hoavaecvsaodu	1	2	213	24	0	Go	GAL	1	1	1.079	1	0.0	1	0.7318	0.7278958705198318	-0.3247607036711345
kot5rz3je22hoavaecvsaodu	1	2	220	25	0	Go	GAL	1	0		0	1.0	1	0.7333	0.2695881690892886	-1.3640495399684076
kot5rz3je22hoavaecvsaodu	1	2	222	26	0	Go	GAL	1	1	1.181	1	0.0	1	0.664	0.6685393668939298	-0.4081022210405365
kot5rz3je22hoavaecvsaodu	1	2	225	27	0	Go	GAL	1	1	0.843	1	1.0	0	0.6761	0.6705784603202299	-0.4051103585704963
kot5rz3je22hoavaecvsaodu	1	2	231	28	0	Go	GAL	1	1	0.847	1	0.0	1	0.5594	0.5591238876285143	-0.5970146905630155
kot5rz3je22hoavaecvsaodu	1	2	236	29	0	Go	GAL	1	0		0	0.0	0	0.6125	0.38643549183259823	-0.9719084709691654
kot5rz3je22hoavaecvsaodu	1	2	239	30	0	Go	GAL	1	1	1.24	1	0.0	1	0.6469	0.6407319458082634	-0.4517502699122661
kot5rz3je22hoavaecvsaodu	1	2	121	1	0	No-Go	NGAL	0	1	0.674	0	0.0	0	0.5712	0.5722322460327318	-0.5652049252695411
kot5rz3je22hoavaecvsaodu	1	2	128	2	0	No-Go	NGAL	0	0		1	0.0	1	0.5092	0.48719141854197495	-0.728898072114629
kot5rz3je22hoavaecvsaodu	1	2	132	3	0	No-Go	NGAL	0	0		1	1.0	0	0.4522	0.5466839969121337	-0.6154784622556593
kot5rz3je22hoavaecvsaodu	1	2	133	4	0	No-Go	NGAL	0	1	0.683	0	0.0	0	0.4833	0.4877152140204069	-0.7267961122277458
kot5rz3je22hoavaecvsaodu	1	2	137	5	0	No-Go	NGAL	0	0		1	0.0	1	0.4579	0.5449618710119936	-0.6151376782111672
kot5rz3je22hoavaecvsaodu	1	2	142	6	0	No-Go	NGAL	0	1	0.593	0	0.0	0	0.4069	0.4068019160181688	-0.9225147573783312
kot5rz3je22hoavaecvsaodu	1	2	148	7	0	No-Go	NGAL	0	0		1	0.0	1	0.4011	0.6113835890573689	-0.5021151170628904
kot5rz3je22hoavaecvsaodu	1	2	149	8	0	No-Go	NGAL	0	1	0.747	0	0.0	0	0.3635	0.36375247623940676	-1.0446030631704297
kot5rz3je22hoavaecvsaodu	1	2	153	9	0	No-Go	NGAL	0	0		1	0.0	1	0.3568	0.6470374010351858	-0.44544124253313855
kot5rz3je22hoavaecvsaodu	1	2	158	10	0	No-Go	NGAL	0	0		1	1.0	0	0.3426	0.661036627907615	-0.42389708534241693
kot5rz3je22hoavaecvsaodu	1	2	164	11	0	No-Go	NGAL	0	0		1	0.0	1	0.3946	0.6223501705741563	-0.4830456658622839
kot5rz3je22hoavaecvsaodu	1	2	165	12	0	No-Go	NGAL	0	0		1	1.0	0	0.3463	0.6504032199599417	-0.4389150751226592
kot5rz3je22hoavaecvsaodu	1	2	169	13	0	No-Go	NGAL	0	0		1	0.0	1	0.3866	0.6144295643444488	-0.496240286901066
kot5rz3je22hoavaecvsaodu	1	2	173	14	0	No-Go	NGAL	0	1	0.767	0	0.0	0	0.3465	0.3531165454330776	-1.0697108560569728
kot5rz3je22hoavaecvsaodu	1	2	178	15	0	No-Go	NGAL	0	0		1	0.0	1	0.3501	0.6538151221105843	-0.4332137817443252
kot5rz3je22hoavaecvsaodu	1	2	183	16	0	No-Go	NGAL	0	0		1	0.0	1	0.3347	0.6698912297126492	-0.409124149283254
kot5rz3je22hoavaecvsaodu	1	2	188	17	0	No-Go	NGAL	0	0		1	0.0	1	0.3228	0.6788258189603787	-0.3958773087677185
kot5rz3je22hoavaecvsaodu	1	2	189	18	0	No-Go	NGAL	0	0		1	0.0	1	0.3163	0.6842511272637929	-0.387804828172529
kot5rz3je22hoavaecvsaodu	1	2	193	19	0	No-Go	NGAL	0	0		1	1.0	0	0.3193	0.6878105451272372	-0.3824692352188416
kot5rz3je22hoavaecvsaodu	1	2	198	20	0	No-Go	NGAL	0	0		1	0.0	1	0.3511	0.6481195078440402	-0.44246405015132834
kot5rz3je22hoavaecvsaodu	1	2	202	21	0	No-Go	NGAL	0	0		1	0.0	1	0.3295	0.6704072247734794	-0.4075168779106366
kot5rz3je22hoavaecvsaodu	1	2	208	22	0	No-Go	NGAL	0	0		1	0.0	1	0.3192	0.6812365662491128	-0.39155349214616314
kot5rz3je22hoavaecvsaodu	1	2	211	23	0	No-Go	NGAL	0	0		1	1.0	0	0.3129	0.6871603293712149	-0.3829288059096479
kot5rz3je22hoavaecvsaodu	1	2	214	24	0	No-Go	NGAL	0	1	1.186	0	0.0	0	0.3516	0.3520395753591081	-1.0744587742990424
kot5rz3je22hoavaecvsaodu	1	2	219	25	0	No-Go	NGAL	0	1	1.102	0	0.0	0	0.3421	0.34740978859305016	-1.0898071983252398
kot5rz3je22hoavaecvsaodu	1	2	221	26	0	No-Go	NGAL	0	0		1	0.0	1	0.3418	0.655869335376112	-0.43100545534970347
kot5rz3je22hoavaecvsaodu	1	2	226	27	0	No-Go	NGAL	0	0		1	0.0	1	0.3159	0.6788660042016208	-0.3948155367162446
kot5rz3je22hoavaecvsaodu	1	2	229	28	0	No-Go	NGAL	0	0		1	1.0	0	0.3051	0.6899452964445618	-0.37858219694869916
kot5rz3je22hoavaecvsaodu	1	2	234	29	0	No-Go	NGAL	0	0		1	0.0	1	0.35	0.6520195845435768	-0.4371683431513993
kot5rz3je22hoavaecvsaodu	1	2	240	30	0	No-Go	NGAL	0	0		1	0.0	1	0.3328	0.6770951950185722	-0.3974327929190602
kot5rz3je22hoavaecvsaodu	1	1	4	1	0	Go	GAL	1	0		0	0.0	0	0.5733	0.42776775396726824	-0.8614287968497458
kot5rz3je22hoavaecvsaodu	1	1	6	2	0	Go	GAL	1	1	0.838	1	0.0	1	0.5958	0.5952688342899213	-0.5250038029310347
kot5rz3je22hoavaecvsaodu	1	1	9	3	0	Go	GAL	1	1	0.717	1	0.0	1	0.6545	0.6505204667353351	-0.43859854005965804
kot5rz3je22hoavaecvsaodu	1	1	14	4	0	Go	GAL	1	1	1.297	1	0.0	1	0.6857	0.6790669250635334	-0.39613902082085706
kot5rz3je22hoavaecvsaodu	1	1	18	5	0	Go	GAL	1	1	0.695	1	1.0	0	0.6908	0.6952322090480202	-0.37233399505223014
kot5rz3je22hoavaecvsaodu	1	1	23	6	0	Go	GAL	1	0		0	1.0	1	0.5954	0.400939387491528	-0.926735388090311
kot5rz3je22hoavaecvsaodu	1	1	26	7	0	Go	GAL	1	1	1.065	1	0.0	1	0.5276	0.5291840432986421	-0.6485564055329333
kot5rz3je22hoavaecvsaodu	1	1	30	8	0	Go	GAL	1	1	0.971	1	0.0	1	0.5946	0.5902142962211605	-0.5330790275945357
kot5rz3je22hoavaecvsaodu	1	1	36	9	0	Go	GAL	1	1	1.179	1	0.0	1	0.6262	0.6212441734159377	-0.48180011980272175
kot5rz3je22hoavaecvsaodu	1	1	37	10	0	Go	GAL	1	1	0.819	1	0.0	1	0.6372	0.638296001113647	-0.45482355624776666
kot5rz3je22hoavaecvsaodu	1	1	42	11	0	Go	GAL	1	1	0.717	1	0.0	1	0.6485	0.6483824046061987	-0.43915740547622567
kot5rz3je22hoavaecvsaodu	1	1	45	12	0	Go	GAL	1	0		0	0.0	0	0.6511	0.3452491175772764	-1.0842240075012972
kot5rz3je22hoavaecvsaodu	1	1	52	13	0	Go	GAL	1	0		0	0.0	0	0.6815	0.3172781517776737	-1.1739941305841903
kot5rz3je22hoavaecvsaodu	1	1	56	14	0	Go	GAL	1	0		0	0.0	0	0.7125	0.2980729303692199	-1.2461402705864553
kot5rz3je22hoavaecvsaodu	1	1	59	15	0	Go	GAL	1	1	0.773	1	1.0	0	0.717	0.7160889493796102	-0.3408993662775005
kot5rz3je22hoavaecvsaodu	1	1	62	16	0	Go	GAL	1	0		0	0.0	0	0.6186	0.38365874739391287	-0.9738476452363677
kot5rz3je22hoavaecvsaodu	1	1	65	17	0	Go	GAL	1	1	0.523	1	0.0	1	0.6252	0.629698962658718	-0.4684506686208383
kot5rz3je22hoavaecvsaodu	1	1	70	18	0	Go	GAL	1	1	0.544	1	1.0	0	0.6857	0.6808165692019819	-0.3908910929479105
kot5rz3je22hoavaecvsaodu	1	1	76	19	0	Go	GAL	1	1	0.94	1	0.0	1	0.592	0.5991175165618529	-0.5187910490464992
kot5rz3je22hoavaecvsaodu	1	1	79	20	0	Go	GAL	1	1	0.79	1	0.0	1	0.6639	0.66405205382369	-0.41632867053282907
kot5rz3je22hoavaecvsaodu	1	1	83	21	0	Go	GAL	1	1	0.808	1	0.0	1	0.6938	0.6955460534957955	-0.37040707202054385
kot5rz3je22hoavaecvsaodu	1	1	88	22	0	Go	GAL	1	0		0	0.0	0	0.7159	0.28744033587211715	-1.2935589094369069
kot5rz3je22hoavaecvsaodu	1	1	90	23	0	Go	GAL	1	1	0.955	1	0.0	1	0.7149	0.721631972604758	-0.33362529821604736
kot5rz3je22hoavaecvsaodu	1	1	93	24	0	Go	GAL	1	1	0.943	1	0.0	1	0.7367	0.7313789921884047	-0.3198718158071265
kot5rz3je22hoavaecvsaodu	1	1	99	25	0	Go	GAL	1	1	0.546	1	1.0	0	0.7388	0.7374760681201379	-0.31124962621274366
kot5rz3je22hoavaecvsaodu	1	1	102	26	0	Go	GAL	1	1	0.596	1	0.0	1	0.6389	0.642391264047947	-0.44885981358689736
kot5rz3je22hoavaecvsaodu	1	1	105	27	0	Go	GAL	1	1	0.987	1	1.0	0	0.6944	0.6927817698057203	-0.37351938787989686
kot5rz3je22hoavaecvsaodu	1	1	110	28	0	Go	GAL	1	1	0.762	1	0.0	1	0.6086	0.6125439318629378	-0.49730577419449523
kot5rz3je22hoavaecvsaodu	1	1	115	29	0	Go	GAL	1	1	0.716	1	0.0	1	0.6722	0.6764936538959904	-0.3980151077521689
kot5rz3je22hoavaecvsaodu	1	1	117	30	0	Go	GAL	1	1	0.681	1	0.0	1	0.7028	0.7073269352370033	-0.35361347729881565
kot5rz3je22hoavaecvsaodu	1	1	2	1	1	Go	GW	1	1	1.479	1	1.0	0	0.6268	0.6301522702008461	-0.46769523715914807
kot5rz3je22hoavaecvsaodu	1	1	8	2	1	Go	GW	1	1	0.885	1	0.0	1	0.5756	0.5727584488558167	-0.5653941206722176
kot5rz3je22hoavaecvsaodu	1	1	10	3	1	Go	GW	1	1	0.535	1	0.0	1	0.7152	0.7094208475015011	-0.3493663595792621
kot5rz3je22hoavaecvsaodu	1	1	16	4	1	Go	GW	1	1	0.519	1	0.0	1	0.7383	0.7366902678542941	-0.3111286755778182
kot5rz3je22hoavaecvsaodu	1	1	17	5	1	Go	GW	1	1	1.02	1	0.0	1	0.7423	0.7452864843208765	-0.2990599140526603
kot5rz3je22hoavaecvsaodu	1	1	22	6	1	Go	GW	1	1	0.737	1	0.0	1	0.75	0.7490105814330175	-0.29370907969016025
kot5rz3je22hoavaecvsaodu	1	1	25	7	1	Go	GW	1	1	0.703	1	1.0	0	0.7475	0.7511010728609379	-0.29063202210648975
kot5rz3je22hoavaecvsaodu	1	1	29	8	1	Go	GW	1	1	0.577	1	0.0	1	0.6506	0.6537107480845953	-0.4316476141684158
kot5rz3je22hoavaecvsaodu	1	1	35	9	1	Go	GW	1	1	0.561	1	0.0	1	0.7391	0.7312652075188284	-0.31720668936750135
kot5rz3je22hoavaecvsaodu	1	1	40	10	1	Go	GW	1	1	0.572	1	0.0	1	0.7514	0.7464684132228224	-0.29650949559432926
kot5rz3je22hoavaecvsaodu	1	1	41	11	1	Go	GW	1	1	0.648	1	1.0	0	0.7504	0.7513359672290153	-0.28987464983903255
kot5rz3je22hoavaecvsaodu	1	1	46	12	1	Go	GW	1	1	0.773	1	0.0	1	0.6539	0.6543512463537599	-0.43081583136714346
kot5rz3je22hoavaecvsaodu	1	1	50	13	1	Go	GW	1	1	0.648	1	0.0	1	0.7291	0.7325128094206518	-0.3152579753117509
kot5rz3je22hoavaecvsaodu	1	1	55	14	1	Go	GW	1	1	0.732	1	0.0	1	0.7483	0.7478636372417009	-0.2943991008504041
kot5rz3je22hoavaecvsaodu	1	1	57	15	1	Go	GW	1	1	0.745	1	0.0	1	0.7559	0.7527486024108357	-0.2878134285530348
kot5rz3je22hoavaecvsaodu	1	1	61	16	1	Go	GW	1	1	0.628	1	0.0	1	0.7549	0.7549560223835476	-0.28484252553819533
kot5rz3je22hoavaecvsaodu	1	1	67	17	1	Go	GW	1	1	0.513	1	0.0	1	0.7511	0.7562754038151392	-0.2830771786154253
kot5rz3je22hoavaecvsaodu	1	1	71	18	1	Go	GW	1	1	0.591	1	0.0	1	0.7522	0.7572339601605275	-0.281810488438104
kot5rz3je22hoavaecvsaodu	1	1	73	19	1	Go	GW	1	1	0.535	1	1.0	0	0.7534	0.7580176555451765	-0.2807922989327499
kot5rz3je22hoavaecvsaodu	1	1	80	20	1	Go	GW	1	1	0.694	1	0.0	1	0.6633	0.6605234997833064	-0.4227565265738002
kot5rz3je22hoavaecvsaodu	1	1	81	21	1	Go	GW	1	1	0.467	1	0.0	1	0.7416	0.7373936559649075	-0.3086249074246932
kot5rz3je22hoavaecvsaodu	1	1	86	22	1	Go	GW	1	1	0.54	1	0.0	1	0.7531	0.7521470787465698	-0.288651858373763
kot5rz3je22hoavaecvsaodu	1	1	91	23	1	Go	GW	1	1	1.11	1	0.0	1	0.7633	0.7566696338763775	-0.28265939697319525
kot5rz3je22hoavaecvsaodu	1	1	94	24	1	Go	GW	1	1	0.639	1	0.0	1	0.7627	0.7586150123321403	-0.2801358048846891
kot5rz3je22hoavaecvsaodu	1	1	98	25	1	Go	GW	1	1	1.043	1	1.0	0	0.7654	0.7597228780278296	-0.2787348395301378
kot5rz3je22hoavaecvsaodu	1	1	104	26	1	Go	GW	1	1	0.46	1	0.0	1	0.6597	0.6623652760180603	-0.42085434110327463
kot5rz3je22hoavaecvsaodu	1	1	108	27	1	Go	GW	1	1	0.456	1	1.0	0	0.739	0.7392974785296909	-0.3063865523348315
kot5rz3je22hoavaecvsaodu	1	1	111	28	1	Go	GW	1	1	1.201	1	0.0	1	0.6454	0.6479540325410693	-0.4432077725887224
kot5rz3je22hoavaecvsaodu	1	1	116	29	1	Go	GW	1	1	0.519	1	0.0	1	0.7413	0.7349508769209315	-0.31252529690907377
kot5rz3je22hoavaecvsaodu	1	1	119	30	1	Go	GW	1	1	0.448	1	0.0	1	0.7515	0.7522410333016842	-0.288886472673229
kot5rz3je22hoavaecvsaodu	1	1	3	1	1	No-Go	NGW	0	0		1	1.0	0	0.6236	0.369847729799154	-1.011623221116222
kot5rz3je22hoavaecvsaodu	1	1	7	2	1	No-Go	NGW	0	1	0.814	0	0.0	0	0.6793	0.683355627889771	-0.3870582852519305
kot5rz3je22hoavaecvsaodu	1	1	12	3	1	No-Go	NGW	0	1	0.451	0	0.0	0	0.627	0.6301522702008461	-0.46769523715914807
kot5rz3je22hoavaecvsaodu	1	1	13	4	1	No-Go	NGW	0	0		1	0.0	1	0.6059	0.40091419359499514	-0.9291688984575999
kot5rz3je22hoavaecvsaodu	1	1	19	5	1	No-Go	NGW	0	0		1	0.0	1	0.5065	0.48664730183543053	-0.7382641698047496
kot5rz3je22hoavaecvsaodu	1	1	21	6	1	No-Go	NGW	0	0		1	0.0	1	0.475	0.5326365766163351	-0.6503936999351505
kot5rz3je22hoavaecvsaodu	1	1	27	7	1	No-Go	NGW	0	0		1	1.0	0	0.443	0.5584921072121846	-0.6030543225040129
kot5rz3je22hoavaecvsaodu	1	1	31	8	1	No-Go	NGW	0	1	0.688	0	0.0	0	0.5412	0.544123382231268	-0.6188567772487793
kot5rz3je22hoavaecvsaodu	1	1	33	9	1	No-Go	NGW	0	1	0.743	0	0.0	0	0.5188	0.5250733930506615	-0.656552660780356
kot5rz3je22hoavaecvsaodu	1	1	39	10	1	No-Go	NGW	0	1	0.679	0	0.0	0	0.5157	0.5132933430840415	-0.6809235128591892
kot5rz3je22hoavaecvsaodu	1	1	44	11	1	No-Go	NGW	0	0		1	0.0	1	0.5153	0.4943645345299463	-0.7205997338758431
kot5rz3je22hoavaecvsaodu	1	1	47	12	1	No-Go	NGW	0	0		1	1.0	0	0.4499	0.5579109133044307	-0.5992908927122066
kot5rz3je22hoavaecvsaodu	1	1	49	13	1	No-Go	NGW	0	1	0.924	0	0.0	0	0.5214	0.5269579490145124	-0.6536472608059918
kot5rz3je22hoavaecvsaodu	1	1	54	14	1	No-Go	NGW	0	1	0.994	0	0.0	0	0.5223	0.5217207982881403	-0.6646917863344116
kot5rz3je22hoavaecvsaodu	1	1	58	15	1	No-Go	NGW	0	0		1	0.0	1	0.5121	0.4820301151287228	-0.7466824156047986
kot5rz3je22hoavaecvsaodu	1	1	63	16	1	No-Go	NGW	0	0		1	0.0	1	0.4447	0.554876141446559	-0.6033711444777958
kot5rz3je22hoavaecvsaodu	1	1	68	17	1	No-Go	NGW	0	1	0.648	0	0.0	0	0.4114	0.40760349920039	-0.9286938438106626
kot5rz3je22hoavaecvsaodu	1	1	72	18	1	No-Go	NGW	0	0		1	1.0	0	0.4035	0.5951110489631509	-0.5339169341161719
kot5rz3je22hoavaecvsaodu	1	1	75	19	1	No-Go	NGW	0	0		1	0.0	1	0.4926	0.4996516639110727	-0.7108006901266997
kot5rz3je22hoavaecvsaodu	1	1	77	20	1	No-Go	NGW	0	1	0.746	0	0.0	0	0.436	0.43372521332641883	-0.8587335842930436
kot5rz3je22hoavaecvsaodu	1	1	82	21	1	No-Go	NGW	0	0		1	0.0	1	0.4251	0.5684259820547489	-0.5786223213807412
kot5rz3je22hoavaecvsaodu	1	1	87	22	1	No-Go	NGW	0	0		1	0.0	1	0.3993	0.6025591580721501	-0.5208151319086747
kot5rz3je22hoavaecvsaodu	1	1	89	23	1	No-Go	NGW	0	0		1	0.0	1	0.3808	0.6213957271441574	-0.4901976459450203
kot5rz3je22hoavaecvsaodu	1	1	96	24	1	No-Go	NGW	0	0		1	1.0	0	0.3743	0.6325507350118924	-0.4723601770427315
kot5rz3je22hoavaecvsaodu	1	1	100	25	1	No-Go	NGW	0	1	0.859	0	0.0	0	0.4766	0.4745932739670372	-0.7695952303796707
kot5rz3je22hoavaecvsaodu	1	1	101	26	1	No-Go	NGW	0	1	0.524	0	0.0	0	0.4816	0.4728502469423117	-0.7742774496328686
kot5rz3je22hoavaecvsaodu	1	1	107	27	1	No-Go	NGW	0	0		1	1.0	0	0.4767	0.5286089256353012	-0.6574704367642051
kot5rz3je22hoavaecvsaodu	1	1	109	28	1	No-Go	NGW	0	1	0.873	0	0.0	0	0.5302	0.5310318926407859	-0.6550938921962931
kot5rz3je22hoavaecvsaodu	1	1	114	29	1	No-Go	NGW	0	1	0.534	0	0.0	0	0.5286	0.5297520434572053	-0.6587293635601215
kot5rz3je22hoavaecvsaodu	1	1	118	30	1	No-Go	NGW	0	1	0.587	0	0.0	0	0.5316	0.5286206091248157	-0.6621280275415802
kot5rz3je22hoavaecvsaodu	1	1	1	1	0	No-Go	NGAL	0	0		1	0.0	1	0.5734	0.42776775396726824	-0.8614287968497458
kot5rz3je22hoavaecvsaodu	1	1	5	2	0	No-Go	NGAL	0	0		1	0.0	1	0.5063	0.48719141854197495	-0.728898072114629
kot5rz3je22hoavaecvsaodu	1	1	11	3	0	No-Go	NGAL	0	1	0.811	0	1.0	1	0.4804	0.4800096580734986	-0.7451442499293065
kot5rz3je22hoavaecvsaodu	1	1	15	4	0	No-Go	NGAL	0	1	1.047	0	0.0	0	0.551	0.5398487390852169	-0.6237707739108451
kot5rz3je22hoavaecvsaodu	1	1	20	5	0	No-Go	NGAL	0	1	0.715	0	0.0	0	0.4547	0.4533160030878663	-0.8093530683653976
kot5rz3je22hoavaecvsaodu	1	1	24	6	0	No-Go	NGAL	0	0		1	0.0	1	0.4126	0.591603020776252	-0.5375504740664343
kot5rz3je22hoavaecvsaodu	1	1	28	7	0	No-Go	NGAL	0	0		1	0.0	1	0.396	0.6097919506445633	-0.5065355810860838
kot5rz3je22hoavaecvsaodu	1	1	32	8	0	No-Go	NGAL	0	0		1	0.0	1	0.3834	0.6209474805250337	-0.48757460739105707
kot5rz3je22hoavaecvsaodu	1	1	34	9	0	No-Go	NGAL	0	0		1	0.0	1	0.3732	0.628185478377156	-0.4752545874746283
kot5rz3je22hoavaecvsaodu	1	1	38	10	0	No-Go	NGAL	0	0		1	1.0	0	0.3705	0.6331288243922565	-0.4668220779809126
kot5rz3je22hoavaecvsaodu	1	1	43	11	0	No-Go	NGAL	0	1	0.993	0	0.0	0	0.3982	0.40931398327261204	-0.909845639375557
kot5rz3je22hoavaecvsaodu	1	1	48	12	0	No-Go	NGAL	0	1	0.635	0	1.0	1	0.3715	0.3842549237617386	-0.9780337761910215
kot5rz3je22hoavaecvsaodu	1	1	51	13	0	No-Go	NGAL	0	0		1	0.0	1	0.483	0.5145343199812924	-0.6799646509442099
kot5rz3je22hoavaecvsaodu	1	1	53	14	0	No-Go	NGAL	0	0		1	0.0	1	0.4618	0.5401556341158891	-0.6252663144941851
kot5rz3je22hoavaecvsaodu	1	1	60	15	0	No-Go	NGAL	0	0		1	0.0	1	0.4397	0.5533195740668351	-0.6006398321018154
kot5rz3je22hoavaecvsaodu	1	1	64	16	0	No-Go	NGAL	0	0		1	0.0	1	0.4378	0.5606989320672565	-0.5875889419533505
kot5rz3je22hoavaecvsaodu	1	1	66	17	0	No-Go	NGAL	0	0		1	0.0	1	0.4308	0.5652124553734218	-0.5799011262930787
kot5rz3je22hoavaecvsaodu	1	1	69	18	0	No-Go	NGAL	0	0		1	0.0	1	0.4394	0.5682079292857439	-0.5749634756949358
kot5rz3je22hoavaecvsaodu	1	1	74	19	0	No-Go	NGAL	0	1	0.817	0	1.0	1	0.434	0.42965056599396123	-0.863152433721711
kot5rz3je22hoavaecvsaodu	1	1	78	20	0	No-Go	NGAL	0	1	0.622	0	0.0	0	0.4881	0.48457581007484785	-0.7417306580880006
kot5rz3je22hoavaecvsaodu	1	1	84	21	0	No-Go	NGAL	0	0		1	0.0	1	0.3984	0.6021308462942594	-0.5150830391776151
kot5rz3je22hoavaecvsaodu	1	1	85	22	0	No-Go	NGAL	0	0		1	0.0	1	0.3892	0.6037532245804819	-0.5125151562942184
kot5rz3je22hoavaecvsaodu	1	1	92	23	0	No-Go	NGAL	0	0		1	1.0	0	0.4034	0.6050639216749458	-0.5104905873104304
kot5rz3je22hoavaecvsaodu	1	1	95	24	0	No-Go	NGAL	0	1	0.712	0	0.0	0	0.4467	0.4399037990378929	-0.8378884697371632
kot5rz3je22hoavaecvsaodu	1	1	97	25	0	No-Go	NGAL	0	1	0.835	0	0.0	0	0.3895	0.3946425492247473	-0.949462731387069
kot5rz3je22hoavaecvsaodu	1	1	103	26	0	No-Go	NGAL	0	1	0.934	0	0.0	0	0.3654	0.37002668149896806	-1.0183653704176212
kot5rz3je22hoavaecvsaodu	1	1	106	27	0	No-Go	NGAL	0	1	1.139	0	0.0	0	0.349	0.35573931894942734	-1.061828524372875
kot5rz3je22hoavaecvsaodu	1	1	112	28	0	No-Go	NGAL	0	0		1	1.0	0	0.3458	0.6530592796565856	-0.4348726109540497
kot5rz3je22hoavaecvsaodu	1	1	113	29	0	No-Go	NGAL	0	1	0.584	0	0.0	0	0.375	0.37847405474673934	-1.004959850556529
kot5rz3je22hoavaecvsaodu	1	1	120	30	0	No-Go	NGAL	0	1	0.766	0	0.0	0	0.3773	0.37255833393911564	-1.0241479604312478
lklyh5d5d62lcannsm93uvmx	1	2	123	1	1	Go	GW	1	1	1.195	1	1.0	0	0.6799	0.6809579646836326	-0.40513704660919714
lklyh5d5d62lcannsm93uvmx	1	2	126	2	1	Go	GW	1	1	0.718	1	0.0	1	0.6028	0.6006635588676554	-0.5298063237924611
lklyh5d5d62lcannsm93uvmx	1	2	132	3	1	Go	GW	1	0		0	0.0	0	0.8231	0.17883953502736435	-1.8067552537502163
lklyh5d5d62lcannsm93uvmx	1	2	135	4	1	Go	GW	1	1	0.857	1	0.0	1	0.8682	0.86545627796064	-0.14808402600855786
lklyh5d5d62lcannsm93uvmx	1	2	137	5	1	Go	GW	1	1	0.805	1	0.0	1	0.9102	0.909472005648087	-0.0966839684557108
lklyh5d5d62lcannsm93uvmx	1	2	141	6	1	Go	GW	1	0		0	1.0	1	0.9272	0.07427952324479857	-2.7693128597976377
lklyh5d5d62lcannsm93uvmx	1	2	148	7	1	Go	GW	1	1	0.499	1	0.0	1	0.8891	0.88894037730119	-0.11922441619735241
lklyh5d5d62lcannsm93uvmx	1	2	151	8	1	Go	GW	1	1	1.301	1	0.0	1	0.8996	0.8993525962996551	-0.10731491357270834
lklyh5d5d62lcannsm93uvmx	1	2	156	9	1	Go	GW	1	0		0	0.0	0	0.9011	0.09518281934164372	-2.455185867862152
lklyh5d5d62lcannsm93uvmx	1	2	157	10	1	Go	GW	1	1	0.835	1	0.0	1	0.9351	0.9336231350355673	-0.06942878534196265
lklyh5d5d62lcannsm93uvmx	1	2	164	11	1	Go	GW	1	0		0	0.0	0	0.9384	0.06397636866958001	-2.8943240053416974
lklyh5d5d62lcannsm93uvmx	1	2	167	12	1	Go	GW	1	1	0.745	1	1.0	0	0.9495	0.9499919046071816	-0.051845599907327254
lklyh5d5d62lcannsm93uvmx	1	2	171	13	1	Go	GW	1	0		0	0.0	0	0.9039	0.09449298176763529	-2.47180197524914
lklyh5d5d62lcannsm93uvmx	1	2	176	14	1	Go	GW	1	0		0	0.0	0	0.9217	0.07879918237766524	-2.6686343696790455
lklyh5d5d62lcannsm93uvmx	1	2	179	15	1	Go	GW	1	1	0.518	1	0.0	1	0.9301	0.9312305006695387	-0.07205395585318353
lklyh5d5d62lcannsm93uvmx	1	2	181	16	1	Go	GW	1	1	0.875	1	1.0	0	0.9566	0.954004336440332	-0.04748297416681552
lklyh5d5d62lcannsm93uvmx	1	2	185	17	1	Go	GW	1	0		0	0.0	0	0.9205	0.08236626581568188	-2.62478840685911
lklyh5d5d62lcannsm93uvmx	1	2	191	18	1	Go	GW	1	1	0.952	1	0.0	1	0.927	0.9257326982429112	-0.07812856092219404
lklyh5d5d62lcannsm93uvmx	1	2	193	19	1	Go	GW	1	1	0.997	1	0.0	1	0.954	0.9549478781202624	-0.04647450058188933
lklyh5d5d62lcannsm93uvmx	1	2	198	20	1	Go	GW	1	1	0.681	1	0.0	1	0.9605	0.9630228778403008	-0.0379771903418401
lklyh5d5d62lcannsm93uvmx	1	2	204	21	1	Go	GW	1	1	0.854	1	0.0	1	0.9664	0.9663251774766548	-0.03452436902204929
lklyh5d5d62lcannsm93uvmx	1	2	206	22	1	Go	GW	1	1	0.532	1	0.0	1	0.9673	0.9679504303969431	-0.03283078528647998
lklyh5d5d62lcannsm93uvmx	1	2	210	23	1	Go	GW	1	1	0.742	1	0.0	1	0.9701	0.9688527795049886	-0.031892871257318225
lklyh5d5d62lcannsm93uvmx	1	2	216	24	1	Go	GW	1	1	0.501	1	0.0	1	0.9666	0.9694004392592432	-0.03132489743081766
lklyh5d5d62lcannsm93uvmx	1	2	218	25	1	Go	GW	1	1	0.626	1	1.0	0	0.9692	0.9697567566057154	-0.03095615731135098
lklyh5d5d62lcannsm93uvmx	1	2	223	26	1	Go	GW	1	1	0.511	1	0.0	1	0.9374	0.9404830343665183	-0.06214633722659176
lklyh5d5d62lcannsm93uvmx	1	2	227	27	1	Go	GW	1	1	0.511	1	0.0	1	0.9584	0.9604372346175429	-0.040678524485806
lklyh5d5d62lcannsm93uvmx	1	2	230	28	1	Go	GW	1	1	0.484	1	1.0	0	0.9647	0.9658864763515074	-0.0349737036755427
lklyh5d5d62lcannsm93uvmx	1	2	233	29	1	Go	GW	1	1	0.528	1	0.0	1	0.9354	0.934971653172576	-0.06807732513819155
lklyh5d5d62lcannsm93uvmx	1	2	240	30	1	Go	GW	1	1	0.329	1	0.0	1	0.9599	0.9583651073949088	-0.04285785325664897
lklyh5d5d62lcannsm93uvmx	1	2	121	1	0	No-Go	NGAL	0	0		1	0.0	1	0.598	0.4060826248928565	-0.9191185437560472
lklyh5d5d62lcannsm93uvmx	1	2	125	2	0	No-Go	NGAL	0	0		1	0.0	1	0.5061	0.4961523417028191	-0.723588731734375
lklyh5d5d62lcannsm93uvmx	1	2	129	3	0	No-Go	NGAL	0	0		1	0.0	1	0.4438	0.5591077466214942	-0.6033944589031632
lklyh5d5d62lcannsm93uvmx	1	2	136	4	0	No-Go	NGAL	0	0		1	1.0	0	0.3983	0.6045742214044081	-0.5217484911633431
lklyh5d5d62lcannsm93uvmx	1	2	138	5	0	No-Go	NGAL	0	0		1	0.0	1	0.4636	0.5403248599533723	-0.6257194662144729
lklyh5d5d62lcannsm93uvmx	1	2	144	6	0	No-Go	NGAL	0	0		1	1.0	0	0.3936	0.601521603997072	-0.5163925410544724
lklyh5d5d62lcannsm93uvmx	1	2	147	7	0	No-Go	NGAL	0	0		1	0.0	1	0.4518	0.5421598855849433	-0.6296084131774842
lklyh5d5d62lcannsm93uvmx	1	2	152	8	0	No-Go	NGAL	0	0		1	0.0	1	0.3978	0.6071000255360741	-0.505476676563632
lklyh5d5d62lcannsm93uvmx	1	2	154	9	0	No-Go	NGAL	0	0		1	0.0	1	0.3532	0.648878822394882	-0.4386928141108691
lklyh5d5d62lcannsm93uvmx	1	2	158	10	0	No-Go	NGAL	0	0		1	0.0	1	0.3257	0.67746758265737	-0.39539907378140554
lklyh5d5d62lcannsm93uvmx	1	2	163	11	0	No-Go	NGAL	0	0		1	0.0	1	0.3051	0.6982025835808034	-0.3648855082280299
lklyh5d5d62lcannsm93uvmx	1	2	165	12	0	No-Go	NGAL	0	0		1	0.0	1	0.2775	0.7138900962937589	-0.3423089713993597
lklyh5d5d62lcannsm93uvmx	1	2	169	13	0	No-Go	NGAL	0	0		1	1.0	0	0.2759	0.7261290278735913	-0.32505045777299585
lklyh5d5d62lcannsm93uvmx	1	2	174	14	0	No-Go	NGAL	0	0		1	0.0	1	0.3401	0.6601235384375465	-0.4336224480924268
lklyh5d5d62lcannsm93uvmx	1	2	180	15	0	No-Go	NGAL	0	0		1	0.0	1	0.3042	0.6974951285264082	-0.36682496852304036
lklyh5d5d62lcannsm93uvmx	1	2	184	16	0	No-Go	NGAL	0	0		1	0.0	1	0.282	0.7198793921007626	-0.33369114567153274
lklyh5d5d62lcannsm93uvmx	1	2	188	17	0	No-Go	NGAL	0	0		1	0.0	1	0.2645	0.7345466156595947	-0.31326089000068574
lklyh5d5d62lcannsm93uvmx	1	2	192	18	0	No-Go	NGAL	0	0		1	0.0	1	0.2485	0.7448897699184001	-0.29929082608918867
lklyh5d5d62lcannsm93uvmx	1	2	194	19	0	No-Go	NGAL	0	0		1	0.0	1	0.25	0.7525806512091426	-0.28912306366802326
lklyh5d5d62lcannsm93uvmx	1	2	199	20	0	No-Go	NGAL	0	0		1	1.0	0	0.2437	0.7585253440753353	-0.28140185665440814
lklyh5d5d62lcannsm93uvmx	1	2	203	21	0	No-Go	NGAL	0	0		1	1.0	0	0.2998	0.6929818480746719	-0.39151979179699725
lklyh5d5d62lcannsm93uvmx	1	2	207	22	0	No-Go	NGAL	0	1	0.855	0	0.0	0	0.3488	0.35951222262328414	-1.1818550117165065
lklyh5d5d62lcannsm93uvmx	1	2	212	23	0	No-Go	NGAL	0	0		1	0.0	1	0.2793	0.7187747447228626	-0.35687235820440566
lklyh5d5d62lcannsm93uvmx	1	2	213	24	0	No-Go	NGAL	0	0		1	0.0	1	0.2352	0.7663045910297469	-0.2728792578080842
lklyh5d5d62lcannsm93uvmx	1	2	220	25	0	No-Go	NGAL	0	0		1	0.0	1	0.2118	0.7908519899923636	-0.23877364386909852
lklyh5d5d62lcannsm93uvmx	1	2	222	26	0	No-Go	NGAL	0	0		1	0.0	1	0.1976	0.8051821045219119	-0.22021263341745761
lklyh5d5d62lcannsm93uvmx	1	2	226	27	0	No-Go	NGAL	0	0		1	0.0	1	0.186	0.814409325814836	-0.20861822780963934
lklyh5d5d62lcannsm93uvmx	1	2	229	28	0	No-Go	NGAL	0	0		1	0.0	1	0.1772	0.8207744199505937	-0.20075593608453224
lklyh5d5d62lcannsm93uvmx	1	2	234	29	0	No-Go	NGAL	0	0		1	1.0	0	0.1707	0.8253931711470883	-0.19511838854217056
lklyh5d5d62lcannsm93uvmx	1	2	238	30	0	No-Go	NGAL	0	0		1	0.0	1	0.2326	0.7733433002541366	-0.2668344034455361
lklyh5d5d62lcannsm93uvmx	1	2	124	1	1	No-Go	NGW	0	0		1	0.0	1	0.6792	0.31904203531636743	-1.2262344455542062
lklyh5d5d62lcannsm93uvmx	1	2	127	2	1	No-Go	NGW	0	0		1	1.0	0	0.6039	0.39933644113234457	-0.9604668065574918
lklyh5d5d62lcannsm93uvmx	1	2	131	3	1	No-Go	NGW	0	0		1	0.0	1	0.7043	0.29935603282605455	-1.331084214685952
lklyh5d5d62lcannsm93uvmx	1	2	133	4	1	No-Go	NGW	0	1	1.377	0	0.0	0	0.6112	0.6161528800204252	-0.5056394573395656
lklyh5d5d62lcannsm93uvmx	1	2	139	5	1	No-Go	NGW	0	1	0.884	0	0.0	0	0.529	0.5284804819683252	-0.661074239434567
lklyh5d5d62lcannsm93uvmx	1	2	143	6	1	No-Go	NGW	0	0		1	0.0	1	0.4675	0.5350929129913998	-0.6495275898638616
lklyh5d5d62lcannsm93uvmx	1	2	146	7	1	No-Go	NGW	0	1	0.535	0	0.0	0	0.4018	0.3973780203828639	-0.9654777642950688
lklyh5d5d62lcannsm93uvmx	1	2	150	8	1	No-Go	NGW	0	0		1	0.0	1	0.3473	0.6464057333720648	-0.4535971262721547
lklyh5d5d62lcannsm93uvmx	1	2	153	9	1	No-Go	NGW	0	0		1	1.0	0	0.3073	0.690471403728311	-0.38494280759902105
lklyh5d5d62lcannsm93uvmx	1	2	159	10	1	No-Go	NGW	0	1	0.964	0	0.0	0	0.4426	0.4417566044236619	-0.8639485075483591
lklyh5d5d62lcannsm93uvmx	1	2	162	11	1	No-Go	NGW	0	1	1.175	0	0.0	0	0.4106	0.4071728541299602	-0.956645062142866
lklyh5d5d62lcannsm93uvmx	1	2	168	12	1	No-Go	NGW	0	1	0.49	0	0.0	0	0.3824	0.3808627906473007	-1.0367958332333067
lklyh5d5d62lcannsm93uvmx	1	2	172	13	1	No-Go	NGW	0	0		1	1.0	0	0.3623	0.6395254299653743	-0.4768930463163525
lklyh5d5d62lcannsm93uvmx	1	2	175	14	1	No-Go	NGW	0	0		1	0.0	1	0.4587	0.547474683384108	-0.6677577347701322
lklyh5d5d62lcannsm93uvmx	1	2	177	15	1	No-Go	NGW	0	0		1	0.0	1	0.3452	0.6533107533119397	-0.44234359481584373
lklyh5d5d62lcannsm93uvmx	1	2	182	16	1	No-Go	NGW	0	0		1	0.0	1	0.2808	0.7178915694340702	-0.3421560145285227
lklyh5d5d62lcannsm93uvmx	1	2	187	17	1	No-Go	NGW	0	0		1	1.0	0	0.2479	0.758641696439457	-0.28484488044274764
lklyh5d5d62lcannsm93uvmx	1	2	190	18	1	No-Go	NGW	0	1	1.048	0	0.0	0	0.3677	0.360587332777827	-1.1140444614105531
lklyh5d5d62lcannsm93uvmx	1	2	195	19	1	No-Go	NGW	0	0		1	0.0	1	0.3544	0.6553551086208728	-0.45585714049539683
lklyh5d5d62lcannsm93uvmx	1	2	200	20	1	No-Go	NGW	0	0		1	0.0	1	0.2662	0.7287385293375935	-0.3284924246373182
lklyh5d5d62lcannsm93uvmx	1	2	201	21	1	No-Go	NGW	0	0		1	0.0	1	0.2262	0.7720514395194724	-0.26697479577906924
lklyh5d5d62lcannsm93uvmx	1	2	205	22	1	No-Go	NGW	0	0		1	0.0	1	0.1989	0.7996745288410962	-0.2303691007547166
lklyh5d5d62lcannsm93uvmx	1	2	209	23	1	No-Go	NGW	0	0		1	1.0	0	0.1767	0.8185257041141598	-0.20630943589882886
lklyh5d5d62lcannsm93uvmx	1	2	215	24	1	No-Go	NGW	0	0		1	0.0	1	0.3015	0.702419306733306	-0.3876226497348973
lklyh5d5d62lcannsm93uvmx	1	2	217	25	1	No-Go	NGW	0	0		1	0.0	1	0.2362	0.7625827897131405	-0.2831199595748628
lklyh5d5d62lcannsm93uvmx	1	2	221	26	1	No-Go	NGW	0	0		1	0.0	1	0.2059	0.797135339580838	-0.23466189996715184
lklyh5d5d62lcannsm93uvmx	1	2	225	27	1	No-Go	NGW	0	0		1	1.0	0	0.1786	0.8188327447801206	-0.20637172764066514
lklyh5d5d62lcannsm93uvmx	1	2	232	28	1	No-Go	NGW	0	0		1	0.0	1	0.2943	0.7036677952962332	-0.38965235646433527
lklyh5d5d62lcannsm93uvmx	1	2	236	29	1	No-Go	NGW	0	0		1	0.0	1	0.2318	0.7648040323063137	-0.28114696013421225
lklyh5d5d62lcannsm93uvmx	1	2	237	30	1	No-Go	NGW	0	0		1	0.0	1	0.2025	0.7996100282600063	-0.23187391668705118
lklyh5d5d62lcannsm93uvmx	1	2	122	1	0	Go	GAL	1	0		0	0.0	0	0.5931	0.4060826248928565	-0.9191185437560472
lklyh5d5d62lcannsm93uvmx	1	2	128	2	0	Go	GAL	1	1	1.347	1	0.0	1	0.6357	0.6320205750057555	-0.46441273684722983
lklyh5d5d62lcannsm93uvmx	1	2	130	3	0	Go	GAL	1	1	0.577	1	0.0	1	0.7112	0.7100250719692198	-0.35022849741202844
lklyh5d5d62lcannsm93uvmx	1	2	134	4	0	Go	GAL	1	1	0.535	1	1.0	0	0.7586	0.7582238125991526	-0.2840974539263021
lklyh5d5d62lcannsm93uvmx	1	2	140	5	0	Go	GAL	1	1	0.455	1	0.0	1	0.6476	0.6510647923370964	-0.433896781274116
lklyh5d5d62lcannsm93uvmx	1	2	142	6	0	Go	GAL	1	1	0.452	1	1.0	0	0.7299	0.7270886405543483	-0.3239781735227251
lklyh5d5d62lcannsm93uvmx	1	2	145	7	0	Go	GAL	1	1	0.448	1	0.0	1	0.6284	0.6233092078540912	-0.47859052618078124
lklyh5d5d62lcannsm93uvmx	1	2	149	8	0	Go	GAL	1	1	0.503	1	0.0	1	0.7056	0.7106467726224092	-0.34662370156925737
lklyh5d5d62lcannsm93uvmx	1	2	155	9	0	Go	GAL	1	1	0.448	1	0.0	1	0.7552	0.7615859109488597	-0.2777826831501493
lklyh5d5d62lcannsm93uvmx	1	2	160	10	0	Go	GAL	1	1	0.472	1	0.0	1	0.7909	0.7945762299064493	-0.2347358554829613
lklyh5d5d62lcannsm93uvmx	1	2	161	11	0	Go	GAL	1	1	0.488	1	0.0	1	0.822	0.8175210874418286	-0.20543126783717985
lklyh5d5d62lcannsm93uvmx	1	2	166	12	0	Go	GAL	1	1	0.669	1	0.0	1	0.8386	0.8342516811841764	-0.1844331155391274
lklyh5d5d62lcannsm93uvmx	1	2	170	13	0	Go	GAL	1	1	0.386	1	0.0	1	0.8443	0.846867794586607	-0.1688438247498081
lklyh5d5d62lcannsm93uvmx	1	2	173	14	0	Go	GAL	1	1	0.479	1	0.0	1	0.8585	0.8566250186002673	-0.1569578588944972
lklyh5d5d62lcannsm93uvmx	1	2	178	15	0	Go	GAL	1	1	0.552	1	1.0	0	0.8644	0.8643226816007408	-0.1477028761914701
lklyh5d5d62lcannsm93uvmx	1	2	183	16	0	Go	GAL	1	1	0.501	1	0.0	1	0.767	0.7632760810815793	-0.27743445849770026
lklyh5d5d62lcannsm93uvmx	1	2	186	17	0	Go	GAL	1	1	0.43	1	0.0	1	0.804	0.8091395618307738	-0.21423020595492281
lklyh5d5d62lcannsm93uvmx	1	2	189	18	0	Go	GAL	1	1	0.577	1	1.0	0	0.8379	0.8343133792260454	-0.183118577793954
lklyh5d5d62lcannsm93uvmx	1	2	196	19	0	Go	GAL	1	1	0.449	1	0.0	1	0.7341	0.7301483517954434	-0.3240154034510107
lklyh5d5d62lcannsm93uvmx	1	2	197	20	0	Go	GAL	1	1	0.551	1	0.0	1	0.7863	0.7884109306420786	-0.24057126668641207
lklyh5d5d62lcannsm93uvmx	1	2	202	21	0	Go	GAL	1	1	0.536	1	0.0	1	0.8241	0.8203619505884567	-0.20019106652386026
lklyh5d5d62lcannsm93uvmx	1	2	208	22	0	Go	GAL	1	1	0.52	1	1.0	0	0.8391	0.8403232868434396	-0.17589509242222845
lklyh5d5d62lcannsm93uvmx	1	2	211	23	0	Go	GAL	1	1	0.711	1	0.0	1	0.7364	0.7361494789023186	-0.3147654721918892
lklyh5d5d62lcannsm93uvmx	1	2	214	24	0	Go	GAL	1	1	0.448	1	0.0	1	0.7987	0.7918326168260665	-0.23619948286858677
lklyh5d5d62lcannsm93uvmx	1	2	219	25	0	Go	GAL	1	1	0.584	1	0.0	1	0.8303	0.8226146691255987	-0.1974447179646103
lklyh5d5d62lcannsm93uvmx	1	2	224	26	0	Go	GAL	1	1	0.472	1	0.0	1	0.8476	0.8419690692619026	-0.17392536907466752
lklyh5d5d62lcannsm93uvmx	1	2	228	27	0	Go	GAL	1	1	0.455	1	0.0	1	0.8603	0.855175811051103	-0.15816868943433046
lklyh5d5d62lcannsm93uvmx	1	2	231	28	0	Go	GAL	1	0		0	0.0	0	0.8642	0.13531235530286959	-2.0659207631585037
lklyh5d5d62lcannsm93uvmx	1	2	235	29	0	Go	GAL	1	0		0	1.0	1	0.8801	0.12316853166445528	-2.182456873103997
lklyh5d5d62lcannsm93uvmx	1	2	239	30	0	Go	GAL	1	1	0.503	1	0.0	1	0.8115	0.8180334269629793	-0.20419050367854322
lklyh5d5d62lcannsm93uvmx	1	1	2	1	0	No-Go	NGAL	0	1	0.853	0	0.0	0	0.5887	0.5939173751071435	-0.5299675826658696
lklyh5d5d62lcannsm93uvmx	1	1	7	2	0	No-Go	NGAL	0	1	0.68	0	0.0	0	0.508	0.5038476582971809	-0.7115023197359125
lklyh5d5d62lcannsm93uvmx	1	1	9	3	0	No-Go	NGAL	0	0		1	0.0	1	0.4403	0.5591077466214942	-0.6033944589031632
lklyh5d5d62lcannsm93uvmx	1	1	16	4	0	No-Go	NGAL	0	0		1	1.0	0	0.3612	0.6410192809924242	-0.47077837972882725
lklyh5d5d62lcannsm93uvmx	1	1	17	5	0	No-Go	NGAL	0	0		1	0.0	1	0.4066	0.5957160710293686	-0.5309380111858042
lklyh5d5d62lcannsm93uvmx	1	1	21	6	0	No-Go	NGAL	0	0		1	1.0	0	0.3265	0.670300551499002	-0.41777122104123493
lklyh5d5d62lcannsm93uvmx	1	1	28	7	0	No-Go	NGAL	0	1	0.791	0	0.0	0	0.3795	0.3749255365439536	-1.0101329872504878
lklyh5d5d62lcannsm93uvmx	1	1	29	8	0	No-Go	NGAL	0	0		1	0.0	1	0.3322	0.6679957431257424	-0.41249138649128014
lklyh5d5d62lcannsm93uvmx	1	1	33	9	0	No-Go	NGAL	0	1	0.917	0	0.0	0	0.2716	0.268766778525603	-1.4013188133711612
lklyh5d5d62lcannsm93uvmx	1	1	39	10	0	No-Go	NGAL	0	0		1	0.0	1	0.24	0.7587279025191346	-0.28495582114890255
lklyh5d5d62lcannsm93uvmx	1	1	42	11	0	No-Go	NGAL	0	0		1	0.0	1	0.2031	0.7939732721089091	-0.23911740075328392
lklyh5d5d62lcannsm93uvmx	1	1	47	12	0	No-Go	NGAL	0	0		1	0.0	1	0.1851	0.8176222840564665	-0.20861890697423213
lklyh5d5d62lcannsm93uvmx	1	1	52	13	0	No-Go	NGAL	0	0		1	1.0	0	0.159	0.8346466898011545	-0.1868376453943358
lklyh5d5d62lcannsm93uvmx	1	1	55	14	0	No-Go	NGAL	0	1	0.793	0	0.0	0	0.2088	0.20290681108372532	-1.6701195036295273
lklyh5d5d62lcannsm93uvmx	1	1	59	15	0	No-Go	NGAL	0	1	1.272	0	0.0	0	0.1828	0.18544327779423384	-1.769641586572014
lklyh5d5d62lcannsm93uvmx	1	1	61	16	0	No-Go	NGAL	0	1	0.874	0	0.0	0	0.1647	0.17227264084912192	-1.8519594733363918
lklyh5d5d62lcannsm93uvmx	1	1	66	17	0	No-Go	NGAL	0	0		1	0.0	1	0.1612	0.8379076315279639	-0.1809689545316273
lklyh5d5d62lcannsm93uvmx	1	1	70	18	0	No-Go	NGAL	0	0		1	0.0	1	0.1338	0.8641826847822899	-0.14851735453300657
lklyh5d5d62lcannsm93uvmx	1	1	74	19	0	No-Go	NGAL	0	0		1	0.0	1	0.1188	0.8790357295317334	-0.13119363637510228
lklyh5d5d62lcannsm93uvmx	1	1	78	20	0	No-Go	NGAL	0	0		1	1.0	0	0.1068	0.8888176664974937	-0.1199151439117493
lklyh5d5d62lcannsm93uvmx	1	1	83	21	0	No-Go	NGAL	0	1	0.714	0	1.0	1	0.1417	0.14399970340796076	-2.0714958830233132
lklyh5d5d62lcannsm93uvmx	1	1	85	22	0	No-Go	NGAL	0	1	0.777	0	0.0	0	0.2604	0.2524320828503732	-1.5711379902517852
lklyh5d5d62lcannsm93uvmx	1	1	91	23	0	No-Go	NGAL	0	0		1	0.0	1	0.202	0.7985483256672391	-0.2363984413822278
lklyh5d5d62lcannsm93uvmx	1	1	93	24	0	No-Go	NGAL	0	1	0.854	0	0.0	0	0.1738	0.1702188779667978	-1.8730222297368486
lklyh5d5d62lcannsm93uvmx	1	1	100	25	0	No-Go	NGAL	0	0		1	0.0	1	0.1403	0.8542655553206853	-0.16032235160752137
lklyh5d5d62lcannsm93uvmx	1	1	102	26	0	No-Go	NGAL	0	0		1	0.0	1	0.1356	0.8689205312509115	-0.14269961992865784
lklyh5d5d62lcannsm93uvmx	1	1	105	27	0	No-Go	NGAL	0	1	1.069	0	0.0	0	0.1223	0.12191957723842327	-2.207586442668761
lklyh5d5d62lcannsm93uvmx	1	1	112	28	0	No-Go	NGAL	0	0		1	0.0	1	0.1042	0.8908640560023979	-0.11727765799527304
lklyh5d5d62lcannsm93uvmx	1	1	115	29	0	No-Go	NGAL	0	0		1	1.0	0	0.1039	0.8965381930229878	-0.11085318330213621
lklyh5d5d62lcannsm93uvmx	1	1	120	30	0	No-Go	NGAL	0	0		1	0.0	1	0.1421	0.8608210584503642	-0.15565089775684543
lklyh5d5d62lcannsm93uvmx	1	1	3	1	1	Go	GW	1	1	0.281	1	1.0	0	0.6806	0.6809579646836326	-0.40513704660919714
lklyh5d5d62lcannsm93uvmx	1	1	6	2	1	Go	GW	1	1	1.095	1	0.0	1	0.5915	0.6006635588676554	-0.5298063237924611
lklyh5d5d62lcannsm93uvmx	1	1	10	3	1	Go	GW	1	1	0.386	1	0.0	1	0.818	0.8211604649726356	-0.20100094727056397
lklyh5d5d62lcannsm93uvmx	1	1	13	4	1	Go	GW	1	1	0.218	1	0.0	1	0.8747	0.8777207888599602	-0.13254934240648267
lklyh5d5d62lcannsm93uvmx	1	1	18	5	1	Go	GW	1	1	0.513	1	0.0	1	0.9006	0.8988508676499423	-0.10802345517433767
lklyh5d5d62lcannsm93uvmx	1	1	23	6	1	Go	GW	1	1	0.284	1	1.0	0	0.9086	0.9086009931452923	-0.0969309819385251
lklyh5d5d62lcannsm93uvmx	1	1	25	7	1	Go	GW	1	1	0.281	1	0.0	1	0.8287	0.8310141323799624	-0.1896144156044602
lklyh5d5d62lcannsm93uvmx	1	1	31	8	1	Go	GW	1	1	0.378	1	0.0	1	0.8862	0.8875743867185519	-0.12068065588628507
lklyh5d5d62lcannsm93uvmx	1	1	34	9	1	Go	GW	1	1	0.423	1	0.0	1	0.9032	0.9050533592821853	-0.10082749409425786
lklyh5d5d62lcannsm93uvmx	1	1	38	10	1	Go	GW	1	1	0.376	1	0.0	1	0.9161	0.912551616941055	-0.09245156481122734
lklyh5d5d62lcannsm93uvmx	1	1	43	11	1	Go	GW	1	1	0.269	1	0.0	1	0.9205	0.9163612471576696	-0.08823869931835043
lklyh5d5d62lcannsm93uvmx	1	1	45	12	1	Go	GW	1	1	0.458	1	1.0	0	0.9169	0.9185285119817288	-0.0858619968109228
lklyh5d5d62lcannsm93uvmx	1	1	50	13	1	Go	GW	1	1	0.534	1	0.0	1	0.8496	0.8433812719686115	-0.17537139767850507
lklyh5d5d62lcannsm93uvmx	1	1	56	14	1	Go	GW	1	1	0.52	1	0.0	1	0.89	0.8943046468847596	-0.11301124919656905
lklyh5d5d62lcannsm93uvmx	1	1	60	15	1	Go	GW	1	1	0.409	1	0.0	1	0.9096	0.9092418949468846	-0.09612696529567448
lklyh5d5d62lcannsm93uvmx	1	1	63	16	1	Go	GW	1	1	0.356	1	1.0	0	0.9146	0.9153763733735919	-0.08932477083298371
lklyh5d5d62lcannsm93uvmx	1	1	65	17	1	Go	GW	1	1	1.255	1	0.0	1	0.8356	0.839248568479791	-0.18052738701150065
lklyh5d5d62lcannsm93uvmx	1	1	71	18	1	Go	GW	1	1	0.261	1	0.0	1	0.8917	0.8928120329645877	-0.11474935178529602
lklyh5d5d62lcannsm93uvmx	1	1	76	19	1	Go	GW	1	1	0.4	1	0.0	1	0.9094	0.9086227976677735	-0.09683156837970545
lklyh5d5d62lcannsm93uvmx	1	1	79	20	1	Go	GW	1	1	0.407	1	0.0	1	0.9136	0.9151172051765175	-0.08961852754589365
lklyh5d5d62lcannsm93uvmx	1	1	82	21	1	Go	GW	1	1	0.297	1	0.0	1	0.9162	0.918279437821558	-0.08614750150121504
lklyh5d5d62lcannsm93uvmx	1	1	88	22	1	Go	GW	1	1	0.329	1	0.0	1	0.9257	0.9200063209173095	-0.08426942830525956
lklyh5d5d62lcannsm93uvmx	1	1	90	23	1	Go	GW	1	1	0.328	1	0.0	1	0.9221	0.9210349975938541	-0.08315979499970107
lklyh5d5d62lcannsm93uvmx	1	1	94	24	1	Go	GW	1	1	0.969	1	0.0	1	0.9218	0.9216917541190023	-0.0824566978038702
lklyh5d5d62lcannsm93uvmx	1	1	98	25	1	Go	GW	1	1	0.52	1	1.0	0	0.9284	0.9221354526876657	-0.08198507160303305
lklyh5d5d62lcannsm93uvmx	1	1	104	26	1	Go	GW	1	0		0	0.0	0	0.8469	0.15201875371372714	-2.0850484647334513
lklyh5d5d62lcannsm93uvmx	1	1	108	27	1	Go	GW	1	1	0.427	1	0.0	1	0.8946	0.8914074196703182	-0.11682944817143964
lklyh5d5d62lcannsm93uvmx	1	1	110	28	1	Go	GW	1	0		0	1.0	1	0.9302	0.07370339139415233	-2.7492529059804003
lklyh5d5d62lcannsm93uvmx	1	1	113	29	1	Go	GW	1	1	0.966	1	0.0	1	0.8908	0.8856376841133744	-0.12357131417661844
lklyh5d5d62lcannsm93uvmx	1	1	119	30	1	Go	GW	1	1	0.935	1	0.0	1	0.8996	0.9015707281450026	-0.10502114882449685
lklyh5d5d62lcannsm93uvmx	1	1	1	1	0	Go	GAL	1	0		0	0.0	0	0.594	0.4060826248928565	-0.9191185437560472
lklyh5d5d62lcannsm93uvmx	1	1	8	2	0	Go	GAL	1	0		0	0.0	0	0.6327	0.36797942499424463	-1.0164444995743145
lklyh5d5d62lcannsm93uvmx	1	1	11	3	0	Go	GAL	1	1	1.235	1	0.0	1	0.6617	0.6578335799811368	-0.42633012037253043
lklyh5d5d62lcannsm93uvmx	1	1	14	4	0	Go	GAL	1	0		0	1.0	1	0.7268	0.26919803642399803	-1.4015949121732227
lklyh5d5d62lcannsm93uvmx	1	1	20	5	0	Go	GAL	1	0		0	0.0	0	0.6301	0.36365416177880716	-1.027084657563338
lklyh5d5d62lcannsm93uvmx	1	1	22	6	0	Go	GAL	1	0		0	1.0	1	0.6775	0.32566364636376144	-1.169689042574288
lklyh5d5d62lcannsm93uvmx	1	1	27	7	0	Go	GAL	1	1	0.793	1	0.0	1	0.5976	0.587801266029177	-0.537113806299003
lklyh5d5d62lcannsm93uvmx	1	1	32	8	0	Go	GAL	1	0		0	0.0	0	0.6426	0.3515838060363332	-1.0641725412443477
lklyh5d5d62lcannsm93uvmx	1	1	36	9	0	Go	GAL	1	1	0.902	1	0.0	1	0.687	0.6891272827003002	-0.384003739422456
lklyh5d5d62lcannsm93uvmx	1	1	40	10	0	Go	GAL	1	1	0.885	1	0.0	1	0.7275	0.727624391934317	-0.3274890834333448
lklyh5d5d62lcannsm93uvmx	1	1	41	11	0	Go	GAL	1	0		0	0.0	0	0.7517	0.24448010458053776	-1.4910688020064815
lklyh5d5d62lcannsm93uvmx	1	1	48	12	0	Go	GAL	1	1	0.582	1	0.0	1	0.7719	0.7764797812304891	-0.2632815173623473
lklyh5d5d62lcannsm93uvmx	1	1	51	13	0	Go	GAL	1	1	1.0	1	0.0	1	0.7962	0.7962335657766872	-0.2359408254529468
lklyh5d5d62lcannsm93uvmx	1	1	53	14	0	Go	GAL	1	1	0.582	1	0.0	1	0.8151	0.8115072335274861	-0.21528447315214363
lklyh5d5d62lcannsm93uvmx	1	1	57	15	0	Go	GAL	1	1	0.792	1	1.0	0	0.8234	0.82354535451648	-0.1993429014160399
lklyh5d5d62lcannsm93uvmx	1	1	62	16	0	Go	GAL	1	0		0	0.0	0	0.7097	0.2881201714231467	-1.293904113310023
lklyh5d5d62lcannsm93uvmx	1	1	68	17	0	Go	GAL	1	1	0.791	1	0.0	1	0.7276	0.7333802751320719	-0.3170409980853298
lklyh5d5d62lcannsm93uvmx	1	1	69	18	0	Go	GAL	1	1	0.473	1	1.0	0	0.7755	0.7807089989379894	-0.25389087248371944
lklyh5d5d62lcannsm93uvmx	1	1	73	19	0	Go	GAL	1	1	0.938	1	0.0	1	0.6737	0.6760223879916607	-0.4012362373547476
lklyh5d5d62lcannsm93uvmx	1	1	77	20	0	Go	GAL	1	1	0.761	1	0.0	1	0.743	0.7442803747603118	-0.30340250984273803
lklyh5d5d62lcannsm93uvmx	1	1	81	21	0	Go	GAL	1	1	0.505	1	0.0	1	0.7782	0.7829005104011241	-0.25230439279564554
lklyh5d5d62lcannsm93uvmx	1	1	86	22	0	Go	GAL	1	1	0.504	1	1.0	0	0.8052	0.807891537404472	-0.21992709478487368
lklyh5d5d62lcannsm93uvmx	1	1	92	23	0	Go	GAL	1	1	0.533	1	0.0	1	0.7044	0.7028468801825157	-0.3609610452602482
lklyh5d5d62lcannsm93uvmx	1	1	95	24	0	Go	GAL	1	1	0.52	1	0.0	1	0.7643	0.7606728874194958	-0.281055972470203
lklyh5d5d62lcannsm93uvmx	1	1	99	25	0	Go	GAL	1	1	0.681	1	0.0	1	0.7908	0.7941316398077637	-0.23739174683227796
lklyh5d5d62lcannsm93uvmx	1	1	101	26	0	Go	GAL	1	1	0.741	1	0.0	1	0.8086	0.8161521448383054	-0.2091409783409601
lklyh5d5d62lcannsm93uvmx	1	1	107	27	0	Go	GAL	1	1	0.856	1	0.0	1	0.8289	0.8317511159698315	-0.1893565924388394
lklyh5d5d62lcannsm93uvmx	1	1	111	28	0	Go	GAL	1	1	0.949	1	0.0	1	0.846	0.8433275130810102	-0.17482467643322558
lklyh5d5d62lcannsm93uvmx	1	1	114	29	0	Go	GAL	1	1	0.536	1	1.0	0	0.8486	0.8522011487646308	-0.16379503868708176
lklyh5d5d62lcannsm93uvmx	1	1	118	30	0	Go	GAL	1	1	0.541	1	0.0	1	0.7544	0.7511819453664534	-0.2931639345224104
lklyh5d5d62lcannsm93uvmx	1	1	4	1	1	No-Go	NGW	0	1	0.665	0	0.0	0	0.6783	0.6809579646836326	-0.40513704660919714
lklyh5d5d62lcannsm93uvmx	1	1	5	2	1	No-Go	NGW	0	1	0.392	0	1.0	1	0.6009	0.6006635588676554	-0.5298063237924611
lklyh5d5d62lcannsm93uvmx	1	1	12	3	1	No-Go	NGW	0	1	0.443	0	0.0	0	0.8195	0.8211604649726356	-0.20100094727056397
lklyh5d5d62lcannsm93uvmx	1	1	15	4	1	No-Go	NGW	0	1	0.357	0	0.0	0	0.7383	0.7333254461732048	-0.3157687565465827
lklyh5d5d62lcannsm93uvmx	1	1	19	5	1	No-Go	NGW	0	1	0.361	0	0.0	0	0.6526	0.6553672717714034	-0.43283158751189954
lklyh5d5d62lcannsm93uvmx	1	1	24	6	1	No-Go	NGW	0	1	0.377	0	0.0	0	0.5942	0.5920224030722092	-0.5382640580859231
lklyh5d5d62lcannsm93uvmx	1	1	26	7	1	No-Go	NGW	0	1	0.361	0	0.0	0	0.5351	0.5412144761286272	-0.6302979293990397
lklyh5d5d62lcannsm93uvmx	1	1	30	8	1	No-Go	NGW	0	1	0.436	0	0.0	0	0.5009	0.5003234737790384	-0.7107669876007793
lklyh5d5d62lcannsm93uvmx	1	1	35	9	1	No-Go	NGW	0	1	1.097	0	1.0	1	0.4683	0.46720732444510216	-0.7818283711335151
lklyh5d5d62lcannsm93uvmx	1	1	37	10	1	No-Go	NGW	0	1	0.439	0	0.0	0	0.7784	0.7740396094054492	-0.26732477388441467
lklyh5d5d62lcannsm93uvmx	1	1	44	11	1	No-Go	NGW	0	1	0.359	0	0.0	0	0.6973	0.6890824489668758	-0.38479843025322535
lklyh5d5d62lcannsm93uvmx	1	1	46	12	1	No-Go	NGW	0	1	0.407	0	0.0	0	0.6184	0.6175413682533359	-0.49788441534148803
lklyh5d5d62lcannsm93uvmx	1	1	49	13	1	No-Go	NGW	0	1	0.327	0	1.0	1	0.5612	0.5606991333122746	-0.5970635683715557
lklyh5d5d62lcannsm93uvmx	1	1	54	14	1	No-Go	NGW	0	1	0.344	0	0.0	0	0.792	0.797832835372307	-0.23698179795667002
lklyh5d5d62lcannsm93uvmx	1	1	58	15	1	No-Go	NGW	0	1	0.394	0	0.0	0	0.714	0.7126949531772876	-0.3520977514134388
lklyh5d5d62lcannsm93uvmx	1	1	64	16	1	No-Go	NGW	0	1	0.344	0	0.0	0	0.6468	0.6392276800262846	-0.4653582646628995
lklyh5d5d62lcannsm93uvmx	1	1	67	17	1	No-Go	NGW	0	1	1.14	0	1.0	1	0.5858	0.5799369055249204	-0.5657878733149434
lklyh5d5d62lcannsm93uvmx	1	1	72	18	1	No-Go	NGW	0	1	0.376	0	0.0	0	0.8088	0.8032769234188801	-0.23095890258663584
lklyh5d5d62lcannsm93uvmx	1	1	75	19	1	No-Go	NGW	0	0		1	0.0	1	0.7249	0.28168535815778106	-1.359348990383103
lklyh5d5d62lcannsm93uvmx	1	1	80	20	1	No-Go	NGW	0	1	0.263	0	0.0	0	0.6338	0.6384104345165481	-0.47980032378797954
lklyh5d5d62lcannsm93uvmx	1	1	84	21	1	No-Go	NGW	0	1	0.297	0	0.0	0	0.553	0.5578925795694153	-0.6308646205161061
lklyh5d5d62lcannsm93uvmx	1	1	87	22	1	No-Go	NGW	0	1	0.265	0	0.0	0	0.5021	0.49606914070650965	-0.7570055472716168
lklyh5d5d62lcannsm93uvmx	1	1	89	23	1	No-Go	NGW	0	1	0.314	0	1.0	1	0.4515	0.4477755408504012	-0.8610762204687703
lklyh5d5d62lcannsm93uvmx	1	1	96	24	1	No-Go	NGW	0	1	0.328	0	0.0	0	0.717	0.7260445804019455	-0.3425795527536605
lklyh5d5d62lcannsm93uvmx	1	1	97	25	1	No-Go	NGW	0	1	0.313	0	0.0	0	0.6272	0.6248024111069117	-0.5046235552560338
lklyh5d5d62lcannsm93uvmx	1	1	103	26	1	No-Go	NGW	0	0		1	0.0	1	0.5467	0.4538597066209396	-0.8696728564690949
lklyh5d5d62lcannsm93uvmx	1	1	106	27	1	No-Go	NGW	0	1	0.536	0	1.0	1	0.487	0.48468631919577276	-0.7991229561921652
lklyh5d5d62lcannsm93uvmx	1	1	109	28	1	No-Go	NGW	0	1	0.438	0	0.0	0	0.7079	0.7085394172736267	-0.37237127890345906
lklyh5d5d62lcannsm93uvmx	1	1	116	29	1	No-Go	NGW	0	0		1	0.0	1	0.5894	0.40457697467338183	-1.0205252652431585
lklyh5d5d62lcannsm93uvmx	1	1	117	30	1	No-Go	NGW	0	0		1	0.0	1	0.5518	0.44874140442581073	-0.9043196844943994
lztau5qskxmhgxj4f07c2otv	1	2	122	1	0	No-Go	NGAL	0	1	0.441	0	0.0	0	0.6113	0.6113821653639374	-0.5024251075728181
lztau5qskxmhgxj4f07c2otv	1	2	127	2	0	No-Go	NGAL	0	1	0.431	0	0.0	0	0.4421	0.44208939754765886	-0.8423974069790799
lztau5qskxmhgxj4f07c2otv	1	2	131	3	0	No-Go	NGAL	0	0		1	1.0	0	0.3093	0.6966824656036311	-0.3728774131526739
lztau5qskxmhgxj4f07c2otv	1	2	133	4	0	No-Go	NGAL	0	1	0.667	0	0.0	0	0.4105	0.40390840939335915	-0.9398362849134816
lztau5qskxmhgxj4f07c2otv	1	2	139	5	0	No-Go	NGAL	0	1	0.504	0	0.0	0	0.2902	0.2839108403403226	-1.3181225371876828
lztau5qskxmhgxj4f07c2otv	1	2	144	6	0	No-Go	NGAL	0	1	0.464	0	0.0	0	0.2012	0.19757635887786137	-1.7097706895800266
lztau5qskxmhgxj4f07c2otv	1	2	145	7	0	No-Go	NGAL	0	0		1	0.0	1	0.14	0.8613897662853773	-0.1521671488620235
lztau5qskxmhgxj4f07c2otv	1	2	150	8	0	No-Go	NGAL	0	0		1	0.0	1	0.077	0.9246456138285013	-0.0799617212279898
lztau5qskxmhgxj4f07c2otv	1	2	155	9	0	No-Go	NGAL	0	0		1	1.0	0	0.0443	0.9567006183330059	-0.04507226855719553
lztau5qskxmhgxj4f07c2otv	1	2	160	10	0	No-Go	NGAL	0	0		1	0.0	1	0.0656	0.9326638102952327	-0.0711804086266116
lztau5qskxmhgxj4f07c2otv	1	2	162	11	0	No-Go	NGAL	0	0		1	0.0	1	0.0376	0.9612674177632143	-0.04016363296994387
lztau5qskxmhgxj4f07c2otv	1	2	167	12	0	No-Go	NGAL	0	0		1	0.0	1	0.0216	0.9765216911883832	-0.02406806677812496
lztau5qskxmhgxj4f07c2otv	1	2	170	13	0	No-Go	NGAL	0	0		1	0.0	1	0.0147	0.985079817582595	-0.015183831303582128
lztau5qskxmhgxj4f07c2otv	1	2	176	14	0	No-Go	NGAL	0	0		1	0.0	1	0.0117	0.9901045246749878	-0.010022037584565607
lztau5qskxmhgxj4f07c2otv	1	2	180	15	0	No-Go	NGAL	0	0		1	1.0	0	0.0059	0.9931754962210744	-0.006889391692636936
lztau5qskxmhgxj4f07c2otv	1	2	182	16	0	No-Go	NGAL	0	0		1	0.0	1	0.0113	0.988400990936995	-0.011747813898502223
lztau5qskxmhgxj4f07c2otv	1	2	185	17	0	No-Go	NGAL	0	0		1	0.0	1	0.009	0.9922684719123812	-0.007802432991888989
lztau5qskxmhgxj4f07c2otv	1	2	190	18	0	No-Go	NGAL	0	0		1	0.0	1	0.0058	0.9946138760942209	-0.005422922044628923
lztau5qskxmhgxj4f07c2otv	1	2	194	19	0	No-Go	NGAL	0	0		1	0.0	1	0.0041	0.9960973750035135	-0.003923243852450755
lztau5qskxmhgxj4f07c2otv	1	2	198	20	0	No-Go	NGAL	0	0		1	1.0	0	0.0025	0.9970697046806334	-0.002942710560946549
lztau5qskxmhgxj4f07c2otv	1	2	201	21	0	No-Go	NGAL	0	0		1	1.0	0	0.004	0.9947317956318042	-0.005299969038639486
lztau5qskxmhgxj4f07c2otv	1	2	205	22	0	No-Go	NGAL	0	0		1	0.0	1	0.0095	0.9896855838833053	-0.010453529704558578
lztau5qskxmhgxj4f07c2otv	1	2	212	23	0	No-Go	NGAL	0	0		1	0.0	1	0.0074	0.993435545749981	-0.006616003481700596
lztau5qskxmhgxj4f07c2otv	1	2	213	24	0	No-Go	NGAL	0	0		1	0.0	1	0.0045	0.9955292772818495	-0.004494420028593352
lztau5qskxmhgxj4f07c2otv	1	2	217	25	0	No-Go	NGAL	0	0		1	0.0	1	0.0029	0.9967870227880243	-0.003225610715457272
lztau5qskxmhgxj4f07c2otv	1	2	224	26	0	No-Go	NGAL	0	0		1	0.0	1	0.0026	0.9975847798821578	-0.0024227930445581847
lztau5qskxmhgxj4f07c2otv	1	2	226	27	0	No-Go	NGAL	0	0		1	0.0	1	0.0022	0.9981129385215604	-0.0018920677077194352
lztau5qskxmhgxj4f07c2otv	1	2	231	28	0	No-Go	NGAL	0	0		1	1.0	0	0.0018	0.9984751151643204	-0.0015284781468355
lztau5qskxmhgxj4f07c2otv	1	2	235	29	0	No-Go	NGAL	0	0		1	0.0	1	0.0036	0.9970787556337256	-0.002932313611797572
lztau5qskxmhgxj4f07c2otv	1	2	237	30	0	No-Go	NGAL	0	0		1	0.0	1	0.0021	0.9978203042981352	-0.0021860595916749458
lztau5qskxmhgxj4f07c2otv	1	2	123	1	0	Go	GAL	1	1	0.65	1	0.0	1	0.6099	0.6113821653639374	-0.5024251075728181
lztau5qskxmhgxj4f07c2otv	1	2	128	2	0	Go	GAL	1	0		0	0.0	0	0.7513	0.2439112081328396	-1.474881257392844
lztau5qskxmhgxj4f07c2otv	1	2	132	3	0	Go	GAL	1	0		0	0.0	0	0.8302	0.17372063419049963	-1.8828163001258233
lztau5qskxmhgxj4f07c2otv	1	2	135	4	0	Go	GAL	1	1	0.463	1	0.0	1	0.8712	0.8711154755638738	-0.1429213137272226
lztau5qskxmhgxj4f07c2otv	1	2	137	5	0	Go	GAL	1	1	0.351	1	1.0	0	0.9232	0.9220876380702121	-0.08349845395763118
lztau5qskxmhgxj4f07c2otv	1	2	143	6	0	Go	GAL	1	1	0.51	1	1.0	0	0.8452	0.8463980133960846	-0.17294020454632555
lztau5qskxmhgxj4f07c2otv	1	2	146	7	0	Go	GAL	1	0		0	0.0	0	0.7255	0.2678639169575672	-1.4711684389216615
lztau5qskxmhgxj4f07c2otv	1	2	152	8	0	Go	GAL	1	1	0.272	1	0.0	1	0.7922	0.788676384777338	-0.2561622929990249
lztau5qskxmhgxj4f07c2otv	1	2	156	9	0	Go	GAL	1	1	0.31	1	0.0	1	0.8774	0.8798487053061708	-0.1344187328261087
lztau5qskxmhgxj4f07c2otv	1	2	159	10	0	Go	GAL	1	1	0.465	1	0.0	1	0.9305	0.9292306347287987	-0.07607152147514806
lztau5qskxmhgxj4f07c2otv	1	2	161	11	0	Go	GAL	1	1	0.413	1	0.0	1	0.9568	0.9563696196090339	-0.04583295362707457
lztau5qskxmhgxj4f07c2otv	1	2	165	12	0	Go	GAL	1	1	0.495	1	1.0	0	0.9727	0.9718694102934813	-0.0291298455211947
lztau5qskxmhgxj4f07c2otv	1	2	172	13	0	Go	GAL	1	1	0.397	1	0.0	1	0.9365	0.9375152440438939	-0.06675671977914387
lztau5qskxmhgxj4f07c2otv	1	2	175	14	0	Go	GAL	1	1	0.465	1	0.0	1	0.9611	0.9616821561411835	-0.040036913441370364
lztau5qskxmhgxj4f07c2otv	1	2	178	15	0	Go	GAL	1	1	0.609	1	0.0	1	0.9756	0.9752449440141703	-0.025533565570659975
lztau5qskxmhgxj4f07c2otv	1	2	183	16	0	Go	GAL	1	1	0.391	1	0.0	1	0.9813	0.9832556074086397	-0.017130135970294454
lztau5qskxmhgxj4f07c2otv	1	2	186	17	0	Go	GAL	1	1	0.324	1	0.0	1	0.9892	0.9882012299373495	-0.012005000959503522
lztau5qskxmhgxj4f07c2otv	1	2	192	18	0	Go	GAL	1	1	0.575	1	0.0	1	0.9896	0.9913732808886921	-0.008744761168356364
lztau5qskxmhgxj4f07c2otv	1	2	193	19	0	Go	GAL	1	1	0.503	1	1.0	0	0.9935	0.9934763742546242	-0.006595602101810743
lztau5qskxmhgxj4f07c2otv	1	2	200	20	0	Go	GAL	1	1	0.426	1	0.0	1	0.982	0.9819282076143286	-0.018587484887693337
lztau5qskxmhgxj4f07c2otv	1	2	203	21	0	Go	GAL	1	1	0.409	1	0.0	1	0.9869	0.9876986247697234	-0.012546924810698435
lztau5qskxmhgxj4f07c2otv	1	2	207	22	0	Go	GAL	1	1	0.453	1	0.0	1	0.9922	0.9911819676072968	-0.008951103593565175
lztau5qskxmhgxj4f07c2otv	1	2	211	23	0	Go	GAL	1	1	0.447	1	0.0	1	0.9927	0.9934059874373281	-0.006673093593213357
lztau5qskxmhgxj4f07c2otv	1	2	215	24	0	Go	GAL	1	1	0.546	1	0.0	1	0.9945	0.9948884077151361	-0.005162189224035137
lztau5qskxmhgxj4f07c2otv	1	2	219	25	0	Go	GAL	1	1	0.511	1	1.0	0	0.9959	0.9959112730654662	-0.004123193561694646
lztau5qskxmhgxj4f07c2otv	1	2	222	26	0	Go	GAL	1	1	0.27	1	0.0	1	0.985	0.9872870947535123	-0.013061975062629124
lztau5qskxmhgxj4f07c2otv	1	2	228	27	0	Go	GAL	1	1	0.44	1	0.0	1	0.9894	0.9911794262594587	-0.008984501977610807
lztau5qskxmhgxj4f07c2otv	1	2	232	28	0	Go	GAL	1	1	0.375	1	0.0	1	0.9931	0.9935172542519853	-0.006573200128083083
lztau5qskxmhgxj4f07c2otv	1	2	234	29	0	Go	GAL	1	1	0.406	1	0.0	1	0.9959	0.9950176040844524	-0.005037957584148535
lztau5qskxmhgxj4f07c2otv	1	2	240	30	0	Go	GAL	1	1	0.407	1	1.0	0	0.9967	0.9960285067396312	-0.004008474568988381
lztau5qskxmhgxj4f07c2otv	1	2	121	1	1	Go	GW	1	1	0.384	1	0.0	1	0.6159	0.609903066309514	-0.5237317154953933
lztau5qskxmhgxj4f07c2otv	1	2	125	2	1	Go	GW	1	1	0.349	1	0.0	1	0.8307	0.8267813572861699	-0.19974829950490178
lztau5qskxmhgxj4f07c2otv	1	2	129	3	1	Go	GW	1	1	0.432	1	0.0	1	0.9073	0.9098617174093764	-0.09857039849547301
lztau5qskxmhgxj4f07c2otv	1	2	136	4	1	Go	GW	1	1	0.434	1	0.0	1	0.9473	0.9485171004295746	-0.054583243280589874
lztau5qskxmhgxj4f07c2otv	1	2	140	5	1	Go	GW	1	1	0.427	1	1.0	0	0.9685	0.9683917739239967	-0.032873498578412895
lztau5qskxmhgxj4f07c2otv	1	2	141	6	1	Go	GW	1	1	0.394	1	0.0	1	0.927	0.9237930594197471	-0.08184577882590954
lztau5qskxmhgxj4f07c2otv	1	2	148	7	1	Go	GW	1	1	0.439	1	0.0	1	0.9595	0.9574356004575091	-0.044646770113413926
lztau5qskxmhgxj4f07c2otv	1	2	151	8	1	Go	GW	1	1	0.387	1	1.0	0	0.9732	0.9735149062681702	-0.02738060110854999
lztau5qskxmhgxj4f07c2otv	1	2	154	9	1	Go	GW	1	1	0.404	1	0.0	1	0.9375	0.932355655406264	-0.07252333276730862
lztau5qskxmhgxj4f07c2otv	1	2	158	10	1	Go	GW	1	1	0.391	1	0.0	1	0.9644	0.962574568299947	-0.03913270687787057
lztau5qskxmhgxj4f07c2otv	1	2	163	11	1	Go	GW	1	1	0.366	1	0.0	1	0.9767	0.9765144098064155	-0.02422846236915758
lztau5qskxmhgxj4f07c2otv	1	2	168	12	1	Go	GW	1	1	0.395	1	0.0	1	0.9837	0.9841131455736691	-0.016245944682817075
lztau5qskxmhgxj4f07c2otv	1	2	169	13	1	Go	GW	1	1	0.434	1	0.0	1	0.9875	0.9885848008737889	-0.0116064921735388
lztau5qskxmhgxj4f07c2otv	1	2	174	14	1	Go	GW	1	1	0.31	1	1.0	0	0.991	0.9913537214372747	-0.008759416320074986
lztau5qskxmhgxj4f07c2otv	1	2	177	15	1	Go	GW	1	1	0.34	1	0.0	1	0.9692	0.9724819082696337	-0.028685663454386362
lztau5qskxmhgxj4f07c2otv	1	2	181	16	1	Go	GW	1	1	0.385	1	0.0	1	0.9854	0.9840616745560666	-0.01628800202360556
lztau5qskxmhgxj4f07c2otv	1	2	188	17	1	Go	GW	1	1	0.373	1	0.0	1	0.9884	0.9890456602630174	-0.011127604167732619
lztau5qskxmhgxj4f07c2otv	1	2	191	18	1	Go	GW	1	1	0.299	1	0.0	1	0.9921	0.9918135613293468	-0.008288821111452911
lztau5qskxmhgxj4f07c2otv	1	2	195	19	1	Go	GW	1	1	0.27	1	0.0	1	0.9948	0.993507102844289	-0.006562166993319305
lztau5qskxmhgxj4f07c2otv	1	2	197	20	1	Go	GW	1	1	0.271	1	1.0	0	0.9946	0.9946035641092356	-0.005449005704594513
lztau5qskxmhgxj4f07c2otv	1	2	202	21	1	Go	GW	1	1	0.342	1	0.0	1	0.983	0.9802895148804166	-0.02057769208809679
lztau5qskxmhgxj4f07c2otv	1	2	208	22	1	Go	GW	1	1	0.41	1	0.0	1	0.9885	0.9888330601863101	-0.011373521001575774
lztau5qskxmhgxj4f07c2otv	1	2	210	23	1	Go	GW	1	1	0.391	1	0.0	1	0.9927	0.9921033014993762	-0.008000827575960757
lztau5qskxmhgxj4f07c2otv	1	2	214	24	1	Go	GW	1	1	0.251	1	0.0	1	0.9929	0.9938434627588165	-0.006224173946233317
lztau5qskxmhgxj4f07c2otv	1	2	220	25	1	Go	GW	1	1	0.304	1	1.0	0	0.9942	0.994893974614474	-0.005157218275616002
lztau5qskxmhgxj4f07c2otv	1	2	221	26	1	Go	GW	1	1	0.311	1	0.0	1	0.9791	0.9806540457849316	-0.02026440388697394
lztau5qskxmhgxj4f07c2otv	1	2	225	27	1	Go	GW	1	1	0.315	1	0.0	1	0.9896	0.9893005275088675	-0.010906363846364354
lztau5qskxmhgxj4f07c2otv	1	2	230	28	1	Go	GW	1	1	0.35	1	0.0	1	0.9933	0.9924862084657962	-0.007615041757599769
lztau5qskxmhgxj4f07c2otv	1	2	236	29	1	Go	GW	1	1	0.357	1	0.0	1	0.994	0.9941347200891827	-0.00593078512476654
lztau5qskxmhgxj4f07c2otv	1	2	239	30	1	Go	GW	1	1	0.322	1	1.0	0	0.9957	0.9951119717985374	-0.004937933681480276
lztau5qskxmhgxj4f07c2otv	1	2	124	1	1	No-Go	NGW	0	0		1	0.0	1	0.6092	0.390096933690486	-1.0088642540296375
lztau5qskxmhgxj4f07c2otv	1	2	126	2	1	No-Go	NGW	0	0		1	0.0	1	0.4436	0.5553788256832053	-0.6233019261099018
lztau5qskxmhgxj4f07c2otv	1	2	130	3	1	No-Go	NGW	0	0		1	0.0	1	0.3059	0.6929521633378165	-0.3854624868540736
lztau5qskxmhgxj4f07c2otv	1	2	134	4	1	No-Go	NGW	0	0		1	0.0	1	0.208	0.7924152743579388	-0.24222562502820785
lztau5qskxmhgxj4f07c2otv	1	2	138	5	1	No-Go	NGW	0	0		1	1.0	0	0.1389	0.8594637373793091	-0.15625033734156882
lztau5qskxmhgxj4f07c2otv	1	2	142	6	1	No-Go	NGW	0	0		1	0.0	1	0.2929	0.7130280095699877	-0.34960179769398597
lztau5qskxmhgxj4f07c2otv	1	2	147	7	1	No-Go	NGW	0	0		1	0.0	1	0.19	0.8095760374586556	-0.21677418112632776
lztau5qskxmhgxj4f07c2otv	1	2	149	8	1	No-Go	NGW	0	0		1	0.0	1	0.125	0.8723802330878853	-0.13942923589105563
lztau5qskxmhgxj4f07c2otv	1	2	153	9	1	No-Go	NGW	0	0		1	0.0	1	0.084	0.912525557320364	-0.09310656557839728
lztau5qskxmhgxj4f07c2otv	1	2	157	10	1	No-Go	NGW	0	0		1	1.0	0	0.0625	0.9383525689611606	-0.06450815395000611
lztau5qskxmhgxj4f07c2otv	1	2	164	11	1	No-Go	NGW	0	0		1	0.0	1	0.1484	0.8469539344854041	-0.17122879417788528
lztau5qskxmhgxj4f07c2otv	1	2	166	12	1	No-Go	NGW	0	0		1	0.0	1	0.0963	0.8982286354678798	-0.10944417661714302
lztau5qskxmhgxj4f07c2otv	1	2	171	13	1	No-Go	NGW	0	0		1	1.0	0	0.0673	0.9300247164291706	-0.07363395365733204
lztau5qskxmhgxj4f07c2otv	1	2	173	14	1	No-Go	NGW	0	0		1	0.0	1	0.1669	0.8278194805579536	-0.19956875798728108
lztau5qskxmhgxj4f07c2otv	1	2	179	15	1	No-Go	NGW	0	0		1	0.0	1	0.1126	0.8873473323362429	-0.12299483088359717
lztau5qskxmhgxj4f07c2otv	1	2	184	16	1	No-Go	NGW	0	0		1	0.0	1	0.0783	0.9238249466541194	-0.08076692352360942
lztau5qskxmhgxj4f07c2otv	1	2	187	17	1	No-Go	NGW	0	0		1	0.0	1	0.0515	0.9464831977114864	-0.05581935035234355
lztau5qskxmhgxj4f07c2otv	1	2	189	18	1	No-Go	NGW	0	0		1	0.0	1	0.039	0.960979627995744	-0.04029246575572121
lztau5qskxmhgxj4f07c2otv	1	2	196	19	1	No-Go	NGW	0	0		1	1.0	0	0.0308	0.9705491876278436	-0.03021398534638505
lztau5qskxmhgxj4f07c2otv	1	2	199	20	1	No-Go	NGW	0	0		1	0.0	1	0.0843	0.9129025042698664	-0.09572735311747914
lztau5qskxmhgxj4f07c2otv	1	2	204	21	1	No-Go	NGW	0	0		1	0.0	1	0.0607	0.9407487337109269	-0.0628426277028501
lztau5qskxmhgxj4f07c2otv	1	2	206	22	1	No-Go	NGW	0	0		1	0.0	1	0.0471	0.9578317786988758	-0.043946581653418006
lztau5qskxmhgxj4f07c2otv	1	2	209	23	1	No-Go	NGW	0	0		1	0.0	1	0.0331	0.9687184088333662	-0.032278329407013306
lztau5qskxmhgxj4f07c2otv	1	2	216	24	1	No-Go	NGW	0	0		1	1.0	0	0.0213	0.9759265449684604	-0.02468803065091236
lztau5qskxmhgxj4f07c2otv	1	2	218	25	1	No-Go	NGW	0	0		1	0.0	1	0.0739	0.9246719310801825	-0.08352911779304198
lztau5qskxmhgxj4f07c2otv	1	2	223	26	1	No-Go	NGW	0	0		1	0.0	1	0.05	0.9486035462397631	-0.054702617072117335
lztau5qskxmhgxj4f07c2otv	1	2	227	27	1	No-Go	NGW	0	0		1	0.0	1	0.0365	0.9631748342714229	-0.03844297740480307
lztau5qskxmhgxj4f07c2otv	1	2	229	28	1	No-Go	NGW	0	0		1	0.0	1	0.0292	0.9724262696931746	-0.028481146288226115
lztau5qskxmhgxj4f07c2otv	1	2	233	29	1	No-Go	NGW	0	0		1	1.0	0	0.0202	0.9785515646665108	-0.022012283516390983
lztau5qskxmhgxj4f07c2otv	1	2	238	30	1	No-Go	NGW	0	0		1	0.0	1	0.0666	0.9306101967802122	-0.07743224845532189
lztau5qskxmhgxj4f07c2otv	1	1	4	1	1	Go	GW	1	1	0.544	1	0.0	1	0.6127	0.609903066309514	-0.5237317154953933
lztau5qskxmhgxj4f07c2otv	1	1	7	2	1	Go	GW	1	1	0.454	1	0.0	1	0.8312	0.8267813572861699	-0.19974829950490178
lztau5qskxmhgxj4f07c2otv	1	1	9	3	1	Go	GW	1	1	0.494	1	0.0	1	0.9134	0.9098617174093764	-0.09857039849547301
lztau5qskxmhgxj4f07c2otv	1	1	14	4	1	Go	GW	1	1	0.432	1	0.0	1	0.9482	0.9485171004295746	-0.054583243280589874
lztau5qskxmhgxj4f07c2otv	1	1	17	5	1	Go	GW	1	1	0.769	1	1.0	0	0.967	0.9683917739239967	-0.032873498578412895
lztau5qskxmhgxj4f07c2otv	1	1	23	6	1	Go	GW	1	1	0.489	1	0.0	1	0.9261	0.9237930594197471	-0.08184577882590954
lztau5qskxmhgxj4f07c2otv	1	1	26	7	1	Go	GW	1	0		0	0.0	0	0.9596	0.042564399542491006	-3.8172123517650522
lztau5qskxmhgxj4f07c2otv	1	1	32	8	1	Go	GW	1	1	0.363	1	1.0	0	0.9789	0.9772060313895389	-0.023458515255353946
lztau5qskxmhgxj4f07c2otv	1	1	36	9	1	Go	GW	1	1	0.446	1	0.0	1	0.9457	0.9458228303736267	-0.057108495125496116
lztau5qskxmhgxj4f07c2otv	1	1	40	10	1	Go	GW	1	1	0.303	1	0.0	1	0.9719	0.9714792298692464	-0.0295439114249312
lztau5qskxmhgxj4f07c2otv	1	1	41	11	1	Go	GW	1	0		0	0.0	0	0.9832	0.01711821067487056	-4.9594907263172825
lztau5qskxmhgxj4f07c2otv	1	1	46	12	1	Go	GW	1	1	0.375	1	0.0	1	0.9917	0.9903011518351035	-0.009847761738971927
lztau5qskxmhgxj4f07c2otv	1	1	49	13	1	Go	GW	1	1	0.327	1	0.0	1	0.9948	0.9937179698378059	-0.006350353866204584
lztau5qskxmhgxj4f07c2otv	1	1	56	14	1	Go	GW	1	1	0.521	1	1.0	0	0.9962	0.9956764544476228	-0.0043574420377290235
lztau5qskxmhgxj4f07c2otv	1	1	58	15	1	Go	GW	1	1	0.392	1	0.0	1	0.9867	0.988298914151363	-0.01188154517245125
lztau5qskxmhgxj4f07c2otv	1	1	62	16	1	Go	GW	1	1	0.352	1	0.0	1	0.994	0.9931878330791476	-0.006882909162215482
lztau5qskxmhgxj4f07c2otv	1	1	67	17	1	Go	GW	1	1	0.297	1	0.0	1	0.996	0.9954823059441935	-0.004551956572362439
lztau5qskxmhgxj4f07c2otv	1	1	71	18	1	Go	GW	1	1	0.512	1	0.0	1	0.9968	0.9967796786182705	-0.0032386716323513395
lztau5qskxmhgxj4f07c2otv	1	1	73	19	1	Go	GW	1	1	0.364	1	0.0	1	0.9973	0.9975716641088551	-0.0024391506646462766
lztau5qskxmhgxj4f07c2otv	1	1	78	20	1	Go	GW	1	1	0.429	1	1.0	0	0.9987	0.9980792878219082	-0.0019277602617398962
lztau5qskxmhgxj4f07c2otv	1	1	84	21	1	Go	GW	1	1	0.354	1	0.0	1	0.9946	0.9938283699798008	-0.006238560981250428
lztau5qskxmhgxj4f07c2otv	1	1	85	22	1	Go	GW	1	1	0.426	1	0.0	1	0.9966	0.9963794241516832	-0.0036417269426620223
lztau5qskxmhgxj4f07c2otv	1	1	90	23	1	Go	GW	1	1	0.38	1	0.0	1	0.9976	0.9974460133289884	-0.002565192190853087
lztau5qskxmhgxj4f07c2otv	1	1	96	24	1	Go	GW	1	1	0.438	1	0.0	1	0.9977	0.99804087973732	-0.0019661979668444377
lztau5qskxmhgxj4f07c2otv	1	1	99	25	1	Go	GW	1	1	0.338	1	1.0	0	0.9982	0.9984092043404076	-0.0015958672962357245
lztau5qskxmhgxj4f07c2otv	1	1	102	26	1	Go	GW	1	1	0.316	1	0.0	1	0.9941	0.9945181477722769	-0.005543408425920717
lztau5qskxmhgxj4f07c2otv	1	1	107	27	1	Go	GW	1	1	0.341	1	0.0	1	0.9978	0.9968669593547324	-0.0031500931087578075
lztau5qskxmhgxj4f07c2otv	1	1	112	28	1	Go	GW	1	1	0.366	1	0.0	1	0.9986	0.99778158717648	-0.002227351340093715
lztau5qskxmhgxj4f07c2otv	1	1	115	29	1	Go	GW	1	1	0.451	1	0.0	1	0.9979	0.9982743000174494	-0.0017315453134576658
lztau5qskxmhgxj4f07c2otv	1	1	118	30	1	Go	GW	1	1	0.475	1	1.0	0	0.9984	0.9985742486394648	-0.0014301451339390932
lztau5qskxmhgxj4f07c2otv	1	1	2	1	0	No-Go	NGAL	0	1	0.752	0	0.0	0	0.6085	0.6113821653639374	-0.5024251075728181
lztau5qskxmhgxj4f07c2otv	1	1	6	2	0	No-Go	NGAL	0	0		1	0.0	1	0.4436	0.5579106024523413	-0.5995304093388855
lztau5qskxmhgxj4f07c2otv	1	1	12	3	0	No-Go	NGAL	0	0		1	1.0	0	0.2886	0.7118224900019857	-0.35165615807090556
lztau5qskxmhgxj4f07c2otv	1	1	13	4	0	No-Go	NGAL	0	0		1	0.0	1	0.3949	0.6032745286679442	-0.5219465264435053
lztau5qskxmhgxj4f07c2otv	1	1	20	5	0	No-Go	NGAL	0	0		1	0.0	1	0.2644	0.7433213631299044	-0.3063340573536669
lztau5qskxmhgxj4f07c2otv	1	1	24	6	0	No-Go	NGAL	0	0		1	0.0	1	0.1597	0.8356899457918449	-0.18498607686235624
lztau5qskxmhgxj4f07c2otv	1	1	25	7	0	No-Go	NGAL	0	0		1	0.0	1	0.1014	0.8933133634712703	-0.11579819135288823
lztau5qskxmhgxj4f07c2otv	1	1	30	8	0	No-Go	NGAL	0	0		1	0.0	1	0.0721	0.9289342701569998	-0.07532800522991381
lztau5qskxmhgxj4f07c2otv	1	1	34	9	0	No-Go	NGAL	0	0		1	1.0	0	0.0453	0.951207195688267	-0.05091277614110471
lztau5qskxmhgxj4f07c2otv	1	1	39	10	0	No-Go	NGAL	0	0		1	0.0	1	0.0898	0.9158134042892101	-0.08970525127899619
lztau5qskxmhgxj4f07c2otv	1	1	43	11	0	No-Go	NGAL	0	0		1	0.0	1	0.0526	0.9440168812757024	-0.05846033073881217
lztau5qskxmhgxj4f07c2otv	1	1	45	12	0	No-Go	NGAL	0	0		1	0.0	1	0.0391	0.9613603987313508	-0.039861227315421584
lztau5qskxmhgxj4f07c2otv	1	1	50	13	0	No-Go	NGAL	0	0		1	0.0	1	0.0283	0.9723350530184484	-0.028320899633851114
lztau5qskxmhgxj4f07c2otv	1	1	54	14	0	No-Go	NGAL	0	0		1	0.0	1	0.0204	0.9794866438566774	-0.020895028854333458
lztau5qskxmhgxj4f07c2otv	1	1	60	15	0	No-Go	NGAL	0	0		1	1.0	0	0.0159	0.9842794811278022	-0.015960305038865794
lztau5qskxmhgxj4f07c2otv	1	1	64	16	0	No-Go	NGAL	0	0		1	0.0	1	0.0284	0.9701800421208809	-0.030571259715751947
lztau5qskxmhgxj4f07c2otv	1	1	68	17	0	No-Go	NGAL	0	0		1	0.0	1	0.0228	0.9785558631101491	-0.021834200244048807
lztau5qskxmhgxj4f07c2otv	1	1	72	18	0	No-Go	NGAL	0	0		1	0.0	1	0.0146	0.9839042157407777	-0.0163266385751912
lztau5qskxmhgxj4f07c2otv	1	1	74	19	0	No-Go	NGAL	0	0		1	0.0	1	0.0114	0.9874561975630337	-0.012695406093490532
lztau5qskxmhgxj4f07c2otv	1	1	77	20	0	No-Go	NGAL	0	0		1	1.0	0	0.0106	0.9898948158272589	-0.01021360309617378
lztau5qskxmhgxj4f07c2otv	1	1	82	21	0	No-Go	NGAL	0	0		1	1.0	0	0.0213	0.9795676657058553	-0.02086981542375263
lztau5qskxmhgxj4f07c2otv	1	1	88	22	0	No-Go	NGAL	0	0		1	0.0	1	0.0487	0.9554784889247306	-0.04830493998887078
lztau5qskxmhgxj4f07c2otv	1	1	89	23	0	No-Go	NGAL	0	0		1	0.0	1	0.026	0.9710225577363312	-0.03009903615383906
lztau5qskxmhgxj4f07c2otv	1	1	93	24	0	No-Go	NGAL	0	0		1	0.0	1	0.0205	0.9798966186122192	-0.02055198553839987
lztau5qskxmhgxj4f07c2otv	1	1	98	25	0	No-Go	NGAL	0	0		1	0.0	1	0.012	0.9852275902327338	-0.014999708620083482
lztau5qskxmhgxj4f07c2otv	1	1	101	26	0	No-Go	NGAL	0	0		1	0.0	1	0.0135	0.9886053550055354	-0.011532262232983119
lztau5qskxmhgxj4f07c2otv	1	1	106	27	0	No-Go	NGAL	0	0		1	0.0	1	0.0092	0.9908461343088253	-0.009248987733193261
lztau5qskxmhgxj4f07c2otv	1	1	111	28	0	No-Go	NGAL	0	0		1	1.0	0	0.0064	0.992390563991864	-0.007681879712522445
lztau5qskxmhgxj4f07c2otv	1	1	116	29	0	No-Go	NGAL	0	0		1	0.0	1	0.0167	0.9836779104795205	-0.01668190159901859
lztau5qskxmhgxj4f07c2otv	1	1	120	30	0	No-Go	NGAL	0	0		1	0.0	1	0.013	0.9878354643990557	-0.012347047419848755
lztau5qskxmhgxj4f07c2otv	1	1	1	1	1	No-Go	NGW	0	1	0.908	0	0.0	0	0.6101	0.609903066309514	-0.5237317154953933
lztau5qskxmhgxj4f07c2otv	1	1	8	2	1	No-Go	NGW	0	0		1	0.0	1	0.4452	0.5553788256832052	-0.623301926109902
lztau5qskxmhgxj4f07c2otv	1	1	10	3	1	No-Go	NGW	0	0		1	0.0	1	0.2853	0.7076633252191762	-0.36481630022827605
lztau5qskxmhgxj4f07c2otv	1	1	15	4	1	No-Go	NGW	0	0		1	0.0	1	0.1808	0.8120952460501673	-0.21782309366439673
lztau5qskxmhgxj4f07c2otv	1	1	18	5	1	No-Go	NGW	0	0		1	1.0	0	0.123	0.8786889357592816	-0.1340603033434599
lztau5qskxmhgxj4f07c2otv	1	1	22	6	1	No-Go	NGW	0	1	0.856	0	0.0	0	0.2399	0.23962098800464388	-1.525620824983089
lztau5qskxmhgxj4f07c2otv	1	1	27	7	1	No-Go	NGW	0	0		1	0.0	1	0.1466	0.8511330168105847	-0.1659727288578146
lztau5qskxmhgxj4f07c2otv	1	1	31	8	1	No-Go	NGW	0	0		1	0.0	1	0.0929	0.908921552412154	-0.09791519768704277
lztau5qskxmhgxj4f07c2otv	1	1	33	9	1	No-Go	NGW	0	0		1	0.0	1	0.0534	0.9423847440967047	-0.060539764186359674
lztau5qskxmhgxj4f07c2otv	1	1	38	10	1	No-Go	NGW	0	0		1	1.0	0	0.0378	0.9622537543772068	-0.03907540995966538
lztau5qskxmhgxj4f07c2otv	1	1	44	11	1	No-Go	NGW	0	0		1	0.0	1	0.0832	0.9142925430243695	-0.09112624168129538
lztau5qskxmhgxj4f07c2otv	1	1	48	12	1	No-Go	NGW	0	0		1	0.0	1	0.0513	0.9465278194014342	-0.05573094864498116
lztau5qskxmhgxj4f07c2otv	1	1	52	13	1	No-Go	NGW	0	0		1	1.0	0	0.033	0.9651460822005847	-0.03588190291290121
lztau5qskxmhgxj4f07c2otv	1	1	53	14	1	No-Go	NGW	0	1	0.586	0	0.0	0	0.0806	0.08167350991429537	-2.6737298749616447
lztau5qskxmhgxj4f07c2otv	1	1	59	15	1	No-Go	NGW	0	0		1	0.0	1	0.0514	0.9500017477617344	-0.05189750812558461
lztau5qskxmhgxj4f07c2otv	1	1	61	16	1	No-Go	NGW	0	0		1	0.0	1	0.0311	0.9693215807106873	-0.031448343764708446
lztau5qskxmhgxj4f07c2otv	1	1	66	17	1	No-Go	NGW	0	1	0.575	0	0.0	0	0.0188	0.019882319318343694	-4.291114592566678
lztau5qskxmhgxj4f07c2otv	1	1	69	18	1	No-Go	NGW	0	0		1	0.0	1	0.0116	0.9872869841825788	-0.012869168316466893
lztau5qskxmhgxj4f07c2otv	1	1	75	19	1	No-Go	NGW	0	0		1	1.0	0	0.0087	0.9913669421180381	-0.008711058498867334
lztau5qskxmhgxj4f07c2otv	1	1	80	20	1	No-Go	NGW	0	1	0.41	0	0.0	0	0.0226	0.02164138113368861	-4.1897263686010735
lztau5qskxmhgxj4f07c2otv	1	1	83	21	1	No-Go	NGW	0	0		1	0.0	1	0.0137	0.985464896345105	-0.014733510575448219
lztau5qskxmhgxj4f07c2otv	1	1	86	22	1	No-Go	NGW	0	0		1	0.0	1	0.0102	0.9908635710177525	-0.009220062079458483
lztau5qskxmhgxj4f07c2otv	1	1	92	23	1	No-Go	NGW	0	0		1	0.0	1	0.0061	0.9939031952431251	-0.006137187354144557
lztau5qskxmhgxj4f07c2otv	1	1	95	24	1	No-Go	NGW	0	0		1	1.0	0	0.0048	0.9957348382362472	-0.00428651926986716
lztau5qskxmhgxj4f07c2otv	1	1	97	25	1	No-Go	NGW	0	0		1	0.0	1	0.0133	0.9887160017225202	-0.011416377233805064
lztau5qskxmhgxj4f07c2otv	1	1	104	26	1	No-Go	NGW	0	0		1	0.0	1	0.0077	0.992802099637203	-0.007253718441974581
lztau5qskxmhgxj4f07c2otv	1	1	108	27	1	No-Go	NGW	0	0		1	0.0	1	0.005	0.9951151888119266	-0.004912284776082113
lztau5qskxmhgxj4f07c2otv	1	1	109	28	1	No-Go	NGW	0	0		1	0.0	1	0.0037	0.9965216023811823	-0.003493354523860394
lztau5qskxmhgxj4f07c2otv	1	1	113	29	1	No-Go	NGW	0	0		1	1.0	0	0.0028	0.9974225130450907	-0.002586286285482094
lztau5qskxmhgxj4f07c2otv	1	1	117	30	1	No-Go	NGW	0	0		1	0.0	1	0.0067	0.992649235496491	-0.007417511845960965
lztau5qskxmhgxj4f07c2otv	1	1	3	1	0	Go	GAL	1	1	0.626	1	0.0	1	0.6154	0.6113821653639374	-0.5024251075728181
lztau5qskxmhgxj4f07c2otv	1	1	5	2	0	Go	GAL	1	1	0.575	1	0.0	1	0.7494	0.7560887918671604	-0.285907788097504
lztau5qskxmhgxj4f07c2otv	1	1	11	3	0	Go	GAL	1	1	0.453	1	0.0	1	0.8462	0.8483245009719769	-0.1681570191323884
lztau5qskxmhgxj4f07c2otv	1	1	16	4	0	Go	GAL	1	1	0.621	1	0.0	1	0.9075	0.9040226398314762	-0.102861928752471
lztau5qskxmhgxj4f07c2otv	1	1	19	5	0	Go	GAL	1	1	0.486	1	1.0	0	0.9405	0.9375290601955741	-0.06552922021559356
lztau5qskxmhgxj4f07c2otv	1	1	21	6	0	Go	GAL	1	1	0.488	1	1.0	0	0.8633	0.8616428245813622	-0.15086747333374442
lztau5qskxmhgxj4f07c2otv	1	1	28	7	0	Go	GAL	1	1	0.446	1	0.0	1	0.7342	0.7315262186301396	-0.31981706163476514
lztau5qskxmhgxj4f07c2otv	1	1	29	8	0	Go	GAL	1	1	0.568	1	0.0	1	0.8431	0.8381447985380915	-0.17886356090058106
lztau5qskxmhgxj4f07c2otv	1	1	35	9	0	Go	GAL	1	1	0.434	1	0.0	1	0.8978	0.9002915987312244	-0.1062914448074432
lztau5qskxmhgxj4f07c2otv	1	1	37	10	0	Go	GAL	1	1	0.398	1	0.0	1	0.9352	0.9362573439056668	-0.06657999613117299
lztau5qskxmhgxj4f07c2otv	1	1	42	11	0	Go	GAL	1	1	0.597	1	0.0	1	0.9587	0.9576249143601131	-0.0437057229127102
lztau5qskxmhgxj4f07c2otv	1	1	47	12	0	Go	GAL	1	1	0.471	1	1.0	0	0.9709	0.9707442394889116	-0.029927473438147348
lztau5qskxmhgxj4f07c2otv	1	1	51	13	0	Go	GAL	1	1	0.494	1	0.0	1	0.9261	0.9255643960050093	-0.0783957390674582
lztau5qskxmhgxj4f07c2otv	1	1	55	14	0	Go	GAL	1	1	0.482	1	0.0	1	0.9517	0.9522322957762983	-0.049421221779665944
lztau5qskxmhgxj4f07c2otv	1	1	57	15	0	Go	GAL	1	1	0.409	1	0.0	1	0.9653	0.9678144385352468	-0.03297552355122594
lztau5qskxmhgxj4f07c2otv	1	1	63	16	0	Go	GAL	1	1	0.456	1	0.0	1	0.9773	0.9773600178273537	-0.023055646676748563
lztau5qskxmhgxj4f07c2otv	1	1	65	17	0	Go	GAL	1	1	0.376	1	0.0	1	0.9845	0.9834529921580218	-0.0167838313035033
lztau5qskxmhgxj4f07c2otv	1	1	70	18	0	Go	GAL	1	1	0.507	1	0.0	1	0.9885	0.9874818842907296	-0.01266289696334715
lztau5qskxmhgxj4f07c2otv	1	1	76	19	0	Go	GAL	1	1	0.518	1	1.0	0	0.992	0.9902286507141526	-0.00986576211354072
lztau5qskxmhgxj4f07c2otv	1	1	79	20	0	Go	GAL	1	1	0.392	1	0.0	1	0.9684	0.9697245421664411	-0.03128066771737797
lztau5qskxmhgxj4f07c2otv	1	1	81	21	0	Go	GAL	1	1	0.48	1	0.0	1	0.9775	0.9791931023094956	-0.02125974845049007
lztau5qskxmhgxj4f07c2otv	1	1	87	22	0	Go	GAL	1	1	0.429	1	0.0	1	0.9865	0.9849227540191636	-0.01531925494013814
lztau5qskxmhgxj4f07c2otv	1	1	91	23	0	Go	GAL	1	1	0.441	1	0.0	1	0.9889	0.9885965625338038	-0.011548066485318816
lztau5qskxmhgxj4f07c2otv	1	1	94	24	0	Go	GAL	1	1	0.42	1	0.0	1	0.9916	0.9910595074853421	-0.009034493920182393
lztau5qskxmhgxj4f07c2otv	1	1	100	25	0	Go	GAL	1	1	0.424	1	1.0	0	0.9919	0.9927702113574826	-0.007295182082070811
lztau5qskxmhgxj4f07c2otv	1	1	103	26	0	Go	GAL	1	1	0.425	1	0.0	1	0.977	0.9755359913501678	-0.025372967352717192
lztau5qskxmhgxj4f07c2otv	1	1	105	27	0	Go	GAL	1	1	0.357	1	0.0	1	0.9808	0.9830991304953821	-0.01729344278312849
lztau5qskxmhgxj4f07c2otv	1	1	110	28	0	Go	GAL	1	1	0.427	1	0.0	1	0.9866	0.9876107713848392	-0.012596578367379721
lztau5qskxmhgxj4f07c2otv	1	1	114	29	0	Go	GAL	1	1	0.424	1	0.0	1	0.9906	0.9904890276411737	-0.009635490494534127
lztau5qskxmhgxj4f07c2otv	1	1	119	30	0	Go	GAL	1	1	0.402	1	1.0	0	0.9914	0.992420397459386	-0.007661621829381989
m2j8nqjszft6h1ryq8q61fmy	1	1	1	1	1	No-Go	NGW	0	1	0.773	0	1.0	1	0.6874	0.6928081667565943	-0.38594824718620235
m2j8nqjszft6h1ryq8q61fmy	1	1	8	2	1	No-Go	NGW	0	1	0.614	0	0.0	0	0.8633	0.8680631021117297	-0.1458784805420617
m2j8nqjszft6h1ryq8q61fmy	1	1	12	3	1	No-Go	NGW	0	0		1	0.0	1	0.693	0.30477630485794965	-1.2615887246966246
m2j8nqjszft6h1ryq8q61fmy	1	1	15	4	1	No-Go	NGW	0	0		1	0.0	1	0.4723	0.5312414196060984	-0.6743108387026188
m2j8nqjszft6h1ryq8q61fmy	1	1	18	5	1	No-Go	NGW	0	0		1	0.0	1	0.2817	0.7184941711892274	-0.3510361647735875
m2j8nqjszft6h1ryq8q61fmy	1	1	21	6	1	No-Go	NGW	0	0		1	0.0	1	0.1605	0.8381362272068865	-0.18520589477682992
m2j8nqjszft6h1ryq8q61fmy	1	1	27	7	1	No-Go	NGW	0	0		1	0.0	1	0.094	0.9065868370394251	-0.10154007954887245
m2j8nqjszft6h1ryq8q61fmy	1	1	29	8	1	No-Go	NGW	0	0		1	0.0	1	0.0568	0.9445655993077693	-0.058441384599076766
m2j8nqjszft6h1ryq8q61fmy	1	1	33	9	1	No-Go	NGW	0	0		1	1.0	0	0.0341	0.965808697713846	-0.035387690142770954
m2j8nqjszft6h1ryq8q61fmy	1	1	37	10	1	No-Go	NGW	0	0		1	0.0	1	0.1236	0.8780660912608858	-0.13433390407623166
m2j8nqjszft6h1ryq8q61fmy	1	1	41	11	1	No-Go	NGW	0	0		1	0.0	1	0.0674	0.9315313438294659	-0.07235059585436607
m2j8nqjszft6h1ryq8q61fmy	1	1	48	12	1	No-Go	NGW	0	0		1	0.0	1	0.0412	0.9593340705137529	-0.04212328637858531
m2j8nqjszft6h1ryq8q61fmy	1	1	49	13	1	No-Go	NGW	0	0		1	0.0	1	0.0269	0.9745073474266006	-0.026106990875836338
m2j8nqjszft6h1ryq8q61fmy	1	1	53	14	1	No-Go	NGW	0	0		1	1.0	0	0.0185	0.9831975162845948	-0.017088566119583037
m2j8nqjszft6h1ryq8q61fmy	1	1	59	15	1	No-Go	NGW	0	0		1	0.0	1	0.0789	0.926071966314537	-0.08095926296543558
m2j8nqjszft6h1ryq8q61fmy	1	1	64	16	1	No-Go	NGW	0	0		1	0.0	1	0.0461	0.9583209794629686	-0.043504483494684776
m2j8nqjszft6h1ryq8q61fmy	1	1	68	17	1	No-Go	NGW	0	0		1	0.0	1	0.0252	0.9746010093120776	-0.02607621105859
m2j8nqjszft6h1ryq8q61fmy	1	1	69	18	1	No-Go	NGW	0	0		1	0.0	1	0.0155	0.9834834953200602	-0.016817643480538866
m2j8nqjszft6h1ryq8q61fmy	1	1	76	19	1	No-Go	NGW	0	0		1	0.0	1	0.0109	0.9886564183525723	-0.011495719831642865
m2j8nqjszft6h1ryq8q61fmy	1	1	77	20	1	No-Go	NGW	0	0		1	1.0	0	0.0084	0.9918307844240706	-0.008254560986637053
m2j8nqjszft6h1ryq8q61fmy	1	1	82	21	1	No-Go	NGW	0	0		1	0.0	1	0.0469	0.9559381640616197	-0.04824275398726472
m2j8nqjszft6h1ryq8q61fmy	1	1	85	22	1	No-Go	NGW	0	0		1	0.0	1	0.0274	0.9746760491014771	-0.02631812016342816
m2j8nqjszft6h1ryq8q61fmy	1	1	92	23	1	No-Go	NGW	0	0		1	1.0	0	0.0162	0.9840121468593627	-0.016359183711247897
m2j8nqjszft6h1ryq8q61fmy	1	1	93	24	1	No-Go	NGW	0	0		1	0.0	1	0.0801	0.9223792921509546	-0.09224707933990467
m2j8nqjszft6h1ryq8q61fmy	1	1	100	25	1	No-Go	NGW	0	0		1	0.0	1	0.0391	0.9583758558779722	-0.04444981573194423
m2j8nqjszft6h1ryq8q61fmy	1	1	104	26	1	No-Go	NGW	0	0		1	0.0	1	0.0233	0.9755438099492473	-0.02532696913011164
m2j8nqjszft6h1ryq8q61fmy	1	1	107	27	1	No-Go	NGW	0	0		1	0.0	1	0.0164	0.9843986092627274	-0.01595109740059673
m2j8nqjszft6h1ryq8q61fmy	1	1	110	28	1	No-Go	NGW	0	0		1	0.0	1	0.0115	0.9893670297892521	-0.01080037028910677
m2j8nqjszft6h1ryq8q61fmy	1	1	114	29	1	No-Go	NGW	0	0		1	1.0	0	0.008	0.9923480442252612	-0.0077433434869033785
m2j8nqjszft6h1ryq8q61fmy	1	1	120	30	1	No-Go	NGW	0	0		1	0.0	1	0.0432	0.9562300087289103	-0.04865395066711532
m2j8nqjszft6h1ryq8q61fmy	1	1	4	1	0	No-Go	NGAL	0	1	0.579	0	0.0	0	0.6028	0.6090099694174181	-0.5065784280859064
m2j8nqjszft6h1ryq8q61fmy	1	1	5	2	0	No-Go	NGAL	0	0		1	0.0	1	0.371	0.627485099087606	-0.48057972849982156
m2j8nqjszft6h1ryq8q61fmy	1	1	10	3	0	No-Go	NGAL	0	0		1	0.0	1	0.1965	0.8092710013539545	-0.21963937695235905
m2j8nqjszft6h1ryq8q61fmy	1	1	14	4	0	No-Go	NGAL	0	0		1	0.0	1	0.0979	0.9031874278842099	-0.1051182451588779
m2j8nqjszft6h1ryq8q61fmy	1	1	20	5	0	No-Go	NGAL	0	0		1	1.0	0	0.0523	0.949114151684241	-0.05347788075514442
m2j8nqjszft6h1ryq8q61fmy	1	1	23	6	0	No-Go	NGAL	0	0		1	0.0	1	0.1346	0.8654634757433273	-0.1482352549603037
m2j8nqjszft6h1ryq8q61fmy	1	1	25	7	0	No-Go	NGAL	0	0		1	1.0	0	0.0676	0.9334378537346998	-0.07017057536582948
m2j8nqjszft6h1ryq8q61fmy	1	1	32	8	0	No-Go	NGAL	0	0		1	0.0	1	0.1777	0.8182315212831095	-0.21538120034206842
m2j8nqjszft6h1ryq8q61fmy	1	1	36	9	0	No-Go	NGAL	0	0		1	0.0	1	0.0868	0.9131764480853605	-0.09353475952247418
m2j8nqjszft6h1ryq8q61fmy	1	1	40	10	0	No-Go	NGAL	0	0		1	0.0	1	0.0442	0.9562093174430364	-0.04554654386439452
m2j8nqjszft6h1ryq8q61fmy	1	1	44	11	0	No-Go	NGAL	0	0		1	1.0	0	0.0223	0.9763539514364875	-0.02419366808045594
m2j8nqjszft6h1ryq8q61fmy	1	1	47	12	0	No-Go	NGAL	0	0		1	0.0	1	0.0781	0.9195487488065355	-0.08835635828283146
m2j8nqjszft6h1ryq8q61fmy	1	1	52	13	0	No-Go	NGAL	0	0		1	0.0	1	0.0366	0.9608257149794983	-0.04080361674446456
m2j8nqjszft6h1ryq8q61fmy	1	1	56	14	0	No-Go	NGAL	0	0		1	0.0	1	0.0224	0.9792152011794532	-0.021239377749109573
m2j8nqjszft6h1ryq8q61fmy	1	1	58	15	0	No-Go	NGAL	0	0		1	0.0	1	0.0113	0.9881021181305149	-0.01205137694818617
m2j8nqjszft6h1ryq8q61fmy	1	1	62	16	0	No-Go	NGAL	0	0		1	0.0	1	0.0068	0.9927287550212841	-0.007331117025771988
m2j8nqjszft6h1ryq8q61fmy	1	1	66	17	0	No-Go	NGAL	0	0		1	0.0	1	0.0042	0.9952946336447916	-0.004731685005957309
m2j8nqjszft6h1ryq8q61fmy	1	1	71	18	0	No-Go	NGAL	0	0		1	0.0	1	0.0033	0.9967962938920375	-0.0032165614880163168
m2j8nqjszft6h1ryq8q61fmy	1	1	75	19	0	No-Go	NGAL	0	0		1	1.0	0	0.0021	0.9977167526630325	-0.0022901657944595015
m2j8nqjszft6h1ryq8q61fmy	1	1	78	20	0	No-Go	NGAL	0	0		1	0.0	1	0.0114	0.9885016555949876	-0.011815124559096167
m2j8nqjszft6h1ryq8q61fmy	1	1	81	21	0	No-Go	NGAL	0	0		1	0.0	1	0.007	0.9936059034406871	-0.006456592094057838
m2j8nqjszft6h1ryq8q61fmy	1	1	87	22	0	No-Go	NGAL	0	0		1	1.0	0	0.0045	0.9959946826330248	-0.004028127340295883
m2j8nqjszft6h1ryq8q61fmy	1	1	89	23	0	No-Go	NGAL	0	0		1	0.0	1	0.0228	0.9778259032263624	-0.023918079606088934
m2j8nqjszft6h1ryq8q61fmy	1	1	95	24	0	No-Go	NGAL	0	0		1	0.0	1	0.0094	0.989270668397411	-0.010954229424913146
m2j8nqjszft6h1ryq8q61fmy	1	1	99	25	0	No-Go	NGAL	0	0		1	0.0	1	0.0063	0.9939321368498993	-0.006127558857602925
m2j8nqjszft6h1ryq8q61fmy	1	1	103	26	0	No-Go	NGAL	0	0		1	0.0	1	0.003	0.9961943387536932	-0.003827967843736274
m2j8nqjszft6h1ryq8q61fmy	1	1	108	27	0	No-Go	NGAL	0	0		1	0.0	1	0.0022	0.9974264159467371	-0.002583885231610192
m2j8nqjszft6h1ryq8q61fmy	1	1	112	28	0	No-Go	NGAL	0	0		1	0.0	1	0.002	0.9981533972730966	-0.0018521429988387187
m2j8nqjszft6h1ryq8q61fmy	1	1	116	29	0	No-Go	NGAL	0	0		1	1.0	0	0.001	0.9986088870441384	-0.0013944685245631451
m2j8nqjszft6h1ryq8q61fmy	1	1	119	30	0	No-Go	NGAL	0	0		1	0.0	1	0.0089	0.9910191053275307	-0.009313772778900822
m2j8nqjszft6h1ryq8q61fmy	1	1	3	1	1	Go	GW	1	1	0.691	1	1.0	0	0.6946	0.6928081667565943	-0.38594824718620235
m2j8nqjszft6h1ryq8q61fmy	1	1	6	2	1	Go	GW	1	0		0	0.0	0	0.4698	0.5327482399802523	-0.6697399933731729
m2j8nqjszft6h1ryq8q61fmy	1	1	11	3	1	Go	GW	1	1	0.53	1	0.0	1	0.6859	0.6928081667565943	-0.38594824718620235
m2j8nqjszft6h1ryq8q61fmy	1	1	16	4	1	Go	GW	1	1	0.434	1	0.0	1	0.8792	0.8802535220969899	-0.1318122546027335
m2j8nqjszft6h1ryq8q61fmy	1	1	19	5	1	Go	GW	1	1	0.463	1	0.0	1	0.9477	0.949234584741978	-0.05349834633910473
m2j8nqjszft6h1ryq8q61fmy	1	1	24	6	1	Go	GW	1	1	0.416	1	0.0	1	0.9761	0.9760942335695613	-0.024669961692005703
m2j8nqjszft6h1ryq8q61fmy	1	1	28	7	1	Go	GW	1	1	0.416	1	0.0	1	0.987	0.9877057817383791	-0.012541040714703374
m2j8nqjszft6h1ryq8q61fmy	1	1	31	8	1	Go	GW	1	1	0.519	1	0.0	1	0.9926	0.9932002598347579	-0.006888848363649556
m2j8nqjszft6h1ryq8q61fmy	1	1	35	9	1	Go	GW	1	1	0.461	1	1.0	0	0.9958	0.9960004811088511	-0.004034764337222438
m2j8nqjszft6h1ryq8q61fmy	1	1	39	10	1	Go	GW	1	1	0.886	1	0.0	1	0.9842	0.9865027737635821	-0.013754578129605469
m2j8nqjszft6h1ryq8q61fmy	1	1	42	11	1	Go	GW	1	1	0.543	1	0.0	1	0.9926	0.9927814440458628	-0.007309136140664813
m2j8nqjszft6h1ryq8q61fmy	1	1	46	12	1	Go	GW	1	1	0.642	1	1.0	0	0.9953	0.9958141901891151	-0.004221788851177683
m2j8nqjszft6h1ryq8q61fmy	1	1	50	13	1	Go	GW	1	1	0.439	1	0.0	1	0.9845	0.9849748478640733	-0.015353905776500186
m2j8nqjszft6h1ryq8q61fmy	1	1	54	14	1	Go	GW	1	1	0.42	1	0.0	1	0.9916	0.9922833648207475	-0.00781997604185132
m2j8nqjszft6h1ryq8q61fmy	1	1	60	15	1	Go	GW	1	1	0.427	1	0.0	1	0.996	0.9956076737171763	-0.004432095427585536
m2j8nqjszft6h1ryq8q61fmy	1	1	63	16	1	Go	GW	1	1	0.431	1	0.0	1	0.997	0.9973203689111749	-0.0026965604154294584
m2j8nqjszft6h1ryq8q61fmy	1	1	65	17	1	Go	GW	1	1	0.409	1	0.0	1	0.9987	0.9982725754506502	-0.0017352030209440577
m2j8nqjszft6h1ryq8q61fmy	1	1	70	18	1	Go	GW	1	1	0.398	1	0.0	1	0.9988	0.9988325859937227	-0.0011712302445517297
m2j8nqjszft6h1ryq8q61fmy	1	1	73	19	1	Go	GW	1	1	0.427	1	1.0	0	0.9992	0.999177106522239	-0.0008248826392267478
m2j8nqjszft6h1ryq8q61fmy	1	1	79	20	1	Go	GW	1	1	0.456	1	0.0	1	0.9965	0.9962194975029083	-0.0038125950167121657
m2j8nqjszft6h1ryq8q61fmy	1	1	84	21	1	Go	GW	1	1	0.446	1	0.0	1	0.998	0.9978231071456092	-0.0021873943852635976
m2j8nqjszft6h1ryq8q61fmy	1	1	88	22	1	Go	GW	1	1	0.448	1	0.0	1	0.9985	0.9986110709560111	-0.0013935918201993353
m2j8nqjszft6h1ryq8q61fmy	1	1	91	23	1	Go	GW	1	1	0.432	1	1.0	0	0.9993	0.9990552461109886	-0.0009470776924923834
m2j8nqjszft6h1ryq8q61fmy	1	1	96	24	1	Go	GW	1	1	0.381	1	0.0	1	0.9973	0.9953806184774515	-0.004671977505011624
m2j8nqjszft6h1ryq8q61fmy	1	1	98	25	1	Go	GW	1	1	0.421	1	0.0	1	0.9976	0.9975054640247225	-0.0025084265877206215
m2j8nqjszft6h1ryq8q61fmy	1	1	101	26	1	Go	GW	1	1	0.473	1	0.0	1	0.9975	0.998464816142981	-0.0015407924259046202
m2j8nqjszft6h1ryq8q61fmy	1	1	105	27	1	Go	GW	1	1	0.44	1	0.0	1	0.9982	0.9989794571290426	-0.00102320079684526
m2j8nqjszft6h1ryq8q61fmy	1	1	111	28	1	Go	GW	1	1	0.405	1	1.0	0	0.9994	0.9992818528883864	-0.0007195424424558862
m2j8nqjszft6h1ryq8q61fmy	1	1	115	29	1	Go	GW	1	1	0.354	1	0.0	1	0.9965	0.9962560548389485	-0.003781940955335355
m2j8nqjszft6h1ryq8q61fmy	1	1	117	30	1	Go	GW	1	1	0.339	1	0.0	1	0.9983	0.9979532203254013	-0.0020567839348669117
m2j8nqjszft6h1ryq8q61fmy	1	1	2	1	0	Go	GAL	1	0		0	0.0	0	0.6058	0.390990030582582	-0.964986168743725
m2j8nqjszft6h1ryq8q61fmy	1	1	7	2	0	Go	GAL	1	1	0.993	1	1.0	0	0.7928	0.7881597587477464	-0.24605948337585104
m2j8nqjszft6h1ryq8q61fmy	1	1	9	3	0	Go	GAL	1	0		0	0.0	0	0.5895	0.40763144924255396	-0.9386490485646776
m2j8nqjszft6h1ryq8q61fmy	1	1	13	4	0	Go	GAL	1	0		0	0.0	0	0.7538	0.24756401000878664	-1.5888459971370685
m2j8nqjszft6h1ryq8q61fmy	1	1	17	5	0	Go	GAL	1	1	0.637	1	0.0	1	0.8475	0.8471648314889653	-0.1777474667095469
m2j8nqjszft6h1ryq8q61fmy	1	1	22	6	0	Go	GAL	1	1	0.811	1	0.0	1	0.9353	0.9349305386705892	-0.07045347629409869
m2j8nqjszft6h1ryq8q61fmy	1	1	26	7	0	Go	GAL	1	1	0.581	1	0.0	1	0.9679	0.9702500752970669	-0.03111380140011903
m2j8nqjszft6h1ryq8q61fmy	1	1	30	8	0	Go	GAL	1	1	0.465	1	0.0	1	0.9852	0.9853732629289423	-0.015018935681161798
m2j8nqjszft6h1ryq8q61fmy	1	1	34	9	0	Go	GAL	1	1	0.509	1	0.0	1	0.9937	0.9923146032845316	-0.007811060687407771
m2j8nqjszft6h1ryq8q61fmy	1	1	38	10	0	Go	GAL	1	1	0.567	1	1.0	0	0.9958	0.9957140593174733	-0.004330187771181477
m2j8nqjszft6h1ryq8q61fmy	1	1	43	11	0	Go	GAL	1	1	0.623	1	1.0	0	0.9867	0.9874880909921764	-0.012760857257134623
m2j8nqjszft6h1ryq8q61fmy	1	1	45	12	0	Go	GAL	1	1	0.54	1	0.0	1	0.9646	0.9651997428539154	-0.03628581637681222
m2j8nqjszft6h1ryq8q61fmy	1	1	51	13	0	Go	GAL	1	1	0.641	1	0.0	1	0.9844	0.9841463726584075	-0.01622038875259098
m2j8nqjszft6h1ryq8q61fmy	1	1	55	14	0	Go	GAL	1	1	0.659	1	0.0	1	0.9918	0.9919824468242121	-0.008129225275581011
m2j8nqjszft6h1ryq8q61fmy	1	1	57	15	0	Go	GAL	1	1	0.5	1	0.0	1	0.9967	0.9956221899392819	-0.00441640906699551
m2j8nqjszft6h1ryq8q61fmy	1	1	61	16	0	Go	GAL	1	1	0.398	1	0.0	1	0.9972	0.9974545288754812	-0.002560207146298881
m2j8nqjszft6h1ryq8q61fmy	1	1	67	17	0	Go	GAL	1	1	0.332	1	1.0	0	0.9978	0.998437679603375	-0.0015684439090654756
m2j8nqjszft6h1ryq8q61fmy	1	1	72	18	0	Go	GAL	1	1	0.453	1	0.0	1	0.9946	0.9947282355203116	-0.0053186933937106875
m2j8nqjszft6h1ryq8q61fmy	1	1	74	19	0	Go	GAL	1	1	0.451	1	0.0	1	0.9976	0.9970877265180046	-0.0029285569019781525
m2j8nqjszft6h1ryq8q61fmy	1	1	80	20	0	Go	GAL	1	1	0.408	1	0.0	1	0.9991	0.9982646859120705	-0.0017418244565445655
m2j8nqjszft6h1ryq8q61fmy	1	1	83	21	0	Go	GAL	1	1	0.422	1	0.0	1	0.9985	0.998903749189604	-0.001099121326524263
m2j8nqjszft6h1ryq8q61fmy	1	1	86	22	0	Go	GAL	1	1	0.464	1	1.0	0	0.999	0.9992724302280467	-0.0007289429178243849
m2j8nqjszft6h1ryq8q61fmy	1	1	90	23	0	Go	GAL	1	1	0.496	1	0.0	1	0.9973	0.9971777355527413	-0.002838326758044422
m2j8nqjszft6h1ryq8q61fmy	1	1	94	24	0	Go	GAL	1	1	0.472	1	0.0	1	0.9982	0.998382455179924	-0.001623064160304568
m2j8nqjszft6h1ryq8q61fmy	1	1	97	25	0	Go	GAL	1	1	0.442	1	0.0	1	0.999	0.998991608871013	-0.0010107319953965776
m2j8nqjszft6h1ryq8q61fmy	1	1	102	26	0	Go	GAL	1	1	0.487	1	0.0	1	0.9996	0.9993324426065474	-0.0006686745995323267
m2j8nqjszft6h1ryq8q61fmy	1	1	106	27	0	Go	GAL	1	1	0.507	1	0.0	1	0.9992	0.9995359872288176	-0.00046459602964238626
m2j8nqjszft6h1ryq8q61fmy	1	1	109	28	0	Go	GAL	1	1	0.505	1	0.0	1	0.9997	0.999663698095032	-0.00033663055136559324
m2j8nqjszft6h1ryq8q61fmy	1	1	113	29	0	Go	GAL	1	1	0.443	1	1.0	0	0.9998	0.9997471078430733	-0.00025309047800453415
m2j8nqjszft6h1ryq8q61fmy	1	1	118	30	0	Go	GAL	1	1	0.476	1	0.0	1	0.9985	0.9987971623579762	-0.0012073778503146166
m2j8nqjszft6h1ryq8q61fmy	1	2	121	1	0	No-Go	NGAL	0	1	0.43	0	0.0	0	0.6012	0.6090099694174181	-0.5065784280859064
m2j8nqjszft6h1ryq8q61fmy	1	2	128	2	0	No-Go	NGAL	0	0		1	0.0	1	0.3653	0.627485099087606	-0.48057972849982156
m2j8nqjszft6h1ryq8q61fmy	1	2	132	3	0	No-Go	NGAL	0	0		1	0.0	1	0.1969	0.8092710013539545	-0.21963937695235905
m2j8nqjszft6h1ryq8q61fmy	1	2	133	4	0	No-Go	NGAL	0	0		1	0.0	1	0.1007	0.9031874278842099	-0.1051182451588779
m2j8nqjszft6h1ryq8q61fmy	1	2	140	5	0	No-Go	NGAL	0	1	0.98	0	1.0	1	0.055	0.05088584831575892	-3.506523996930666
m2j8nqjszft6h1ryq8q61fmy	1	2	143	6	0	No-Go	NGAL	0	1	1.139	0	0.0	0	0.1241	0.12348776441535618	-2.2763816961193246
m2j8nqjszft6h1ryq8q61fmy	1	2	146	7	0	No-Go	NGAL	0	0		1	1.0	0	0.054	0.9453095202439709	-0.05754910506643468
m2j8nqjszft6h1ryq8q61fmy	1	2	149	8	0	No-Go	NGAL	0	1	0.762	0	0.0	0	0.1474	0.14597140972765082	-2.0753977170276405
m2j8nqjszft6h1ryq8q61fmy	1	2	153	9	0	No-Go	NGAL	0	1	0.685	0	0.0	0	0.0718	0.06955928528566177	-2.9341122368614134
m2j8nqjszft6h1ryq8q61fmy	1	2	158	10	0	No-Go	NGAL	0	1	0.637	0	0.0	0	0.0363	0.03518797131652055	-3.743198648500405
m2j8nqjszft6h1ryq8q61fmy	1	2	164	11	0	No-Go	NGAL	0	0		1	1.0	0	0.0168	0.9810022984173767	-0.019362837796500817
m2j8nqjszft6h1ryq8q61fmy	1	2	167	12	0	No-Go	NGAL	0	0		1	0.0	1	0.0564	0.9485888614961976	-0.05420360079757847
m2j8nqjszft6h1ryq8q61fmy	1	2	171	13	0	No-Go	NGAL	0	0		1	0.0	1	0.0237	0.9787539039383082	-0.021724668697568793
m2j8nqjszft6h1ryq8q61fmy	1	2	176	14	0	No-Go	NGAL	0	0		1	0.0	1	0.0104	0.9899734535634137	-0.010150843252820202
m2j8nqjszft6h1ryq8q61fmy	1	2	179	15	0	No-Go	NGAL	0	0		1	0.0	1	0.005	0.9948072699587734	-0.00523141865021518
m2j8nqjszft6h1ryq8q61fmy	1	2	184	16	0	No-Go	NGAL	0	0		1	0.0	1	0.0028	0.9971059498559269	-0.0029077055000350507
m2j8nqjszft6h1ryq8q61fmy	1	2	187	17	0	No-Go	NGAL	0	0		1	0.0	1	0.0022	0.9982846207765351	-0.0017207084705210852
m2j8nqjszft6h1ryq8q61fmy	1	2	192	18	0	No-Go	NGAL	0	0		1	0.0	1	0.0009	0.9989272062794101	-0.0010750612006331978
m2j8nqjszft6h1ryq8q61fmy	1	2	194	19	0	No-Go	NGAL	0	0		1	1.0	0	0.0006	0.9992961206006028	-0.0007049224460008322
m2j8nqjszft6h1ryq8q61fmy	1	2	200	20	0	No-Go	NGAL	0	0		1	0.0	1	0.0025	0.9974248122162218	-0.0025870156490507726
m2j8nqjszft6h1ryq8q61fmy	1	2	204	21	0	No-Go	NGAL	0	0		1	0.0	1	0.0016	0.9985624103087399	-0.001440948510796163
m2j8nqjszft6h1ryq8q61fmy	1	2	206	22	0	No-Go	NGAL	0	0		1	1.0	0	0.0006	0.9991158638285688	-0.0008854908680208608
m2j8nqjszft6h1ryq8q61fmy	1	2	212	23	0	No-Go	NGAL	0	0		1	0.0	1	0.0049	0.996193356097091	-0.0038438586822862456
m2j8nqjszft6h1ryq8q61fmy	1	2	216	24	0	No-Go	NGAL	0	0		1	0.0	1	0.0023	0.998113526987082	-0.0018928421345708595
m2j8nqjszft6h1ryq8q61fmy	1	2	218	25	0	No-Go	NGAL	0	0		1	0.0	1	0.0007	0.9989158024025011	-0.001086268772621572
m2j8nqjszft6h1ryq8q61fmy	1	2	222	26	0	No-Go	NGAL	0	0		1	0.0	1	0.001	0.9993196677567543	-0.0006811834159986667
m2j8nqjszft6h1ryq8q61fmy	1	2	225	27	0	No-Go	NGAL	0	0		1	0.0	1	0.0002	0.9995444236870052	-0.00045598089921534095
m2j8nqjszft6h1ryq8q61fmy	1	2	231	28	0	No-Go	NGAL	0	0		1	0.0	1	0.0001	0.9996784133252226	-0.000321801579438727
m2j8nqjszft6h1ryq8q61fmy	1	2	236	29	0	No-Go	NGAL	0	0		1	1.0	0	0.0	0.9997626019052422	-0.0002375234127049676
m2j8nqjszft6h1ryq8q61fmy	1	2	238	30	0	No-Go	NGAL	0	0		1	0.0	1	0.0011	0.9987718732333187	-0.0012340631056722512
m2j8nqjszft6h1ryq8q61fmy	1	2	124	1	1	No-Go	NGW	0	1	0.549	0	1.0	1	0.6969	0.6928081667565943	-0.38594824718620235
m2j8nqjszft6h1ryq8q61fmy	1	2	125	2	1	No-Go	NGW	0	1	0.467	0	0.0	0	0.8702	0.8680631021117297	-0.1458784805420617
m2j8nqjszft6h1ryq8q61fmy	1	2	129	3	1	No-Go	NGW	0	1	1.082	0	0.0	0	0.6847	0.6952236951420502	-0.37751333127329784
m2j8nqjszft6h1ryq8q61fmy	1	2	135	4	1	No-Go	NGW	0	0		1	0.0	1	0.4736	0.5304347714049257	-0.6731757620490885
m2j8nqjszft6h1ryq8q61fmy	1	2	139	5	1	No-Go	NGW	0	0		1	0.0	1	0.2606	0.7384113541335313	-0.3226655166988031
m2j8nqjszft6h1ryq8q61fmy	1	2	142	6	1	No-Go	NGW	0	0		1	0.0	1	0.1391	0.8606892629836033	-0.15776681571087683
m2j8nqjszft6h1ryq8q61fmy	1	2	148	7	1	No-Go	NGW	0	0		1	0.0	1	0.0711	0.9249985909571542	-0.08085197368287349
m2j8nqjszft6h1ryq8q61fmy	1	2	151	8	1	No-Go	NGW	0	0		1	0.0	1	0.0432	0.9581827239439666	-0.043802910610898374
m2j8nqjszft6h1ryq8q61fmy	1	2	155	9	1	No-Go	NGW	0	0		1	1.0	0	0.026	0.9756415019517084	-0.025085146362962826
m2j8nqjszft6h1ryq8q61fmy	1	2	157	10	1	No-Go	NGW	0	0		1	0.0	1	0.0766	0.9210486478920815	-0.08409244273148443
m2j8nqjszft6h1ryq8q61fmy	1	2	161	11	1	No-Go	NGW	0	0		1	0.0	1	0.0422	0.9575613395954647	-0.04409668474932758
m2j8nqjszft6h1ryq8q61fmy	1	2	166	12	1	No-Go	NGW	0	0		1	0.0	1	0.024	0.975726037918337	-0.024875934453560684
m2j8nqjszft6h1ryq8q61fmy	1	2	170	13	1	No-Go	NGW	0	0		1	0.0	1	0.0137	0.9853225848559336	-0.014917458144659576
m2j8nqjszft6h1ryq8q61fmy	1	2	173	14	1	No-Go	NGW	0	0		1	1.0	0	0.0095	0.9906646214913631	-0.009439577828724429
m2j8nqjszft6h1ryq8q61fmy	1	2	180	15	1	No-Go	NGW	0	0		1	0.0	1	0.0342	0.963065507813445	-0.03823417737381919
m2j8nqjszft6h1ryq8q61fmy	1	2	181	16	1	No-Go	NGW	0	0		1	0.0	1	0.0233	0.9795025868931847	-0.020903495978381766
m2j8nqjszft6h1ryq8q61fmy	1	2	185	17	1	No-Go	NGW	0	0		1	0.0	1	0.011	0.9876676973128553	-0.012491580065673828
m2j8nqjszft6h1ryq8q61fmy	1	2	191	18	1	No-Go	NGW	0	0		1	0.0	1	0.008	0.992106430662538	-0.007964348095515153
m2j8nqjszft6h1ryq8q61fmy	1	2	195	19	1	No-Go	NGW	0	0		1	0.0	1	0.0074	0.9946780507650667	-0.0053566282220985206
m2j8nqjszft6h1ryq8q61fmy	1	2	199	20	1	No-Go	NGW	0	0		1	1.0	0	0.004	0.9962449771910671	-0.0037735340283085107
m2j8nqjszft6h1ryq8q61fmy	1	2	203	21	1	No-Go	NGW	0	0		1	0.0	1	0.0162	0.98172270723289	-0.018767199269800593
m2j8nqjszft6h1ryq8q61fmy	1	2	208	22	1	No-Go	NGW	0	0		1	0.0	1	0.0118	0.9894687006428814	-0.010671889277158151
m2j8nqjszft6h1ryq8q61fmy	1	2	210	23	1	No-Go	NGW	0	0		1	1.0	0	0.0068	0.9933256963150238	-0.006731976474248024
m2j8nqjszft6h1ryq8q61fmy	1	2	214	24	1	No-Go	NGW	0	0		1	0.0	1	0.0324	0.9681263379771848	-0.033586859502054756
m2j8nqjszft6h1ryq8q61fmy	1	2	217	25	1	No-Go	NGW	0	0		1	0.0	1	0.0157	0.9833190363353266	-0.017048240371394074
m2j8nqjszft6h1ryq8q61fmy	1	2	223	26	1	No-Go	NGW	0	0		1	0.0	1	0.0083	0.990163289824176	-0.009961790025401067
m2j8nqjszft6h1ryq8q61fmy	1	2	227	27	1	No-Go	NGW	0	0		1	0.0	1	0.0063	0.9937040568405471	-0.006349071374762231
m2j8nqjszft6h1ryq8q61fmy	1	2	229	28	1	No-Go	NGW	0	0		1	0.0	1	0.0046	0.9957100950242255	-0.004315981893120347
m2j8nqjszft6h1ryq8q61fmy	1	2	233	29	1	No-Go	NGW	0	0		1	1.0	0	0.0039	0.9969239223661056	-0.0030903609596795822
m2j8nqjszft6h1ryq8q61fmy	1	2	237	30	1	No-Go	NGW	0	0		1	0.0	1	0.0161	0.9834229641939237	-0.017097126082609587
m2j8nqjszft6h1ryq8q61fmy	1	2	122	1	1	Go	GW	1	1	0.466	1	1.0	0	0.6983	0.6928081667565943	-0.38594824718620235
m2j8nqjszft6h1ryq8q61fmy	1	2	127	2	1	Go	GW	1	1	0.729	1	0.0	1	0.464	0.4672517600197476	-0.8151075977279988
m2j8nqjszft6h1ryq8q61fmy	1	2	130	3	1	Go	GW	1	1	0.894	1	0.0	1	0.7468	0.7462042982716727	-0.30463185027843603
m2j8nqjszft6h1ryq8q61fmy	1	2	134	4	1	Go	GW	1	1	0.71	1	0.0	1	0.8899	0.8853287081577784	-0.12673011645297058
m2j8nqjszft6h1ryq8q61fmy	1	2	138	5	1	Go	GW	1	1	0.736	1	0.0	1	0.947	0.9448044067354519	-0.058624933278290825
m2j8nqjszft6h1ryq8q61fmy	1	2	141	6	1	Go	GW	1	1	0.543	1	0.0	1	0.9721	0.9713798018068379	-0.029731626922295612
m2j8nqjszft6h1ryq8q61fmy	1	2	145	7	1	Go	GW	1	1	0.459	1	0.0	1	0.9829	0.9841131105448372	-0.016287197181336876
m2j8nqjszft6h1ryq8q61fmy	1	2	150	8	1	Go	GW	1	1	0.423	1	0.0	1	0.9914	0.990631180127908	-0.0095265556995584
m2j8nqjszft6h1ryq8q61fmy	1	2	156	9	1	Go	GW	1	1	0.555	1	1.0	0	0.9949	0.9941675079980471	-0.005899777990231471
m2j8nqjszft6h1ryq8q61fmy	1	2	159	10	1	Go	GW	1	1	0.487	1	0.0	1	0.9775	0.9772866350194294	-0.02350266910459652
m2j8nqjszft6h1ryq8q61fmy	1	2	162	11	1	Go	GW	1	1	0.444	1	0.0	1	0.9867	0.9876799702353525	-0.01256084662415499
m2j8nqjszft6h1ryq8q61fmy	1	2	168	12	1	Go	GW	1	1	0.488	1	1.0	0	0.9932	0.9926781273568569	-0.007417900530281137
m2j8nqjszft6h1ryq8q61fmy	1	2	172	13	1	Go	GW	1	1	0.507	1	0.0	1	0.9701	0.9697121019078593	-0.0320585888332917
m2j8nqjszft6h1ryq8q61fmy	1	2	174	14	1	Go	GW	1	1	0.494	1	0.0	1	0.9851	0.9847135203291854	-0.01567892373580913
m2j8nqjszft6h1ryq8q61fmy	1	2	178	15	1	Go	GW	1	1	0.416	1	0.0	1	0.9909	0.9912908456097268	-0.008848537935743674
m2j8nqjszft6h1ryq8q61fmy	1	2	183	16	1	Go	GW	1	1	0.496	1	0.0	1	0.9934	0.9946315711362782	-0.005426728437375681
m2j8nqjszft6h1ryq8q61fmy	1	2	188	17	1	Go	GW	1	1	0.46	1	0.0	1	0.9962	0.9964846607857513	-0.0035423515041293767
m2j8nqjszft6h1ryq8q61fmy	1	2	189	18	1	Go	GW	1	1	0.468	1	0.0	1	0.9975	0.997578070880679	-0.002435531346648952
m2j8nqjszft6h1ryq8q61fmy	1	2	196	19	1	Go	GW	1	1	0.476	1	1.0	0	0.9992	0.9982548426414387	-0.0017525557926267323
m2j8nqjszft6h1ryq8q61fmy	1	2	197	20	1	Go	GW	1	1	0.457	1	0.0	1	0.9902	0.9904292248190258	-0.009889487178959717
m2j8nqjszft6h1ryq8q61fmy	1	2	201	21	1	Go	GW	1	1	0.487	1	0.0	1	0.9929	0.9947392457488616	-0.005325837762107461
m2j8nqjszft6h1ryq8q61fmy	1	2	205	22	1	Go	GW	1	1	0.404	1	0.0	1	0.9969	0.9966991085631175	-0.0033260335794254776
m2j8nqjszft6h1ryq8q61fmy	1	2	211	23	1	Go	GW	1	1	0.578	1	1.0	0	0.9977	0.9977609224994635	-0.0022510630695631584
m2j8nqjszft6h1ryq8q61fmy	1	2	215	24	1	Go	GW	1	1	0.46	1	0.0	1	0.9869	0.9873090729418649	-0.013323843448896306
m2j8nqjszft6h1ryq8q61fmy	1	2	220	25	1	Go	GW	1	1	0.48	1	0.0	1	0.9932	0.9935059959751432	-0.0066009625941214015
m2j8nqjszft6h1ryq8q61fmy	1	2	221	26	1	Go	GW	1	1	0.431	1	0.0	1	0.9962	0.9961108108267912	-0.003925412873742153
m2j8nqjszft6h1ryq8q61fmy	1	2	228	27	1	Go	GW	1	1	0.491	1	0.0	1	0.9975	0.997445203511516	-0.0025707083099821516
m2j8nqjszft6h1ryq8q61fmy	1	2	232	28	1	Go	GW	1	1	0.532	1	1.0	0	0.9982	0.9982075186809223	-0.0018006077282487893
m2j8nqjszft6h1ryq8q61fmy	1	2	234	29	1	Go	GW	1	1	0.409	1	0.0	1	0.9907	0.9892613930159119	-0.011220015843041256
m2j8nqjszft6h1ryq8q61fmy	1	2	240	30	1	Go	GW	1	1	0.72	1	0.0	1	0.9945	0.9944339025109926	-0.0056506987456266325
m2j8nqjszft6h1ryq8q61fmy	1	2	123	1	0	Go	GAL	1	1	0.525	1	0.0	1	0.6043	0.6090099694174181	-0.5065784280859064
m2j8nqjszft6h1ryq8q61fmy	1	2	126	2	0	Go	GAL	1	1	0.896	1	1.0	0	0.8063	0.8014164400476796	-0.22665975713703235
m2j8nqjszft6h1ryq8q61fmy	1	2	131	3	0	Go	GAL	1	0		0	0.0	0	0.5819	0.41960538998862695	-0.8930019170540391
m2j8nqjszft6h1ryq8q61fmy	1	2	136	4	0	Go	GAL	1	0		0	0.0	0	0.7661	0.2303682728409231	-1.5723074491314963
m2j8nqjszft6h1ryq8q61fmy	1	2	137	5	0	Go	GAL	1	1	0.37	1	0.0	1	0.8657	0.8706607261464862	-0.14463909976760847
m2j8nqjszft6h1ryq8q61fmy	1	2	144	6	0	Go	GAL	1	1	1.235	1	0.0	1	0.941	0.9419919683214361	-0.061665385530273786
m2j8nqjszft6h1ryq8q61fmy	1	2	147	7	0	Go	GAL	1	1	0.846	1	0.0	1	0.9712	0.9721110498417221	-0.028897599825290058
m2j8nqjszft6h1ryq8q61fmy	1	2	152	8	0	Go	GAL	1	1	0.564	1	0.0	1	0.9862	0.9856449800314562	-0.014667513215937632
m2j8nqjszft6h1ryq8q61fmy	1	2	154	9	0	Go	GAL	1	1	0.549	1	0.0	1	0.9918	0.9921357171402501	-0.007971319732024144
m2j8nqjszft6h1ryq8q61fmy	1	2	160	10	0	Go	GAL	1	1	0.556	1	1.0	0	0.9953	0.9954420126358665	-0.004598052931793287
m2j8nqjszft6h1ryq8q61fmy	1	2	163	11	0	Go	GAL	1	1	0.965	1	1.0	0	0.9847	0.9856276207575356	-0.01462879677385799
m2j8nqjszft6h1ryq8q61fmy	1	2	165	12	0	Go	GAL	1	1	0.643	1	0.0	1	0.9559	0.9569183325226605	-0.044974011480807444
m2j8nqjszft6h1ryq8q61fmy	1	2	169	13	0	Go	GAL	1	1	0.971	1	0.0	1	0.982	0.9802652825116592	-0.02017352404421582
m2j8nqjszft6h1ryq8q61fmy	1	2	175	14	0	Go	GAL	1	1	0.598	1	0.0	1	0.9904	0.989894511426131	-0.010240262443967122
m2j8nqjszft6h1ryq8q61fmy	1	2	177	15	0	Go	GAL	1	1	0.585	1	0.0	1	0.9946	0.9943965483028403	-0.005651166787461226
m2j8nqjszft6h1ryq8q61fmy	1	2	182	16	0	Go	GAL	1	1	0.957	1	0.0	1	0.9972	0.9966865820580005	-0.0033321924773618288
m2j8nqjszft6h1ryq8q61fmy	1	2	186	17	0	Go	GAL	1	1	0.495	1	1.0	0	0.9986	0.9979301333937663	-0.0020779375773309298
m2j8nqjszft6h1ryq8q61fmy	1	2	190	18	0	Go	GAL	1	1	0.425	1	0.0	1	0.9904	0.9924587111709281	-0.007618272601837093
m2j8nqjszft6h1ryq8q61fmy	1	2	193	19	0	Go	GAL	1	1	0.928	1	0.0	1	0.9961	0.9958384976672668	-0.004187239759536924
m2j8nqjszft6h1ryq8q61fmy	1	2	198	20	0	Go	GAL	1	1	0.55	1	0.0	1	0.9974	0.9975078607543987	-0.002502436677929194
m2j8nqjszft6h1ryq8q61fmy	1	2	202	21	0	Go	GAL	1	1	0.52	1	0.0	1	0.9984	0.9984128133800801	-0.0015917945763737184
m2j8nqjszft6h1ryq8q61fmy	1	2	207	22	0	Go	GAL	1	1	0.548	1	1.0	0	0.9992	0.9989360627897935	-0.0010661922411872575
m2j8nqjszft6h1ryq8q61fmy	1	2	209	23	0	Go	GAL	1	1	0.447	1	0.0	1	0.9936	0.9955602425576912	-0.004473934021718649
m2j8nqjszft6h1ryq8q61fmy	1	2	213	24	0	Go	GAL	1	1	0.51	1	0.0	1	0.9975	0.9974801194134243	-0.002530807268284893
m2j8nqjszft6h1ryq8q61fmy	1	2	219	25	0	Go	GAL	1	1	0.593	1	0.0	1	0.9989	0.9984327312316076	-0.001571805298304733
m2j8nqjszft6h1ryq8q61fmy	1	2	224	26	0	Go	GAL	1	1	0.484	1	0.0	1	0.999	0.9989608004152737	-0.001041360404134206
m2j8nqjszft6h1ryq8q61fmy	1	2	226	27	0	Go	GAL	1	1	0.485	1	0.0	1	0.9991	0.9992747796662815	-0.0007263581433075644
m2j8nqjszft6h1ryq8q61fmy	1	2	230	28	0	Go	GAL	1	1	0.637	1	0.0	1	0.9994	0.9994714798190036	-0.000529171101879596
m2j8nqjszft6h1ryq8q61fmy	1	2	235	29	0	Go	GAL	1	1	1.038	1	1.0	0	0.9996	0.9995999787806239	-0.0004004217377807177
m2j8nqjszft6h1ryq8q61fmy	1	2	239	30	0	Go	GAL	1	1	0.588	1	0.0	1	0.9977	0.9979691474979793	-0.0020423479530752133
m8r6o4nh90s3vbwadial0bfv	1	2	121	1	1	No-Go	NGW	0	0		1	0.0	1	0.6591	0.33500737910619305	-1.142173790901591
m8r6o4nh90s3vbwadial0bfv	1	2	127	2	1	No-Go	NGW	0	1	0.561	0	1.0	1	0.6409	0.6328731752302683	-0.4752344266900346
m8r6o4nh90s3vbwadial0bfv	1	2	130	3	1	No-Go	NGW	0	1	0.566	0	0.0	0	0.7204	0.7204262701100582	-0.33327439405928744
m8r6o4nh90s3vbwadial0bfv	1	2	133	4	1	No-Go	NGW	0	1	0.651	0	0.0	0	0.6667	0.6776320208794012	-0.3954195885128048
m8r6o4nh90s3vbwadial0bfv	1	2	139	5	1	No-Go	NGW	0	1	0.598	0	0.0	0	0.6421	0.6410883578293374	-0.453943222813674
m8r6o4nh90s3vbwadial0bfv	1	2	143	6	1	No-Go	NGW	0	0		1	0.0	1	0.602	0.3902946736990068	-0.969117127358089
m8r6o4nh90s3vbwadial0bfv	1	2	147	7	1	No-Go	NGW	0	0		1	0.0	1	0.5787	0.4181818540711815	-0.9017866997612726
m8r6o4nh90s3vbwadial0bfv	1	2	152	8	1	No-Go	NGW	0	0		1	0.0	1	0.5553	0.4420684581582429	-0.8456422421107792
m8r6o4nh90s3vbwadial0bfv	1	2	156	9	1	No-Go	NGW	0	1	0.782	0	0.0	0	0.5319	0.5368809012902798	-0.6445185637013715
m8r6o4nh90s3vbwadial0bfv	1	2	158	10	1	No-Go	NGW	0	1	0.687	0	1.0	1	0.5127	0.5087366847679153	-0.7041769255970256
m8r6o4nh90s3vbwadial0bfv	1	2	161	11	1	No-Go	NGW	0	1	0.583	0	1.0	1	0.6155	0.6196740771450195	-0.48985373917815406
m8r6o4nh90s3vbwadial0bfv	1	2	167	12	1	No-Go	NGW	0	1	0.423	0	0.0	0	0.6705	0.6639218414347173	-0.42121362625100855
m8r6o4nh90s3vbwadial0bfv	1	2	171	13	1	No-Go	NGW	0	1	0.642	0	0.0	0	0.6112	0.6146218237211463	-0.49874310874610406
m8r6o4nh90s3vbwadial0bfv	1	2	173	14	1	No-Go	NGW	0	1	0.554	0	0.0	0	0.5729	0.5735037861917939	-0.5721200406538097
m8r6o4nh90s3vbwadial0bfv	1	2	179	15	1	No-Go	NGW	0	1	0.591	0	0.0	0	0.5409	0.5388237592862791	-0.6389101832037957
m8r6o4nh90s3vbwadial0bfv	1	2	182	16	1	No-Go	NGW	0	0		1	0.0	1	0.5035	0.4910289452937609	-0.7352395763451595
m8r6o4nh90s3vbwadial0bfv	1	2	187	17	1	No-Go	NGW	0	0		1	1.0	0	0.4887	0.5100560929575713	-0.6954050378386462
m8r6o4nh90s3vbwadial0bfv	1	2	192	18	1	No-Go	NGW	0	1	0.855	0	0.0	0	0.5479	0.5433655550597294	-0.6223710262253301
m8r6o4nh90s3vbwadial0bfv	1	2	194	19	1	No-Go	NGW	0	0		1	0.0	1	0.5098	0.48291649879898757	-0.7451067328827518
m8r6o4nh90s3vbwadial0bfv	1	2	197	20	1	No-Go	NGW	0	0		1	0.0	1	0.5015	0.5123803055276126	-0.6850616023120454
m8r6o4nh90s3vbwadial0bfv	1	2	202	21	1	No-Go	NGW	0	0		1	1.0	0	0.4599	0.5359527035861039	-0.6402426351796746
m8r6o4nh90s3vbwadial0bfv	1	2	207	22	1	No-Go	NGW	0	1	0.593	0	0.0	0	0.5179	0.5147870226334244	-0.6796187258700376
m8r6o4nh90s3vbwadial0bfv	1	2	209	23	1	No-Go	NGW	0	1	0.777	0	0.0	0	0.497	0.491340657987444	-0.7292044177577647
m8r6o4nh90s3vbwadial0bfv	1	2	214	24	1	No-Go	NGW	0	0		1	0.0	1	0.4641	0.5297390533233349	-0.65409302809908
m8r6o4nh90s3vbwadial0bfv	1	2	218	25	1	No-Go	NGW	0	0		1	0.0	1	0.4322	0.5605986763259684	-0.5934357647934205
m8r6o4nh90s3vbwadial0bfv	1	2	222	26	1	No-Go	NGW	0	1	0.364	0	0.0	0	0.412	0.41523900429348004	-0.9068191344645962
m8r6o4nh90s3vbwadial0bfv	1	2	226	27	1	No-Go	NGW	0	1	0.588	0	0.0	0	0.3901	0.39679146221464784	-0.9565460884292296
m8r6o4nh90s3vbwadial0bfv	1	2	229	28	1	No-Go	NGW	0	0		1	0.0	1	0.3791	0.6198800716315546	-0.4923153295962744
m8r6o4nh90s3vbwadial0bfv	1	2	234	29	1	No-Go	NGW	0	0		1	1.0	0	0.3645	0.6390708212582946	-0.4614060580651439
m8r6o4nh90s3vbwadial0bfv	1	2	237	30	1	No-Go	NGW	0	1	0.617	0	0.0	0	0.4091	0.41073328039629914	-0.9313523044273752
m8r6o4nh90s3vbwadial0bfv	1	2	122	1	0	Go	GAL	1	0		0	0.0	0	0.5795	0.42578423861836856	-0.8684454801353915
m8r6o4nh90s3vbwadial0bfv	1	2	125	2	0	Go	GAL	1	1	0.722	1	0.0	1	0.5963	0.5920076864490671	-0.5302789353125898
m8r6o4nh90s3vbwadial0bfv	1	2	132	3	0	Go	GAL	1	1	0.856	1	1.0	0	0.6217	0.6254949265408412	-0.47684432316232045
m8r6o4nh90s3vbwadial0bfv	1	2	134	4	0	Go	GAL	1	0		0	0.0	0	0.5806	0.41447784595205656	-0.8918562652135296
m8r6o4nh90s3vbwadial0bfv	1	2	140	5	0	Go	GAL	1	1	0.711	1	0.0	1	0.6092	0.6012143295578859	-0.5135680206096983
m8r6o4nh90s3vbwadial0bfv	1	2	141	6	0	Go	GAL	1	1	0.608	1	0.0	1	0.63	0.6366115900714907	-0.45781115210976103
m8r6o4nh90s3vbwadial0bfv	1	2	145	7	0	Go	GAL	1	1	0.704	1	0.0	1	0.6596	0.6635173802252587	-0.417211091038501
m8r6o4nh90s3vbwadial0bfv	1	2	149	8	0	Go	GAL	1	1	0.793	1	0.0	1	0.6848	0.6853418911315893	-0.38488538547847356
m8r6o4nh90s3vbwadial0bfv	1	2	154	9	0	Go	GAL	1	1	0.704	1	1.0	0	0.707	0.7037630328037235	-0.3580012832633328
m8r6o4nh90s3vbwadial0bfv	1	2	157	10	0	Go	GAL	1	1	0.618	1	0.0	1	0.6604	0.6605608989393139	-0.41916176185936765
m8r6o4nh90s3vbwadial0bfv	1	2	164	11	0	Go	GAL	1	1	0.412	1	0.0	1	0.6894	0.6876427222520337	-0.3793295688166123
m8r6o4nh90s3vbwadial0bfv	1	2	165	12	0	Go	GAL	1	1	0.344	1	0.0	1	0.7059	0.7083915728558678	-0.3498129556740086
m8r6o4nh90s3vbwadial0bfv	1	2	172	13	0	Go	GAL	1	0		0	1.0	1	0.7188	0.27458112578247135	-1.327953983515919
m8r6o4nh90s3vbwadial0bfv	1	2	174	14	0	Go	GAL	1	0		0	0.0	0	0.6948	0.30718283957870374	-1.2020407493617091
m8r6o4nh90s3vbwadial0bfv	1	2	178	15	0	Go	GAL	1	1	0.674	1	0.0	1	0.6961	0.7085852081730739	-0.3487608384457127
m8r6o4nh90s3vbwadial0bfv	1	2	184	16	0	Go	GAL	1	1	0.591	1	0.0	1	0.7259	0.7236672066626473	-0.3275865635765143
m8r6o4nh90s3vbwadial0bfv	1	2	186	17	0	Go	GAL	1	1	0.551	1	0.0	1	0.7366	0.7368084308058819	-0.30947881716568815
m8r6o4nh90s3vbwadial0bfv	1	2	189	18	0	Go	GAL	1	1	0.642	1	0.0	1	0.7492	0.748452098594206	-0.29372257476658153
m8r6o4nh90s3vbwadial0bfv	1	2	195	19	0	Go	GAL	1	1	0.57	1	1.0	0	0.7647	0.7588911393169797	-0.27984455459835206
m8r6o4nh90s3vbwadial0bfv	1	2	199	20	0	Go	GAL	1	0		0	0.0	0	0.7174	0.2870813217474285	-1.2973101089679495
m8r6o4nh90s3vbwadial0bfv	1	2	201	21	0	Go	GAL	1	1	0.584	1	0.0	1	0.7279	0.7259377271095759	-0.32794642949307945
m8r6o4nh90s3vbwadial0bfv	1	2	205	22	0	Go	GAL	1	1	0.437	1	0.0	1	0.7466	0.7466510265175687	-0.2977799765827368
m8r6o4nh90s3vbwadial0bfv	1	2	211	23	0	Go	GAL	1	1	0.595	1	0.0	1	0.7641	0.7619844822685692	-0.27694137013148795
m8r6o4nh90s3vbwadial0bfv	1	2	216	24	0	Go	GAL	1	1	0.491	1	0.0	1	0.7766	0.7742794690369574	-0.2607374574885624
m8r6o4nh90s3vbwadial0bfv	1	2	220	25	0	Go	GAL	1	1	0.486	1	1.0	0	0.7868	0.7846010891676473	-0.2474253992796553
m8r6o4nh90s3vbwadial0bfv	1	2	223	26	0	Go	GAL	1	1	0.571	1	0.0	1	0.7427	0.7413395259856025	-0.3099434690603752
m8r6o4nh90s3vbwadial0bfv	1	2	228	27	0	Go	GAL	1	1	0.535	1	1.0	0	0.7682	0.7617997307081698	-0.27961071189691644
m8r6o4nh90s3vbwadial0bfv	1	2	232	28	0	Go	GAL	1	1	0.62	1	0.0	1	0.7247	0.7212898849872882	-0.3422725475716038
m8r6o4nh90s3vbwadial0bfv	1	2	236	29	0	Go	GAL	1	1	0.553	1	0.0	1	0.7435	0.7467669180599705	-0.3019038960075958
m8r6o4nh90s3vbwadial0bfv	1	2	238	30	0	Go	GAL	1	1	0.482	1	0.0	1	0.7638	0.7649070364360221	-0.2760326980629449
m8r6o4nh90s3vbwadial0bfv	1	2	123	1	1	Go	GW	1	0		0	1.0	1	0.6693	0.33500737910619305	-1.142173790901591
m8r6o4nh90s3vbwadial0bfv	1	2	128	2	1	Go	GW	1	0		0	0.0	0	0.6349	0.3671268247697316	-1.04670459278372
m8r6o4nh90s3vbwadial0bfv	1	2	131	3	1	Go	GW	1	1	0.861	1	0.0	1	0.6744	0.6706330179070996	-0.41519428740050923
m8r6o4nh90s3vbwadial0bfv	1	2	135	4	1	Go	GW	1	1	0.559	1	0.0	1	0.7534	0.751467013321667	-0.29211938914943614
m8r6o4nh90s3vbwadial0bfv	1	2	137	5	1	Go	GW	1	1	0.621	1	0.0	1	0.7813	0.7812319619702573	-0.2529448120983066
m8r6o4nh90s3vbwadial0bfv	1	2	142	6	1	Go	GW	1	0		0	1.0	1	0.7986	0.20219017899546354	-1.6859643885097113
m8r6o4nh90s3vbwadial0bfv	1	2	146	7	1	Go	GW	1	1	0.619	1	0.0	1	0.7756	0.7740464047239233	-0.26096379400021463
m8r6o4nh90s3vbwadial0bfv	1	2	150	8	1	Go	GW	1	0		0	0.0	0	0.7873	0.2135442487506889	-1.6043042853320022
m8r6o4nh90s3vbwadial0bfv	1	2	153	9	1	Go	GW	1	1	0.502	1	0.0	1	0.8027	0.8110003250264599	-0.21402533773552476
m8r6o4nh90s3vbwadial0bfv	1	2	159	10	1	Go	GW	1	0		0	0.0	0	0.8258	0.1798625748592858	-1.8000939706007832
m8r6o4nh90s3vbwadial0bfv	1	2	162	11	1	Go	GW	1	1	0.438	1	0.0	1	0.8367	0.837129316091408	-0.1816398300137215
m8r6o4nh90s3vbwadial0bfv	1	2	168	12	1	Go	GW	1	0		0	0.0	0	0.8405	0.15560624616723678	-1.9640590519128882
m8r6o4nh90s3vbwadial0bfv	1	2	169	13	1	Go	GW	1	1	0.841	1	0.0	1	0.8587	0.8572287887241917	-0.1571893010732192
m8r6o4nh90s3vbwadial0bfv	1	2	175	14	1	Go	GW	1	1	0.52	1	1.0	0	0.8653	0.8632206551891686	-0.1498114961833508
m8r6o4nh90s3vbwadial0bfv	1	2	177	15	1	Go	GW	1	1	0.42	1	0.0	1	0.8304	0.833813943158618	-0.18435849374891206
m8r6o4nh90s3vbwadial0bfv	1	2	183	16	1	Go	GW	1	1	0.822	1	0.0	1	0.8576	0.8549258381011897	-0.15924116148605325
m8r6o4nh90s3vbwadial0bfv	1	2	185	17	1	Go	GW	1	1	0.725	1	0.0	1	0.867	0.8646515761777523	-0.1478265096437054
m8r6o4nh90s3vbwadial0bfv	1	2	191	18	1	Go	GW	1	1	0.594	1	0.0	1	0.8727	0.8711689132426275	-0.14017840850268098
m8r6o4nh90s3vbwadial0bfv	1	2	196	19	1	Go	GW	1	1	0.667	1	0.0	1	0.8733	0.8763165483320472	-0.134173125090731
m8r6o4nh90s3vbwadial0bfv	1	2	198	20	1	Go	GW	1	1	0.572	1	1.0	0	0.8811	0.8807003162316113	-0.12910576349202313
m8r6o4nh90s3vbwadial0bfv	1	2	203	21	1	Go	GW	1	1	0.528	1	1.0	0	0.8448	0.8523493774411843	-0.1625971227297687
m8r6o4nh90s3vbwadial0bfv	1	2	208	22	1	Go	GW	1	1	0.349	1	0.0	1	0.8294	0.8250617395533504	-0.196796140345616
m8r6o4nh90s3vbwadial0bfv	1	2	210	23	1	Go	GW	1	1	0.405	1	0.0	1	0.8572	0.8600487755131285	-0.1532371453466846
m8r6o4nh90s3vbwadial0bfv	1	2	213	24	1	Go	GW	1	1	0.78	1	0.0	1	0.878	0.8726556416096046	-0.13853363087350684
m8r6o4nh90s3vbwadial0bfv	1	2	219	25	1	Go	GW	1	1	0.437	1	0.0	1	0.884	0.8797178712745813	-0.13040717231348395
m8r6o4nh90s3vbwadial0bfv	1	2	221	26	1	Go	GW	1	1	0.533	1	1.0	0	0.8855	0.8846875510378304	-0.12473925683555499
m8r6o4nh90s3vbwadial0bfv	1	2	227	27	1	Go	GW	1	1	0.347	1	0.0	1	0.8556	0.8566274332367179	-0.15810159911072802
m8r6o4nh90s3vbwadial0bfv	1	2	230	28	1	Go	GW	1	1	0.326	1	0.0	1	0.8757	0.8763205933462581	-0.13452577981518252
m8r6o4nh90s3vbwadial0bfv	1	2	233	29	1	Go	GW	1	1	0.721	1	0.0	1	0.8819	0.8844835372529353	-0.12513457137342704
m8r6o4nh90s3vbwadial0bfv	1	2	239	30	1	Go	GW	1	1	0.428	1	0.0	1	0.8854	0.8894771223750108	-0.11946877691911821
m8r6o4nh90s3vbwadial0bfv	1	2	124	1	0	No-Go	NGAL	0	0		1	0.0	1	0.5754	0.42578423861836856	-0.8684454801353915
m8r6o4nh90s3vbwadial0bfv	1	2	126	2	0	No-Go	NGAL	0	0		1	0.0	1	0.5354	0.46101853316213726	-0.7866287234651329
m8r6o4nh90s3vbwadial0bfv	1	2	129	3	0	No-Go	NGAL	0	0		1	0.0	1	0.5094	0.48991367619420506	-0.724996324056267
m8r6o4nh90s3vbwadial0bfv	1	2	136	4	0	No-Go	NGAL	0	0		1	1.0	0	0.4852	0.514463683069259	-0.6752862167843993
m8r6o4nh90s3vbwadial0bfv	1	2	138	5	0	No-Go	NGAL	0	0		1	0.0	1	0.5128	0.49075005115017245	-0.719753051899475
m8r6o4nh90s3vbwadial0bfv	1	2	144	6	0	No-Go	NGAL	0	0		1	0.0	1	0.4805	0.5173279129828645	-0.6667822122554624
m8r6o4nh90s3vbwadial0bfv	1	2	148	7	0	No-Go	NGAL	0	0		1	0.0	1	0.4692	0.5393476785236766	-0.6251157603105446
m8r6o4nh90s3vbwadial0bfv	1	2	151	8	0	No-Go	NGAL	0	0		1	0.0	1	0.4412	0.5584059687524394	-0.5902071310143187
m8r6o4nh90s3vbwadial0bfv	1	2	155	9	0	No-Go	NGAL	0	0		1	1.0	0	0.426	0.5753591827527892	-0.5600919956257235
m8r6o4nh90s3vbwadial0bfv	1	2	160	10	0	No-Go	NGAL	0	0		1	0.0	1	0.4494	0.550624301626725	-0.6047756585763019
m8r6o4nh90s3vbwadial0bfv	1	2	163	11	0	No-Go	NGAL	0	0		1	0.0	1	0.4287	0.5715298494063681	-0.5661572650198721
m8r6o4nh90s3vbwadial0bfv	1	2	166	12	0	No-Go	NGAL	0	0		1	0.0	1	0.406	0.5888224367126365	-0.5362338538346761
m8r6o4nh90s3vbwadial0bfv	1	2	170	13	0	No-Go	NGAL	0	0		1	1.0	0	0.3955	0.6038666406187211	-0.5111046662330948
m8r6o4nh90s3vbwadial0bfv	1	2	176	14	0	No-Go	NGAL	0	0		1	0.0	1	0.4195	0.5793074745004501	-0.5556829907071409
m8r6o4nh90s3vbwadial0bfv	1	2	180	15	0	No-Go	NGAL	0	0		1	0.0	1	0.4054	0.5983437921590048	-0.5210742160754777
m8r6o4nh90s3vbwadial0bfv	1	2	181	16	0	No-Go	NGAL	0	0		1	0.0	1	0.3873	0.6139025531037369	-0.49510723450134264
m8r6o4nh90s3vbwadial0bfv	1	2	188	17	0	No-Go	NGAL	0	0		1	0.0	1	0.3761	0.6273455983981825	-0.4736218218786082
m8r6o4nh90s3vbwadial0bfv	1	2	190	18	0	No-Go	NGAL	0	0		1	0.0	1	0.3521	0.6393510240520871	-0.4550845355651476
m8r6o4nh90s3vbwadial0bfv	1	2	193	19	0	No-Go	NGAL	0	0		1	0.0	1	0.3471	0.6502838912179746	-0.43872843119430566
m8r6o4nh90s3vbwadial0bfv	1	2	200	20	0	No-Go	NGAL	0	0		1	1.0	0	0.3418	0.6603586390305473	-0.42410156217062256
m8r6o4nh90s3vbwadial0bfv	1	2	204	21	0	No-Go	NGAL	0	0		1	0.0	1	0.3613	0.6360146191521037	-0.4667456446234071
m8r6o4nh90s3vbwadial0bfv	1	2	206	22	0	No-Go	NGAL	0	0		1	0.0	1	0.3467	0.6511963079180947	-0.4402973975287768
m8r6o4nh90s3vbwadial0bfv	1	2	212	23	0	No-Go	NGAL	0	0		1	1.0	0	0.3441	0.6633610269321163	-0.42150132660592765
m8r6o4nh90s3vbwadial0bfv	1	2	215	24	0	No-Go	NGAL	0	0		1	0.0	1	0.3592	0.6399192410981172	-0.464348332273279
m8r6o4nh90s3vbwadial0bfv	1	2	217	25	0	No-Go	NGAL	0	0		1	0.0	1	0.3426	0.6558132400199381	-0.4354103516648471
m8r6o4nh90s3vbwadial0bfv	1	2	224	26	0	No-Go	NGAL	0	0		1	0.0	1	0.334	0.6682987875975972	-0.41568471195633955
m8r6o4nh90s3vbwadial0bfv	1	2	225	27	0	No-Go	NGAL	0	0		1	1.0	0	0.3163	0.6787803471179291	-0.40025929583229525
m8r6o4nh90s3vbwadial0bfv	1	2	231	28	0	No-Go	NGAL	0	0		1	0.0	1	0.3462	0.655417366605736	-0.442770136228494
m8r6o4nh90s3vbwadial0bfv	1	2	235	29	0	No-Go	NGAL	0	0		1	0.0	1	0.3195	0.6702363503287546	-0.41599209648788266
m8r6o4nh90s3vbwadial0bfv	1	2	240	30	0	No-Go	NGAL	0	0		1	0.0	1	0.3194	0.6818097152023003	-0.3979248608800591
m8r6o4nh90s3vbwadial0bfv	1	1	2	1	1	Go	GW	1	1	0.768	1	1.0	0	0.665	0.664992620893807	-0.4232244698384579
m8r6o4nh90s3vbwadial0bfv	1	1	7	2	1	Go	GW	1	0		0	0.0	0	0.6354	0.3671268247697316	-1.04670459278372
m8r6o4nh90s3vbwadial0bfv	1	1	9	3	1	Go	GW	1	1	0.699	1	0.0	1	0.6554	0.664992620893807	-0.4232244698384579
m8r6o4nh90s3vbwadial0bfv	1	1	15	4	1	Go	GW	1	1	0.656	1	0.0	1	0.7536	0.7572134918996031	-0.2851538740507294
m8r6o4nh90s3vbwadial0bfv	1	1	20	5	1	Go	GW	1	1	0.711	1	0.0	1	0.787	0.7892064437725329	-0.24376261517646
m8r6o4nh90s3vbwadial0bfv	1	1	24	6	1	Go	GW	1	1	0.604	1	1.0	0	0.8011	0.8065248370565027	-0.22118854047262998
m8r6o4nh90s3vbwadial0bfv	1	1	27	7	1	Go	GW	1	0		0	0.0	0	0.7674	0.22838351570801604	-1.5341121599761764
m8r6o4nh90s3vbwadial0bfv	1	1	32	8	1	Go	GW	1	1	0.641	1	0.0	1	0.7862	0.790570390647109	-0.23964555933727977
m8r6o4nh90s3vbwadial0bfv	1	1	34	9	1	Go	GW	1	1	0.675	1	0.0	1	0.812	0.8185154500992651	-0.20552942418147646
m8r6o4nh90s3vbwadial0bfv	1	1	38	10	1	Go	GW	1	0		0	0.0	0	0.8335	0.167545909800927	-1.916460285104995
m8r6o4nh90s3vbwadial0bfv	1	1	41	11	1	Go	GW	1	1	0.643	1	0.0	1	0.8435	0.8448753072404733	-0.17303222585767633
m8r6o4nh90s3vbwadial0bfv	1	1	46	12	1	Go	GW	1	1	0.634	1	0.0	1	0.8556	0.8539263723077576	-0.16179187065483958
m8r6o4nh90s3vbwadial0bfv	1	1	52	13	1	Go	GW	1	1	0.82	1	0.0	1	0.866	0.8611395512553481	-0.15286034010820906
m8r6o4nh90s3vbwadial0bfv	1	1	56	14	1	Go	GW	1	0		0	1.0	1	0.8666	0.13272204377477573	-2.1516584755593033
m8r6o4nh90s3vbwadial0bfv	1	1	58	15	1	Go	GW	1	1	1.05	1	0.0	1	0.8462	0.8447363965879653	-0.17167610146334972
m8r6o4nh90s3vbwadial0bfv	1	1	63	16	1	Go	GW	1	1	0.918	1	0.0	1	0.8492	0.8505454725919979	-0.16463590960129795
m8r6o4nh90s3vbwadial0bfv	1	1	65	17	1	Go	GW	1	1	0.541	1	0.0	1	0.8544	0.8557337666723605	-0.15844510922228314
m8r6o4nh90s3vbwadial0bfv	1	1	72	18	1	Go	GW	1	1	0.819	1	0.0	1	0.8559	0.8604219634685006	-0.15293394868318325
m8r6o4nh90s3vbwadial0bfv	1	1	74	19	1	Go	GW	1	1	0.515	1	0.0	1	0.8661	0.8646888746988363	-0.14798762847128924
m8r6o4nh90s3vbwadial0bfv	1	1	77	20	1	Go	GW	1	1	0.668	1	1.0	0	0.866	0.8685908899015922	-0.1435223539258178
m8r6o4nh90s3vbwadial0bfv	1	1	82	21	1	Go	GW	1	1	0.466	1	1.0	0	0.8315	0.8349339326776204	-0.18669828193812416
m8r6o4nh90s3vbwadial0bfv	1	1	88	22	1	Go	GW	1	0		0	0.0	0	0.8088	0.19587335959519314	-1.81158092144551
m8r6o4nh90s3vbwadial0bfv	1	1	92	23	1	Go	GW	1	1	0.509	1	0.0	1	0.8228	0.825402547847318	-0.19841160797996044
m8r6o4nh90s3vbwadial0bfv	1	1	94	24	1	Go	GW	1	0		0	0.0	0	0.8548	0.13853234854169444	-2.1018142885953064
m8r6o4nh90s3vbwadial0bfv	1	1	100	25	1	Go	GW	1	1	0.861	1	0.0	1	0.8749	0.8734262058016653	-0.1376979531530533
m8r6o4nh90s3vbwadial0bfv	1	1	103	26	1	Go	GW	1	1	0.943	1	1.0	0	0.8865	0.8849842354260018	-0.12430914743341666
m8r6o4nh90s3vbwadial0bfv	1	1	107	27	1	Go	GW	1	0		0	0.0	0	0.8606	0.14215596044253678	-2.105375972236594
m8r6o4nh90s3vbwadial0bfv	1	1	109	28	1	Go	GW	1	1	0.746	1	0.0	1	0.8714	0.868137418630374	-0.1444920363459784
m8r6o4nh90s3vbwadial0bfv	1	1	113	29	1	Go	GW	1	0		0	0.0	0	0.8837	0.11146404788016127	-2.3500669788794326
m8r6o4nh90s3vbwadial0bfv	1	1	120	30	1	Go	GW	1	1	0.952	1	0.0	1	0.8972	0.8957378857644513	-0.11205900766236197
m8r6o4nh90s3vbwadial0bfv	1	1	4	1	1	No-Go	NGW	0	1	0.816	0	0.0	0	0.6555	0.664992620893807	-0.4232244698384579
m8r6o4nh90s3vbwadial0bfv	1	1	6	2	1	No-Go	NGW	0	0		1	1.0	0	0.6377	0.3671268247697316	-1.04670459278372
m8r6o4nh90s3vbwadial0bfv	1	1	12	3	1	No-Go	NGW	0	1	0.605	0	0.0	0	0.67	0.664992620893807	-0.4232244698384579
m8r6o4nh90s3vbwadial0bfv	1	1	13	4	1	No-Go	NGW	0	0		1	0.0	1	0.6385	0.36091831895477605	-1.0641985478308609
m8r6o4nh90s3vbwadial0bfv	1	1	19	5	1	No-Go	NGW	0	1	0.858	0	0.0	0	0.5979	0.5992157601266622	-0.534811106348788
m8r6o4nh90s3vbwadial0bfv	1	1	22	6	1	No-Go	NGW	0	1	0.746	0	0.0	0	0.5836	0.5757736379676575	-0.5786076625336076
m8r6o4nh90s3vbwadial0bfv	1	1	26	7	1	No-Go	NGW	0	0		1	0.0	1	0.5496	0.44488987644685146	-0.8518784369865071
m8r6o4nh90s3vbwadial0bfv	1	1	29	8	1	No-Go	NGW	0	1	0.771	0	0.0	0	0.5223	0.5225084311529218	-0.6889094546551954
m8r6o4nh90s3vbwadial0bfv	1	1	36	9	1	No-Go	NGW	0	0		1	0.0	1	0.5004	0.4961038561277481	-0.7417471636529098
m8r6o4nh90s3vbwadial0bfv	1	1	40	10	1	No-Go	NGW	0	0		1	1.0	0	0.4807	0.5228373631294397	-0.6890862770489219
m8r6o4nh90s3vbwadial0bfv	1	1	42	11	1	No-Go	NGW	0	1	0.627	0	1.0	1	0.519	0.5237148274385787	-0.6840398332112418
m8r6o4nh90s3vbwadial0bfv	1	1	48	12	1	No-Go	NGW	0	1	0.492	0	0.0	0	0.6608	0.6624937160772484	-0.42600865803557125
m8r6o4nh90s3vbwadial0bfv	1	1	51	13	1	No-Go	NGW	0	1	0.726	0	0.0	0	0.6199	0.6244435003636483	-0.48205945454038107
m8r6o4nh90s3vbwadial0bfv	1	1	54	14	1	No-Go	NGW	0	1	0.674	0	0.0	0	0.584	0.5916592633631661	-0.5351147123210781
m8r6o4nh90s3vbwadial0bfv	1	1	60	15	1	No-Go	NGW	0	1	0.857	0	0.0	0	0.5616	0.5633013491734893	-0.5846380323569151
m8r6o4nh90s3vbwadial0bfv	1	1	62	16	1	No-Go	NGW	0	1	0.661	0	0.0	0	0.5403	0.5384031230017011	-0.6310893188667446
m8r6o4nh90s3vbwadial0bfv	1	1	66	17	1	No-Go	NGW	0	0		1	1.0	0	0.5172	0.48376296314880335	-0.7422323583342556
m8r6o4nh90s3vbwadial0bfv	1	1	70	18	1	No-Go	NGW	0	1	0.808	0	0.0	0	0.555	0.5527624036388105	-0.6061353598421603
m8r6o4nh90s3vbwadial0bfv	1	1	76	19	1	No-Go	NGW	0	1	1.054	0	0.0	0	0.5231	0.5328961865328232	-0.6451710210456464
m8r6o4nh90s3vbwadial0bfv	1	1	79	20	1	No-Go	NGW	0	0		1	0.0	1	0.512	0.4852812396889771	-0.746769487222273
m8r6o4nh90s3vbwadial0bfv	1	1	84	21	1	No-Go	NGW	0	0		1	1.0	0	0.4732	0.5260060544151496	-0.6568129824234368
m8r6o4nh90s3vbwadial0bfv	1	1	87	22	1	No-Go	NGW	0	0		1	0.0	1	0.513	0.48708088273876055	-0.7399931878889914
m8r6o4nh90s3vbwadial0bfv	1	1	89	23	1	No-Go	NGW	0	1	0.512	0	0.0	0	0.4632	0.4731123466913517	-0.7657147327081537
m8r6o4nh90s3vbwadial0bfv	1	1	95	24	1	No-Go	NGW	0	1	0.533	0	0.0	0	0.4586	0.456499554529934	-0.8043581241626921
m8r6o4nh90s3vbwadial0bfv	1	1	97	25	1	No-Go	NGW	0	0		1	0.0	1	0.443	0.5588034278752786	-0.5969038506788202
m8r6o4nh90s3vbwadial0bfv	1	1	104	26	1	No-Go	NGW	0	0		1	0.0	1	0.4033	0.5894970595677332	-0.5419088677448527
m8r6o4nh90s3vbwadial0bfv	1	1	106	27	1	No-Go	NGW	0	1	0.95	0	0.0	0	0.3839	0.38565458507022304	-0.9857607072668803
m8r6o4nh90s3vbwadial0bfv	1	1	110	28	1	No-Go	NGW	0	1	0.63	0	0.0	0	0.3767	0.37215026558557385	-1.0254171776297392
m8r6o4nh90s3vbwadial0bfv	1	1	116	29	1	No-Go	NGW	0	1	1.161	0	1.0	1	0.3567	0.35967033239494456	-1.0641456351667073
m8r6o4nh90s3vbwadial0bfv	1	1	117	30	1	No-Go	NGW	0	1	0.749	0	0.0	0	0.5051	0.5130128960443235	-0.749403066504116
m8r6o4nh90s3vbwadial0bfv	1	1	3	1	0	No-Go	NGAL	0	1	0.751	0	0.0	0	0.5796	0.5742157613816314	-0.5630056326889677
m8r6o4nh90s3vbwadial0bfv	1	1	8	2	0	No-Go	NGAL	0	1	0.81	0	0.0	0	0.5436	0.5389814668378627	-0.627458686759936
m8r6o4nh90s3vbwadial0bfv	1	1	11	3	0	No-Go	NGAL	0	0		1	0.0	1	0.5077	0.48991367619420506	-0.724996324056267
m8r6o4nh90s3vbwadial0bfv	1	1	14	4	0	No-Go	NGAL	0	0		1	1.0	0	0.4773	0.5253462702999474	-0.6568663879191597
m8r6o4nh90s3vbwadial0bfv	1	1	17	5	0	No-Go	NGAL	0	1	0.902	0	0.0	0	0.4854	0.4953277681883765	-0.7128373280902907
m8r6o4nh90s3vbwadial0bfv	1	1	23	6	0	No-Go	NGAL	0	1	0.779	0	0.0	0	0.4646	0.47079652924637166	-0.7657644762889491
m8r6o4nh90s3vbwadial0bfv	1	1	28	7	0	No-Go	NGAL	0	0		1	0.0	1	0.4397	0.5505423467174516	-0.6057615268242776
m8r6o4nh90s3vbwadial0bfv	1	1	30	8	0	No-Go	NGAL	0	1	0.99	0	0.0	0	0.414	0.4175459062114701	-0.8974516708708317
m8r6o4nh90s3vbwadial0bfv	1	1	35	9	0	No-Go	NGAL	0	1	1.012	0	1.0	1	0.3974	0.3990129802893686	-0.9438604836714476
m8r6o4nh90s3vbwadial0bfv	1	1	39	10	0	No-Go	NGAL	0	1	1.139	0	0.0	0	0.4493	0.4510140046826943	-0.8073465781169971
m8r6o4nh90s3vbwadial0bfv	1	1	43	11	0	No-Go	NGAL	0	1	0.713	0	0.0	0	0.4195	0.4218962697085416	-0.8769297950683448
m8r6o4nh90s3vbwadial0bfv	1	1	47	12	0	No-Go	NGAL	0	1	0.591	0	0.0	0	0.397	0.39897203545695237	-0.93658225070406
m8r6o4nh90s3vbwadial0bfv	1	1	50	13	0	No-Go	NGAL	0	0		1	1.0	0	0.39	0.6201748956341138	-0.48530290501091056
m8r6o4nh90s3vbwadial0bfv	1	1	55	14	0	No-Go	NGAL	0	1	0.861	0	0.0	0	0.4015	0.39967782997051016	-0.9331749563114435
m8r6o4nh90s3vbwadial0bfv	1	1	57	15	0	No-Go	NGAL	0	0		1	0.0	1	0.3902	0.6172740870491001	-0.4893725880886745
m8r6o4nh90s3vbwadial0bfv	1	1	61	16	0	No-Go	NGAL	0	1	0.731	0	0.0	0	0.3583	0.35427906202998877	-1.0621196061357865
m8r6o4nh90s3vbwadial0bfv	1	1	67	17	0	No-Go	NGAL	0	1	0.632	0	0.0	0	0.3423	0.33972003977610526	-1.1059527936275213
m8r6o4nh90s3vbwadial0bfv	1	1	71	18	0	No-Go	NGAL	0	1	0.717	0	0.0	0	0.3235	0.3266021773442183	-1.1472186887234173
m8r6o4nh90s3vbwadial0bfv	1	1	75	19	0	No-Go	NGAL	0	1	0.799	0	0.0	0	0.3132	0.31465390787716635	-1.1867041633932556
m8r6o4nh90s3vbwadial0bfv	1	1	78	20	0	No-Go	NGAL	0	0		1	1.0	0	0.3094	0.696312548312627	-0.36827847832649013
m8r6o4nh90s3vbwadial0bfv	1	1	81	21	0	No-Go	NGAL	0	0		1	0.0	1	0.3257	0.6780057761381522	-0.39601014344222435
m8r6o4nh90s3vbwadial0bfv	1	1	86	22	0	No-Go	NGAL	0	1	1.057	0	0.0	0	0.2994	0.2970886828651355	-1.2495934357983352
m8r6o4nh90s3vbwadial0bfv	1	1	90	23	0	No-Go	NGAL	0	0		1	1.0	0	0.2883	0.7129506680223155	-0.3446125812892202
m8r6o4nh90s3vbwadial0bfv	1	1	93	24	0	No-Go	NGAL	0	1	1.007	0	0.0	0	0.306	0.30515597425719515	-1.22824613930207
m8r6o4nh90s3vbwadial0bfv	1	1	98	25	0	No-Go	NGAL	0	0		1	0.0	1	0.3029	0.7044748118635038	-0.35852018056356677
m8r6o4nh90s3vbwadial0bfv	1	1	101	26	0	No-Go	NGAL	0	0		1	0.0	1	0.2741	0.7273236708814573	-0.32485203022854375
m8r6o4nh90s3vbwadial0bfv	1	1	108	27	0	No-Go	NGAL	0	0		1	1.0	0	0.257	0.7447780213128866	-0.3007607131312204
m8r6o4nh90s3vbwadial0bfv	1	1	111	28	0	No-Go	NGAL	0	1	0.818	0	0.0	0	0.2706	0.273628069879846	-1.3529313044561935
m8r6o4nh90s3vbwadial0bfv	1	1	115	29	0	No-Go	NGAL	0	1	0.999	0	0.0	0	0.2622	0.2650602120918036	-1.3891844466301717
m8r6o4nh90s3vbwadial0bfv	1	1	118	30	0	No-Go	NGAL	0	0		1	0.0	1	0.2618	0.7429345084637582	-0.3055489228726749
m8r6o4nh90s3vbwadial0bfv	1	1	1	1	0	Go	GAL	1	1	0.597	1	0.0	1	0.5793	0.5742157613816314	-0.5630056326889677
m8r6o4nh90s3vbwadial0bfv	1	1	5	2	0	Go	GAL	1	1	0.517	1	0.0	1	0.6077	0.6083517856269239	-0.5063191908839382
m8r6o4nh90s3vbwadial0bfv	1	1	10	3	0	Go	GAL	1	1	0.775	1	1.0	0	0.6315	0.6350691753664367	-0.46386299659464825
m8r6o4nh90s3vbwadial0bfv	1	1	16	4	0	Go	GAL	1	1	0.812	1	0.0	1	0.587	0.5914546052585762	-0.5333702633365162
m8r6o4nh90s3vbwadial0bfv	1	1	18	5	0	Go	GAL	1	0		0	0.0	0	0.6219	0.3754720152523033	-1.001907752719219
m8r6o4nh90s3vbwadial0bfv	1	1	21	6	0	Go	GAL	1	1	0.839	1	0.0	1	0.645	0.6415050950465483	-0.4504441914012116
m8r6o4nh90s3vbwadial0bfv	1	1	25	7	0	Go	GAL	1	1	0.847	1	0.0	1	0.6643	0.6663484743249576	-0.41297881460260966
m8r6o4nh90s3vbwadial0bfv	1	1	31	8	0	Go	GAL	1	0		0	0.0	0	0.6825	0.31332670113307065	-1.195450535591802
m8r6o4nh90s3vbwadial0bfv	1	1	33	9	0	Go	GAL	1	1	0.603	1	1.0	0	0.7004	0.7003057851745617	-0.36251093146042196
m8r6o4nh90s3vbwadial0bfv	1	1	37	10	0	Go	GAL	1	1	0.922	1	0.0	1	0.6511	0.657497831023119	-0.42370541424765484
m8r6o4nh90s3vbwadial0bfv	1	1	44	11	0	Go	GAL	1	1	1.005	1	0.0	1	0.688	0.6853728013316746	-0.3825069199771166
m8r6o4nh90s3vbwadial0bfv	1	1	45	12	0	Go	GAL	1	0		0	0.0	0	0.7051	0.2933568155863179	-1.2560205093923897
m8r6o4nh90s3vbwadial0bfv	1	1	49	13	0	Go	GAL	1	1	0.679	1	1.0	0	0.7201	0.7185858773892094	-0.3353732290569796
m8r6o4nh90s3vbwadial0bfv	1	1	53	14	0	Go	GAL	1	0		0	0.0	0	0.6732	0.32249636769399215	-1.1519574825653363
m8r6o4nh90s3vbwadial0bfv	1	1	59	15	0	Go	GAL	1	1	0.925	1	0.0	1	0.6889	0.6891408274469575	-0.37730559561275556
m8r6o4nh90s3vbwadial0bfv	1	1	64	16	0	Go	GAL	1	0		0	0.0	0	0.7144	0.28392751191264337	-1.2906351292365306
m8r6o4nh90s3vbwadial0bfv	1	1	68	17	0	Go	GAL	1	1	0.76	1	0.0	1	0.73	0.7260628533308945	-0.3253729806258582
m8r6o4nh90s3vbwadial0bfv	1	1	69	18	0	Go	GAL	1	1	0.946	1	0.0	1	0.7378	0.7457257056028155	-0.298546975451393
m8r6o4nh90s3vbwadial0bfv	1	1	73	19	0	Go	GAL	1	1	0.989	1	1.0	0	0.7634	0.761534313542513	-0.2773738116894158
m8r6o4nh90s3vbwadial0bfv	1	1	80	20	0	Go	GAL	1	1	0.788	1	0.0	1	0.7207	0.7219079305093427	-0.33181042483876005
m8r6o4nh90s3vbwadial0bfv	1	1	83	21	0	Go	GAL	1	0		0	0.0	0	0.7478	0.25432532279100584	-1.419180582395701
m8r6o4nh90s3vbwadial0bfv	1	1	85	22	0	Go	GAL	1	1	1.277	1	0.0	1	0.7462	0.7541554745308887	-0.28790164366628385
m8r6o4nh90s3vbwadial0bfv	1	1	91	23	0	Go	GAL	1	0		0	0.0	0	0.7707	0.22862522111134612	-1.5476308285350049
m8r6o4nh90s3vbwadial0bfv	1	1	96	24	0	Go	GAL	1	1	1.026	1	0.0	1	0.7751	0.7786961570401186	-0.25603397245985743
m8r6o4nh90s3vbwadial0bfv	1	1	99	25	0	Go	GAL	1	1	0.927	1	1.0	0	0.787	0.7921003140538998	-0.23860598404438485
m8r6o4nh90s3vbwadial0bfv	1	1	102	26	0	Go	GAL	1	0		0	0.0	0	0.7591	0.24568909731607683	-1.50754254900737
m8r6o4nh90s3vbwadial0bfv	1	1	105	27	0	Go	GAL	1	1	0.915	1	1.0	0	0.7628	0.7613041078690282	-0.2815404669398262
m8r6o4nh90s3vbwadial0bfv	1	1	112	28	0	Go	GAL	1	1	0.965	1	0.0	1	0.7215	0.7287373792024561	-0.3299058077527019
m8r6o4nh90s3vbwadial0bfv	1	1	114	29	0	Go	GAL	1	1	0.784	1	0.0	1	0.7595	0.757941536356927	-0.28634427631641496
m8r6o4nh90s3vbwadial0bfv	1	1	119	30	0	Go	GAL	1	1	0.907	1	0.0	1	0.784	0.7782401408072216	-0.2585220201706756
mjis8e000aa6i3mflf0qfdhn	1	2	124	1	0	No-Go	NGAL	0	1	0.71	0	0.0	0	0.6919	0.6922766739705617	-0.37318078125576243
mjis8e000aa6i3mflf0qfdhn	1	2	127	2	0	No-Go	NGAL	0	0		1	0.0	1	0.5598	0.44159763101897753	-0.8821079782415414
mjis8e000aa6i3mflf0qfdhn	1	2	129	3	0	No-Go	NGAL	0	0		1	1.0	0	0.4265	0.5657498996867132	-0.6679863036529496
mjis8e000aa6i3mflf0qfdhn	1	2	134	4	0	No-Go	NGAL	0	1	0.529	0	0.0	0	0.5924	0.5911856286240611	-0.536540796103867
mjis8e000aa6i3mflf0qfdhn	1	2	137	5	0	No-Go	NGAL	0	1	0.588	0	0.0	0	0.4915	0.48879538084357155	-0.742365829911746
mjis8e000aa6i3mflf0qfdhn	1	2	144	6	0	No-Go	NGAL	0	1	0.642	0	0.0	0	0.4099	0.4123324595034876	-0.938162517917912
mjis8e000aa6i3mflf0qfdhn	1	2	148	7	0	No-Go	NGAL	0	1	0.471	0	0.0	0	0.3587	0.35483492802302363	-1.1098092963441395
mjis8e000aa6i3mflf0qfdhn	1	2	152	8	0	No-Go	NGAL	0	1	0.491	0	0.0	0	0.3025	0.30994647645932305	-1.2579275605747888
mjis8e000aa6i3mflf0qfdhn	1	2	155	9	0	No-Go	NGAL	0	0		1	0.0	1	0.2728	0.7262014401366782	-0.3317312008498866
mjis8e000aa6i3mflf0qfdhn	1	2	158	10	0	No-Go	NGAL	0	1	0.811	0	1.0	1	0.1878	0.1831020875197112	-2.149885339390133
mjis8e000aa6i3mflf0qfdhn	1	2	162	11	0	No-Go	NGAL	0	1	0.663	0	1.0	1	0.3413	0.33898984029485607	-1.1310155452635222
mjis8e000aa6i3mflf0qfdhn	1	2	168	12	0	No-Go	NGAL	0	1	0.505	0	0.0	0	0.5061	0.5006785673934054	-0.7756034611575615
mjis8e000aa6i3mflf0qfdhn	1	2	170	13	0	No-Go	NGAL	0	1	0.677	0	0.0	0	0.3465	0.3502116442686218	-1.0783386259072323
mjis8e000aa6i3mflf0qfdhn	1	2	175	14	0	No-Go	NGAL	0	1	0.491	0	0.0	0	0.2589	0.25903591988543717	-1.4237116623136823
mjis8e000aa6i3mflf0qfdhn	1	2	177	15	0	No-Go	NGAL	0	1	0.664	0	0.0	0	0.2029	0.20573116000143318	-1.72830438465597
mjis8e000aa6i3mflf0qfdhn	1	2	181	16	0	No-Go	NGAL	0	1	0.797	0	1.0	1	0.1691	0.1703938027654016	-1.9687625038817536
mjis8e000aa6i3mflf0qfdhn	1	2	188	17	0	No-Go	NGAL	0	0		1	0.0	1	0.3314	0.665828709397951	-0.4311229427509348
mjis8e000aa6i3mflf0qfdhn	1	2	189	18	0	No-Go	NGAL	0	1	0.892	0	0.0	0	0.2383	0.23663331806625773	-1.4964476236366058
mjis8e000aa6i3mflf0qfdhn	1	2	195	19	0	No-Go	NGAL	0	0		1	0.0	1	0.1634	0.8349220973841739	-0.18522263615273668
mjis8e000aa6i3mflf0qfdhn	1	2	197	20	0	No-Go	NGAL	0	1	0.673	0	0.0	0	0.1325	0.12723844909668383	-2.3033894882838393
mjis8e000aa6i3mflf0qfdhn	1	2	202	21	0	No-Go	NGAL	0	0		1	0.0	1	0.1048	0.9000935387536101	-0.10927358451216701
mjis8e000aa6i3mflf0qfdhn	1	2	206	22	0	No-Go	NGAL	0	0		1	1.0	0	0.0742	0.9192100370616394	-0.08728344482970649
mjis8e000aa6i3mflf0qfdhn	1	2	212	23	0	No-Go	NGAL	0	0		1	0.0	1	0.1681	0.8328881315327926	-0.19761196308994852
mjis8e000aa6i3mflf0qfdhn	1	2	214	24	0	No-Go	NGAL	0	0		1	0.0	1	0.0981	0.9016060236887834	-0.10513556359689127
mjis8e000aa6i3mflf0qfdhn	1	2	217	25	0	No-Go	NGAL	0	1	0.743	0	0.0	0	0.0687	0.07097161776925759	-2.8395940277496075
mjis8e000aa6i3mflf0qfdhn	1	2	224	26	0	No-Go	NGAL	0	0		1	0.0	1	0.0581	0.9430495376448081	-0.0595964008783269
mjis8e000aa6i3mflf0qfdhn	1	2	226	27	0	No-Go	NGAL	0	0		1	0.0	1	0.0441	0.9548075166619306	-0.04702972684530212
mjis8e000aa6i3mflf0qfdhn	1	2	232	28	0	No-Go	NGAL	0	0		1	0.0	1	0.036	0.9626232908346359	-0.0386990945370378
mjis8e000aa6i3mflf0qfdhn	1	2	234	29	0	No-Go	NGAL	0	0		1	0.0	1	0.0337	0.9683119752810945	-0.032659208882487814
mjis8e000aa6i3mflf0qfdhn	1	2	239	30	0	No-Go	NGAL	0	0		1	1.0	0	0.0284	0.972655118497247	-0.028071172127100415
mjis8e000aa6i3mflf0qfdhn	1	2	121	1	0	Go	GAL	1	1	0.498	1	0.0	1	0.7012	0.6922766739705617	-0.37318078125576243
mjis8e000aa6i3mflf0qfdhn	1	2	126	2	0	Go	GAL	1	1	0.594	1	0.0	1	0.7902	0.7935376364348602	-0.2383434432718529
mjis8e000aa6i3mflf0qfdhn	1	2	130	3	0	Go	GAL	1	1	0.379	1	1.0	0	0.8466	0.8453495536401068	-0.17524372202618413
mjis8e000aa6i3mflf0qfdhn	1	2	136	4	0	Go	GAL	1	0		0	0.0	0	0.7233	0.27565563311598923	-1.335633304708042
mjis8e000aa6i3mflf0qfdhn	1	2	139	5	0	Go	GAL	1	1	0.434	1	0.0	1	0.8115	0.8067199106872159	-0.22354941303221632
mjis8e000aa6i3mflf0qfdhn	1	2	142	6	0	Go	GAL	1	1	0.45	1	0.0	1	0.8557	0.8608296600592679	-0.15939821614874555
mjis8e000aa6i3mflf0qfdhn	1	2	146	7	0	Go	GAL	1	1	0.391	1	1.0	0	0.8948	0.8909758532504652	-0.12283993615218426
mjis8e000aa6i3mflf0qfdhn	1	2	150	8	0	Go	GAL	1	1	0.417	1	0.0	1	0.83	0.8290966314908125	-0.19295582377694329
mjis8e000aa6i3mflf0qfdhn	1	2	153	9	0	Go	GAL	1	1	0.495	1	0.0	1	0.8822	0.8787281576006011	-0.13575833632277184
mjis8e000aa6i3mflf0qfdhn	1	2	160	10	0	Go	GAL	1	1	0.696	1	0.0	1	0.9103	0.9054153219917658	-0.10452242475868465
mjis8e000aa6i3mflf0qfdhn	1	2	164	11	0	Go	GAL	1	1	0.798	1	1.0	0	0.9212	0.9235981759931876	-0.08325202236624729
mjis8e000aa6i3mflf0qfdhn	1	2	167	12	0	Go	GAL	1	1	0.495	1	0.0	1	0.8736	0.8735421909260253	-0.13801543970409763
mjis8e000aa6i3mflf0qfdhn	1	2	171	13	0	Go	GAL	1	1	0.32	1	0.0	1	0.9055	0.9098881957961837	-0.09762059648206378
mjis8e000aa6i3mflf0qfdhn	1	2	174	14	0	Go	GAL	1	1	0.533	1	0.0	1	0.9345	0.9294377325861846	-0.0757619949623096
mjis8e000aa6i3mflf0qfdhn	1	2	178	15	0	Go	GAL	1	1	0.414	1	0.0	1	0.9422	0.9426829547108082	-0.06095109658809674
mjis8e000aa6i3mflf0qfdhn	1	2	183	16	0	Go	GAL	1	1	0.426	1	0.0	1	0.952	0.9525162680684374	-0.050043925547297044
mjis8e000aa6i3mflf0qfdhn	1	2	187	17	0	Go	GAL	1	1	0.639	1	0.0	1	0.9622	0.9601263714361248	-0.0416935695930622
mjis8e000aa6i3mflf0qfdhn	1	2	192	18	0	Go	GAL	1	1	0.493	1	0.0	1	0.9669	0.9661486941813114	-0.03515781594027727
mjis8e000aa6i3mflf0qfdhn	1	2	194	19	0	Go	GAL	1	1	0.734	1	1.0	0	0.9713	0.9709815138202823	-0.029966393218653346
mjis8e000aa6i3mflf0qfdhn	1	2	200	20	0	Go	GAL	1	1	0.483	1	0.0	1	0.9408	0.9402918906029163	-0.06217346357572941
mjis8e000aa6i3mflf0qfdhn	1	2	204	21	0	Go	GAL	1	1	0.462	1	0.0	1	0.9571	0.9585786964011751	-0.04273042622845386
mjis8e000aa6i3mflf0qfdhn	1	2	205	22	0	Go	GAL	1	1	0.438	1	0.0	1	0.9714	0.9674567607631692	-0.033450684438560266
mjis8e000aa6i3mflf0qfdhn	1	2	209	23	0	Go	GAL	1	1	0.593	1	1.0	0	0.9727	0.9731054825649568	-0.027554486796763318
mjis8e000aa6i3mflf0qfdhn	1	2	216	24	0	Go	GAL	1	1	0.456	1	0.0	1	0.9425	0.9383809142975293	-0.06447905400704912
mjis8e000aa6i3mflf0qfdhn	1	2	218	25	0	Go	GAL	1	1	0.521	1	0.0	1	0.9626	0.9604856500623273	-0.04063454063498739
mjis8e000aa6i3mflf0qfdhn	1	2	222	26	0	Go	GAL	1	0		0	1.0	1	0.9672	0.030004443559621903	-3.8150222652885466
mjis8e000aa6i3mflf0qfdhn	1	2	225	27	0	Go	GAL	1	1	0.389	1	0.0	1	0.9387	0.9394180401072193	-0.0634474864238854
mjis8e000aa6i3mflf0qfdhn	1	2	229	28	0	Go	GAL	1	1	0.434	1	0.0	1	0.9505	0.9524153352431238	-0.04927042867730368
mjis8e000aa6i3mflf0qfdhn	1	2	233	29	0	Go	GAL	1	1	0.542	1	0.0	1	0.9633	0.9602013189578369	-0.04098337004202002
mjis8e000aa6i3mflf0qfdhn	1	2	237	30	0	Go	GAL	1	1	0.476	1	0.0	1	0.9635	0.9653875708778894	-0.035532204480464624
mjis8e000aa6i3mflf0qfdhn	1	2	123	1	1	No-Go	NGW	0	1	0.494	0	0.0	0	0.6448	0.6476128105610934	-0.49837036916768096
mjis8e000aa6i3mflf0qfdhn	1	2	125	2	1	No-Go	NGW	0	0		1	0.0	1	0.5225	0.4734001425542777	-0.7995284069962002
mjis8e000aa6i3mflf0qfdhn	1	2	131	3	1	No-Go	NGW	0	0		1	0.0	1	0.3946	0.6113007384078367	-0.5130343473542627
mjis8e000aa6i3mflf0qfdhn	1	2	135	4	1	No-Go	NGW	0	0		1	1.0	0	0.2985	0.6997009372755967	-0.37578935527949237
mjis8e000aa6i3mflf0qfdhn	1	2	138	5	1	No-Go	NGW	0	0		1	0.0	1	0.4995	0.5126372930421792	-0.724951119730788
mjis8e000aa6i3mflf0qfdhn	1	2	141	6	1	No-Go	NGW	0	0		1	0.0	1	0.3555	0.6471679860790263	-0.4489508374694306
mjis8e000aa6i3mflf0qfdhn	1	2	145	7	1	No-Go	NGW	0	0		1	0.0	1	0.2679	0.7304865523143453	-0.32577356096792315
mjis8e000aa6i3mflf0qfdhn	1	2	149	8	1	No-Go	NGW	0	0		1	0.0	1	0.2181	0.7836884751015915	-0.2532614527493487
mjis8e000aa6i3mflf0qfdhn	1	2	156	9	1	No-Go	NGW	0	0		1	0.0	1	0.1734	0.8208287441192804	-0.20444080447292037
mjis8e000aa6i3mflf0qfdhn	1	2	159	10	1	No-Go	NGW	0	0		1	1.0	0	0.1498	0.8484187740605125	-0.1692702565777914
mjis8e000aa6i3mflf0qfdhn	1	2	161	11	1	No-Go	NGW	0	1	0.554	0	0.0	0	0.3284	0.319990742625038	-1.2992442527203485
mjis8e000aa6i3mflf0qfdhn	1	2	165	12	1	No-Go	NGW	0	1	0.455	0	1.0	1	0.2431	0.23485416670110076	-1.569955472346607
mjis8e000aa6i3mflf0qfdhn	1	2	169	13	1	No-Go	NGW	0	1	0.906	0	0.0	0	0.521	0.5025584248431514	-0.7518074211430054
mjis8e000aa6i3mflf0qfdhn	1	2	176	14	1	No-Go	NGW	0	1	0.471	0	0.0	0	0.3731	0.37441590615661596	-1.031578456156284
mjis8e000aa6i3mflf0qfdhn	1	2	180	15	1	No-Go	NGW	0	1	0.645	0	0.0	0	0.2941	0.287404671571405	-1.3142678194998574
mjis8e000aa6i3mflf0qfdhn	1	2	184	16	1	No-Go	NGW	0	0		1	0.0	1	0.2361	0.770154215037342	-0.2694420926810955
mjis8e000aa6i3mflf0qfdhn	1	2	185	17	1	No-Go	NGW	0	0		1	0.0	1	0.1682	0.8344395514888835	-0.18895104797886453
mjis8e000aa6i3mflf0qfdhn	1	2	190	18	1	No-Go	NGW	0	0		1	0.0	1	0.1315	0.8688737507389598	-0.14751822160339242
mjis8e000aa6i3mflf0qfdhn	1	2	193	19	1	No-Go	NGW	0	1	0.376	0	1.0	1	0.1139	0.10824819645733726	-2.692667340716562
mjis8e000aa6i3mflf0qfdhn	1	2	199	20	1	No-Go	NGW	0	0		1	0.0	1	0.2785	0.7190100339954251	-0.3701740949246817
mjis8e000aa6i3mflf0qfdhn	1	2	203	21	1	No-Go	NGW	0	0		1	0.0	1	0.2421	0.7545438250098436	-0.3134118361339355
mjis8e000aa6i3mflf0qfdhn	1	2	207	22	1	No-Go	NGW	0	0		1	0.0	1	0.2204	0.7827286730992038	-0.26945605669783346
mjis8e000aa6i3mflf0qfdhn	1	2	210	23	1	No-Go	NGW	0	0		1	0.0	1	0.1906	0.8058573258423819	-0.2345847872301441
mjis8e000aa6i3mflf0qfdhn	1	2	213	24	1	No-Go	NGW	0	0		1	0.0	1	0.1756	0.8252021487416096	-0.20651366144026678
mjis8e000aa6i3mflf0qfdhn	1	2	219	25	1	No-Go	NGW	0	0		1	1.0	0	0.1629	0.8415577163950111	-0.18368703777928325
mjis8e000aa6i3mflf0qfdhn	1	2	221	26	1	No-Go	NGW	0	0		1	0.0	1	0.3328	0.6610043075150612	-0.5113567850956742
mjis8e000aa6i3mflf0qfdhn	1	2	228	27	1	No-Go	NGW	0	0		1	0.0	1	0.2591	0.7465810059362644	-0.3179444675202198
mjis8e000aa6i3mflf0qfdhn	1	2	231	28	1	No-Go	NGW	0	0		1	0.0	1	0.1917	0.7976128321734545	-0.24024556507866363
mjis8e000aa6i3mflf0qfdhn	1	2	235	29	1	No-Go	NGW	0	0		1	1.0	0	0.1694	0.8293921209117929	-0.19742038081752658
mjis8e000aa6i3mflf0qfdhn	1	2	240	30	1	No-Go	NGW	0	0		1	0.0	1	0.3604	0.6432185490417067	-0.5853960359231316
mjis8e000aa6i3mflf0qfdhn	1	2	122	1	1	Go	GW	1	1	0.35	1	0.0	1	0.6489	0.6476128105610934	-0.49837036916768096
mjis8e000aa6i3mflf0qfdhn	1	2	128	2	1	Go	GW	1	1	0.673	1	0.0	1	0.8214	0.8264409460464536	-0.20232203271273175
mjis8e000aa6i3mflf0qfdhn	1	2	132	3	1	Go	GW	1	1	0.565	1	1.0	0	0.9091	0.910435509725292	-0.0970419049627672
mjis8e000aa6i3mflf0qfdhn	1	2	133	4	1	Go	GW	1	1	0.52	1	0.0	1	0.8255	0.8262649438342451	-0.19677836569859383
mjis8e000aa6i3mflf0qfdhn	1	2	140	5	1	Go	GW	1	1	0.457	1	0.0	1	0.9171	0.9125791307948704	-0.09358472845594946
mjis8e000aa6i3mflf0qfdhn	1	2	143	6	1	Go	GW	1	1	0.62	1	0.0	1	0.9523	0.9495900391348605	-0.05270191268522879
mjis8e000aa6i3mflf0qfdhn	1	2	147	7	1	Go	GW	1	1	0.478	1	0.0	1	0.9658	0.9674109100956648	-0.033640869011702164
mjis8e000aa6i3mflf0qfdhn	1	2	151	8	1	Go	GW	1	1	0.832	1	1.0	0	0.977	0.9768538145311557	-0.02371799588185977
mjis8e000aa6i3mflf0qfdhn	1	2	154	9	1	Go	GW	1	1	0.437	1	0.0	1	0.9241	0.9231139799137229	-0.08611114227528499
mjis8e000aa6i3mflf0qfdhn	1	2	157	10	1	Go	GW	1	1	0.541	1	0.0	1	0.9577	0.9576316976929556	-0.044819527016382546
mjis8e000aa6i3mflf0qfdhn	1	2	163	11	1	Go	GW	1	1	0.438	1	0.0	1	0.976	0.9725400130605881	-0.028473384622839625
mjis8e000aa6i3mflf0qfdhn	1	2	166	12	1	Go	GW	1	1	0.426	1	0.0	1	0.9798	0.9800585399071846	-0.02048381271350994
mjis8e000aa6i3mflf0qfdhn	1	2	172	13	1	Go	GW	1	1	0.528	1	0.0	1	0.9838	0.9842806816581955	-0.01606541615727649
mjis8e000aa6i3mflf0qfdhn	1	2	173	14	1	Go	GW	1	1	0.694	1	0.0	1	0.9856	0.9868349424580607	-0.013416136562479997
mjis8e000aa6i3mflf0qfdhn	1	2	179	15	1	Go	GW	1	1	0.4	1	1.0	0	0.9875	0.988465586596921	-0.011734571272217378
mjis8e000aa6i3mflf0qfdhn	1	2	182	16	1	Go	GW	1	1	0.47	1	1.0	0	0.9458	0.9462344941053449	-0.05984149416212673
mjis8e000aa6i3mflf0qfdhn	1	2	186	17	1	Go	GW	1	1	1.081	1	0.0	1	0.8693	0.8666295840475765	-0.18135375582146238
mjis8e000aa6i3mflf0qfdhn	1	2	191	18	1	Go	GW	1	1	0.502	1	0.0	1	0.9379	0.9377900089191775	-0.06991070310531608
mjis8e000aa6i3mflf0qfdhn	1	2	196	19	1	Go	GW	1	1	0.578	1	0.0	1	0.966	0.964896714694175	-0.037343740029540475
mjis8e000aa6i3mflf0qfdhn	1	2	198	20	1	Go	GW	1	1	0.408	1	0.0	1	0.9778	0.9767197078057633	-0.02422321565196712
mjis8e000aa6i3mflf0qfdhn	1	2	201	21	1	Go	GW	1	1	0.491	1	1.0	0	0.9831	0.9826729663934662	-0.017836185950383165
mjis8e000aa6i3mflf0qfdhn	1	2	208	22	1	Go	GW	1	1	0.484	1	0.0	1	0.9291	0.9295173938903872	-0.08130840514604891
mjis8e000aa6i3mflf0qfdhn	1	2	211	23	1	Go	GW	1	1	0.457	1	0.0	1	0.9619	0.9622301782790759	-0.04047821916446461
mjis8e000aa6i3mflf0qfdhn	1	2	215	24	1	Go	GW	1	1	0.444	1	0.0	1	0.9764	0.9757099665784068	-0.025352818614879404
mjis8e000aa6i3mflf0qfdhn	1	2	220	25	1	Go	GW	1	1	0.393	1	0.0	1	0.9828	0.9822447258519306	-0.018306501564132386
mjis8e000aa6i3mflf0qfdhn	1	2	223	26	1	Go	GW	1	1	0.61	1	0.0	1	0.9855	0.9858112719538124	-0.014535485662811378
mjis8e000aa6i3mflf0qfdhn	1	2	227	27	1	Go	GW	1	1	0.434	1	1.0	0	0.987	0.9879270719012173	-0.012323404639613149
mjis8e000aa6i3mflf0qfdhn	1	2	230	28	1	Go	GW	1	1	0.435	1	0.0	1	0.9465	0.9432646349565899	-0.06384432623360702
mjis8e000aa6i3mflf0qfdhn	1	2	236	29	1	Go	GW	1	1	0.39	1	0.0	1	0.9708	0.9684363172211039	-0.03346293474685054
mjis8e000aa6i3mflf0qfdhn	1	2	238	30	1	Go	GW	1	1	0.455	1	0.0	1	0.9772	0.9789205902292922	-0.021884645419156978
mjis8e000aa6i3mflf0qfdhn	1	1	3	1	0	No-Go	NGAL	0	0		1	0.0	1	0.686	0.3077233260294384	-1.206409215044318
mjis8e000aa6i3mflf0qfdhn	1	1	7	2	0	No-Go	NGAL	0	0		1	0.0	1	0.5608	0.44159763101897753	-0.8821079782415414
mjis8e000aa6i3mflf0qfdhn	1	1	12	3	0	No-Go	NGAL	0	0		1	1.0	0	0.4583	0.5375544000296363	-0.6978024358231865
mjis8e000aa6i3mflf0qfdhn	1	1	13	4	0	No-Go	NGAL	0	1	0.614	0	0.0	0	0.6481	0.6474964296441328	-0.4555732904769327
mjis8e000aa6i3mflf0qfdhn	1	1	19	5	0	No-Go	NGAL	0	0		1	0.0	1	0.517	0.4835564717385238	-0.749103704997285
mjis8e000aa6i3mflf0qfdhn	1	1	24	6	0	No-Go	NGAL	0	0		1	0.0	1	0.3802	0.6236832353171269	-0.5094189992951887
mjis8e000aa6i3mflf0qfdhn	1	1	26	7	0	No-Go	NGAL	0	0		1	0.0	1	0.2987	0.7014441033060049	-0.39553552166536815
mjis8e000aa6i3mflf0qfdhn	1	1	32	8	0	No-Go	NGAL	0	0		1	0.0	1	0.2529	0.7514636487566599	-0.31986999772444635
mjis8e000aa6i3mflf0qfdhn	1	1	33	9	0	No-Go	NGAL	0	0		1	0.0	1	0.2145	0.788553406750144	-0.2636847165787184
mjis8e000aa6i3mflf0qfdhn	1	1	40	10	0	No-Go	NGAL	0	0		1	1.0	0	0.1779	0.8180633841736037	-0.2201199888778045
mjis8e000aa6i3mflf0qfdhn	1	1	42	11	0	No-Go	NGAL	0	0		1	1.0	0	0.3224	0.6807655453059069	-0.412694305162253
mjis8e000aa6i3mflf0qfdhn	1	1	45	12	0	No-Go	NGAL	0	0		1	0.0	1	0.4431	0.5592216259762967	-0.8161622962391782
mjis8e000aa6i3mflf0qfdhn	1	1	49	13	0	No-Go	NGAL	0	0		1	0.0	1	0.29	0.7128640447969223	-0.35170190978158106
mjis8e000aa6i3mflf0qfdhn	1	1	56	14	0	No-Go	NGAL	0	0		1	0.0	1	0.1957	0.7987287585880325	-0.2299262778684625
mjis8e000aa6i3mflf0qfdhn	1	1	59	15	0	No-Go	NGAL	0	0		1	0.0	1	0.1519	0.8433826698982062	-0.17538053323619324
mjis8e000aa6i3mflf0qfdhn	1	1	62	16	0	No-Go	NGAL	0	0		1	1.0	0	0.1301	0.8709484978054838	-0.14254442699084996
mjis8e000aa6i3mflf0qfdhn	1	1	66	17	0	No-Go	NGAL	0	1	0.504	0	0.0	0	0.2819	0.2730616179737237	-1.5823336573282067
mjis8e000aa6i3mflf0qfdhn	1	1	71	18	0	No-Go	NGAL	0	1	0.68	0	0.0	0	0.2001	0.19644558988526598	-1.8643784976718276
mjis8e000aa6i3mflf0qfdhn	1	1	76	19	0	No-Go	NGAL	0	0		1	0.0	1	0.1486	0.8489257842999653	-0.1729203377089952
mjis8e000aa6i3mflf0qfdhn	1	1	79	20	0	No-Go	NGAL	0	0		1	0.0	1	0.0901	0.9084461265378994	-0.09749259285796263
mjis8e000aa6i3mflf0qfdhn	1	1	84	21	0	No-Go	NGAL	0	0		1	0.0	1	0.0678	0.9315549185544977	-0.07222105774670823
mjis8e000aa6i3mflf0qfdhn	1	1	85	22	0	No-Go	NGAL	0	0		1	1.0	0	0.0573	0.9442686703149193	-0.05848187377130312
mjis8e000aa6i3mflf0qfdhn	1	1	92	23	0	No-Go	NGAL	0	0		1	0.0	1	0.1304	0.8677451355855795	-0.15432543565164397
mjis8e000aa6i3mflf0qfdhn	1	1	95	24	0	No-Go	NGAL	0	0		1	0.0	1	0.0778	0.9257073762914065	-0.07830534379945754
mjis8e000aa6i3mflf0qfdhn	1	1	97	25	0	No-Go	NGAL	0	0		1	0.0	1	0.0557	0.946398243370759	-0.055734697353917215
mjis8e000aa6i3mflf0qfdhn	1	1	101	26	0	No-Go	NGAL	0	0		1	0.0	1	0.0425	0.9568609456724556	-0.044630679111474926
mjis8e000aa6i3mflf0qfdhn	1	1	107	27	0	No-Go	NGAL	0	0		1	0.0	1	0.0367	0.9634510478810174	-0.037676099829275625
mjis8e000aa6i3mflf0qfdhn	1	1	109	28	0	No-Go	NGAL	0	0		1	0.0	1	0.0319	0.9681264956489989	-0.03275536473358352
mjis8e000aa6i3mflf0qfdhn	1	1	113	29	0	No-Go	NGAL	0	0		1	0.0	1	0.028	0.9716719455686913	-0.029034685173760243
mjis8e000aa6i3mflf0qfdhn	1	1	117	30	0	No-Go	NGAL	0	0		1	1.0	0	0.0254	0.974469858015239	-0.02610828915857911
mjis8e000aa6i3mflf0qfdhn	1	1	1	1	1	Go	GW	1	1	0.675	1	0.0	1	0.655	0.6476128105610934	-0.49837036916768096
mjis8e000aa6i3mflf0qfdhn	1	1	6	2	1	Go	GW	1	1	0.697	1	0.0	1	0.8232	0.8264409460464536	-0.20232203271273175
mjis8e000aa6i3mflf0qfdhn	1	1	11	3	1	Go	GW	1	1	0.37	1	1.0	0	0.9125	0.910435509725292	-0.0970419049627672
mjis8e000aa6i3mflf0qfdhn	1	1	15	4	1	Go	GW	1	1	0.469	1	0.0	1	0.8289	0.8262649438342451	-0.19677836569859383
mjis8e000aa6i3mflf0qfdhn	1	1	20	5	1	Go	GW	1	1	0.4	1	0.0	1	0.9131	0.9125791307948704	-0.09358472845594946
mjis8e000aa6i3mflf0qfdhn	1	1	21	6	1	Go	GW	1	1	0.471	1	0.0	1	0.9452	0.9495900391348605	-0.05270191268522879
mjis8e000aa6i3mflf0qfdhn	1	1	27	7	1	Go	GW	1	1	0.516	1	0.0	1	0.9675	0.9674109100956648	-0.033640869011702164
mjis8e000aa6i3mflf0qfdhn	1	1	30	8	1	Go	GW	1	1	0.498	1	1.0	0	0.9773	0.9768538145311557	-0.02371799588185977
mjis8e000aa6i3mflf0qfdhn	1	1	35	9	1	Go	GW	1	1	0.405	1	0.0	1	0.9254	0.9231139799137229	-0.08611114227528499
mjis8e000aa6i3mflf0qfdhn	1	1	37	10	1	Go	GW	1	1	0.385	1	0.0	1	0.9557	0.9576316976929556	-0.044819527016382546
mjis8e000aa6i3mflf0qfdhn	1	1	44	11	1	Go	GW	1	1	0.394	1	0.0	1	0.9711	0.9725400130605881	-0.028473384622839625
mjis8e000aa6i3mflf0qfdhn	1	1	46	12	1	Go	GW	1	1	0.475	1	0.0	1	0.9825	0.9800585399071846	-0.02048381271350994
mjis8e000aa6i3mflf0qfdhn	1	1	50	13	1	Go	GW	1	1	0.295	1	0.0	1	0.9848	0.9842806816581955	-0.01606541615727649
mjis8e000aa6i3mflf0qfdhn	1	1	53	14	1	Go	GW	1	1	0.472	1	0.0	1	0.9867	0.9868349424580607	-0.013416136562479997
mjis8e000aa6i3mflf0qfdhn	1	1	60	15	1	Go	GW	1	1	0.428	1	1.0	0	0.987	0.988465586596921	-0.011734571272217378
mjis8e000aa6i3mflf0qfdhn	1	1	63	16	1	Go	GW	1	1	0.424	1	1.0	0	0.9448	0.9462344941053449	-0.05984149416212673
mjis8e000aa6i3mflf0qfdhn	1	1	67	17	1	Go	GW	1	1	0.322	1	0.0	1	0.8629	0.8666295840475765	-0.18135375582146238
mjis8e000aa6i3mflf0qfdhn	1	1	72	18	1	Go	GW	1	1	0.249	1	0.0	1	0.941	0.9377900089191775	-0.06991070310531608
mjis8e000aa6i3mflf0qfdhn	1	1	73	19	1	Go	GW	1	1	0.471	1	0.0	1	0.9673	0.964896714694175	-0.037343740029540475
mjis8e000aa6i3mflf0qfdhn	1	1	80	20	1	Go	GW	1	1	0.498	1	0.0	1	0.9781	0.9767197078057633	-0.02422321565196712
mjis8e000aa6i3mflf0qfdhn	1	1	81	21	1	Go	GW	1	1	0.39	1	1.0	0	0.9825	0.9826729663934662	-0.017836185950383165
mjis8e000aa6i3mflf0qfdhn	1	1	86	22	1	Go	GW	1	1	0.462	1	0.0	1	0.9299	0.9295173938903872	-0.08130840514604891
mjis8e000aa6i3mflf0qfdhn	1	1	91	23	1	Go	GW	1	1	0.678	1	0.0	1	0.9593	0.9622301782790759	-0.04047821916446461
mjis8e000aa6i3mflf0qfdhn	1	1	94	24	1	Go	GW	1	1	0.471	1	0.0	1	0.9759	0.9757099665784068	-0.025352818614879404
mjis8e000aa6i3mflf0qfdhn	1	1	98	25	1	Go	GW	1	1	0.452	1	0.0	1	0.9828	0.9822447258519306	-0.018306501564132386
mjis8e000aa6i3mflf0qfdhn	1	1	104	26	1	Go	GW	1	1	0.351	1	0.0	1	0.988	0.9858112719538124	-0.014535485662811378
mjis8e000aa6i3mflf0qfdhn	1	1	106	27	1	Go	GW	1	1	0.404	1	1.0	0	0.9879	0.9879270719012173	-0.012323404639613149
mjis8e000aa6i3mflf0qfdhn	1	1	110	28	1	Go	GW	1	1	0.381	1	0.0	1	0.9439	0.9432646349565899	-0.06384432623360702
mjis8e000aa6i3mflf0qfdhn	1	1	116	29	1	Go	GW	1	1	0.559	1	0.0	1	0.9715	0.9684363172211039	-0.03346293474685054
mjis8e000aa6i3mflf0qfdhn	1	1	119	30	1	Go	GW	1	1	0.727	1	0.0	1	0.9778	0.9789205902292922	-0.021884645419156978
mjis8e000aa6i3mflf0qfdhn	1	1	4	1	0	Go	GAL	1	0		0	0.0	0	0.6983	0.3077233260294384	-1.206409215044318
mjis8e000aa6i3mflf0qfdhn	1	1	5	2	0	Go	GAL	1	1	0.531	1	0.0	1	0.7789	0.7766835824860254	-0.2669452687327149
mjis8e000aa6i3mflf0qfdhn	1	1	9	3	0	Go	GAL	1	1	0.532	1	1.0	0	0.8382	0.8370575437286553	-0.1921415272885625
mjis8e000aa6i3mflf0qfdhn	1	1	16	4	0	Go	GAL	1	1	0.832	1	0.0	1	0.7598	0.7578401805570782	-0.28747678967040685
mjis8e000aa6i3mflf0qfdhn	1	1	18	5	0	Go	GAL	1	1	0.495	1	0.0	1	0.8277	0.8312638124118603	-0.19815377265518624
mjis8e000aa6i3mflf0qfdhn	1	1	23	6	0	Go	GAL	1	1	0.369	1	0.0	1	0.8691	0.86942373507948	-0.15054128579730972
mjis8e000aa6i3mflf0qfdhn	1	1	28	7	0	Go	GAL	1	1	0.51	1	1.0	0	0.8961	0.8951701244489452	-0.11840973756432997
mjis8e000aa6i3mflf0qfdhn	1	1	31	8	0	Go	GAL	1	1	0.713	1	0.0	1	0.8436	0.8380117238277529	-0.18306332125436517
mjis8e000aa6i3mflf0qfdhn	1	1	36	9	0	Go	GAL	1	1	0.618	1	0.0	1	0.8879	0.8823357271262076	-0.13181628649515512
mjis8e000aa6i3mflf0qfdhn	1	1	38	10	0	Go	GAL	1	1	0.279	1	0.0	1	0.9035	0.907424447844211	-0.10230133928048102
mjis8e000aa6i3mflf0qfdhn	1	1	43	11	0	Go	GAL	1	1	0.551	1	1.0	0	0.924	0.9249128714158301	-0.08179657766552414
mjis8e000aa6i3mflf0qfdhn	1	1	47	12	0	Go	GAL	1	0		0	0.0	0	0.8765	0.12417049597453943	-2.2550322965572995
mjis8e000aa6i3mflf0qfdhn	1	1	51	13	0	Go	GAL	1	1	0.733	1	0.0	1	0.8954	0.8951671213468195	-0.1148887337645225
mjis8e000aa6i3mflf0qfdhn	1	1	54	14	0	Go	GAL	1	1	0.355	1	0.0	1	0.9221	0.9213607330118135	-0.08560610079157477
mjis8e000aa6i3mflf0qfdhn	1	1	57	15	0	Go	GAL	1	1	0.599	1	0.0	1	0.9359	0.9371108030901841	-0.06774550623854812
mjis8e000aa6i3mflf0qfdhn	1	1	61	16	0	Go	GAL	1	1	0.733	1	0.0	1	0.947	0.9484648649633697	-0.05493536367903451
mjis8e000aa6i3mflf0qfdhn	1	1	68	17	0	Go	GAL	1	1	0.663	1	0.0	1	0.9573	0.9571808371638112	-0.045217688271150094
mjis8e000aa6i3mflf0qfdhn	1	1	69	18	0	Go	GAL	1	1	0.657	1	0.0	1	0.9662	0.9640594372782576	-0.03764732444352957
mjis8e000aa6i3mflf0qfdhn	1	1	74	19	0	Go	GAL	1	1	0.769	1	1.0	0	0.9694	0.9695711235380395	-0.0316547805899242
mjis8e000aa6i3mflf0qfdhn	1	1	77	20	0	Go	GAL	1	1	0.582	1	0.0	1	0.9463	0.9471149024121666	-0.055094937473617336
mjis8e000aa6i3mflf0qfdhn	1	1	83	21	0	Go	GAL	1	1	0.757	1	0.0	1	0.9625	0.9608509291639801	-0.04064738662236757
mjis8e000aa6i3mflf0qfdhn	1	1	88	22	0	Go	GAL	1	1	0.701	1	0.0	1	0.971	0.9684724672385208	-0.03260828279230592
mjis8e000aa6i3mflf0qfdhn	1	1	89	23	0	Go	GAL	1	1	0.714	1	1.0	0	0.9737	0.973760281808186	-0.027028478211642587
mjis8e000aa6i3mflf0qfdhn	1	1	93	24	0	Go	GAL	1	1	0.932	1	0.0	1	0.9538	0.9500264462932412	-0.05175316669219903
mjis8e000aa6i3mflf0qfdhn	1	1	100	25	0	Go	GAL	1	1	1.023	1	0.0	1	0.9662	0.9650685289066787	-0.03599383976780338
mjis8e000aa6i3mflf0qfdhn	1	1	102	26	0	Go	GAL	1	1	0.535	1	1.0	0	0.9699	0.9724380671394127	-0.028316977831048896
mjis8e000aa6i3mflf0qfdhn	1	1	108	27	0	Go	GAL	1	1	0.534	1	0.0	1	0.9425	0.9450964846436402	-0.05703456830022927
mjis8e000aa6i3mflf0qfdhn	1	1	111	28	0	Go	GAL	1	1	0.632	1	0.0	1	0.9658	0.9637486010927904	-0.03733746688615252
mjis8e000aa6i3mflf0qfdhn	1	1	114	29	0	Go	GAL	1	1	0.57	1	0.0	1	0.9687	0.9720730447659467	-0.02867094311486655
mjis8e000aa6i3mflf0qfdhn	1	1	118	30	0	Go	GAL	1	1	0.675	1	0.0	1	0.9765	0.9771916856120836	-0.023345632408731033
mjis8e000aa6i3mflf0qfdhn	1	1	2	1	1	No-Go	NGW	0	1	0.561	0	0.0	0	0.6495	0.6476128105610934	-0.49837036916768096
mjis8e000aa6i3mflf0qfdhn	1	1	8	2	1	No-Go	NGW	0	0		1	0.0	1	0.5277	0.4734001425542777	-0.7995284069962002
mjis8e000aa6i3mflf0qfdhn	1	1	10	3	1	No-Go	NGW	0	0		1	0.0	1	0.3838	0.6113007384078367	-0.5130343473542627
mjis8e000aa6i3mflf0qfdhn	1	1	14	4	1	No-Go	NGW	0	0		1	1.0	0	0.2965	0.6997009372755967	-0.37578935527949237
mjis8e000aa6i3mflf0qfdhn	1	1	17	5	1	No-Go	NGW	0	0		1	0.0	1	0.4861	0.5126372930421792	-0.724951119730788
mjis8e000aa6i3mflf0qfdhn	1	1	22	6	1	No-Go	NGW	0	0		1	0.0	1	0.3603	0.6471679860790263	-0.4489508374694306
mjis8e000aa6i3mflf0qfdhn	1	1	25	7	1	No-Go	NGW	0	0		1	0.0	1	0.2688	0.7304865523143453	-0.32577356096792315
mjis8e000aa6i3mflf0qfdhn	1	1	29	8	1	No-Go	NGW	0	0		1	0.0	1	0.2182	0.7836884751015915	-0.2532614527493487
mjis8e000aa6i3mflf0qfdhn	1	1	34	9	1	No-Go	NGW	0	0		1	0.0	1	0.1813	0.8208287441192804	-0.20444080447292037
mjis8e000aa6i3mflf0qfdhn	1	1	39	10	1	No-Go	NGW	0	0		1	1.0	0	0.1559	0.8484187740605125	-0.1692702565777914
mjis8e000aa6i3mflf0qfdhn	1	1	41	11	1	No-Go	NGW	0	1	1.485	0	0.0	0	0.3291	0.319990742625038	-1.2992442527203485
mjis8e000aa6i3mflf0qfdhn	1	1	48	12	1	No-Go	NGW	0	0		1	1.0	0	0.2294	0.7651458332988992	-0.28040708159173644
mjis8e000aa6i3mflf0qfdhn	1	1	52	13	1	No-Go	NGW	0	0		1	0.0	1	0.3925	0.6176922959128771	-0.6017627045364562
mjis8e000aa6i3mflf0qfdhn	1	1	55	14	1	No-Go	NGW	0	0		1	0.0	1	0.2387	0.760143862325505	-0.28353355439874495
mjis8e000aa6i3mflf0qfdhn	1	1	58	15	1	No-Go	NGW	0	0		1	0.0	1	0.1646	0.8335939223454312	-0.1855178830334266
mjis8e000aa6i3mflf0qfdhn	1	1	64	16	1	No-Go	NGW	0	0		1	0.0	1	0.1236	0.8729760649873977	-0.13851048073615926
mjis8e000aa6i3mflf0qfdhn	1	1	65	17	1	No-Go	NGW	0	0		1	0.0	1	0.1035	0.8975684829642018	-0.11009342569324983
mjis8e000aa6i3mflf0qfdhn	1	1	70	18	1	No-Go	NGW	0	0		1	0.0	1	0.0831	0.9145941416679485	-0.09076173478578843
mjis8e000aa6i3mflf0qfdhn	1	1	75	19	1	No-Go	NGW	0	0		1	1.0	0	0.0743	0.9271269009419902	-0.07674039665209287
mjis8e000aa6i3mflf0qfdhn	1	1	78	20	1	No-Go	NGW	0	0		1	0.0	1	0.1884	0.8146596424957128	-0.223212342770062
mjis8e000aa6i3mflf0qfdhn	1	1	82	21	1	No-Go	NGW	0	0		1	0.0	1	0.1213	0.8798511568462475	-0.13100573543916666
mjis8e000aa6i3mflf0qfdhn	1	1	87	22	1	No-Go	NGW	0	0		1	0.0	1	0.0886	0.9107222637880321	-0.0948324356819496
mjis8e000aa6i3mflf0qfdhn	1	1	90	23	1	No-Go	NGW	0	1	0.559	0	0.0	0	0.0726	0.07173333746022331	-2.778236428525242
mjis8e000aa6i3mflf0qfdhn	1	1	96	24	1	No-Go	NGW	0	0		1	0.0	1	0.0564	0.9464451697215587	-0.055566283976788866
mjis8e000aa6i3mflf0qfdhn	1	1	99	25	1	No-Go	NGW	0	0		1	1.0	0	0.0449	0.9550144698884191	-0.046427889412389435
mjis8e000aa6i3mflf0qfdhn	1	1	103	26	1	No-Go	NGW	0	0		1	0.0	1	0.1286	0.8697143609091541	-0.15255876170362967
mjis8e000aa6i3mflf0qfdhn	1	1	105	27	1	No-Go	NGW	0	0		1	0.0	1	0.078	0.921260195650626	-0.08402765922383455
mjis8e000aa6i3mflf0qfdhn	1	1	112	28	1	No-Go	NGW	0	0		1	0.0	1	0.0552	0.9431318723537925	-0.05933122531138678
mjis8e000aa6i3mflf0qfdhn	1	1	115	29	1	No-Go	NGW	0	0		1	1.0	0	0.0454	0.9547758753598118	-0.04675209729275034
mjis8e000aa6i3mflf0qfdhn	1	1	120	30	1	No-Go	NGW	0	0		1	0.0	1	0.1331	0.8641645291630934	-0.16370829333734838
mkekir1x2ffpjt7wnlm9xupm	1	2	122	1	1	Go	GW	1	1	0.236	1	1.0	0	0.8569	0.8525549991692298	-0.16147413803408678
mkekir1x2ffpjt7wnlm9xupm	1	2	127	2	1	Go	GW	1	0		0	0.0	0	0.7381	0.2518048450532446	-1.4236800683844493
mkekir1x2ffpjt7wnlm9xupm	1	2	131	3	1	Go	GW	1	1	0.577	1	0.0	1	0.8525	0.8525549991692298	-0.16147413803408678
mkekir1x2ffpjt7wnlm9xupm	1	2	136	4	1	Go	GW	1	1	0.493	1	0.0	1	0.9424	0.9421969607985436	-0.060347739861050874
mkekir1x2ffpjt7wnlm9xupm	1	2	139	5	1	Go	GW	1	1	0.305	1	0.0	1	0.9608	0.9605969135384402	-0.04066350012470327
mkekir1x2ffpjt7wnlm9xupm	1	2	141	6	1	Go	GW	1	1	0.371	1	1.0	0	0.9678	0.9673135250501291	-0.03355373359631457
mkekir1x2ffpjt7wnlm9xupm	1	2	148	7	1	Go	GW	1	1	0.66	1	0.0	1	0.9052	0.9033199102170276	-0.10266538395648739
mkekir1x2ffpjt7wnlm9xupm	1	2	149	8	1	Go	GW	1	1	0.427	1	0.0	1	0.9568	0.9532836736685419	-0.0483162398993437
mkekir1x2ffpjt7wnlm9xupm	1	2	153	9	1	Go	GW	1	1	0.397	1	0.0	1	0.9626	0.9648839724008914	-0.03607492951319183
mkekir1x2ffpjt7wnlm9xupm	1	2	160	10	1	Go	GW	1	1	0.624	1	0.0	1	0.9693	0.9693967963818378	-0.03133986593549608
mkekir1x2ffpjt7wnlm9xupm	1	2	162	11	1	Go	GW	1	1	0.565	1	0.0	1	0.9721	0.9715644716760631	-0.02907253275153841
mkekir1x2ffpjt7wnlm9xupm	1	2	166	12	1	Go	GW	1	1	0.406	1	1.0	0	0.9737	0.9727456361968482	-0.02783979746685998
mkekir1x2ffpjt7wnlm9xupm	1	2	172	13	1	Go	GW	1	0		0	0.0	0	0.9168	0.08907972188425374	-2.52993973828853
mkekir1x2ffpjt7wnlm9xupm	1	2	175	14	1	Go	GW	1	1	0.416	1	0.0	1	0.9287	0.9321357511205797	-0.07104508117653517
mkekir1x2ffpjt7wnlm9xupm	1	2	179	15	1	Go	GW	1	1	0.307	1	0.0	1	0.9685	0.9672555042708324	-0.0335307441470104
mkekir1x2ffpjt7wnlm9xupm	1	2	182	16	1	Go	GW	1	1	0.485	1	0.0	1	0.9752	0.9748733166709417	-0.02562236205524192
mkekir1x2ffpjt7wnlm9xupm	1	2	187	17	1	Go	GW	1	1	0.533	1	0.0	1	0.9803	0.9777469384804255	-0.02265299058683864
mkekir1x2ffpjt7wnlm9xupm	1	2	189	18	1	Go	GW	1	1	0.552	1	1.0	0	0.9787	0.9790978256267939	-0.02126021017989167
mkekir1x2ffpjt7wnlm9xupm	1	2	195	19	1	Go	GW	1	1	0.355	1	0.0	1	0.9335	0.9315066808824412	-0.07171609843447117
mkekir1x2ffpjt7wnlm9xupm	1	2	199	20	1	Go	GW	1	1	0.423	1	0.0	1	0.965	0.9670876987545708	-0.03370416568383213
mkekir1x2ffpjt7wnlm9xupm	1	2	203	21	1	Go	GW	1	1	0.417	1	0.0	1	0.9763	0.9748223668741725	-0.025673085877662333
mkekir1x2ffpjt7wnlm9xupm	1	2	206	22	1	Go	GW	1	1	0.704	1	0.0	1	0.9792	0.9777366491467697	-0.02266195144797689
mkekir1x2ffpjt7wnlm9xupm	1	2	212	23	1	Go	GW	1	1	0.345	1	0.0	1	0.9777	0.9791034296155181	-0.021253218190562355
mkekir1x2ffpjt7wnlm9xupm	1	2	213	24	1	Go	GW	1	1	0.461	1	1.0	0	0.9772	0.9798338376800683	-0.02050160163051818
mkekir1x2ffpjt7wnlm9xupm	1	2	220	25	1	Go	GW	1	1	0.475	1	0.0	1	0.9331	0.9326212649464127	-0.07053642437242912
mkekir1x2ffpjt7wnlm9xupm	1	2	222	26	1	Go	GW	1	1	0.451	1	1.0	0	0.9677	0.9675622617798121	-0.03320445958450894
mkekir1x2ffpjt7wnlm9xupm	1	2	228	27	1	Go	GW	1	1	0.461	1	0.0	1	0.9168	0.9162379329906091	-0.08830828767358462
mkekir1x2ffpjt7wnlm9xupm	1	2	230	28	1	Go	GW	1	1	0.53	1	0.0	1	0.9638	0.9629381123195171	-0.03807557118317324
mkekir1x2ffpjt7wnlm9xupm	1	2	234	29	1	Go	GW	1	1	0.362	1	0.0	1	0.9749	0.9730355732690765	-0.027538631280250924
mkekir1x2ffpjt7wnlm9xupm	1	2	240	30	1	Go	GW	1	1	0.324	1	0.0	1	0.9773	0.9768057273445132	-0.023629188860546907
mkekir1x2ffpjt7wnlm9xupm	1	2	124	1	1	No-Go	NGW	0	1	0.452	0	0.0	0	0.8498	0.8525549991692298	-0.16147413803408678
mkekir1x2ffpjt7wnlm9xupm	1	2	125	2	1	No-Go	NGW	0	0		1	0.0	1	0.7507	0.2518048450532446	-1.4236800683844493
mkekir1x2ffpjt7wnlm9xupm	1	2	129	3	1	No-Go	NGW	0	1	0.741	0	0.0	0	0.6042	0.6030223185819047	-0.5232796303356494
mkekir1x2ffpjt7wnlm9xupm	1	2	134	4	1	No-Go	NGW	0	1	0.437	0	1.0	1	0.5371	0.5285624484398862	-0.6614313355194835
mkekir1x2ffpjt7wnlm9xupm	1	2	140	5	1	No-Go	NGW	0	1	0.462	0	0.0	0	0.7955	0.7957630544474127	-0.2330835688199215
mkekir1x2ffpjt7wnlm9xupm	1	2	143	6	1	No-Go	NGW	0	1	0.637	0	1.0	1	0.6322	0.6293482981687593	-0.47472304448928726
mkekir1x2ffpjt7wnlm9xupm	1	2	146	7	1	No-Go	NGW	0	1	0.553	0	0.0	0	0.819	0.8204404794406249	-0.20175252690880707
mkekir1x2ffpjt7wnlm9xupm	1	2	151	8	1	No-Go	NGW	0	1	0.658	0	0.0	0	0.6486	0.6473330279792082	-0.44665221063001126
mkekir1x2ffpjt7wnlm9xupm	1	2	156	9	1	No-Go	NGW	0	1	0.537	0	0.0	0	0.5476	0.549684708616516	-0.618943057018465
mkekir1x2ffpjt7wnlm9xupm	1	2	158	10	1	No-Go	NGW	0	1	0.541	0	0.0	0	0.502	0.501587026917032	-0.7133140214574042
mkekir1x2ffpjt7wnlm9xupm	1	2	164	11	1	No-Go	NGW	0	1	0.558	0	0.0	0	0.4782	0.4773054607484	-0.7633436071997788
mkekir1x2ffpjt7wnlm9xupm	1	2	167	12	1	No-Go	NGW	0	1	0.691	0	0.0	0	0.4679	0.4644767940573689	-0.7904274502269953
mkekir1x2ffpjt7wnlm9xupm	1	2	170	13	1	No-Go	NGW	0	0		1	0.0	1	0.4565	0.5426227316159189	-0.6281189752918077
mkekir1x2ffpjt7wnlm9xupm	1	2	174	14	1	No-Go	NGW	0	0		1	1.0	0	0.3826	0.6166823848200708	-0.49733651870579076
mkekir1x2ffpjt7wnlm9xupm	1	2	178	15	1	No-Go	NGW	0	1	0.491	0	0.0	0	0.6622	0.6680426728422797	-0.41541169932209043
mkekir1x2ffpjt7wnlm9xupm	1	2	183	16	1	No-Go	NGW	0	0		1	0.0	1	0.657	0.33586052736514377	-1.1440209296045494
mkekir1x2ffpjt7wnlm9xupm	1	2	188	17	1	No-Go	NGW	0	0		1	0.0	1	0.4685	0.5270990556935031	-0.6561627516313556
mkekir1x2ffpjt7wnlm9xupm	1	2	192	18	1	No-Go	NGW	0	1	0.673	0	0.0	0	0.3872	0.38648852369482245	-0.9833808171602935
mkekir1x2ffpjt7wnlm9xupm	1	2	196	19	1	No-Go	NGW	0	0		1	0.0	1	0.3829	0.6158743867181141	-0.49755169164310675
mkekir1x2ffpjt7wnlm9xupm	1	2	198	20	1	No-Go	NGW	0	0		1	1.0	0	0.3427	0.6545060505413889	-0.4356383178203003
mkekir1x2ffpjt7wnlm9xupm	1	2	204	21	1	No-Go	NGW	0	0		1	0.0	1	0.6542	0.35540714843520493	-1.0967409949540454
mkekir1x2ffpjt7wnlm9xupm	1	2	205	22	1	No-Go	NGW	0	0		1	0.0	1	0.4529	0.5397270422539671	-0.6325030381264385
mkekir1x2ffpjt7wnlm9xupm	1	2	209	23	1	No-Go	NGW	0	0		1	0.0	1	0.3827	0.621491605423904	-0.4882124630354171
mkekir1x2ffpjt7wnlm9xupm	1	2	215	24	1	No-Go	NGW	0	0		1	0.0	1	0.3402	0.6577755475806325	-0.4305357086912065
mkekir1x2ffpjt7wnlm9xupm	1	2	218	25	1	No-Go	NGW	0	1	0.692	0	1.0	1	0.3225	0.3249123630322726	-1.1734671786353115
mkekir1x2ffpjt7wnlm9xupm	1	2	223	26	1	No-Go	NGW	0	0		1	0.0	1	0.6544	0.34529669534237983	-1.1728038091309259
mkekir1x2ffpjt7wnlm9xupm	1	2	225	27	1	No-Go	NGW	0	1	0.538	0	0.0	0	0.6417	0.6450703506628522	-0.47821092451918495
mkekir1x2ffpjt7wnlm9xupm	1	2	232	28	1	No-Go	NGW	0	0		1	0.0	1	0.4594	0.5356545249792535	-0.6449913563957314
mkekir1x2ffpjt7wnlm9xupm	1	2	236	29	1	No-Go	NGW	0	0		1	0.0	1	0.461	0.541267935551212	-0.6349338464147248
mkekir1x2ffpjt7wnlm9xupm	1	2	238	30	1	No-Go	NGW	0	0		1	1.0	0	0.4514	0.5444685902816205	-0.6294095221273573
mkekir1x2ffpjt7wnlm9xupm	1	2	121	1	0	Go	GAL	1	1	0.4	1	0.0	1	0.6915	0.6959925721180964	-0.3672433090161211
mkekir1x2ffpjt7wnlm9xupm	1	2	128	2	0	Go	GAL	1	1	0.721	1	0.0	1	0.8119	0.8162933268057487	-0.20572592773930976
mkekir1x2ffpjt7wnlm9xupm	1	2	132	3	0	Go	GAL	1	1	0.509	1	0.0	1	0.8627	0.8577444543195699	-0.15530530139252474
mkekir1x2ffpjt7wnlm9xupm	1	2	135	4	0	Go	GAL	1	1	0.453	1	0.0	1	0.8742	0.8751310371784566	-0.1348241999545817
mkekir1x2ffpjt7wnlm9xupm	1	2	137	5	0	Go	GAL	1	1	0.486	1	1.0	0	0.8805	0.8833675383230062	-0.12527326405237266
mkekir1x2ffpjt7wnlm9xupm	1	2	142	6	0	Go	GAL	1	1	0.89	1	0.0	1	0.6775	0.6740761685014074	-0.4063697420040391
mkekir1x2ffpjt7wnlm9xupm	1	2	145	7	0	Go	GAL	1	1	0.394	1	0.0	1	0.8165	0.8149853239754624	-0.20676723261221125
mkekir1x2ffpjt7wnlm9xupm	1	2	150	8	0	Go	GAL	1	0		0	0.0	0	0.8561	0.14089270094037065	-2.0186822488443186
mkekir1x2ffpjt7wnlm9xupm	1	2	154	9	0	Go	GAL	1	1	0.568	1	1.0	0	0.9146	0.917745596195987	-0.08682758316290216
mkekir1x2ffpjt7wnlm9xupm	1	2	159	10	0	Go	GAL	1	0		0	0.0	0	0.7815	0.22233894356800132	-1.5500274112685444
mkekir1x2ffpjt7wnlm9xupm	1	2	161	11	0	Go	GAL	1	1	0.603	1	0.0	1	0.8332	0.8231483052470647	-0.19747521082649677
mkekir1x2ffpjt7wnlm9xupm	1	2	168	12	0	Go	GAL	1	1	0.514	1	0.0	1	0.919	0.9107305963615577	-0.09462101325720397
mkekir1x2ffpjt7wnlm9xupm	1	2	171	13	0	Go	GAL	1	1	0.969	1	0.0	1	0.935	0.9346792112861227	-0.06834570934771687
mkekir1x2ffpjt7wnlm9xupm	1	2	176	14	0	Go	GAL	1	0		0	1.0	1	0.9468	0.05610070750602896	-3.0575271170801113
mkekir1x2ffpjt7wnlm9xupm	1	2	180	15	0	Go	GAL	1	1	0.692	1	0.0	1	0.8451	0.8462212197110148	-0.16921917853638463
mkekir1x2ffpjt7wnlm9xupm	1	2	184	16	0	Go	GAL	1	1	0.833	1	0.0	1	0.8473	0.8561508469073679	-0.1576067162847874
mkekir1x2ffpjt7wnlm9xupm	1	2	185	17	0	Go	GAL	1	1	0.556	1	0.0	1	0.8647	0.8609669917459126	-0.15208162423241406
mkekir1x2ffpjt7wnlm9xupm	1	2	190	18	0	Go	GAL	1	0		0	0.0	0	0.8588	0.1365400761496276	-2.0942352592493814
mkekir1x2ffpjt7wnlm9xupm	1	2	193	19	0	Go	GAL	1	1	0.983	1	1.0	0	0.9309	0.928897724010799	-0.0746723344599086
mkekir1x2ffpjt7wnlm9xupm	1	2	200	20	0	Go	GAL	1	0		0	0.0	0	0.7851	0.22093679689813925	-1.616260250182981
mkekir1x2ffpjt7wnlm9xupm	1	2	202	21	0	Go	GAL	1	1	1.098	1	0.0	1	0.8268	0.8319734681005062	-0.18831002286088264
mkekir1x2ffpjt7wnlm9xupm	1	2	208	22	0	Go	GAL	1	0		0	0.0	0	0.9128	0.08860071844554016	-2.5573749006195468
mkekir1x2ffpjt7wnlm9xupm	1	2	211	23	0	Go	GAL	1	1	0.542	1	1.0	0	0.9264	0.9244604480173712	-0.07949520178447994
mkekir1x2ffpjt7wnlm9xupm	1	2	214	24	0	Go	GAL	1	0		0	0.0	0	0.8184	0.18209568570858164	-1.788379675534177
mkekir1x2ffpjt7wnlm9xupm	1	2	217	25	0	Go	GAL	1	1	0.615	1	0.0	1	0.8317	0.8316619461194248	-0.18756703459570148
mkekir1x2ffpjt7wnlm9xupm	1	2	221	26	0	Go	GAL	1	1	0.599	1	0.0	1	0.9214	0.9212962958353197	-0.08293850531050852
mkekir1x2ffpjt7wnlm9xupm	1	2	227	27	0	Go	GAL	1	1	0.54	1	0.0	1	0.9449	0.9443081212145651	-0.05794475675760893
mkekir1x2ffpjt7wnlm9xupm	1	2	231	28	0	Go	GAL	1	1	0.74	1	0.0	1	0.9516	0.9528643876943456	-0.0487895125078399
mkekir1x2ffpjt7wnlm9xupm	1	2	233	29	0	Go	GAL	1	1	0.742	1	1.0	0	0.9549	0.956659371580819	-0.044752395310624284
mkekir1x2ffpjt7wnlm9xupm	1	2	239	30	0	Go	GAL	1	1	0.586	1	0.0	1	0.8598	0.8618277271541472	-0.1515554719126576
mkekir1x2ffpjt7wnlm9xupm	1	2	123	1	0	No-Go	NGAL	0	1	0.485	0	0.0	0	0.7012	0.6959925721180964	-0.3672433090161211
mkekir1x2ffpjt7wnlm9xupm	1	2	126	2	0	No-Go	NGAL	0	1	0.755	0	0.0	0	0.5368	0.5392690558450314	-0.6329546759259589
mkekir1x2ffpjt7wnlm9xupm	1	2	130	3	0	No-Go	NGAL	0	0		1	1.0	0	0.4621	0.5370953087053735	-0.6394728758384528
mkekir1x2ffpjt7wnlm9xupm	1	2	133	4	0	No-Go	NGAL	0	1	0.533	0	0.0	0	0.617	0.6179214905453263	-0.4869663939029713
mkekir1x2ffpjt7wnlm9xupm	1	2	138	5	0	No-Go	NGAL	0	1	0.527	0	0.0	0	0.579	0.581648996553245	-0.5487618369913833
mkekir1x2ffpjt7wnlm9xupm	1	2	144	6	0	No-Go	NGAL	0	1	0.597	0	0.0	0	0.5683	0.5624995048755226	-0.5836486643360029
mkekir1x2ffpjt7wnlm9xupm	1	2	147	7	0	No-Go	NGAL	0	0		1	0.0	1	0.5568	0.4479791465970439	-0.8179123614875227
mkekir1x2ffpjt7wnlm9xupm	1	2	152	8	0	No-Go	NGAL	0	1	0.859	0	1.0	1	0.3178	0.3125228217008319	-1.2097176926118376
mkekir1x2ffpjt7wnlm9xupm	1	2	155	9	0	No-Go	NGAL	0	0		1	0.0	1	0.6283	0.37310409991907345	-1.0070518479707211
mkekir1x2ffpjt7wnlm9xupm	1	2	157	10	0	No-Go	NGAL	0	0		1	0.0	1	0.5119	0.48430085373036635	-0.7442162788984298
mkekir1x2ffpjt7wnlm9xupm	1	2	163	11	0	No-Go	NGAL	0	0		1	0.0	1	0.461	0.5386668158291602	-0.6410878062208235
mkekir1x2ffpjt7wnlm9xupm	1	2	165	12	0	No-Go	NGAL	0	0		1	1.0	0	0.434	0.5655490218081942	-0.5956050647913538
mkekir1x2ffpjt7wnlm9xupm	1	2	169	13	0	No-Go	NGAL	0	1	0.756	0	0.0	0	0.701	0.7074091698808874	-0.3701999782690733
mkekir1x2ffpjt7wnlm9xupm	1	2	173	14	0	No-Go	NGAL	0	1	0.806	0	0.0	0	0.5481	0.5467493328941898	-0.6259184075516164
mkekir1x2ffpjt7wnlm9xupm	1	2	177	15	0	No-Go	NGAL	0	1	0.773	0	0.0	0	0.476	0.46704642000360325	-0.7886592316150689
mkekir1x2ffpjt7wnlm9xupm	1	2	181	16	0	No-Go	NGAL	0	1	0.704	0	0.0	0	0.4319	0.43012380322003363	-0.877213421318008
mkekir1x2ffpjt7wnlm9xupm	1	2	186	17	0	No-Go	NGAL	0	1	0.967	0	1.0	1	0.4121	0.4122515037218068	-0.9250569325217888
mkekir1x2ffpjt7wnlm9xupm	1	2	191	18	0	No-Go	NGAL	0	1	0.775	0	0.0	0	0.7077	0.7100114253051648	-0.36712188987710676
mkekir1x2ffpjt7wnlm9xupm	1	2	194	19	0	No-Go	NGAL	0	1	0.753	0	0.0	0	0.5468	0.548176497307023	-0.623662751953419
mkekir1x2ffpjt7wnlm9xupm	1	2	197	20	0	No-Go	NGAL	0	0		1	0.0	1	0.4709	0.5323777734480324	-0.6517259914149941
mkekir1x2ffpjt7wnlm9xupm	1	2	201	21	0	No-Go	NGAL	0	1	0.742	0	0.0	0	0.3059	0.30333760104212754	-1.2293804573264668
mkekir1x2ffpjt7wnlm9xupm	1	2	207	22	0	No-Go	NGAL	0	0		1	0.0	1	0.2765	0.727630102408898	-0.3240968143487834
mkekir1x2ffpjt7wnlm9xupm	1	2	210	23	0	No-Go	NGAL	0	0		1	0.0	1	0.2158	0.7835592396615805	-0.24964775855593474
mkekir1x2ffpjt7wnlm9xupm	1	2	216	24	0	No-Go	NGAL	0	0		1	0.0	1	0.1865	0.8067145964375517	-0.22031385316229313
mkekir1x2ffpjt7wnlm9xupm	1	2	219	25	0	No-Go	NGAL	0	0		1	1.0	0	0.1808	0.8175164868389543	-0.2069199056716264
mkekir1x2ffpjt7wnlm9xupm	1	2	224	26	0	No-Go	NGAL	0	1	0.63	0	1.0	1	0.4235	0.4230130560030209	-0.9018988726981091
mkekir1x2ffpjt7wnlm9xupm	1	2	226	27	0	No-Go	NGAL	0	1	0.729	0	0.0	0	0.7136	0.7108617986706474	-0.3710091170731868
mkekir1x2ffpjt7wnlm9xupm	1	2	229	28	0	No-Go	NGAL	0	1	0.631	0	0.0	0	0.539	0.5455141925570479	-0.6339195295069245
mkekir1x2ffpjt7wnlm9xupm	1	2	235	29	0	No-Go	NGAL	0	1	0.513	0	0.0	0	0.4627	0.46286693323839234	-0.8038450323700695
mkekir1x2ffpjt7wnlm9xupm	1	2	237	30	0	No-Go	NGAL	0	0		1	0.0	1	0.4249	0.5754650274298314	-0.5738909952236185
mkekir1x2ffpjt7wnlm9xupm	1	1	1	1	0	Go	GAL	1	0		0	0.0	0	0.6974	0.30400742788190355	-1.2163748862746346
mkekir1x2ffpjt7wnlm9xupm	1	1	8	2	0	Go	GAL	1	1	0.547	1	0.0	1	0.8118	0.8105190344644715	-0.21258101954337189
mkekir1x2ffpjt7wnlm9xupm	1	1	10	3	0	Go	GAL	1	0		0	0.0	0	0.8928	0.10943215388859605	-2.331251604944933
mkekir1x2ffpjt7wnlm9xupm	1	1	16	4	0	Go	GAL	1	1	0.348	1	0.0	1	0.9227	0.9150821909345459	-0.09010700888517692
mkekir1x2ffpjt7wnlm9xupm	1	1	17	5	0	Go	GAL	1	1	0.551	1	1.0	0	0.9354	0.9354428569991678	-0.06767796996510132
mkekir1x2ffpjt7wnlm9xupm	1	1	23	6	0	Go	GAL	1	1	0.492	1	0.0	1	0.8167	0.8218673161219157	-0.19887770938220178
mkekir1x2ffpjt7wnlm9xupm	1	1	28	7	0	Go	GAL	1	1	0.467	1	0.0	1	0.9082	0.9096455623998317	-0.09593899477671905
mkekir1x2ffpjt7wnlm9xupm	1	1	30	8	0	Go	GAL	1	1	0.483	1	0.0	1	0.9351	0.9339510417153196	-0.0692135727203061
mkekir1x2ffpjt7wnlm9xupm	1	1	36	9	0	Go	GAL	1	1	0.565	1	1.0	0	0.9432	0.943397007194782	-0.05896096955815696
mkekir1x2ffpjt7wnlm9xupm	1	1	39	10	0	Go	GAL	1	0		0	0.0	0	0.8354	0.16829278918625182	-1.856021614668724
mkekir1x2ffpjt7wnlm9xupm	1	1	44	11	0	Go	GAL	1	1	0.74	1	0.0	1	0.8469	0.850950677553141	-0.16395613468299414
mkekir1x2ffpjt7wnlm9xupm	1	1	45	12	0	Go	GAL	1	1	0.678	1	0.0	1	0.9237	0.9241537059818121	-0.07974922720249927
mkekir1x2ffpjt7wnlm9xupm	1	1	52	13	0	Go	GAL	1	1	0.436	1	0.0	1	0.9454	0.9439186027395464	-0.058344807410517396
mkekir1x2ffpjt7wnlm9xupm	1	1	56	14	0	Go	GAL	1	1	0.459	1	1.0	0	0.9486	0.951515920241675	-0.0502113043757858
mkekir1x2ffpjt7wnlm9xupm	1	1	58	15	0	Go	GAL	1	1	0.377	1	0.0	1	0.8523	0.8519678350834603	-0.16279960076969077
mkekir1x2ffpjt7wnlm9xupm	1	1	64	16	0	Go	GAL	1	1	0.423	1	0.0	1	0.9226	0.9246525354401297	-0.07917679501944629
mkekir1x2ffpjt7wnlm9xupm	1	1	65	17	0	Go	GAL	1	1	0.675	1	0.0	1	0.948	0.94421681070634	-0.05800319853147577
mkekir1x2ffpjt7wnlm9xupm	1	1	69	18	0	Go	GAL	1	1	0.589	1	0.0	1	0.9514	0.9517152991180067	-0.04998377100427491
mkekir1x2ffpjt7wnlm9xupm	1	1	73	19	0	Go	GAL	1	1	0.708	1	1.0	0	0.9575	0.9551054774588065	-0.046373403670721645
mkekir1x2ffpjt7wnlm9xupm	1	1	78	20	0	Go	GAL	1	1	0.611	1	0.0	1	0.8605	0.8568370047129283	-0.15718569655120504
mkekir1x2ffpjt7wnlm9xupm	1	1	81	21	0	Go	GAL	1	1	0.773	1	0.0	1	0.9278	0.9263700658578397	-0.07727405084631646
mkekir1x2ffpjt7wnlm9xupm	1	1	88	22	0	Go	GAL	1	1	0.619	1	0.0	1	0.9447	0.9450401753574795	-0.05709911605474136
mkekir1x2ffpjt7wnlm9xupm	1	1	91	23	0	Go	GAL	1	1	0.486	1	1.0	0	0.9502	0.9521808000176627	-0.04947425366369982
mkekir1x2ffpjt7wnlm9xupm	1	1	95	24	0	Go	GAL	1	1	0.506	1	0.0	1	0.8592	0.8528200371583468	-0.16184688762229596
mkekir1x2ffpjt7wnlm9xupm	1	1	99	25	0	Go	GAL	1	1	0.556	1	0.0	1	0.9247	0.9251169401695526	-0.0786491885313695
mkekir1x2ffpjt7wnlm9xupm	1	1	103	26	0	Go	GAL	1	1	0.546	1	0.0	1	0.943	0.9445204255269971	-0.05765895914639524
mkekir1x2ffpjt7wnlm9xupm	1	1	108	27	0	Go	GAL	1	1	0.541	1	0.0	1	0.9487	0.9519341630166469	-0.04973709526996298
mkekir1x2ffpjt7wnlm9xupm	1	1	109	28	0	Go	GAL	1	1	0.538	1	0.0	1	0.9566	0.9552727577157284	-0.04618629701941094
mkekir1x2ffpjt7wnlm9xupm	1	1	114	29	0	Go	GAL	1	1	0.441	1	1.0	0	0.9595	0.9569295352571316	-0.044428076142045816
mkekir1x2ffpjt7wnlm9xupm	1	1	119	30	0	Go	GAL	1	1	0.526	1	0.0	1	0.8602	0.8593878883368615	-0.15429817225964468
mkekir1x2ffpjt7wnlm9xupm	1	1	2	1	0	No-Go	NGAL	0	1	0.507	0	0.0	0	0.6992	0.6959925721180964	-0.3672433090161211
mkekir1x2ffpjt7wnlm9xupm	1	1	5	2	0	No-Go	NGAL	0	0		1	0.0	1	0.5434	0.4607309441549686	-0.7966280490018784
mkekir1x2ffpjt7wnlm9xupm	1	1	11	3	0	No-Go	NGAL	0	1	0.42	0	1.0	1	0.3839	0.37725973484544806	-1.0297165262538022
mkekir1x2ffpjt7wnlm9xupm	1	1	14	4	0	No-Go	NGAL	0	1	0.478	0	0.0	0	0.6325	0.6270782932698765	-0.4744258714522917
mkekir1x2ffpjt7wnlm9xupm	1	1	20	5	0	No-Go	NGAL	0	0		1	0.0	1	0.4188	0.5862075975407405	-0.5558212916563002
mkekir1x2ffpjt7wnlm9xupm	1	1	21	6	0	No-Go	NGAL	0	0		1	0.0	1	0.3401	0.6570255456484634	-0.4367413179875199
mkekir1x2ffpjt7wnlm9xupm	1	1	26	7	0	No-Go	NGAL	0	1	0.708	0	0.0	0	0.3197	0.31030961016135955	-1.2325139771799223
mkekir1x2ffpjt7wnlm9xupm	1	1	31	8	0	No-Go	NGAL	0	1	0.672	0	1.0	1	0.2403	0.23565662959682096	-1.5442478759613736
mkekir1x2ffpjt7wnlm9xupm	1	1	33	9	0	No-Go	NGAL	0	1	0.458	0	0.0	0	0.4938	0.48678572085672783	-0.7439800740806449
mkekir1x2ffpjt7wnlm9xupm	1	1	38	10	0	No-Go	NGAL	0	0		1	0.0	1	0.2965	0.7022215185222025	-0.36534350051018
mkekir1x2ffpjt7wnlm9xupm	1	1	43	11	0	No-Go	NGAL	0	0		1	0.0	1	0.2824	0.7180393177055259	-0.34164304359683956
mkekir1x2ffpjt7wnlm9xupm	1	1	47	12	0	No-Go	NGAL	0	0		1	1.0	0	0.2759	0.7264017363589985	-0.32931132478239294
mkekir1x2ffpjt7wnlm9xupm	1	1	51	13	0	No-Go	NGAL	0	1	0.418	0	0.0	0	0.5492	0.5594344954804946	-0.5998927280195642
mkekir1x2ffpjt7wnlm9xupm	1	1	54	14	0	No-Go	NGAL	0	0		1	0.0	1	0.4679	0.5305657474272402	-0.6549176311224023
mkekir1x2ffpjt7wnlm9xupm	1	1	59	15	0	No-Go	NGAL	0	0		1	0.0	1	0.3148	0.6908900309017881	-0.37726079574178345
mkekir1x2ffpjt7wnlm9xupm	1	1	62	16	0	No-Go	NGAL	0	0		1	0.0	1	0.2548	0.7501160988021487	-0.294766936781266
mkekir1x2ffpjt7wnlm9xupm	1	1	68	17	0	No-Go	NGAL	0	0		1	1.0	0	0.225	0.775084239602149	-0.26171177270683954
mkekir1x2ffpjt7wnlm9xupm	1	1	72	18	0	No-Go	NGAL	0	1	0.681	0	0.0	0	0.4799	0.48105198838662927	-0.7578250861888608
mkekir1x2ffpjt7wnlm9xupm	1	1	75	19	0	No-Go	NGAL	0	1	1.002	0	0.0	0	0.4355	0.43845010532762324	-0.8579496474847544
mkekir1x2ffpjt7wnlm9xupm	1	1	80	20	0	No-Go	NGAL	0	0		1	0.0	1	0.4144	0.5825149454134798	-0.5607502095891436
mkekir1x2ffpjt7wnlm9xupm	1	1	84	21	0	No-Go	NGAL	0	1	0.586	0	0.0	0	0.2646	0.26129191502766924	-1.3885302565340296
mkekir1x2ffpjt7wnlm9xupm	1	1	86	22	0	No-Go	NGAL	0	1	0.626	0	0.0	0	0.2498	0.2525206040664807	-1.424635082346168
mkekir1x2ffpjt7wnlm9xupm	1	1	90	23	0	No-Go	NGAL	0	1	0.595	0	0.0	0	0.2415	0.24776521820656738	-1.4451746915780512
mkekir1x2ffpjt7wnlm9xupm	1	1	94	24	0	No-Go	NGAL	0	1	0.642	0	0.0	0	0.2492	0.245056899749014	-1.4574072934222588
mkekir1x2ffpjt7wnlm9xupm	1	1	100	25	0	No-Go	NGAL	0	0		1	1.0	0	0.2477	0.7565552311577703	-0.2844583686237075
mkekir1x2ffpjt7wnlm9xupm	1	1	102	26	0	No-Go	NGAL	0	1	0.669	0	1.0	1	0.4558	0.4494303896799592	-0.8428244247058486
mkekir1x2ffpjt7wnlm9xupm	1	1	106	27	0	No-Go	NGAL	0	1	0.63	0	0.0	0	0.747	0.7441819224188257	-0.3236918758873807
mkekir1x2ffpjt7wnlm9xupm	1	1	112	28	0	No-Go	NGAL	0	0		1	0.0	1	0.6026	0.4029815683572088	-0.9523821847804633
mkekir1x2ffpjt7wnlm9xupm	1	1	113	29	0	No-Go	NGAL	0	0		1	0.0	1	0.3964	0.6036850952844305	-0.5141547052165433
mkekir1x2ffpjt7wnlm9xupm	1	1	118	30	0	No-Go	NGAL	0	0		1	0.0	1	0.3117	0.6870872738318485	-0.3832748052840686
mkekir1x2ffpjt7wnlm9xupm	1	1	3	1	1	No-Go	NGW	0	1	0.549	0	0.0	0	0.8566	0.8525549991692298	-0.16147413803408678
mkekir1x2ffpjt7wnlm9xupm	1	1	6	2	1	No-Go	NGW	0	1	0.371	0	0.0	0	0.7414	0.7481951549467555	-0.2948615263347138
mkekir1x2ffpjt7wnlm9xupm	1	1	12	3	1	No-Go	NGW	0	1	0.376	0	0.0	0	0.6804	0.6864087631920135	-0.3829341547417294
mkekir1x2ffpjt7wnlm9xupm	1	1	13	4	1	No-Go	NGW	0	1	0.356	0	1.0	1	0.6566	0.6534255394957171	-0.4330425976870244
mkekir1x2ffpjt7wnlm9xupm	1	1	19	5	1	No-Go	NGW	0	1	0.229	0	0.0	0	0.8769	0.8729203587900815	-0.13891333320054064
mkekir1x2ffpjt7wnlm9xupm	1	1	24	6	1	No-Go	NGW	0	1	0.508	0	1.0	1	0.7575	0.7617036734563478	-0.2755424417905706
mkekir1x2ffpjt7wnlm9xupm	1	1	27	7	1	No-Go	NGW	0	1	0.285	0	0.0	0	0.895	0.8946339528332499	-0.1134839509568294
mkekir1x2ffpjt7wnlm9xupm	1	1	32	8	1	No-Go	NGW	0	1	0.253	0	0.0	0	0.7801	0.7801944695748326	-0.2513263825594215
mkekir1x2ffpjt7wnlm9xupm	1	1	34	9	1	No-Go	NGW	0	1	0.419	0	0.0	0	0.6978	0.7031324015548185	-0.35730113267897073
mkekir1x2ffpjt7wnlm9xupm	1	1	40	10	1	No-Go	NGW	0	1	0.416	0	0.0	0	0.6723	0.6615889217963903	-0.4194644139623322
mkekir1x2ffpjt7wnlm9xupm	1	1	41	11	1	No-Go	NGW	0	1	0.644	0	0.0	0	0.6435	0.6396984175405124	-0.4540175782283138
mkekir1x2ffpjt7wnlm9xupm	1	1	48	12	1	No-Go	NGW	0	1	0.396	0	0.0	0	0.6262	0.6278792472218951	-0.4734163182894777
mkekir1x2ffpjt7wnlm9xupm	1	1	49	13	1	No-Go	NGW	0	1	0.2	0	0.0	0	0.6117	0.6212602961773754	-0.4846420802485359
mkekir1x2ffpjt7wnlm9xupm	1	1	55	14	1	No-Go	NGW	0	1	0.395	0	1.0	1	0.6166	0.6174030981811697	-0.49138961564223294
mkekir1x2ffpjt7wnlm9xupm	1	1	57	15	1	No-Go	NGW	0	1	0.372	0	0.0	0	0.86	0.860698657528468	-0.15530828055428736
mkekir1x2ffpjt7wnlm9xupm	1	1	63	16	1	No-Go	NGW	0	1	0.352	0	0.0	0	0.749	0.7519316246593502	-0.2893206214922079
mkekir1x2ffpjt7wnlm9xupm	1	1	67	17	1	No-Go	NGW	0	1	0.343	0	0.0	0	0.6875	0.6846928568229967	-0.3841470077097278
mkekir1x2ffpjt7wnlm9xupm	1	1	71	18	1	No-Go	NGW	0	0		1	0.0	1	0.6472	0.3499111770896554	-1.0730037220502353
mkekir1x2ffpjt7wnlm9xupm	1	1	74	19	1	No-Go	NGW	0	0		1	0.0	1	0.489	0.51241401306144	-0.6872402822773774
mkekir1x2ffpjt7wnlm9xupm	1	1	79	20	1	No-Go	NGW	0	0		1	1.0	0	0.405	0.5878088213616377	-0.5464660785650424
mkekir1x2ffpjt7wnlm9xupm	1	1	82	21	1	No-Go	NGW	0	0		1	0.0	1	0.6995	0.305010470826481	-1.2323743974275232
mkekir1x2ffpjt7wnlm9xupm	1	1	85	22	1	No-Go	NGW	0	0		1	0.0	1	0.514	0.4926299792732284	-0.7250379712704056
mkekir1x2ffpjt7wnlm9xupm	1	1	92	23	1	No-Go	NGW	0	1	0.367	0	0.0	0	0.4168	0.41948401141833985	-0.8965493447339823
mkekir1x2ffpjt7wnlm9xupm	1	1	93	24	1	No-Go	NGW	0	0		1	0.0	1	0.4064	0.5988586830134801	-0.5261718058458876
mkekir1x2ffpjt7wnlm9xupm	1	1	97	25	1	No-Go	NGW	0	0		1	1.0	0	0.3603	0.6383350066889145	-0.46096365349247675
mkekir1x2ffpjt7wnlm9xupm	1	1	104	26	1	No-Go	NGW	0	0		1	0.0	1	0.6593	0.3385722701140305	-1.137994356814222
mkekir1x2ffpjt7wnlm9xupm	1	1	105	27	1	No-Go	NGW	0	0		1	0.0	1	0.4807	0.5218906825295198	-0.6660067372176343
mkekir1x2ffpjt7wnlm9xupm	1	1	110	28	1	No-Go	NGW	0	0		1	0.0	1	0.395	0.6046084767577219	-0.5161614221408264
mkekir1x2ffpjt7wnlm9xupm	1	1	115	29	1	No-Go	NGW	0	0		1	0.0	1	0.355	0.6417090021207232	-0.45549169113520693
mkekir1x2ffpjt7wnlm9xupm	1	1	120	30	1	No-Go	NGW	0	0		1	1.0	0	0.3448	0.6595396636421321	-0.4277069208666006
mkekir1x2ffpjt7wnlm9xupm	1	1	4	1	1	Go	GW	1	1	0.481	1	1.0	0	0.8525	0.8525549991692298	-0.16147413803408678
mkekir1x2ffpjt7wnlm9xupm	1	1	7	2	1	Go	GW	1	1	0.387	1	0.0	1	0.7409	0.7481951549467555	-0.2948615263347138
mkekir1x2ffpjt7wnlm9xupm	1	1	9	3	1	Go	GW	1	1	0.507	1	0.0	1	0.8972	0.8966636858816995	-0.11051772798874242
mkekir1x2ffpjt7wnlm9xupm	1	1	15	4	1	Go	GW	1	1	0.425	1	0.0	1	0.9252	0.9289549984338566	-0.07451980730759845
mkekir1x2ffpjt7wnlm9xupm	1	1	18	5	1	Go	GW	1	1	0.236	1	0.0	1	0.941	0.9407028963872337	-0.06170642088771586
mkekir1x2ffpjt7wnlm9xupm	1	1	22	6	1	Go	GW	1	1	0.424	1	1.0	0	0.9456	0.9460681585576418	-0.055921234199918575
mkekir1x2ffpjt7wnlm9xupm	1	1	29	8	1	Go	GW	1	1	0.268	1	0.0	1	0.9184	0.9179175727168533	-0.0864466001068339
mkekir1x2ffpjt7wnlm9xupm	1	1	35	9	1	Go	GW	1	1	0.3	1	0.0	1	0.9361	0.937452999139544	-0.065152608779517
mkekir1x2ffpjt7wnlm9xupm	1	1	37	10	1	Go	GW	1	1	0.403	1	0.0	1	0.9461	0.9449104102506044	-0.05713488741348609
mkekir1x2ffpjt7wnlm9xupm	1	1	42	11	1	Go	GW	1	1	0.361	1	0.0	1	0.9514	0.9484239749849035	-0.05338615257031653
mkekir1x2ffpjt7wnlm9xupm	1	1	46	12	1	Go	GW	1	1	0.398	1	1.0	0	0.9517	0.9503038427236028	-0.05139158154804165
mkekir1x2ffpjt7wnlm9xupm	1	1	50	13	1	Go	GW	1	1	0.261	1	0.0	1	0.8393	0.8398537825146845	-0.17812612686040113
mkekir1x2ffpjt7wnlm9xupm	1	1	53	14	1	Go	GW	1	1	0.316	1	0.0	1	0.9168	0.9205422043220455	-0.08351449482213799
mkekir1x2ffpjt7wnlm9xupm	1	1	60	15	1	Go	GW	1	1	0.656	1	0.0	1	0.941	0.9389240284156949	-0.06353722300724568
mkekir1x2ffpjt7wnlm9xupm	1	1	61	16	1	Go	GW	1	1	0.575	1	0.0	1	0.9457	0.9458302446005206	-0.056137395841186405
mkekir1x2ffpjt7wnlm9xupm	1	1	66	17	1	Go	GW	1	1	0.244	1	0.0	1	0.9507	0.9490404852444096	-0.05272390396488157
mkekir1x2ffpjt7wnlm9xupm	1	1	70	18	1	Go	GW	1	1	0.923	1	1.0	0	0.9488	0.95073761594717	-0.05092911683196305
mkekir1x2ffpjt7wnlm9xupm	1	1	76	19	1	Go	GW	1	1	0.725	1	0.0	1	0.8367	0.8404338824999282	-0.17750927107878453
mkekir1x2ffpjt7wnlm9xupm	1	1	77	20	1	Go	GW	1	1	0.695	1	0.0	1	0.9227	0.9209069509531428	-0.0831126854111008
mkekir1x2ffpjt7wnlm9xupm	1	1	83	21	1	Go	GW	1	1	0.771	1	0.0	1	0.9389	0.9391746935086641	-0.06326352453095867
mkekir1x2ffpjt7wnlm9xupm	1	1	87	22	1	Go	GW	1	1	0.856	1	0.0	1	0.9447	0.9460125472246035	-0.05594041737918354
mkekir1x2ffpjt7wnlm9xupm	1	1	89	23	1	Go	GW	1	1	0.422	1	0.0	1	0.9459	0.9491783088040578	-0.05257634484614142
mkekir1x2ffpjt7wnlm9xupm	1	1	96	24	1	Go	GW	1	1	0.479	1	1.0	0	0.9506	0.9508447930581732	-0.05081525735869564
mkekir1x2ffpjt7wnlm9xupm	1	1	98	25	1	Go	GW	1	1	0.52	1	0.0	1	0.8355	0.8405708347894315	-0.1773688447861546
mkekir1x2ffpjt7wnlm9xupm	1	1	101	26	1	Go	GW	1	1	0.538	1	1.0	0	0.9208	0.9210069958412741	-0.0830042419828546
mkekir1x2ffpjt7wnlm9xupm	1	1	107	27	1	Go	GW	1	1	0.419	1	0.0	1	0.8075	0.805538710629288	-0.21987077459173268
mkekir1x2ffpjt7wnlm9xupm	1	1	111	28	1	Go	GW	1	1	0.392	1	0.0	1	0.9084	0.9103311137284245	-0.09495217928930301
mkekir1x2ffpjt7wnlm9xupm	1	1	116	29	1	Go	GW	1	1	0.896	1	0.0	1	0.9306	0.9344852887184528	-0.06838848046591331
mkekir1x2ffpjt7wnlm9xupm	1	1	117	30	1	Go	GW	1	1	0.413	1	0.0	1	0.9438	0.9435291337971791	-0.05861851786773801
mxwf5gguwvri7zxae22opke7	1	1	3	1	1	No-Go	NGW	0	1	0.73	0	1.0	1	0.8085	0.8088832595758337	-0.2181371841862896
mxwf5gguwvri7zxae22opke7	1	1	5	2	1	No-Go	NGW	0	1	0.637	0	0.0	0	0.8951	0.8948154551636557	-0.1127383414455857
mxwf5gguwvri7zxae22opke7	1	1	12	3	1	No-Go	NGW	0	1	0.535	0	0.0	0	0.7884	0.7848455920655489	-0.24638212328592782
mxwf5gguwvri7zxae22opke7	1	1	16	4	1	No-Go	NGW	0	1	0.715	0	0.0	0	0.6896	0.6859481392158088	-0.38644369274562496
mxwf5gguwvri7zxae22opke7	1	1	18	5	1	No-Go	NGW	0	0		1	0.0	1	0.6068	0.3849515288584329	-0.9907336924576309
mxwf5gguwvri7zxae22opke7	1	1	21	6	1	No-Go	NGW	0	1	0.786	0	1.0	1	0.4656	0.47172052571819123	-0.790950675863804
mxwf5gguwvri7zxae22opke7	1	1	25	7	1	No-Go	NGW	0	1	1.234	0	0.0	0	0.7405	0.7327615044853316	-0.31746890799751654
mxwf5gguwvri7zxae22opke7	1	1	30	8	1	No-Go	NGW	0	0		1	0.0	1	0.5903	0.40943917536706265	-0.9236117957479139
mxwf5gguwvri7zxae22opke7	1	1	33	9	1	No-Go	NGW	0	0		1	0.0	1	0.4971	0.4968268579749787	-0.7260595527879399
mxwf5gguwvri7zxae22opke7	1	1	39	10	1	No-Go	NGW	0	0		1	0.0	1	0.4428	0.5511842798579384	-0.6175450924890347
mxwf5gguwvri7zxae22opke7	1	1	43	11	1	No-Go	NGW	0	0		1	0.0	1	0.408	0.5850920324451737	-0.5543529516642037
mxwf5gguwvri7zxae22opke7	1	1	48	12	1	No-Go	NGW	0	0		1	0.0	1	0.3865	0.6066439925932434	-0.5158547603833853
mxwf5gguwvri7zxae22opke7	1	1	52	13	1	No-Go	NGW	0	1	0.585	0	0.0	0	0.3806	0.37935230397650366	-1.0075032861036344
mxwf5gguwvri7zxae22opke7	1	1	54	14	1	No-Go	NGW	0	0		1	1.0	0	0.3018	0.7052803338607273	-0.360090316984738
mxwf5gguwvri7zxae22opke7	1	1	59	15	1	No-Go	NGW	0	1	0.52	0	0.0	0	0.568	0.5624848526467972	-0.5905750784640108
mxwf5gguwvri7zxae22opke7	1	1	61	16	1	No-Go	NGW	0	1	0.434	0	0.0	0	0.5009	0.5037381478806379	-0.709166758354666
mxwf5gguwvri7zxae22opke7	1	1	68	17	1	No-Go	NGW	0	1	0.648	0	0.0	0	0.464	0.46696835442148277	-0.794689350971303
mxwf5gguwvri7zxae22opke7	1	1	71	18	1	No-Go	NGW	0	1	0.57	0	1.0	1	0.4447	0.4437933057772153	-0.8553566865319313
mxwf5gguwvri7zxae22opke7	1	1	74	19	1	No-Go	NGW	0	1	0.844	0	0.0	0	0.734	0.7326505506262383	-0.33139939743539704
mxwf5gguwvri7zxae22opke7	1	1	78	20	1	No-Go	NGW	0	1	0.784	0	0.0	0	0.6178	0.6185833708408074	-0.49961341516083557
mxwf5gguwvri7zxae22opke7	1	1	84	21	1	No-Go	NGW	0	1	0.445	0	0.0	0	0.539	0.5377820988589161	-0.6429382797575112
mxwf5gguwvri7zxae22opke7	1	1	85	22	1	No-Go	NGW	0	0		1	0.0	1	0.4869	0.5130726814175989	-0.6956175835510466
mxwf5gguwvri7zxae22opke7	1	1	90	23	1	No-Go	NGW	0	1	0.662	0	1.0	1	0.3639	0.3679288856395735	-1.0349156281343779
mxwf5gguwvri7zxae22opke7	1	1	93	24	1	No-Go	NGW	0	1	0.632	0	0.0	0	0.6584	0.6551048154924561	-0.44503636751901304
mxwf5gguwvri7zxae22opke7	1	1	98	25	1	No-Go	NGW	0	1	0.448	0	0.0	0	0.5233	0.5142952561824184	-0.6842580964003274
mxwf5gguwvri7zxae22opke7	1	1	102	26	1	No-Go	NGW	0	1	0.663	0	0.0	0	0.4219	0.4256486587455344	-0.8792228545467157
mxwf5gguwvri7zxae22opke7	1	1	108	27	1	No-Go	NGW	0	1	0.816	0	0.0	0	0.3705	0.37375945558657275	-1.0179809250229817
mxwf5gguwvri7zxae22opke7	1	1	109	28	1	No-Go	NGW	0	0		1	1.0	0	0.3439	0.6570412578791577	-0.43192982128098467
mxwf5gguwvri7zxae22opke7	1	1	113	29	1	No-Go	NGW	0	1	0.771	0	0.0	0	0.5576	0.5566239433489262	-0.609254681494505
mxwf5gguwvri7zxae22opke7	1	1	119	30	1	No-Go	NGW	0	1	0.758	0	0.0	0	0.5428	0.5351639370169431	-0.6553759289528562
mxwf5gguwvri7zxae22opke7	1	1	4	1	0	Go	GAL	1	1	0.563	1	0.0	1	0.6777	0.6741981008632657	-0.39891099611640124
mxwf5gguwvri7zxae22opke7	1	1	7	2	0	Go	GAL	1	1	0.685	1	0.0	1	0.7853	0.7876431733624829	-0.24201764127701667
mxwf5gguwvri7zxae22opke7	1	1	9	3	0	Go	GAL	1	1	0.456	1	0.0	1	0.839	0.8404234728183528	-0.17632446550478953
mxwf5gguwvri7zxae22opke7	1	1	14	4	0	Go	GAL	1	1	0.86	1	1.0	0	0.8711	0.8675682300004642	-0.143962856410702
mxwf5gguwvri7zxae22opke7	1	1	20	5	0	Go	GAL	1	1	0.96	1	0.0	1	0.6945	0.7009252807598848	-0.36131314558948874
mxwf5gguwvri7zxae22opke7	1	1	22	6	0	Go	GAL	1	1	1.41	1	0.0	1	0.8052	0.80364109026277	-0.22092868051306735
mxwf5gguwvri7zxae22opke7	1	1	26	7	0	Go	GAL	1	0		0	0.0	0	0.8522	0.14996816293785753	-1.9544043104208364
mxwf5gguwvri7zxae22opke7	1	1	32	8	0	Go	GAL	1	1	0.715	1	1.0	0	0.9032	0.9017233017865921	-0.10528690912806013
mxwf5gguwvri7zxae22opke7	1	1	34	9	0	Go	GAL	1	1	1.106	1	0.0	1	0.7763	0.7819206185357732	-0.24974332680099473
mxwf5gguwvri7zxae22opke7	1	1	40	10	0	Go	GAL	1	1	0.877	1	0.0	1	0.8633	0.8643944832059549	-0.148046235028114
mxwf5gguwvri7zxae22opke7	1	1	42	11	0	Go	GAL	1	0		0	0.0	0	0.8983	0.10092592465341481	-2.436558806738982
mxwf5gguwvri7zxae22opke7	1	1	46	12	0	Go	GAL	1	1	0.597	1	1.0	0	0.9257	0.9215594699481353	-0.0833507627375879
mxwf5gguwvri7zxae22opke7	1	1	51	13	0	Go	GAL	1	1	0.795	1	0.0	1	0.822	0.825129777340335	-0.19594902982180198
mxwf5gguwvri7zxae22opke7	1	1	56	14	0	Go	GAL	1	1	0.633	1	0.0	1	0.8922	0.8932747391179164	-0.11505818506563234
mxwf5gguwvri7zxae22opke7	1	1	60	15	0	Go	GAL	1	1	0.904	1	0.0	1	0.9249	0.9211521152722922	-0.08373299131733113
mxwf5gguwvri7zxae22opke7	1	1	64	16	0	Go	GAL	1	1	0.52	1	0.0	1	0.9351	0.9348473150196538	-0.06861549313832001
mxwf5gguwvri7zxae22opke7	1	1	65	17	0	Go	GAL	1	1	0.465	1	0.0	1	0.944	0.9423718078273181	-0.060373725204932144
mxwf5gguwvri7zxae22opke7	1	1	72	18	0	Go	GAL	1	1	0.926	1	0.0	1	0.9434	0.9468197877726494	-0.0555187549734696
mxwf5gguwvri7zxae22opke7	1	1	73	19	0	Go	GAL	1	1	0.506	1	1.0	0	0.9511	0.9495897521576812	-0.052499360985752086
mxwf5gguwvri7zxae22opke7	1	1	79	20	0	Go	GAL	1	1	0.92	1	0.0	1	0.8589	0.8641075369223208	-0.14903467101102824
mxwf5gguwvri7zxae22opke7	1	1	83	21	0	Go	GAL	1	1	0.457	1	0.0	1	0.9145	0.9111740662142929	-0.09448841168252851
mxwf5gguwvri7zxae22opke7	1	1	88	22	0	Go	GAL	1	1	0.912	1	0.0	1	0.9313	0.9308422402960603	-0.07275640326504866
mxwf5gguwvri7zxae22opke7	1	1	91	23	0	Go	GAL	1	0		0	0.0	0	0.9449	0.05930391070387045	-3.056120301405208
mxwf5gguwvri7zxae22opke7	1	1	96	24	0	Go	GAL	1	1	0.834	1	0.0	1	0.9457	0.9499244696003909	-0.052138469457266315
mxwf5gguwvri7zxae22opke7	1	1	97	25	0	Go	GAL	1	1	0.627	1	1.0	0	0.9531	0.9545621311400877	-0.047161440573840266
mxwf5gguwvri7zxae22opke7	1	1	103	26	0	Go	GAL	1	1	1.153	1	0.0	1	0.8789	0.8795833934856908	-0.1309850277953251
mxwf5gguwvri7zxae22opke7	1	1	105	27	0	Go	GAL	1	1	0.695	1	0.0	1	0.9207	0.9229811339836255	-0.08142842549795103
mxwf5gguwvri7zxae22opke7	1	1	110	28	0	Go	GAL	1	0		0	0.0	0	0.9388	0.05924873939959823	-3.0589680751728485
mxwf5gguwvri7zxae22opke7	1	1	114	29	0	Go	GAL	1	0		0	1.0	1	0.9474	0.052685011432938335	-3.1895180991582333
mxwf5gguwvri7zxae22opke7	1	1	118	30	0	Go	GAL	1	1	0.885	1	0.0	1	0.8675	0.8713033216158222	-0.13992305515484504
mxwf5gguwvri7zxae22opke7	1	1	2	1	1	Go	GW	1	0		0	0.0	0	0.8059	0.19111674042416618	-1.7493433712269122
mxwf5gguwvri7zxae22opke7	1	1	6	2	1	Go	GW	1	0		0	0.0	0	0.8757	0.11867427105937554	-2.289722615405745
mxwf5gguwvri7zxae22opke7	1	1	11	3	1	Go	GW	1	1	0.627	1	0.0	1	0.9088	0.9122193045258981	-0.09487673115702625
mxwf5gguwvri7zxae22opke7	1	1	15	4	1	Go	GW	1	1	0.557	1	0.0	1	0.9548	0.953862189347473	-0.04816763318008288
mxwf5gguwvri7zxae22opke7	1	1	17	5	1	Go	GW	1	1	0.618	1	1.0	0	0.969	0.9666879084940919	-0.03431636363639907
mxwf5gguwvri7zxae22opke7	1	1	23	6	1	Go	GW	1	1	0.599	1	0.0	1	0.92	0.9195407435381654	-0.08488815702666618
mxwf5gguwvri7zxae22opke7	1	1	28	7	1	Go	GW	1	1	0.549	1	1.0	0	0.9541	0.9563147040548876	-0.04505198393672705
mxwf5gguwvri7zxae22opke7	1	1	29	8	1	Go	GW	1	1	0.634	1	0.0	1	0.9033	0.9052331976184828	-0.10057410621094852
mxwf5gguwvri7zxae22opke7	1	1	35	9	1	Go	GW	1	1	0.502	1	0.0	1	0.953	0.9517312237051879	-0.04986267275312405
mxwf5gguwvri7zxae22opke7	1	1	37	10	1	Go	GW	1	1	0.495	1	0.0	1	0.9659	0.9657957034692525	-0.035050602428872826
mxwf5gguwvri7zxae22opke7	1	1	41	11	1	Go	GW	1	1	0.467	1	1.0	0	0.9722	0.9719240732396239	-0.02866712058551988
mxwf5gguwvri7zxae22opke7	1	1	47	12	1	Go	GW	1	1	0.607	1	0.0	1	0.9265	0.9270333347655892	-0.07659847631040732
mxwf5gguwvri7zxae22opke7	1	1	49	13	1	Go	GW	1	1	0.558	1	0.0	1	0.9615	0.9592658755215032	-0.0418675845935151
mxwf5gguwvri7zxae22opke7	1	1	55	14	1	Go	GW	1	1	0.538	1	0.0	1	0.9689	0.9693247082903527	-0.03135540496338687
mxwf5gguwvri7zxae22opke7	1	1	58	15	1	Go	GW	1	1	0.47	1	0.0	1	0.9723	0.9738365615375036	-0.026681132150125134
mxwf5gguwvri7zxae22opke7	1	1	63	16	1	Go	GW	1	1	0.555	1	0.0	1	0.9776	0.9761995948612395	-0.02424591396986357
mxwf5gguwvri7zxae22opke7	1	1	66	17	1	Go	GW	1	1	0.389	1	0.0	1	0.9771	0.9775572504641992	-0.022852054533997926
mxwf5gguwvri7zxae22opke7	1	1	69	18	1	Go	GW	1	1	0.399	1	0.0	1	0.978	0.9783881180288021	-0.02200150298293026
mxwf5gguwvri7zxae22opke7	1	1	76	19	1	Go	GW	1	1	0.463	1	0.0	1	0.9779	0.978920788001576	-0.02145748188332615
mxwf5gguwvri7zxae22opke7	1	1	77	20	1	Go	GW	1	1	0.399	1	1.0	0	0.9825	0.9792747982964644	-0.021096622062756386
mxwf5gguwvri7zxae22opke7	1	1	82	21	1	Go	GW	1	1	0.364	1	0.0	1	0.9375	0.9388457261477224	-0.06409145350026443
mxwf5gguwvri7zxae22opke7	1	1	87	22	1	Go	GW	1	1	0.444	1	0.0	1	0.9676	0.9646636995642904	-0.036225731301973575
mxwf5gguwvri7zxae22opke7	1	1	92	23	1	Go	GW	1	1	0.381	1	1.0	0	0.9747	0.9722769255636651	-0.028296527050226523
mxwf5gguwvri7zxae22opke7	1	1	95	24	1	Go	GW	1	1	0.453	1	0.0	1	0.9256	0.9272292651707147	-0.07651373164791175
mxwf5gguwvri7zxae22opke7	1	1	99	25	1	Go	GW	1	1	0.398	1	0.0	1	0.9599	0.9600500742500769	-0.041048036043815864
mxwf5gguwvri7zxae22opke7	1	1	104	26	1	Go	GW	1	1	0.436	1	0.0	1	0.9683	0.9699537693325039	-0.030701669118052295
mxwf5gguwvri7zxae22opke7	1	1	106	27	1	Go	GW	1	1	0.41	1	0.0	1	0.9769	0.9742996588786438	-0.02620348350863239
mxwf5gguwvri7zxae22opke7	1	1	112	28	1	Go	GW	1	1	0.354	1	0.0	1	0.9775	0.976539341113835	-0.02389755764464767
mxwf5gguwvri7zxae22opke7	1	1	115	29	1	Go	GW	1	1	0.469	1	0.0	1	0.9769	0.9778092867939646	-0.022594802183559082
mxwf5gguwvri7zxae22opke7	1	1	117	30	1	Go	GW	1	1	0.451	1	1.0	0	0.9784	0.9785776210904691	-0.021808763439264245
mxwf5gguwvri7zxae22opke7	1	1	1	1	0	No-Go	NGAL	0	0		1	0.0	1	0.6741	0.3258018991367343	-1.1418532327841044
mxwf5gguwvri7zxae22opke7	1	1	8	2	0	No-Go	NGAL	0	1	0.514	0	1.0	1	0.533	0.5341022814219019	-0.6393327628654443
mxwf5gguwvri7zxae22opke7	1	1	10	3	0	No-Go	NGAL	0	1	0.578	0	0.0	0	0.6779	0.6741981008632657	-0.39891099611640124
mxwf5gguwvri7zxae22opke7	1	1	13	4	0	No-Go	NGAL	0	0		1	0.0	1	0.4766	0.523702200904026	-0.6666222637176512
mxwf5gguwvri7zxae22opke7	1	1	19	5	0	No-Go	NGAL	0	1	0.741	0	0.0	0	0.384	0.3901850515987121	-0.9810755796415938
mxwf5gguwvri7zxae22opke7	1	1	24	6	0	No-Go	NGAL	0	0		1	0.0	1	0.2914	0.7156892945730787	-0.34829436708143313
mxwf5gguwvri7zxae22opke7	1	1	27	7	0	No-Go	NGAL	0	0		1	1.0	0	0.2527	0.7573890170277574	-0.2886798194825211
mxwf5gguwvri7zxae22opke7	1	1	31	8	0	No-Go	NGAL	0	1	0.572	0	0.0	0	0.4361	0.43891297691437503	-0.8558351966053351
mxwf5gguwvri7zxae22opke7	1	1	36	9	0	No-Go	NGAL	0	0		1	0.0	1	0.3652	0.6325839667873036	-0.47307821835292596
mxwf5gguwvri7zxae22opke7	1	1	38	10	0	No-Go	NGAL	0	0		1	0.0	1	0.2516	0.7408627310147656	-0.30628299086137595
mxwf5gguwvri7zxae22opke7	1	1	44	11	0	No-Go	NGAL	0	0		1	0.0	1	0.2065	0.7932661548435732	-0.23715871321428847
mxwf5gguwvri7zxae22opke7	1	1	45	12	0	No-Go	NGAL	0	0		1	0.0	1	0.1808	0.8208676481883076	-0.20240635796579995
mxwf5gguwvri7zxae22opke7	1	1	50	13	0	No-Go	NGAL	0	0		1	1.0	0	0.168	0.8365969201338274	-0.1829625237130929
mxwf5gguwvri7zxae22opke7	1	1	53	14	0	No-Go	NGAL	0	0		1	0.0	1	0.33	0.6642373703016928	-0.42653942147063145
mxwf5gguwvri7zxae22opke7	1	1	57	15	0	No-Go	NGAL	0	0		1	0.0	1	0.2438	0.759575497485466	-0.2799647916838868
mxwf5gguwvri7zxae22opke7	1	1	62	16	0	No-Go	NGAL	0	0		1	0.0	1	0.1967	0.8049861206363236	-0.22095052710833402
mxwf5gguwvri7zxae22opke7	1	1	67	17	0	No-Go	NGAL	0	0		1	0.0	1	0.1672	0.8286510706766694	-0.19172835039832803
mxwf5gguwvri7zxae22opke7	1	1	70	18	0	No-Go	NGAL	0	0		1	1.0	0	0.1543	0.8420192266441096	-0.17556304721637492
mxwf5gguwvri7zxae22opke7	1	1	75	19	0	No-Go	NGAL	0	0		1	0.0	1	0.3269	0.6701290660640344	-0.4186335662251271
mxwf5gguwvri7zxae22opke7	1	1	80	20	0	No-Go	NGAL	0	0		1	0.0	1	0.2235	0.7636069629636809	-0.27443959942973195
mxwf5gguwvri7zxae22opke7	1	1	81	21	0	No-Go	NGAL	0	0		1	1.0	0	0.1858	0.8078895216039051	-0.21697182940597304
mxwf5gguwvri7zxae22opke7	1	1	86	22	0	No-Go	NGAL	0	1	0.863	0	0.0	0	0.3622	0.3642547866321837	-1.0850712847065591
mxwf5gguwvri7zxae22opke7	1	1	89	23	0	No-Go	NGAL	0	1	1.105	0	0.0	0	0.3286	0.3230548249195944	-1.2197666861901675
mxwf5gguwvri7zxae22opke7	1	1	94	24	0	No-Go	NGAL	0	1	1.288	0	0.0	0	0.2985	0.2983856395894406	-1.313657682001701
mxwf5gguwvri7zxae22opke7	1	1	100	25	0	No-Go	NGAL	0	0		1	0.0	1	0.2913	0.7167857062452704	-0.3511339230443166
mxwf5gguwvri7zxae22opke7	1	1	101	26	0	No-Go	NGAL	0	1	0.813	0	0.0	0	0.1906	0.18866118796846176	-1.7432237735835074
mxwf5gguwvri7zxae22opke7	1	1	107	27	0	No-Go	NGAL	0	1	0.788	0	0.0	0	0.1835	0.1811629450422238	-1.7914630088881358
mxwf5gguwvri7zxae22opke7	1	1	111	28	0	No-Go	NGAL	0	1	0.937	0	0.0	0	0.1672	0.17632449826960206	-1.8256248041847043
mxwf5gguwvri7zxae22opke7	1	1	116	29	0	No-Go	NGAL	0	1	1.212	0	1.0	1	0.1754	0.17312690159194502	-1.8503575905602159
mxwf5gguwvri7zxae22opke7	1	1	120	30	0	No-Go	NGAL	0	1	1.208	0	0.0	0	0.3913	0.3998999750873611	-1.0123275705236108
mxwf5gguwvri7zxae22opke7	1	2	123	1	1	No-Go	NGW	0	1	0.567	0	1.0	1	0.813	0.8088832595758337	-0.2181371841862896
mxwf5gguwvri7zxae22opke7	1	2	127	2	1	No-Go	NGW	0	1	0.595	0	0.0	0	0.8985	0.8948154551636557	-0.1127383414455857
mxwf5gguwvri7zxae22opke7	1	2	129	3	1	No-Go	NGW	0	1	0.477	0	0.0	0	0.7809	0.7848455920655489	-0.24638212328592782
mxwf5gguwvri7zxae22opke7	1	2	134	4	1	No-Go	NGW	0	0		1	0.0	1	0.6885	0.3140518607841912	-1.2031277359550288
mxwf5gguwvri7zxae22opke7	1	2	140	5	1	No-Go	NGW	0	0		1	0.0	1	0.5472	0.45114236762183135	-0.8368766952915969
mxwf5gguwvri7zxae22opke7	1	2	142	6	1	No-Go	NGW	0	1	0.561	0	1.0	1	0.4761	0.4618044865187354	-0.8165461870298738
mxwf5gguwvri7zxae22opke7	1	2	146	7	1	No-Go	NGW	0	0		1	0.0	1	0.7009	0.3039703715409749	-1.2325617620388991
mxwf5gguwvri7zxae22opke7	1	2	151	8	1	No-Go	NGW	0	1	0.553	0	0.0	0	0.6506	0.647580910088183	-0.4458510631322122
mxwf5gguwvri7zxae22opke7	1	2	154	9	1	No-Go	NGW	0	0		1	0.0	1	0.4708	0.5237682957095886	-0.6724870488133526
mxwf5gguwvri7zxae22opke7	1	2	157	10	1	No-Go	NGW	0	0		1	0.0	1	0.4447	0.5580791963127082	-0.6043970839221
mxwf5gguwvri7zxae22opke7	1	2	163	11	1	No-Go	NGW	0	0		1	0.0	1	0.4203	0.5800529929985719	-0.5626250875507046
mxwf5gguwvri7zxae22opke7	1	2	167	12	1	No-Go	NGW	0	1	1.059	0	0.0	0	0.4022	0.4055901963860697	-0.9358092344756229
mxwf5gguwvri7zxae22opke7	1	2	171	13	1	No-Go	NGW	0	1	0.607	0	0.0	0	0.3123	0.3100279916145272	-1.2280289366121921
mxwf5gguwvri7zxae22opke7	1	2	173	14	1	No-Go	NGW	0	0		1	1.0	0	0.2527	0.7418028936591669	-0.30876297099607325
mxwf5gguwvri7zxae22opke7	1	2	180	15	1	No-Go	NGW	0	0		1	0.0	1	0.507	0.4841778255759013	-0.7498380235913987
mxwf5gguwvri7zxae22opke7	1	2	181	16	1	No-Go	NGW	0	0		1	0.0	1	0.3978	0.6047356885807732	-0.5163675642347707
mxwf5gguwvri7zxae22opke7	1	2	185	17	1	No-Go	NGW	0	0		1	0.0	1	0.3275	0.6704716410061823	-0.4113911900917021
mxwf5gguwvri7zxae22opke7	1	2	192	18	1	No-Go	NGW	0	1	0.938	0	1.0	1	0.2885	0.2927465936225776	-1.2869493143592807
mxwf5gguwvri7zxae22opke7	1	2	193	19	1	No-Go	NGW	0	0		1	0.0	1	0.57	0.4341288578705099	-0.882002417530299
mxwf5gguwvri7zxae22opke7	1	2	198	20	1	No-Go	NGW	0	0		1	0.0	1	0.5406	0.46056576007642613	-0.8214980177865022
mxwf5gguwvri7zxae22opke7	1	2	201	21	1	No-Go	NGW	0	0		1	0.0	1	0.5179	0.477420422140265	-0.7854669186603982
mxwf5gguwvri7zxae22opke7	1	2	208	22	1	No-Go	NGW	0	0		1	0.0	1	0.5061	0.48834626204712894	-0.7632863932541939
mxwf5gguwvri7zxae22opke7	1	2	210	23	1	No-Go	NGW	0	1	0.596	0	1.0	1	0.4945	0.5044332092352579	-0.7263840785325859
mxwf5gguwvri7zxae22opke7	1	2	214	24	1	No-Go	NGW	0	0		1	0.0	1	0.6427	0.35754782716473327	-1.0907415378666634
mxwf5gguwvri7zxae22opke7	1	2	219	25	1	No-Go	NGW	0	0		1	0.0	1	0.6383	0.36221087628437637	-1.0791177266881242
mxwf5gguwvri7zxae22opke7	1	2	224	26	1	No-Go	NGW	0	0		1	0.0	1	0.6373	0.36546564085949684	-1.0714142791412402
mxwf5gguwvri7zxae22opke7	1	2	227	27	1	No-Go	NGW	0	0		1	0.0	1	0.6232	0.367786100175502	-1.0662031614238945
mxwf5gguwvri7zxae22opke7	1	2	230	28	1	No-Go	NGW	0	0		1	1.0	0	0.6335	0.3694778945844088	-1.062606287838243
mxwf5gguwvri7zxae22opke7	1	2	235	29	1	No-Go	NGW	0	1	1.065	0	0.0	0	0.8405	0.8370999550209511	-0.18907194005702468
mxwf5gguwvri7zxae22opke7	1	2	237	30	1	No-Go	NGW	0	0		1	0.0	1	0.7045	0.2965443024234158	-1.2720585416325718
mxwf5gguwvri7zxae22opke7	1	2	121	1	0	Go	GAL	1	1	0.589	1	0.0	1	0.6747	0.6741981008632657	-0.39891099611640124
mxwf5gguwvri7zxae22opke7	1	2	126	2	0	Go	GAL	1	1	1.418	1	0.0	1	0.7895	0.7876431733624829	-0.24201764127701667
mxwf5gguwvri7zxae22opke7	1	2	131	3	0	Go	GAL	1	1	0.916	1	0.0	1	0.8389	0.8404234728183528	-0.17632446550478953
mxwf5gguwvri7zxae22opke7	1	2	135	4	0	Go	GAL	1	1	0.836	1	1.0	0	0.8665	0.8675682300004642	-0.143962856410702
mxwf5gguwvri7zxae22opke7	1	2	139	5	0	Go	GAL	1	1	1.008	1	0.0	1	0.7045	0.7009252807598848	-0.36131314558948874
mxwf5gguwvri7zxae22opke7	1	2	141	6	0	Go	GAL	1	1	0.78	1	0.0	1	0.8051	0.80364109026277	-0.22092868051306735
mxwf5gguwvri7zxae22opke7	1	2	147	7	0	Go	GAL	1	1	0.833	1	0.0	1	0.8555	0.8500318370621424	-0.16430279002013615
mxwf5gguwvri7zxae22opke7	1	2	150	8	0	Go	GAL	1	1	0.783	1	1.0	0	0.8762	0.8736151045457488	-0.13661741686364567
mxwf5gguwvri7zxae22opke7	1	2	155	9	0	Go	GAL	1	1	0.716	1	0.0	1	0.7013	0.7080200163578833	-0.3519994089078041
mxwf5gguwvri7zxae22opke7	1	2	158	10	0	Go	GAL	1	1	0.715	1	0.0	1	0.8086	0.8079060820325948	-0.21549413309582555
mxwf5gguwvri7zxae22opke7	1	2	164	11	0	Go	GAL	1	1	0.588	1	0.0	1	0.8537	0.8527443241239573	-0.16093476311699442
mxwf5gguwvri7zxae22opke7	1	2	166	12	0	Go	GAL	1	1	1.048	1	1.0	0	0.8695	0.8754473201843465	-0.1343800642272239
mxwf5gguwvri7zxae22opke7	1	2	169	13	0	Go	GAL	1	1	0.702	1	0.0	1	0.7047	0.7101747156687712	-0.34929358421947354
mxwf5gguwvri7zxae22opke7	1	2	174	14	0	Go	GAL	1	1	1.102	1	0.0	1	0.8108	0.8093242609110844	-0.21371501185119232
mxwf5gguwvri7zxae22opke7	1	2	179	15	0	Go	GAL	1	1	0.774	1	0.0	1	0.856	0.8537374854082884	-0.15970356850396808
mxwf5gguwvri7zxae22opke7	1	2	184	16	0	Go	GAL	1	1	0.617	1	0.0	1	0.8764	0.8761825868319958	-0.13347957275874975
mxwf5gguwvri7zxae22opke7	1	2	187	17	0	Go	GAL	1	1	0.739	1	0.0	1	0.892	0.8885879993028378	-0.11926341215421633
mxwf5gguwvri7zxae22opke7	1	2	189	18	0	Go	GAL	1	1	0.859	1	0.0	1	0.8959	0.8958806846421865	-0.11100019662379648
mxwf5gguwvri7zxae22opke7	1	2	194	19	0	Go	GAL	1	1	0.732	1	1.0	0	0.899	0.9003640946602558	-0.10595829513948184
mxwf5gguwvri7zxae22opke7	1	2	199	20	0	Go	GAL	1	1	0.795	1	0.0	1	0.744	0.7415020375503016	-0.30685018945345555
mxwf5gguwvri7zxae22opke7	1	2	203	21	0	Go	GAL	1	1	0.687	1	0.0	1	0.8231	0.8253408250490677	-0.1940836497703156
mxwf5gguwvri7zxae22opke7	1	2	206	22	0	Go	GAL	1	1	0.902	1	0.0	1	0.8704	0.8627591762439736	-0.1490681633483079
mxwf5gguwvri7zxae22opke7	1	2	212	23	0	Go	GAL	1	1	0.651	1	0.0	1	0.8827	0.8817134036241294	-0.12709155611439654
mxwf5gguwvri7zxae22opke7	1	2	216	24	0	Go	GAL	1	1	0.52	1	0.0	1	0.8878	0.8922010330890272	-0.11514445521542763
mxwf5gguwvri7zxae22opke7	1	2	217	25	0	Go	GAL	1	1	0.875	1	1.0	0	0.9008	0.8983588621653642	-0.10820235775038134
mxwf5gguwvri7zxae22opke7	1	2	223	26	0	Go	GAL	1	1	0.552	1	0.0	1	0.7445	0.7387556713645047	-0.31080388181114393
mxwf5gguwvri7zxae22opke7	1	2	226	27	0	Go	GAL	1	1	0.654	1	0.0	1	0.8288	0.82422149256542	-0.1955221877011727
mxwf5gguwvri7zxae22opke7	1	2	232	28	0	Go	GAL	1	1	0.611	1	0.0	1	0.8637	0.8623233146582739	-0.14960932211501268
mxwf5gguwvri7zxae22opke7	1	2	234	29	0	Go	GAL	1	0		0	1.0	1	0.8814	0.11841585078062822	-2.20387697275496
mxwf5gguwvri7zxae22opke7	1	2	238	30	0	Go	GAL	1	1	0.801	1	0.0	1	0.806	0.8053894842607616	-0.2192319232164691
mxwf5gguwvri7zxae22opke7	1	2	122	1	0	No-Go	NGAL	0	1	0.534	0	0.0	0	0.6731	0.6741981008632657	-0.39891099611640124
mxwf5gguwvri7zxae22opke7	1	2	128	2	0	No-Go	NGAL	0	1	0.7	0	1.0	1	0.5412	0.5341022814219019	-0.6393327628654443
mxwf5gguwvri7zxae22opke7	1	2	132	3	0	No-Go	NGAL	0	1	0.777	0	0.0	0	0.721	0.7225393754730589	-0.32957546650122516
mxwf5gguwvri7zxae22opke7	1	2	136	4	0	No-Go	NGAL	0	0		1	0.0	1	0.5699	0.4322885778659756	-0.8542882921861705
mxwf5gguwvri7zxae22opke7	1	2	138	5	0	No-Go	NGAL	0	1	1.165	0	0.0	0	0.4249	0.4221451687844031	-0.8918848871506861
mxwf5gguwvri7zxae22opke7	1	2	144	6	0	No-Go	NGAL	0	0		1	0.0	1	0.3293	0.671811298241927	-0.41147621520954036
mxwf5gguwvri7zxae22opke7	1	2	148	7	0	No-Go	NGAL	0	1	1.253	0	1.0	1	0.2681	0.25701923410345145	-1.4434526900122007
mxwf5gguwvri7zxae22opke7	1	2	152	8	0	No-Go	NGAL	0	1	1.141	0	0.0	0	0.4637	0.46057854174805307	-0.7928039820258118
mxwf5gguwvri7zxae22opke7	1	2	156	9	0	No-Go	NGAL	0	0		1	0.0	1	0.3228	0.6841039995965883	-0.39069526031351365
mxwf5gguwvri7zxae22opke7	1	2	159	10	0	No-Go	NGAL	0	0		1	0.0	1	0.2746	0.7289405347210169	-0.32523718415776914
mxwf5gguwvri7zxae22opke7	1	2	162	11	0	No-Go	NGAL	0	0		1	0.0	1	0.2354	0.755210326198193	-0.288471964628881
mxwf5gguwvri7zxae22opke7	1	2	165	12	0	No-Go	NGAL	0	0		1	0.0	1	0.2269	0.7712597816929847	-0.2665703968071861
mxwf5gguwvri7zxae22opke7	1	2	170	13	0	No-Go	NGAL	0	0		1	1.0	0	0.2191	0.7814200152740571	-0.2529302632291133
mxwf5gguwvri7zxae22opke7	1	2	176	14	0	No-Go	NGAL	0	0		1	0.0	1	0.4238	0.5700938400519077	-0.5955884889960805
mxwf5gguwvri7zxae22opke7	1	2	178	15	0	No-Go	NGAL	0	0		1	0.0	1	0.3189	0.6740395598394759	-0.401598604635616
mxwf5gguwvri7zxae22opke7	1	2	182	16	0	No-Go	NGAL	0	0		1	0.0	1	0.2758	0.728409941732269	-0.3219440144083951
mxwf5gguwvri7zxae22opke7	1	2	188	17	0	No-Go	NGAL	0	0		1	0.0	1	0.2424	0.757789234961191	-0.28228586493351915
mxwf5gguwvri7zxae22opke7	1	2	191	18	0	No-Go	NGAL	0	0		1	1.0	0	0.2262	0.774613475685705	-0.26039087715989745
mxwf5gguwvri7zxae22opke7	1	2	195	19	0	No-Go	NGAL	0	0		1	0.0	1	0.4327	0.5646131342316059	-0.6107811676130757
mxwf5gguwvri7zxae22opke7	1	2	197	20	0	No-Go	NGAL	0	0		1	0.0	1	0.3208	0.6716771547666553	-0.40593625638707403
mxwf5gguwvri7zxae22opke7	1	2	202	21	0	No-Go	NGAL	0	0		1	1.0	0	0.2731	0.7277796593111432	-0.32281605659149865
mxwf5gguwvri7zxae22opke7	1	2	205	22	0	No-Go	NGAL	0	0		1	0.0	1	0.475	0.5265342645795277	-0.6909763160696377
mxwf5gguwvri7zxae22opke7	1	2	211	23	0	No-Go	NGAL	0	0		1	0.0	1	0.3525	0.6495786334437198	-0.4409534466801763
mxwf5gguwvri7zxae22opke7	1	2	215	24	0	No-Go	NGAL	0	0		1	0.0	1	0.2829	0.7153221495080115	-0.34045359908594724
mxwf5gguwvri7zxae22opke7	1	2	218	25	0	No-Go	NGAL	0	0		1	0.0	1	0.2445	0.7506945670980864	-0.2916603534652146
mxwf5gguwvri7zxae22opke7	1	2	222	26	0	No-Go	NGAL	0	0		1	0.0	1	0.2282	0.7707495654812384	-0.2652835681755622
mxwf5gguwvri7zxae22opke7	1	2	225	27	0	No-Go	NGAL	0	0		1	0.0	1	0.2163	0.7826656763663089	-0.25002364642052
mxwf5gguwvri7zxae22opke7	1	2	229	28	0	No-Go	NGAL	0	1	1.089	0	0.0	0	0.2125	0.20998464237223138	-1.632558452572838
mxwf5gguwvri7zxae22opke7	1	2	236	29	0	No-Go	NGAL	0	0		1	1.0	0	0.1566	0.8437993763858933	-0.17336337952716172
mxwf5gguwvri7zxae22opke7	1	2	240	30	0	No-Go	NGAL	0	1	1.027	0	0.0	0	0.3368	0.3356559125737529	-1.1808989261715752
mxwf5gguwvri7zxae22opke7	1	2	124	1	1	Go	GW	1	1	0.352	1	0.0	1	0.8093	0.8088832595758337	-0.2181371841862896
mxwf5gguwvri7zxae22opke7	1	2	125	2	1	Go	GW	1	1	0.673	1	0.0	1	0.8903	0.8948154551636557	-0.1127383414455857
mxwf5gguwvri7zxae22opke7	1	2	130	3	1	Go	GW	1	1	0.745	1	0.0	1	0.9238	0.922845721083563	-0.0811559301527612
mxwf5gguwvri7zxae22opke7	1	2	133	4	1	Go	GW	1	1	0.62	1	0.0	1	0.9373	0.9353762512097	-0.06743380994623695
mxwf5gguwvri7zxae22opke7	1	2	137	5	1	Go	GW	1	1	0.413	1	1.0	0	0.9451	0.9418844339306823	-0.06043194196228301
mxwf5gguwvri7zxae22opke7	1	2	143	6	1	Go	GW	1	1	0.324	1	0.0	1	0.8533	0.8448705765554034	-0.1726073870221677
mxwf5gguwvri7zxae22opke7	1	2	145	7	1	Go	GW	1	1	0.487	1	1.0	0	0.9091	0.9089802424148309	-0.09627114568048048
mxwf5gguwvri7zxae22opke7	1	2	149	8	1	Go	GW	1	1	0.365	1	0.0	1	0.7974	0.8016771420981559	-0.22587331899483065
mxwf5gguwvri7zxae22opke7	1	2	153	9	1	Go	GW	1	1	0.312	1	0.0	1	0.892	0.8928702755946375	-0.11439622856385762
mxwf5gguwvri7zxae22opke7	1	2	160	10	1	Go	GW	1	1	0.417	1	0.0	1	0.928	0.9221580947250982	-0.08172591943718117
mxwf5gguwvri7zxae22opke7	1	2	161	11	1	Go	GW	1	1	0.562	1	1.0	0	0.9331	0.9350827298406255	-0.06769039619458254
mxwf5gguwvri7zxae22opke7	1	2	168	12	1	Go	GW	1	1	0.33	1	0.0	1	0.8325	0.83492542849335	-0.184438383403459
mxwf5gguwvri7zxae22opke7	1	2	172	13	1	Go	GW	1	1	0.486	1	0.0	1	0.9076	0.9046956154991532	-0.10110315729091007
mxwf5gguwvri7zxae22opke7	1	2	175	14	1	Go	GW	1	1	0.462	1	0.0	1	0.9294	0.9276200364398992	-0.0757826277281428
mxwf5gguwvri7zxae22opke7	1	2	177	15	1	Go	GW	1	1	0.535	1	0.0	1	0.9407	0.9379897356830265	-0.06458302495402284
mxwf5gguwvri7zxae22opke7	1	2	183	16	1	Go	GW	1	1	0.36	1	0.0	1	0.9394	0.9434248436667183	-0.058789270889655
mxwf5gguwvri7zxae22opke7	1	2	186	17	1	Go	GW	1	1	0.74	1	0.0	1	0.9458	0.9465410695485298	-0.05549753210200714
mxwf5gguwvri7zxae22opke7	1	2	190	18	1	Go	GW	1	1	0.423	1	0.0	1	0.9489	0.9484416928565869	-0.053503597324330715
mxwf5gguwvri7zxae22opke7	1	2	196	19	1	Go	GW	1	1	0.361	1	0.0	1	0.9458	0.9496551941874902	-0.052237408118010774
mxwf5gguwvri7zxae22opke7	1	2	200	20	1	Go	GW	1	1	0.547	1	1.0	0	0.9523	0.9504580554880051	-0.05140339182858727
mxwf5gguwvri7zxae22opke7	1	2	204	21	1	Go	GW	1	1	0.433	1	0.0	1	0.8566	0.8580084855087116	-0.15805491793641607
mxwf5gguwvri7zxae22opke7	1	2	207	22	1	Go	GW	1	1	0.446	1	0.0	1	0.9148	0.9155345056328824	-0.08916616416435733
mxwf5gguwvri7zxae22opke7	1	2	209	23	1	Go	GW	1	1	0.567	1	1.0	0	0.9315	0.9335451506599293	-0.06940119337508735
mxwf5gguwvri7zxae22opke7	1	2	213	24	1	Go	GW	1	1	0.322	1	0.0	1	0.8316	0.8326620120298892	-0.18777931056552583
mxwf5gguwvri7zxae22opke7	1	2	220	25	1	Go	GW	1	1	0.339	1	0.0	1	0.9032	0.9048133727183983	-0.10102423577569347
mxwf5gguwvri7zxae22opke7	1	2	221	26	1	Go	GW	1	1	0.85	1	0.0	1	0.9265	0.9280474340825579	-0.07533439119756902
mxwf5gguwvri7zxae22opke7	1	2	228	27	1	Go	GW	1	1	0.505	1	0.0	1	0.9387	0.9383971447938486	-0.0641574158333407
mxwf5gguwvri7zxae22opke7	1	2	231	28	1	Go	GW	1	1	0.487	1	0.0	1	0.9391	0.943760342569347	-0.058441816258947954
mxwf5gguwvri7zxae22opke7	1	2	233	29	1	Go	GW	1	1	0.421	1	0.0	1	0.9469	0.946807192564748	-0.05522391431752799
mxwf5gguwvri7zxae22opke7	1	2	239	30	1	Go	GW	1	1	0.464	1	1.0	0	0.9501	0.9486508411450657	-0.053289778998823284
ndf4cr8g95xznbyy9bzdmchn	1	2	121	1	0	No-Go	NGAL	0	1	0.851	0	0.0	0	0.5876	0.5918487210487284	-0.5345685045374515
ndf4cr8g95xznbyy9bzdmchn	1	2	126	2	0	No-Go	NGAL	0	0		1	0.0	1	0.3951	0.6025685880532207	-0.5174198815895644
ndf4cr8g95xznbyy9bzdmchn	1	2	132	3	0	No-Go	NGAL	0	1	0.363	0	1.0	1	0.235	0.2337202212095105	-1.5379654455638763
ndf4cr8g95xznbyy9bzdmchn	1	2	133	4	0	No-Go	NGAL	0	1	0.599	0	0.0	0	0.4263	0.42065362853986327	-0.8873777203795415
ndf4cr8g95xznbyy9bzdmchn	1	2	137	5	0	No-Go	NGAL	0	1	0.478	0	0.0	0	0.2455	0.2480461211825996	-1.4640827592854035
ndf4cr8g95xznbyy9bzdmchn	1	2	144	6	0	No-Go	NGAL	0	0		1	1.0	0	0.1453	0.8558915436478998	-0.1597086722124451
ndf4cr8g95xznbyy9bzdmchn	1	2	147	7	0	No-Go	NGAL	0	0		1	0.0	1	0.1607	0.8403109677746293	-0.178543527972958
ndf4cr8g95xznbyy9bzdmchn	1	2	149	8	0	No-Go	NGAL	0	0		1	0.0	1	0.0881	0.9107168398041424	-0.0958308653222589
ndf4cr8g95xznbyy9bzdmchn	1	2	155	9	0	No-Go	NGAL	0	0		1	0.0	1	0.0521	0.9477724364881733	-0.05473757967071695
ndf4cr8g95xznbyy9bzdmchn	1	2	160	10	0	No-Go	NGAL	0	0		1	0.0	1	0.0315	0.9679178736023619	-0.0331305289432758
ndf4cr8g95xznbyy9bzdmchn	1	2	164	11	0	No-Go	NGAL	0	0		1	1.0	0	0.0218	0.9793431623401575	-0.021129730465864638
ndf4cr8g95xznbyy9bzdmchn	1	2	166	12	0	No-Go	NGAL	0	0		1	0.0	1	0.0224	0.9760838558568579	-0.024522240969860738
ndf4cr8g95xznbyy9bzdmchn	1	2	172	13	0	No-Go	NGAL	0	0		1	0.0	1	0.0155	0.984176278628201	-0.016109166381981285
ndf4cr8g95xznbyy9bzdmchn	1	2	173	14	0	No-Go	NGAL	0	0		1	0.0	1	0.0097	0.9890774585777108	-0.011066667555863823
ndf4cr8g95xznbyy9bzdmchn	1	2	178	15	0	No-Go	NGAL	0	0		1	0.0	1	0.0067	0.9921629725695947	-0.007914690929042652
ndf4cr8g95xznbyy9bzdmchn	1	2	184	16	0	No-Go	NGAL	0	0		1	0.0	1	0.007	0.9941741759659819	-0.005870342353018494
ndf4cr8g95xznbyy9bzdmchn	1	2	186	17	0	No-Go	NGAL	0	0		1	1.0	0	0.0057	0.9955266308513945	-0.004500447175210497
ndf4cr8g95xznbyy9bzdmchn	1	2	189	18	0	No-Go	NGAL	0	0		1	0.0	1	0.0062	0.9946511882928762	-0.005385829761609798
ndf4cr8g95xznbyy9bzdmchn	1	2	194	19	0	No-Go	NGAL	0	0		1	0.0	1	0.0052	0.9958615304462844	-0.004161418603535283
ndf4cr8g95xznbyy9bzdmchn	1	2	199	20	0	No-Go	NGAL	0	0		1	0.0	1	0.0034	0.9967014324206585	-0.0033136552079599934
ndf4cr8g95xznbyy9bzdmchn	1	2	202	21	0	No-Go	NGAL	0	0		1	0.0	1	0.003	0.9972995716994506	-0.002710904441911994
ndf4cr8g95xznbyy9bzdmchn	1	2	208	22	0	No-Go	NGAL	0	0		1	0.0	1	0.0023	0.9977353924612195	-0.002272258084059183
ndf4cr8g95xznbyy9bzdmchn	1	2	209	23	0	No-Go	NGAL	0	0		1	0.0	1	0.002	0.9980594507129503	-0.0019463990838840333
ndf4cr8g95xznbyy9bzdmchn	1	2	216	24	0	No-Go	NGAL	0	0		1	1.0	0	0.0019	0.9983047963744047	-0.0016998643971519209
ndf4cr8g95xznbyy9bzdmchn	1	2	219	25	0	No-Go	NGAL	0	0		1	0.0	1	0.0012	0.9979151447314424	-0.0020918446965407815
ndf4cr8g95xznbyy9bzdmchn	1	2	221	26	0	No-Go	NGAL	0	0		1	1.0	0	0.002	0.9982001283417108	-0.0018052742582478666
ndf4cr8g95xznbyy9bzdmchn	1	2	228	27	0	No-Go	NGAL	0	0		1	0.0	1	0.0032	0.9977546638803239	-0.0022541320780350006
ndf4cr8g95xznbyy9bzdmchn	1	2	232	28	0	No-Go	NGAL	0	0		1	0.0	1	0.0018	0.9980899499728401	-0.0019164707709493612
ndf4cr8g95xznbyy9bzdmchn	1	2	236	29	0	No-Go	NGAL	0	0		1	0.0	1	0.0021	0.9983374399648172	-0.0016675437873493494
ndf4cr8g95xznbyy9bzdmchn	1	2	240	30	0	No-Go	NGAL	0	0		1	0.0	1	0.0018	0.9985246992708012	-0.001479352632162593
ndf4cr8g95xznbyy9bzdmchn	1	2	122	1	1	No-Go	NGW	0	1	0.863	0	0.0	0	0.5689	0.5638155328636484	-0.6113226236905206
ndf4cr8g95xznbyy9bzdmchn	1	2	127	2	1	No-Go	NGW	0	0		1	1.0	0	0.3739	0.6249779952600998	-0.495048491119758
ndf4cr8g95xznbyy9bzdmchn	1	2	129	3	1	No-Go	NGW	0	0		1	0.0	1	0.5608	0.4361844671363517	-0.8917450192353794
ndf4cr8g95xznbyy9bzdmchn	1	2	136	4	1	No-Go	NGW	0	0		1	0.0	1	0.3481	0.6466779259462606	-0.4590287424350822
ndf4cr8g95xznbyy9bzdmchn	1	2	139	5	1	No-Go	NGW	0	0		1	0.0	1	0.2096	0.7942350405340471	-0.2405717309772303
ndf4cr8g95xznbyy9bzdmchn	1	2	142	6	1	No-Go	NGW	0	0		1	0.0	1	0.1221	0.8804317813978451	-0.1318449761418435
ndf4cr8g95xznbyy9bzdmchn	1	2	145	7	1	No-Go	NGW	0	0		1	0.0	1	0.0739	0.9284254606088885	-0.07625986685048199
ndf4cr8g95xznbyy9bzdmchn	1	2	151	8	1	No-Go	NGW	0	0		1	0.0	1	0.0429	0.9553807312556517	-0.046553183031770765
ndf4cr8g95xznbyy9bzdmchn	1	2	153	9	1	No-Go	NGW	0	0		1	0.0	1	0.0296	0.9709673569653015	-0.029893341646985833
ndf4cr8g95xznbyy9bzdmchn	1	2	157	10	1	No-Go	NGW	0	0		1	1.0	0	0.0192	0.9803033007613996	-0.020108453343616113
ndf4cr8g95xznbyy9bzdmchn	1	2	161	11	1	No-Go	NGW	0	0		1	1.0	0	0.0576	0.9420474064941842	-0.0606943757655865
ndf4cr8g95xznbyy9bzdmchn	1	2	165	12	1	No-Go	NGW	0	0		1	0.0	1	0.1419	0.8515470863473611	-0.16738337337191295
ndf4cr8g95xznbyy9bzdmchn	1	2	171	13	1	No-Go	NGW	0	0		1	0.0	1	0.087	0.9161814655029707	-0.08942168290213794
ndf4cr8g95xznbyy9bzdmchn	1	2	174	14	1	No-Go	NGW	0	0		1	0.0	1	0.0483	0.9500824989564571	-0.05195119522996173
ndf4cr8g95xznbyy9bzdmchn	1	2	179	15	1	No-Go	NGW	0	0		1	0.0	1	0.0327	0.9685241836065975	-0.03232909234118641
ndf4cr8g95xznbyy9bzdmchn	1	2	181	16	1	No-Go	NGW	0	0		1	0.0	1	0.0212	0.9790855186891105	-0.0213142316046953
ndf4cr8g95xznbyy9bzdmchn	1	2	185	17	1	No-Go	NGW	0	0		1	0.0	1	0.016	0.9854387341994881	-0.014766419662790088
ndf4cr8g95xznbyy9bzdmchn	1	2	190	18	1	No-Go	NGW	0	0		1	0.0	1	0.0103	0.9894314994685739	-0.01068252290376375
ndf4cr8g95xznbyy9bzdmchn	1	2	193	19	1	No-Go	NGW	0	0		1	1.0	0	0.0069	0.9920389112092285	-0.008029195643973315
ndf4cr8g95xznbyy9bzdmchn	1	2	197	20	1	No-Go	NGW	0	0		1	0.0	1	0.0255	0.9718308620966989	-0.029000499198705197
ndf4cr8g95xznbyy9bzdmchn	1	2	204	21	1	No-Go	NGW	0	0		1	0.0	1	0.0168	0.9815003757686828	-0.01885223302483511
ndf4cr8g95xznbyy9bzdmchn	1	2	206	22	1	No-Go	NGW	0	0		1	0.0	1	0.0155	0.9871356376350657	-0.01303950413810698
ndf4cr8g95xznbyy9bzdmchn	1	2	211	23	1	No-Go	NGW	0	0		1	0.0	1	0.0117	0.9906174305949922	-0.00947988084682583
ndf4cr8g95xznbyy9bzdmchn	1	2	214	24	1	No-Go	NGW	0	0		1	1.0	0	0.0068	0.992874167189848	-0.0071848628014358805
ndf4cr8g95xznbyy9bzdmchn	1	2	220	25	1	No-Go	NGW	0	0		1	0.0	1	0.0275	0.973381216219391	-0.027525831736966894
ndf4cr8g95xznbyy9bzdmchn	1	2	223	26	1	No-Go	NGW	0	0		1	1.0	0	0.0171	0.9826765375794008	-0.01768093328894136
ndf4cr8g95xznbyy9bzdmchn	1	2	227	27	1	No-Go	NGW	0	0		1	0.0	1	0.0629	0.9424256050085061	-0.062246560933016774
ndf4cr8g95xznbyy9bzdmchn	1	2	231	28	1	No-Go	NGW	0	0		1	0.0	1	0.0317	0.9662288410031662	-0.035125688171660584
ndf4cr8g95xznbyy9bzdmchn	1	2	235	29	1	No-Go	NGW	0	0		1	0.0	1	0.0223	0.9786283518110993	-0.02188636033563555
ndf4cr8g95xznbyy9bzdmchn	1	2	238	30	1	No-Go	NGW	0	0		1	0.0	1	0.0157	0.9855572123201267	-0.014678525157281196
ndf4cr8g95xznbyy9bzdmchn	1	2	123	1	1	Go	GW	1	1	0.495	1	0.0	1	0.5665	0.5638155328636484	-0.6113226236905206
ndf4cr8g95xznbyy9bzdmchn	1	2	125	2	1	Go	GW	1	1	0.595	1	0.0	1	0.9475	0.9451871838641129	-0.058542644805838456
ndf4cr8g95xznbyy9bzdmchn	1	2	131	3	1	Go	GW	1	1	0.491	1	0.0	1	0.985	0.9863530053827735	-0.013979939341568224
ndf4cr8g95xznbyy9bzdmchn	1	2	134	4	1	Go	GW	1	1	0.511	1	1.0	0	0.9943	0.9943981471235404	-0.005664224628895129
ndf4cr8g95xznbyy9bzdmchn	1	2	140	5	1	Go	GW	1	1	0.335	1	0.0	1	0.9791	0.9799200211291758	-0.020634302588709668
ndf4cr8g95xznbyy9bzdmchn	1	2	141	6	1	Go	GW	1	1	0.513	1	0.0	1	0.9918	0.9932887390893433	-0.006789471285995394
ndf4cr8g95xznbyy9bzdmchn	1	2	148	7	1	Go	GW	1	1	0.488	1	0.0	1	0.997	0.9964360608564282	-0.0035883951379622712
ndf4cr8g95xznbyy9bzdmchn	1	2	150	8	1	Go	GW	1	1	0.448	1	0.0	1	0.9983	0.9975431304684982	-0.0024692297427331374
ndf4cr8g95xznbyy9bzdmchn	1	2	156	9	1	Go	GW	1	1	0.46	1	0.0	1	0.9976	0.9980199527550639	-0.0019886621117641726
ndf4cr8g95xznbyy9bzdmchn	1	2	159	10	1	Go	GW	1	1	0.648	1	1.0	0	0.9985	0.9982530457399976	-0.0017541527747680467
ndf4cr8g95xznbyy9bzdmchn	1	2	163	11	1	Go	GW	1	1	0.458	1	0.0	1	0.9906	0.9914186961130664	-0.008760618508294892
ndf4cr8g95xznbyy9bzdmchn	1	2	168	12	1	Go	GW	1	1	0.444	1	0.0	1	0.9955	0.9964513003702137	-0.003575080215998728
ndf4cr8g95xznbyy9bzdmchn	1	2	170	13	1	Go	GW	1	1	0.365	1	0.0	1	0.9972	0.9976431169985935	-0.002369145654729123
ndf4cr8g95xznbyy9bzdmchn	1	2	175	14	1	Go	GW	1	1	0.658	1	1.0	0	0.998	0.9980967598736769	-0.00191177383768234
ndf4cr8g95xznbyy9bzdmchn	1	2	180	15	1	Go	GW	1	1	0.425	1	0.0	1	0.9904	0.9906832152096143	-0.009526143805381464
ndf4cr8g95xznbyy9bzdmchn	1	2	182	16	1	Go	GW	1	1	0.526	1	0.0	1	0.9961	0.9963073843911515	-0.0037214679884546987
ndf4cr8g95xznbyy9bzdmchn	1	2	187	17	1	Go	GW	1	1	0.449	1	0.0	1	0.9976	0.9975989430723825	-0.0024138617836504486
ndf4cr8g95xznbyy9bzdmchn	1	2	192	18	1	Go	GW	1	1	0.501	1	0.0	1	0.9983	0.9980802069192698	-0.0019285088218217892
ndf4cr8g95xznbyy9bzdmchn	1	2	196	19	1	Go	GW	1	1	0.456	1	1.0	0	0.9984	0.9982993114045127	-0.001707926618544851
ndf4cr8g95xznbyy9bzdmchn	1	2	200	20	1	Go	GW	1	1	0.615	1	0.0	1	0.9929	0.9914685532371105	-0.008717540647635965
ndf4cr8g95xznbyy9bzdmchn	1	2	203	21	1	Go	GW	1	1	0.682	1	1.0	0	0.9968	0.9965260726324839	-0.0035003843996707384
ndf4cr8g95xznbyy9bzdmchn	1	2	205	22	1	Go	GW	1	1	0.519	1	0.0	1	0.9838	0.9843629135039562	-0.016187106263700332
ndf4cr8g95xznbyy9bzdmchn	1	2	212	23	1	Go	GW	1	1	0.313	1	0.0	1	0.995	0.9951075521231065	-0.004940707326769583
ndf4cr8g95xznbyy9bzdmchn	1	2	215	24	1	Go	GW	1	1	0.329	1	0.0	1	0.9972	0.9971916215928449	-0.002825114296018234
ndf4cr8g95xznbyy9bzdmchn	1	2	217	25	1	Go	GW	1	1	0.393	1	0.0	1	0.9971	0.9979028165658917	-0.0021071629534952295
ndf4cr8g95xznbyy9bzdmchn	1	2	224	26	1	Go	GW	1	1	0.347	1	0.0	1	0.9988	0.9982107463255903	-0.0017970054673885183
ndf4cr8g95xznbyy9bzdmchn	1	2	225	27	1	Go	GW	1	1	0.361	1	0.0	1	0.9985	0.9983628154738512	-0.00164402726011279
ndf4cr8g95xznbyy9bzdmchn	1	2	230	28	1	Go	GW	1	1	0.304	1	0.0	1	0.998	0.9984445290211239	-0.0015618937151766622
ndf4cr8g95xznbyy9bzdmchn	1	2	234	29	1	Go	GW	1	1	0.379	1	1.0	0	0.9981	0.9984911483712409	-0.0015150639265489722
ndf4cr8g95xznbyy9bzdmchn	1	2	239	30	1	Go	GW	1	1	0.28	1	0.0	1	0.9925	0.992218928157589	-0.007949235396992441
ndf4cr8g95xznbyy9bzdmchn	1	2	124	1	0	Go	GAL	1	1	1.0	1	0.0	1	0.5948	0.5918487210487284	-0.5345685045374515
ndf4cr8g95xznbyy9bzdmchn	1	2	128	2	0	Go	GAL	1	0		0	0.0	0	0.7519	0.24064755112893427	-1.4900228222394105
ndf4cr8g95xznbyy9bzdmchn	1	2	130	3	0	Go	GAL	1	0		0	0.0	0	0.7903	0.22072250089146214	-1.5838764028825152
ndf4cr8g95xznbyy9bzdmchn	1	2	135	4	0	Go	GAL	1	1	0.709	1	0.0	1	0.7972	0.7971101931484078	-0.23205952060913904
ndf4cr8g95xznbyy9bzdmchn	1	2	138	5	0	Go	GAL	1	1	1.214	1	1.0	0	0.8871	0.8838657439130245	-0.12624561097826145
ndf4cr8g95xznbyy9bzdmchn	1	2	143	6	0	Go	GAL	1	0		0	1.0	1	0.7558	0.24863385177182568	-1.4375919365105527
ndf4cr8g95xznbyy9bzdmchn	1	2	146	7	0	Go	GAL	1	0		0	0.0	0	0.5716	0.42720285028919797	-0.8707750635134902
ndf4cr8g95xznbyy9bzdmchn	1	2	152	8	0	Go	GAL	1	0		0	0.0	0	0.6067	0.3976170719350267	-0.9502886778921387
ndf4cr8g95xznbyy9bzdmchn	1	2	154	9	0	Go	GAL	1	1	0.771	1	0.0	1	0.6334	0.6300391141967492	-0.47499154274954847
ndf4cr8g95xznbyy9bzdmchn	1	2	158	10	0	Go	GAL	1	1	0.82	1	0.0	1	0.7788	0.7777735805618639	-0.25694176611966235
ndf4cr8g95xznbyy9bzdmchn	1	2	162	11	0	Go	GAL	1	1	0.674	1	0.0	1	0.865	0.8671198572049449	-0.1454068157405513
ndf4cr8g95xznbyy9bzdmchn	1	2	167	12	0	Go	GAL	1	1	0.619	1	0.0	1	0.9171	0.9182219908531675	-0.08674535850632026
ndf4cr8g95xznbyy9bzdmchn	1	2	169	13	0	Go	GAL	1	0		0	1.0	1	0.9486	0.05238312243600575	-3.1960913370944506
ndf4cr8g95xznbyy9bzdmchn	1	2	176	14	0	Go	GAL	1	1	0.419	1	0.0	1	0.8978	0.8995472205526006	-0.10745530807796953
ndf4cr8g95xznbyy9bzdmchn	1	2	177	15	0	Go	GAL	1	0		0	0.0	0	0.9334	0.0679629365004683	-2.8609497843946508
ndf4cr8g95xznbyy9bzdmchn	1	2	183	16	0	Go	GAL	1	1	0.983	1	0.0	1	0.9398	0.9389027246118229	-0.06390039211192033
ndf4cr8g95xznbyy9bzdmchn	1	2	188	17	0	Go	GAL	1	1	0.489	1	0.0	1	0.955	0.9571935527625741	-0.04423470890219531
ndf4cr8g95xznbyy9bzdmchn	1	2	191	18	0	Go	GAL	1	1	0.845	1	0.0	1	0.9712	0.968883051680664	-0.03190180031733508
ndf4cr8g95xznbyy9bzdmchn	1	2	195	19	0	Go	GAL	1	0		0	0.0	0	0.9744	0.023424984704282142	-4.088893982483917
ndf4cr8g95xznbyy9bzdmchn	1	2	198	20	0	Go	GAL	1	1	0.782	1	1.0	0	0.9779	0.9788901072593102	-0.021506942671361644
ndf4cr8g95xznbyy9bzdmchn	1	2	201	21	0	Go	GAL	1	1	0.872	1	1.0	0	0.9224	0.927390213789392	-0.07734988637836444
ndf4cr8g95xznbyy9bzdmchn	1	2	207	22	0	Go	GAL	1	1	0.826	1	0.0	1	0.8014	0.8022757912287987	-0.2432486779173162
ndf4cr8g95xznbyy9bzdmchn	1	2	210	23	0	Go	GAL	1	1	0.473	1	0.0	1	0.8788	0.8786603610570095	-0.1354525701319842
ndf4cr8g95xznbyy9bzdmchn	1	2	213	24	0	Go	GAL	1	1	0.504	1	0.0	1	0.9233	0.9232265664063493	-0.08199364075849641
ndf4cr8g95xznbyy9bzdmchn	1	2	218	25	0	Go	GAL	1	1	0.468	1	0.0	1	0.9463	0.9490898273450236	-0.05317813420254948
ndf4cr8g95xznbyy9bzdmchn	1	2	222	26	0	Go	GAL	1	1	0.61	1	0.0	1	0.962	0.9645914027032437	-0.0365301409303872
ndf4cr8g95xznbyy9bzdmchn	1	2	226	27	0	Go	GAL	1	1	0.631	1	0.0	1	0.973	0.9742692207374859	-0.026346591962962525
ndf4cr8g95xznbyy9bzdmchn	1	2	229	28	0	Go	GAL	1	1	0.577	1	0.0	1	0.9817	0.9805542871602014	-0.019814620988291672
ndf4cr8g95xznbyy9bzdmchn	1	2	233	29	0	Go	GAL	1	1	0.526	1	0.0	1	0.9845	0.9847836679757959	-0.015454402152189232
ndf4cr8g95xznbyy9bzdmchn	1	2	237	30	0	Go	GAL	1	1	0.503	1	1.0	0	0.9889	0.9877202463496313	-0.012443635373089294
ndf4cr8g95xznbyy9bzdmchn	1	1	1	1	0	No-Go	NGAL	0	1	0.751	0	0.0	0	0.5991	0.5918487210487284	-0.5345685045374515
ndf4cr8g95xznbyy9bzdmchn	1	1	7	2	0	No-Go	NGAL	0	0		1	0.0	1	0.3915	0.6025685880532207	-0.5174198815895644
ndf4cr8g95xznbyy9bzdmchn	1	1	10	3	0	No-Go	NGAL	0	0		1	1.0	0	0.2291	0.7662797787904894	-0.2734706430545669
ndf4cr8g95xznbyy9bzdmchn	1	1	14	4	0	No-Go	NGAL	0	1	0.827	0	0.0	0	0.2566	0.2565970283817584	-1.4311249861981483
ndf4cr8g95xznbyy9bzdmchn	1	1	20	5	0	No-Go	NGAL	0	0		1	0.0	1	0.155	0.84887145171812	-0.16835888099737134
ndf4cr8g95xznbyy9bzdmchn	1	1	24	6	0	No-Go	NGAL	0	0		1	1.0	0	0.0855	0.9156017869836646	-0.09041813286186372
ndf4cr8g95xznbyy9bzdmchn	1	1	25	7	0	No-Go	NGAL	0	0		1	0.0	1	0.0952	0.9050019436947425	-0.1025036521296441
ndf4cr8g95xznbyy9bzdmchn	1	1	32	8	0	No-Go	NGAL	0	0		1	0.0	1	0.0544	0.9450443038868565	-0.05777435874856428
ndf4cr8g95xznbyy9bzdmchn	1	1	34	9	0	No-Go	NGAL	0	0		1	0.0	1	0.0304	0.966598450733392	-0.034557700200264586
ndf4cr8g95xznbyy9bzdmchn	1	1	37	10	0	No-Go	NGAL	0	0		1	0.0	1	0.0235	0.9787061400741368	-0.021806604029042848
ndf4cr8g95xznbyy9bzdmchn	1	1	42	11	0	No-Go	NGAL	0	0		1	1.0	0	0.0151	0.9858084200198169	-0.014435727212101195
ndf4cr8g95xznbyy9bzdmchn	1	1	48	12	0	No-Go	NGAL	0	0		1	0.0	1	0.0156	0.9834339080852922	-0.016885774991196083
ndf4cr8g95xznbyy9bzdmchn	1	1	51	13	0	No-Go	NGAL	0	0		1	0.0	1	0.0127	0.9887028958760273	-0.011454757558052347
ndf4cr8g95xznbyy9bzdmchn	1	1	54	14	0	No-Go	NGAL	0	0		1	0.0	1	0.0094	0.9919831362189588	-0.008099982035512321
ndf4cr8g95xznbyy9bzdmchn	1	1	57	15	0	No-Go	NGAL	0	0		1	0.0	1	0.0055	0.9941006402431378	-0.0059460190870695715
ndf4cr8g95xznbyy9bzdmchn	1	1	62	16	0	No-Go	NGAL	0	0		1	0.0	1	0.0049	0.9955125108861608	-0.004515295702419828
ndf4cr8g95xznbyy9bzdmchn	1	1	65	17	0	No-Go	NGAL	0	0		1	1.0	0	0.0033	0.9964815177153105	-0.003536031319169144
ndf4cr8g95xznbyy9bzdmchn	1	1	71	18	0	No-Go	NGAL	0	0		1	0.0	1	0.0053	0.9957701471011613	-0.004254265390048405
ndf4cr8g95xznbyy9bzdmchn	1	1	75	19	0	No-Go	NGAL	0	0		1	0.0	1	0.0025	0.9966683898222575	-0.003347217383244731
ndf4cr8g95xznbyy9bzdmchn	1	1	77	20	0	No-Go	NGAL	0	0		1	0.0	1	0.0028	0.9973012997193625	-0.0027092634990455383
ndf4cr8g95xznbyy9bzdmchn	1	1	81	21	0	No-Go	NGAL	0	0		1	0.0	1	0.001	0.9977583109192907	-0.0022492233406258564
ndf4cr8g95xznbyy9bzdmchn	1	1	86	22	0	No-Go	NGAL	0	0		1	0.0	1	0.0022	0.9980954987722738	-0.0019101385899939487
ndf4cr8g95xznbyy9bzdmchn	1	1	90	23	0	No-Go	NGAL	0	0		1	0.0	1	0.0019	0.9983490716026583	-0.0016553323019647824
ndf4cr8g95xznbyy9bzdmchn	1	1	93	24	0	No-Go	NGAL	0	0		1	1.0	0	0.0016	0.9985430249496232	-0.0014605494155204353
ndf4cr8g95xznbyy9bzdmchn	1	1	97	25	0	No-Go	NGAL	0	0		1	0.0	1	0.0018	0.9982034802742524	-0.0018019189484621968
ndf4cr8g95xznbyy9bzdmchn	1	1	104	26	0	No-Go	NGAL	0	0		1	1.0	0	0.0012	0.9984361063464791	-0.0015681230898987578
ndf4cr8g95xznbyy9bzdmchn	1	1	105	27	0	No-Go	NGAL	0	0		1	0.0	1	0.0027	0.9980445784959411	-0.001962343399523631
ndf4cr8g95xznbyy9bzdmchn	1	1	110	28	0	No-Go	NGAL	0	0		1	0.0	1	0.0015	0.9983252501843126	-0.0016798536345494406
ndf4cr8g95xznbyy9bzdmchn	1	1	113	29	0	No-Go	NGAL	0	0		1	0.0	1	0.0014	0.9985333894038958	-0.0014706071990979576
ndf4cr8g95xznbyy9bzdmchn	1	1	120	30	0	No-Go	NGAL	0	0		1	0.0	1	0.0014	0.9986915868829699	-0.0013116870102587034
ndf4cr8g95xznbyy9bzdmchn	1	1	4	1	0	Go	GAL	1	0		0	0.0	0	0.5866	0.4081512789512715	-0.9173625750072257
ndf4cr8g95xznbyy9bzdmchn	1	1	8	2	0	Go	GAL	1	1	0.762	1	0.0	1	0.6173	0.6192053471986517	-0.4881167458140548
ndf4cr8g95xznbyy9bzdmchn	1	1	11	3	0	Go	GAL	1	1	0.587	1	0.0	1	0.7823	0.7792774991085377	-0.25497144297691265
ndf4cr8g95xznbyy9bzdmchn	1	1	13	4	0	Go	GAL	1	1	0.631	1	0.0	1	0.8686	0.8727340717732582	-0.13918560978452593
ndf4cr8g95xznbyy9bzdmchn	1	1	17	5	0	Go	GAL	1	1	0.466	1	1.0	0	0.9262	0.9243434279752659	-0.08019172187175536
ndf4cr8g95xznbyy9bzdmchn	1	1	22	6	0	Go	GAL	1	1	0.463	1	1.0	0	0.8172	0.8215843617282933	-0.1994619387988917
ndf4cr8g95xznbyy9bzdmchn	1	1	27	7	0	Go	GAL	1	1	0.55	1	0.0	1	0.6385	0.6508189293553547	-0.4373325052992181
ndf4cr8g95xznbyy9bzdmchn	1	1	29	8	0	Go	GAL	1	1	0.551	1	0.0	1	0.796	0.8019687835991053	-0.2238763498682678
ndf4cr8g95xznbyy9bzdmchn	1	1	35	9	0	Go	GAL	1	1	0.629	1	0.0	1	0.8863	0.8871374655989206	-0.12156524016934642
ndf4cr8g95xznbyy9bzdmchn	1	1	39	10	0	Go	GAL	1	1	0.474	1	0.0	1	0.9324	0.9330598253650185	-0.07024130448433434
ndf4cr8g95xznbyy9bzdmchn	1	1	41	11	0	Go	GAL	1	1	0.53	1	0.0	1	0.9561	0.9583582839855995	-0.043023808457308875
ndf4cr8g95xznbyy9bzdmchn	1	1	47	12	0	Go	GAL	1	1	0.428	1	0.0	1	0.9703	0.9728496402804161	-0.027780554054818066
ndf4cr8g95xznbyy9bzdmchn	1	1	49	13	0	Go	GAL	1	1	0.511	1	1.0	0	0.984	0.9815027980080309	-0.01880741668270102
ndf4cr8g95xznbyy9bzdmchn	1	1	56	14	0	Go	GAL	1	1	0.477	1	0.0	1	0.9451	0.9447452818367561	-0.057392751565882555
ndf4cr8g95xznbyy9bzdmchn	1	1	60	15	0	Go	GAL	1	1	0.465	1	0.0	1	0.9659	0.9656868530958395	-0.03518832867339299
ndf4cr8g95xznbyy9bzdmchn	1	1	64	16	0	Go	GAL	1	1	0.499	1	0.0	1	0.9755	0.9774699742809823	-0.022935204188957267
ndf4cr8g95xznbyy9bzdmchn	1	1	67	17	0	Go	GAL	1	1	0.511	1	0.0	1	0.9828	0.9844674628027873	-0.01573872750809769
ndf4cr8g95xznbyy9bzdmchn	1	1	72	18	0	Go	GAL	1	1	0.522	1	0.0	1	0.9896	0.9888229944661855	-0.01129059118611009
ndf4cr8g95xznbyy9bzdmchn	1	1	74	19	0	Go	GAL	1	1	0.398	1	0.0	1	0.9942	0.9916462478139171	-0.008420851816870738
ndf4cr8g95xznbyy9bzdmchn	1	1	79	20	0	Go	GAL	1	1	0.594	1	1.0	0	0.9925	0.9935416589487659	-0.0065005671321025
ndf4cr8g95xznbyy9bzdmchn	1	1	83	21	0	Go	GAL	1	1	0.525	1	1.0	0	0.9719	0.976728666951532	-0.02377014235807651
ndf4cr8g95xznbyy9bzdmchn	1	1	88	22	0	Go	GAL	1	1	0.495	1	0.0	1	0.924	0.9274804469102294	-0.07807927078148497
ndf4cr8g95xznbyy9bzdmchn	1	1	92	23	0	Go	GAL	1	1	0.415	1	0.0	1	0.9589	0.9583153405677939	-0.04323718854129238
ndf4cr8g95xznbyy9bzdmchn	1	1	96	24	0	Go	GAL	1	1	0.463	1	0.0	1	0.9769	0.974128503046249	-0.0264510444846943
ndf4cr8g95xznbyy9bzdmchn	1	1	99	25	0	Go	GAL	1	1	0.375	1	0.0	1	0.9813	0.9828387875178629	-0.017422534018218173
ndf4cr8g95xznbyy9bzdmchn	1	1	103	26	0	Go	GAL	1	1	0.37	1	0.0	1	0.988	0.987971245483822	-0.01216317717410155
ndf4cr8g95xznbyy9bzdmchn	1	1	108	27	0	Go	GAL	1	1	0.464	1	0.0	1	0.992	0.991170165237456	-0.008906224764955863
ndf4cr8g95xznbyy9bzdmchn	1	1	112	28	0	Go	GAL	1	1	0.561	1	0.0	1	0.9921	0.9932583974719473	-0.006788636632951627
ndf4cr8g95xznbyy9bzdmchn	1	1	116	29	0	Go	GAL	1	1	0.457	1	0.0	1	0.9941	0.9946750960932889	-0.005355877827372383
ndf4cr8g95xznbyy9bzdmchn	1	1	117	30	0	Go	GAL	1	1	0.433	1	1.0	0	0.9946	0.9956678917697019	-0.004353721529439065
ndf4cr8g95xznbyy9bzdmchn	1	1	2	1	1	No-Go	NGW	0	1	0.754	0	0.0	0	0.5593	0.5638155328636484	-0.6113226236905206
ndf4cr8g95xznbyy9bzdmchn	1	1	6	2	1	No-Go	NGW	0	1	0.72	0	1.0	1	0.3792	0.3750220047399002	-1.051296994987378
ndf4cr8g95xznbyy9bzdmchn	1	1	9	3	1	No-Go	NGW	0	1	0.399	0	0.0	0	0.9144	0.9171668436404649	-0.09130758886622488
ndf4cr8g95xznbyy9bzdmchn	1	1	15	4	1	No-Go	NGW	0	1	0.51	0	0.0	0	0.811	0.8127749711562122	-0.22120889877697672
ndf4cr8g95xznbyy9bzdmchn	1	1	18	5	1	No-Go	NGW	0	1	0.509	0	0.0	0	0.6439	0.6444986452630028	-0.47439004433073684
ndf4cr8g95xznbyy9bzdmchn	1	1	23	6	1	No-Go	NGW	0	0		1	0.0	1	0.4469	0.5476868164030603	-0.6544931656066204
ndf4cr8g95xznbyy9bzdmchn	1	1	28	7	1	No-Go	NGW	0	0		1	0.0	1	0.2906	0.7185295112554064	-0.3558162867450828
ndf4cr8g95xznbyy9bzdmchn	1	1	30	8	1	No-Go	NGW	0	0		1	0.0	1	0.1673	0.8295464510719889	-0.19832964123941355
ndf4cr8g95xznbyy9bzdmchn	1	1	33	9	1	No-Go	NGW	0	0		1	0.0	1	0.1053	0.8956545640256254	-0.11528893246425614
ndf4cr8g95xznbyy9bzdmchn	1	1	40	10	1	No-Go	NGW	0	0		1	1.0	0	0.0672	0.9342866972948126	-0.07027029887036852
ndf4cr8g95xznbyy9bzdmchn	1	1	44	11	1	No-Go	NGW	0	0		1	1.0	0	0.1619	0.8397153469218807	-0.1820191113220977
ndf4cr8g95xznbyy9bzdmchn	1	1	46	12	1	No-Go	NGW	0	0		1	0.0	1	0.3251	0.6747085153672789	-0.4167599193725731
ndf4cr8g95xznbyy9bzdmchn	1	1	50	13	1	No-Go	NGW	0	0		1	0.0	1	0.1928	0.807693701043613	-0.2230326689931317
ndf4cr8g95xznbyy9bzdmchn	1	1	53	14	1	No-Go	NGW	0	0		1	0.0	1	0.1124	0.8854083979611691	-0.1259010757237345
ndf4cr8g95xznbyy9bzdmchn	1	1	59	15	1	No-Go	NGW	0	0		1	0.0	1	0.071	0.9293724469305489	-0.0751749773439349
ndf4cr8g95xznbyy9bzdmchn	1	1	63	16	1	No-Go	NGW	0	0		1	0.0	1	0.0454	0.9546433339402117	-0.04734160807710771
ndf4cr8g95xznbyy9bzdmchn	1	1	68	17	1	No-Go	NGW	0	0		1	0.0	1	0.0305	0.9696344651983649	-0.031300494067754495
ndf4cr8g95xznbyy9bzdmchn	1	1	69	18	1	No-Go	NGW	0	0		1	0.0	1	0.0231	0.9788468127064763	-0.021625950317646934
ndf4cr8g95xznbyy9bzdmchn	1	1	76	19	1	No-Go	NGW	0	0		1	1.0	0	0.0156	0.9847077533948688	-0.01554775162828289
ndf4cr8g95xznbyy9bzdmchn	1	1	78	20	1	No-Go	NGW	0	0		1	0.0	1	0.0472	0.9515998354182249	-0.050404587265063784
ndf4cr8g95xznbyy9bzdmchn	1	1	82	21	1	No-Go	NGW	0	0		1	0.0	1	0.0297	0.9684620112952118	-0.03243108617440771
ndf4cr8g95xznbyy9bzdmchn	1	1	85	22	1	No-Go	NGW	0	0		1	0.0	1	0.0228	0.9783937667125718	-0.02204906907714253
ndf4cr8g95xznbyy9bzdmchn	1	1	91	23	1	No-Go	NGW	0	0		1	0.0	1	0.0163	0.9845355613449341	-0.015703569053556604
ndf4cr8g95xznbyy9bzdmchn	1	1	95	24	1	No-Go	NGW	0	0		1	1.0	0	0.0123	0.9884971108332639	-0.011641753152667193
ndf4cr8g95xznbyy9bzdmchn	1	1	100	25	1	No-Go	NGW	0	0		1	0.0	1	0.0442	0.96055314230559	-0.04091225156143779
ndf4cr8g95xznbyy9bzdmchn	1	1	102	26	1	No-Go	NGW	0	0		1	1.0	0	0.0237	0.9741525327062498	-0.02648350205610876
ndf4cr8g95xznbyy9bzdmchn	1	1	107	27	1	No-Go	NGW	0	0		1	0.0	1	0.0804	0.9194889228355955	-0.08699301152752703
ndf4cr8g95xznbyy9bzdmchn	1	1	109	28	1	No-Go	NGW	0	0		1	0.0	1	0.0484	0.9517561594005232	-0.05041837510434553
ndf4cr8g95xznbyy9bzdmchn	1	1	114	29	1	No-Go	NGW	0	0		1	0.0	1	0.0335	0.9691398131392703	-0.03175590672260398
ndf4cr8g95xznbyy9bzdmchn	1	1	118	30	1	No-Go	NGW	0	1	0.449	0	0.0	0	0.0204	0.02091359630006359	-4.324254040866128
ndf4cr8g95xznbyy9bzdmchn	1	1	3	1	1	Go	GW	1	1	0.586	1	0.0	1	0.5666	0.5638155328636484	-0.6113226236905206
ndf4cr8g95xznbyy9bzdmchn	1	1	5	2	1	Go	GW	1	1	0.564	1	0.0	1	0.9439	0.9451871838641129	-0.058542644805838456
ndf4cr8g95xznbyy9bzdmchn	1	1	12	3	1	Go	GW	1	1	0.7	1	0.0	1	0.9861	0.9863530053827735	-0.013979939341568224
ndf4cr8g95xznbyy9bzdmchn	1	1	16	4	1	Go	GW	1	1	0.389	1	1.0	0	0.9944	0.9943981471235404	-0.005664224628895129
ndf4cr8g95xznbyy9bzdmchn	1	1	19	5	1	Go	GW	1	1	0.44	1	0.0	1	0.9827	0.9799200211291758	-0.020634302588709668
ndf4cr8g95xznbyy9bzdmchn	1	1	21	6	1	Go	GW	1	1	0.532	1	0.0	1	0.9912	0.9932887390893433	-0.006789471285995394
ndf4cr8g95xznbyy9bzdmchn	1	1	26	7	1	Go	GW	1	1	0.453	1	0.0	1	0.9955	0.9964360608564282	-0.0035883951379622712
ndf4cr8g95xznbyy9bzdmchn	1	1	31	8	1	Go	GW	1	1	0.502	1	0.0	1	0.9975	0.9975431304684982	-0.0024692297427331374
ndf4cr8g95xznbyy9bzdmchn	1	1	36	9	1	Go	GW	1	1	0.377	1	0.0	1	0.9979	0.9980199527550639	-0.0019886621117641726
ndf4cr8g95xznbyy9bzdmchn	1	1	38	10	1	Go	GW	1	1	0.407	1	1.0	0	0.9977	0.9982530457399976	-0.0017541527747680467
ndf4cr8g95xznbyy9bzdmchn	1	1	43	11	1	Go	GW	1	1	0.557	1	0.0	1	0.992	0.9914186961130664	-0.008760618508294892
ndf4cr8g95xznbyy9bzdmchn	1	1	45	12	1	Go	GW	1	1	0.461	1	0.0	1	0.9959	0.9964513003702137	-0.003575080215998728
ndf4cr8g95xznbyy9bzdmchn	1	1	52	13	1	Go	GW	1	1	0.458	1	0.0	1	0.9982	0.9976431169985935	-0.002369145654729123
ndf4cr8g95xznbyy9bzdmchn	1	1	55	14	1	Go	GW	1	1	0.398	1	1.0	0	0.9983	0.9980967598736769	-0.00191177383768234
ndf4cr8g95xznbyy9bzdmchn	1	1	58	15	1	Go	GW	1	1	0.449	1	0.0	1	0.9898	0.9906832152096143	-0.009526143805381464
ndf4cr8g95xznbyy9bzdmchn	1	1	61	16	1	Go	GW	1	1	0.416	1	0.0	1	0.9961	0.9963073843911515	-0.0037214679884546987
ndf4cr8g95xznbyy9bzdmchn	1	1	66	17	1	Go	GW	1	1	0.314	1	0.0	1	0.9976	0.9975989430723825	-0.0024138617836504486
ndf4cr8g95xznbyy9bzdmchn	1	1	70	18	1	Go	GW	1	1	0.431	1	0.0	1	0.9978	0.9980802069192698	-0.0019285088218217892
ndf4cr8g95xznbyy9bzdmchn	1	1	73	19	1	Go	GW	1	1	0.416	1	1.0	0	0.9981	0.9982993114045127	-0.001707926618544851
ndf4cr8g95xznbyy9bzdmchn	1	1	80	20	1	Go	GW	1	1	0.49	1	0.0	1	0.9916	0.9914685532371105	-0.008717540647635965
ndf4cr8g95xznbyy9bzdmchn	1	1	84	21	1	Go	GW	1	1	0.571	1	1.0	0	0.9963	0.9965260726324839	-0.0035003843996707384
ndf4cr8g95xznbyy9bzdmchn	1	1	87	22	1	Go	GW	1	1	0.363	1	0.0	1	0.981	0.9843629135039562	-0.016187106263700332
ndf4cr8g95xznbyy9bzdmchn	1	1	89	23	1	Go	GW	1	1	0.495	1	0.0	1	0.9943	0.9951075521231065	-0.004940707326769583
ndf4cr8g95xznbyy9bzdmchn	1	1	94	24	1	Go	GW	1	1	0.422	1	0.0	1	0.9969	0.9971916215928449	-0.002825114296018234
ndf4cr8g95xznbyy9bzdmchn	1	1	98	25	1	Go	GW	1	1	0.417	1	0.0	1	0.9981	0.9979028165658917	-0.0021071629534952295
ndf4cr8g95xznbyy9bzdmchn	1	1	101	26	1	Go	GW	1	1	0.496	1	0.0	1	0.9984	0.9982107463255903	-0.0017970054673885183
ndf4cr8g95xznbyy9bzdmchn	1	1	106	27	1	Go	GW	1	1	0.367	1	0.0	1	0.9988	0.9983628154738512	-0.00164402726011279
ndf4cr8g95xznbyy9bzdmchn	1	1	111	28	1	Go	GW	1	1	0.454	1	0.0	1	0.9987	0.9984445290211239	-0.0015618937151766622
ndf4cr8g95xznbyy9bzdmchn	1	1	115	29	1	Go	GW	1	1	0.473	1	1.0	0	0.9979	0.9984911483712409	-0.0015150639265489722
ndf4cr8g95xznbyy9bzdmchn	1	1	119	30	1	Go	GW	1	1	0.475	1	0.0	1	0.9922	0.992218928157589	-0.007949235396992441
nz9zfobqkkrija2o8wpk80pj	1	2	121	1	1	Go	GW	1	1	0.495	1	1.0	0	0.7784	0.7788286383172592	-0.2531056092796357
nz9zfobqkkrija2o8wpk80pj	1	2	127	2	1	Go	GW	1	0		0	0.0	0	0.5875	0.410813826216068	-0.9125822273862773
nz9zfobqkkrija2o8wpk80pj	1	2	131	3	1	Go	GW	1	1	0.517	1	0.0	1	0.7763	0.7788286383172592	-0.2531056092796357
nz9zfobqkkrija2o8wpk80pj	1	2	136	4	1	Go	GW	1	1	0.613	1	0.0	1	0.9543	0.9525034995046568	-0.04916073613826328
nz9zfobqkkrija2o8wpk80pj	1	2	140	5	1	Go	GW	1	1	0.602	1	0.0	1	0.9628	0.9600450520362745	-0.04109122317699119
nz9zfobqkkrija2o8wpk80pj	1	2	143	6	1	Go	GW	1	1	0.728	1	0.0	1	0.9645	0.9612515888519966	-0.03981084086854843
nz9zfobqkkrija2o8wpk80pj	1	2	148	7	1	Go	GW	1	1	0.536	1	1.0	0	0.9648	0.9615476122568347	-0.03949762076002484
nz9zfobqkkrija2o8wpk80pj	1	2	150	8	1	Go	GW	1	0		0	0.0	0	0.8041	0.18774034274606874	-1.7217429625907192
nz9zfobqkkrija2o8wpk80pj	1	2	154	9	1	Go	GW	1	1	0.515	1	0.0	1	0.8368	0.8353034432828202	-0.18231810732673243
nz9zfobqkkrija2o8wpk80pj	1	2	160	10	1	Go	GW	1	1	0.51	1	0.0	1	0.9597	0.960676256257559	-0.04043284656101543
nz9zfobqkkrija2o8wpk80pj	1	2	164	11	1	Go	GW	1	1	0.356	1	0.0	1	0.965	0.9660291229934912	-0.03479486139822895
nz9zfobqkkrija2o8wpk80pj	1	2	167	12	1	Go	GW	1	1	0.426	1	0.0	1	0.9638	0.9668677551775867	-0.03391696883922029
nz9zfobqkkrija2o8wpk80pj	1	2	171	13	1	Go	GW	1	1	0.478	1	1.0	0	0.9656	0.9670693580869524	-0.03370645766969834
nz9zfobqkkrija2o8wpk80pj	1	2	173	14	1	Go	GW	1	1	0.599	1	0.0	1	0.8366	0.835328824615676	-0.1822899626982001
nz9zfobqkkrija2o8wpk80pj	1	2	179	15	1	Go	GW	1	1	0.467	1	0.0	1	0.9635	0.9606823049377852	-0.040426130225228195
nz9zfobqkkrija2o8wpk80pj	1	2	183	16	1	Go	GW	1	1	0.403	1	1.0	0	0.9705	0.9660314289093831	-0.034792371772283386
nz9zfobqkkrija2o8wpk80pj	1	2	188	17	1	Go	GW	1	0		0	0.0	0	0.834	0.16566305291980385	-1.857898152274806
nz9zfobqkkrija2o8wpk80pj	1	2	190	18	1	Go	GW	1	1	0.534	1	0.0	1	0.8372	0.8387712916217406	-0.17817532048626017
nz9zfobqkkrija2o8wpk80pj	1	2	195	19	1	Go	GW	1	1	0.336	1	0.0	1	0.9607	0.9619040185564658	-0.03913493564305596
nz9zfobqkkrija2o8wpk80pj	1	2	197	20	1	Go	GW	1	1	0.421	1	0.0	1	0.9693	0.9671172035876474	-0.0336552901781372
nz9zfobqkkrija2o8wpk80pj	1	2	202	21	1	Go	GW	1	1	0.449	1	0.0	1	0.9672	0.9679327160557268	-0.03280370563615029
nz9zfobqkkrija2o8wpk80pj	1	2	205	22	1	Go	GW	1	1	0.35	1	1.0	0	0.9671	0.9681288852743369	-0.03259946240375122
nz9zfobqkkrija2o8wpk80pj	1	2	211	23	1	Go	GW	1	1	0.305	1	0.0	1	0.8368	0.8397140384562172	-0.17709871327386087
nz9zfobqkkrija2o8wpk80pj	1	2	216	24	1	Go	GW	1	1	0.531	1	0.0	1	0.9637	0.9620128417312899	-0.03901724397798811
nz9zfobqkkrija2o8wpk80pj	1	2	220	25	1	Go	GW	1	1	1.462	1	0.0	1	0.9685	0.9671471295329075	-0.03362359265470367
nz9zfobqkkrija2o8wpk80pj	1	2	221	26	1	Go	GW	1	1	0.505	1	0.0	1	0.9692	0.967943829901361	-0.03279203919363055
nz9zfobqkkrija2o8wpk80pj	1	2	228	27	1	Go	GW	1	1	0.37	1	0.0	1	0.9698	0.9681337411388097	-0.0325943903400633
nz9zfobqkkrija2o8wpk80pj	1	2	230	28	1	Go	GW	1	1	0.4	1	0.0	1	0.9682	0.9681925941836723	-0.03253324287605266
nz9zfobqkkrija2o8wpk80pj	1	2	233	29	1	Go	GW	1	1	0.307	1	0.0	1	0.9663	0.9682145333345806	-0.03251047416670681
nz9zfobqkkrija2o8wpk80pj	1	2	240	30	1	Go	GW	1	1	0.445	1	1.0	0	0.9675	0.9682239140422866	-0.03250074722622495
nz9zfobqkkrija2o8wpk80pj	1	2	122	1	0	Go	GAL	1	1	0.468	1	0.0	1	0.7236	0.7211541235507418	-0.3308726349771356
nz9zfobqkkrija2o8wpk80pj	1	2	128	2	0	Go	GAL	1	1	0.523	1	0.0	1	0.8645	0.8627712588346022	-0.14933863394326718
nz9zfobqkkrija2o8wpk80pj	1	2	130	3	0	Go	GAL	1	0		0	0.0	0	0.8804	0.11897073812983952	-2.202837989237682
nz9zfobqkkrija2o8wpk80pj	1	2	133	4	0	Go	GAL	1	1	0.891	1	0.0	1	0.9343	0.9367833139103053	-0.0659234154330535
nz9zfobqkkrija2o8wpk80pj	1	2	138	5	0	Go	GAL	1	1	0.963	1	1.0	0	0.9373	0.9388741290261537	-0.06364284623692186
nz9zfobqkkrija2o8wpk80pj	1	2	144	6	0	Go	GAL	1	0		0	0.0	0	0.7298	0.27413107688394805	-1.3203407521785502
nz9zfobqkkrija2o8wpk80pj	1	2	147	7	0	Go	GAL	1	1	0.721	1	0.0	1	0.7671	0.7679550827758725	-0.26690089525817967
nz9zfobqkkrija2o8wpk80pj	1	2	152	8	0	Go	GAL	1	1	0.394	1	0.0	1	0.9347	0.9330777549099727	-0.06999301991874236
nz9zfobqkkrija2o8wpk80pj	1	2	153	9	0	Go	GAL	1	1	0.809	1	0.0	1	0.9491	0.9473991470311801	-0.05450900636222308
nz9zfobqkkrija2o8wpk80pj	1	2	157	10	0	Go	GAL	1	1	0.376	1	1.0	0	0.9484	0.9500106314620731	-0.0517065080325503
nz9zfobqkkrija2o8wpk80pj	1	2	162	11	0	Go	GAL	1	0		0	0.0	0	0.7706	0.2322647358062758	-1.492516849773551
nz9zfobqkkrija2o8wpk80pj	1	2	165	12	0	Go	GAL	1	1	0.257	1	0.0	1	0.7862	0.7824784381736736	-0.2480974791896821
nz9zfobqkkrija2o8wpk80pj	1	2	169	13	0	Go	GAL	1	1	0.393	1	0.0	1	0.9397	0.9382383724258774	-0.06437104892060856
nz9zfobqkkrija2o8wpk80pj	1	2	175	14	0	Go	GAL	1	1	0.358	1	1.0	0	0.9467	0.9514679124960473	-0.05016157496588969
nz9zfobqkkrija2o8wpk80pj	1	2	178	15	0	Go	GAL	1	0		0	0.0	0	0.7822	0.21950969912761298	-1.552251283397032
nz9zfobqkkrija2o8wpk80pj	1	2	182	16	0	Go	GAL	1	1	0.845	1	0.0	1	0.7881	0.7867229213325952	-0.24271051817427503
nz9zfobqkkrija2o8wpk80pj	1	2	187	17	0	Go	GAL	1	1	0.523	1	0.0	1	0.941	0.9402087508762103	-0.062237868890598486
nz9zfobqkkrija2o8wpk80pj	1	2	191	18	0	Go	GAL	1	1	0.498	1	1.0	0	0.9507	0.9531192872081703	-0.04840473751840476
nz9zfobqkkrija2o8wpk80pj	1	2	196	19	0	Go	GAL	1	1	0.97	1	0.0	1	0.7821	0.7866816951511127	-0.2427601416556029
nz9zfobqkkrija2o8wpk80pj	1	2	199	20	0	Go	GAL	1	1	0.578	1	0.0	1	0.9368	0.9402025379977196	-0.06224482750544495
nz9zfobqkkrija2o8wpk80pj	1	2	204	21	0	Go	GAL	1	1	0.572	1	0.0	1	0.9536	0.9531176231972851	-0.04840655222552455
nz9zfobqkkrija2o8wpk80pj	1	2	207	22	0	Go	GAL	1	1	0.512	1	0.0	1	0.9589	0.9554508622995564	-0.045925563890571425
nz9zfobqkkrija2o8wpk80pj	1	2	210	23	0	Go	GAL	1	1	0.448	1	0.0	1	0.9542	0.9559820951782138	-0.045361245232906564
nz9zfobqkkrija2o8wpk80pj	1	2	213	24	0	Go	GAL	1	1	0.347	1	0.0	1	0.9553	0.9561199066711901	-0.04521475263636578
nz9zfobqkkrija2o8wpk80pj	1	2	219	25	0	Go	GAL	1	0		0	1.0	1	0.957	0.043840661677002735	-3.288367595620476
nz9zfobqkkrija2o8wpk80pj	1	2	222	26	0	Go	GAL	1	1	0.762	1	1.0	0	0.7927	0.794571906379814	-0.23309489703185107
nz9zfobqkkrija2o8wpk80pj	1	2	225	27	0	Go	GAL	1	1	0.587	1	0.0	1	0.3963	0.39404873600837587	-0.9860727229146996
nz9zfobqkkrija2o8wpk80pj	1	2	231	28	0	Go	GAL	1	1	0.883	1	0.0	1	0.7422	0.7373736550071835	-0.30814391940771974
nz9zfobqkkrija2o8wpk80pj	1	2	235	29	0	Go	GAL	1	1	0.698	1	0.0	1	0.7853	0.7836792092154299	-0.24670694902679058
nz9zfobqkkrija2o8wpk80pj	1	2	237	30	0	Go	GAL	1	1	0.541	1	0.0	1	0.7897	0.7921251479842738	-0.23608302909607395
nz9zfobqkkrija2o8wpk80pj	1	2	123	1	0	No-Go	NGAL	0	1	0.615	0	0.0	0	0.7094	0.7211541235507418	-0.3308726349771356
nz9zfobqkkrija2o8wpk80pj	1	2	125	2	0	No-Go	NGAL	0	1	0.589	0	0.0	0	0.5142	0.5126748394655414	-0.681086757421849
nz9zfobqkkrija2o8wpk80pj	1	2	129	3	0	No-Go	NGAL	0	0		1	0.0	1	0.4786	0.5280801810941951	-0.6511728490884093
nz9zfobqkkrija2o8wpk80pj	1	2	134	4	0	No-Go	NGAL	0	0		1	0.0	1	0.2713	0.7313267027120758	-0.32020766589682087
nz9zfobqkkrija2o8wpk80pj	1	2	139	5	0	No-Go	NGAL	0	1	0.506	0	1.0	1	0.237	0.23824699400343496	-1.4968332390941657
nz9zfobqkkrija2o8wpk80pj	1	2	142	6	0	No-Go	NGAL	0	1	0.64	0	1.0	1	0.6451	0.6423105003226453	-0.4521439019226936
nz9zfobqkkrija2o8wpk80pj	1	2	145	7	0	No-Go	NGAL	0	1	0.341	0	0.0	0	0.7167	0.7123107191963866	-0.3436952528109813
nz9zfobqkkrija2o8wpk80pj	1	2	151	8	0	No-Go	NGAL	0	0		1	0.0	1	0.3016	0.6931368787013238	-0.37635479142746064
nz9zfobqkkrija2o8wpk80pj	1	2	155	9	0	No-Go	NGAL	0	0		1	0.0	1	0.3017	0.7005536632363044	-0.36481503927589587
nz9zfobqkkrija2o8wpk80pj	1	2	159	10	0	No-Go	NGAL	0	1	0.844	0	0.0	0	0.2989	0.2976612399134253	-1.2604927061860192
nz9zfobqkkrija2o8wpk80pj	1	2	161	11	0	No-Go	NGAL	0	0		1	0.0	1	0.2367	0.7622747832871273	-0.27746661530808786
nz9zfobqkkrija2o8wpk80pj	1	2	168	12	0	No-Go	NGAL	0	0		1	0.0	1	0.2386	0.7626759411088553	-0.2769144262098571
nz9zfobqkkrija2o8wpk80pj	1	2	170	13	0	No-Go	NGAL	0	0		1	0.0	1	0.2334	0.7627936437956662	-0.276751127090177
nz9zfobqkkrija2o8wpk80pj	1	2	176	14	0	No-Go	NGAL	0	1	0.516	0	0.0	0	0.2287	0.23716896776698335	-1.501416681390344
nz9zfobqkkrija2o8wpk80pj	1	2	177	15	0	No-Go	NGAL	0	0		1	1.0	0	0.2278	0.774108297543368	-0.2616970261223054
nz9zfobqkkrija2o8wpk80pj	1	2	181	16	0	No-Go	NGAL	0	1	0.597	0	0.0	0	0.548	0.5454696381025765	-0.631964254307613
nz9zfobqkkrija2o8wpk80pj	1	2	185	17	0	No-Go	NGAL	0	0		1	0.0	1	0.5462	0.458322213802742	-0.8162883123814871
nz9zfobqkkrija2o8wpk80pj	1	2	189	18	0	No-Go	NGAL	0	0		1	0.0	1	0.2652	0.7302000711695987	-0.32060565035919586
nz9zfobqkkrija2o8wpk80pj	1	2	193	19	0	No-Go	NGAL	0	0		1	1.0	0	0.2428	0.767508281066129	-0.270236606170446
nz9zfobqkkrija2o8wpk80pj	1	2	200	20	0	No-Go	NGAL	0	1	0.89	0	0.0	0	0.5427	0.546523498441145	-0.6296366615712523
nz9zfobqkkrija2o8wpk80pj	1	2	203	21	0	No-Go	NGAL	0	1	0.626	0	1.0	1	0.5504	0.5455252337364016	-0.6319649486666478
nz9zfobqkkrija2o8wpk80pj	1	2	206	22	0	No-Go	NGAL	0	1	0.534	0	0.0	0	0.8746	0.8719687960630368	-0.14125782749700433
nz9zfobqkkrija2o8wpk80pj	1	2	212	23	0	No-Go	NGAL	0	1	0.529	0	0.0	0	0.6234	0.6237619825361831	-0.4858868158965598
nz9zfobqkkrija2o8wpk80pj	1	2	215	24	0	No-Go	NGAL	0	1	0.335	0	0.0	0	0.559	0.5621315934253688	-0.5973318845289185
nz9zfobqkkrija2o8wpk80pj	1	2	217	25	0	No-Go	NGAL	0	1	0.534	0	0.0	0	0.5488	0.5492052707231615	-0.6237981610401109
nz9zfobqkkrija2o8wpk80pj	1	2	224	26	0	No-Go	NGAL	0	0		1	0.0	1	0.5517	0.45380232220868627	-0.8250455343157651
nz9zfobqkkrija2o8wpk80pj	1	2	227	27	0	No-Go	NGAL	0	0		1	1.0	0	0.2665	0.7294813925274589	-0.32162825005184076
nz9zfobqkkrija2o8wpk80pj	1	2	232	28	0	No-Go	NGAL	0	0		1	0.0	1	0.5621	0.4365834209123341	-0.8614037872205356
nz9zfobqkkrija2o8wpk80pj	1	2	236	29	0	No-Go	NGAL	0	0		1	0.0	1	0.2794	0.726437706744043	-0.32597234367147243
nz9zfobqkkrija2o8wpk80pj	1	2	239	30	0	No-Go	NGAL	0	0		1	0.0	1	0.2293	0.7668327573305622	-0.2711402947901972
nz9zfobqkkrija2o8wpk80pj	1	2	124	1	1	No-Go	NGW	0	1	0.502	0	0.0	0	0.7797	0.7788286383172592	-0.2531056092796357
nz9zfobqkkrija2o8wpk80pj	1	2	126	2	1	No-Go	NGW	0	0		1	0.0	1	0.5951	0.410813826216068	-0.9125822273862773
nz9zfobqkkrija2o8wpk80pj	1	2	132	3	1	No-Go	NGW	0	0		1	1.0	0	0.371	0.6294060361778591	-0.47835273546181106
nz9zfobqkkrija2o8wpk80pj	1	2	135	4	1	No-Go	NGW	0	1	0.451	0	0.0	0	0.7454	0.7492942913355062	-0.29278646970874
nz9zfobqkkrija2o8wpk80pj	1	2	137	5	1	No-Go	NGW	0	0		1	0.0	1	0.7229	0.28297298730823417	-1.301176049785093
nz9zfobqkkrija2o8wpk80pj	1	2	141	6	1	No-Go	NGW	0	0		1	0.0	1	0.3648	0.6374786605818368	-0.4643245336580519
nz9zfobqkkrija2o8wpk80pj	1	2	146	7	1	No-Go	NGW	0	0		1	0.0	1	0.3065	0.6956395744952423	-0.37337433392049557
nz9zfobqkkrija2o8wpk80pj	1	2	149	8	1	No-Go	NGW	0	1	0.469	0	1.0	1	0.2938	0.2930227149883733	-1.284448873290603
nz9zfobqkkrija2o8wpk80pj	1	2	156	9	1	No-Go	NGW	0	1	0.543	0	0.0	0	0.735	0.7378432037861106	-0.31095266508021224
nz9zfobqkkrija2o8wpk80pj	1	2	158	10	1	No-Go	NGW	0	0		1	0.0	1	0.362	0.6380455266650356	-0.4629972241933535
nz9zfobqkkrija2o8wpk80pj	1	2	163	11	1	No-Go	NGW	0	0		1	0.0	1	0.3564	0.6410311450274374	-0.4578671681731582
nz9zfobqkkrija2o8wpk80pj	1	2	166	12	1	No-Go	NGW	0	0		1	0.0	1	0.3626	0.6418108850995538	-0.4565152116225269
nz9zfobqkkrija2o8wpk80pj	1	2	172	13	1	No-Go	NGW	0	1	0.36	0	0.0	0	0.3514	0.35796583189563325	-1.0698671579135852
nz9zfobqkkrija2o8wpk80pj	1	2	174	14	1	No-Go	NGW	0	0		1	0.0	1	0.2919	0.7039838794091877	-0.3608219974448716
nz9zfobqkkrija2o8wpk80pj	1	2	180	15	1	No-Go	NGW	0	0		1	1.0	0	0.2908	0.7040454274337726	-0.36072884505197594
nz9zfobqkkrija2o8wpk80pj	1	2	184	16	1	No-Go	NGW	0	1	0.415	0	0.0	0	0.7115	0.7140294332958956	-0.34328633872926156
nz9zfobqkkrija2o8wpk80pj	1	2	186	17	1	No-Go	NGW	0	0		1	0.0	1	0.7041	0.29861614635913974	-1.252879885867273
nz9zfobqkkrija2o8wpk80pj	1	2	192	18	1	No-Go	NGW	0	0		1	1.0	0	0.34	0.6463994192078875	-0.44917534490296546
nz9zfobqkkrija2o8wpk80pj	1	2	194	19	1	No-Go	NGW	0	1	0.627	0	0.0	0	0.7094	0.7161642939152904	-0.33998463035391846
nz9zfobqkkrija2o8wpk80pj	1	2	198	20	1	No-Go	NGW	0	1	0.511	0	0.0	0	0.7158	0.7132061237147865	-0.34458430043152954
nz9zfobqkkrija2o8wpk80pj	1	2	201	21	1	No-Go	NGW	0	1	0.626	0	1.0	1	0.7084	0.7124210772693046	-0.3458535486988433
nz9zfobqkkrija2o8wpk80pj	1	2	208	22	1	No-Go	NGW	0	1	0.46	0	0.0	0	0.9461	0.94368921475961	-0.058795703444866475
nz9zfobqkkrija2o8wpk80pj	1	2	209	23	1	No-Go	NGW	0	1	0.603	0	0.0	0	0.7858	0.7811002730616372	-0.2500714257170339
nz9zfobqkkrija2o8wpk80pj	1	2	214	24	1	No-Go	NGW	0	1	0.421	0	0.0	0	0.7257	0.7282229964539216	-0.3221689434593535
nz9zfobqkkrija2o8wpk80pj	1	2	223	26	1	No-Go	NGW	0	1	0.424	0	0.0	0	0.7056	0.7131896701000771	-0.34461255435108196
nz9zfobqkkrija2o8wpk80pj	1	2	226	27	1	No-Go	NGW	0	1	0.524	0	0.0	0	0.7116	0.7124148934268638	-0.34586452618788666
nz9zfobqkkrija2o8wpk80pj	1	2	229	28	1	No-Go	NGW	0	1	0.38	0	1.0	1	0.7163	0.7121918875357072	-0.3462370164048145
nz9zfobqkkrija2o8wpk80pj	1	2	234	29	1	No-Go	NGW	0	1	0.371	0	0.0	0	0.9429	0.943671151021064	-0.05881768224768393
nz9zfobqkkrija2o8wpk80pj	1	2	238	30	1	No-Go	NGW	0	1	0.372	0	0.0	0	0.7855	0.7810876468826216	-0.25008874660887537
nz9zfobqkkrija2o8wpk80pj	1	1	2	1	1	Go	GW	1	1	0.519	1	1.0	0	0.7859	0.7788286383172592	-0.2531056092796357
nz9zfobqkkrija2o8wpk80pj	1	1	8	2	1	Go	GW	1	1	0.453	1	0.0	1	0.5882	0.589186173783932	-0.5402114276601132
nz9zfobqkkrija2o8wpk80pj	1	1	12	3	1	Go	GW	1	1	0.378	1	0.0	1	0.8947	0.8942186010659793	-0.11320874712508909
nz9zfobqkkrija2o8wpk80pj	1	1	14	4	1	Go	GW	1	1	0.678	1	0.0	1	0.9055	0.9098749983409916	-0.0953303015989685
nz9zfobqkkrija2o8wpk80pj	1	1	20	5	1	Go	GW	1	1	0.417	1	0.0	1	0.91	0.9123568251193909	-0.09255608456789671
nz9zfobqkkrija2o8wpk80pj	1	1	22	6	1	Go	GW	1	1	0.524	1	0.0	1	0.9077	0.9129562553221698	-0.09189248457964197
nz9zfobqkkrija2o8wpk80pj	1	1	25	7	1	Go	GW	1	1	0.47	1	1.0	0	0.9136	0.9131433687962269	-0.09168659619285445
nz9zfobqkkrija2o8wpk80pj	1	1	30	8	1	Go	GW	1	0		0	0.0	0	0.6377	0.36199143893394903	-1.0498974247670432
nz9zfobqkkrija2o8wpk80pj	1	1	36	9	1	Go	GW	1	1	0.91	1	0.0	1	0.8148	0.8123571212097677	-0.21038937221165727
nz9zfobqkkrija2o8wpk80pj	1	1	40	10	1	Go	GW	1	1	0.362	1	0.0	1	0.9527	0.9539975516011168	-0.047525100641054856
nz9zfobqkkrija2o8wpk80pj	1	1	43	11	1	Go	GW	1	1	0.808	1	0.0	1	0.9564	0.9603268087490776	-0.04078828471589595
nz9zfobqkkrija2o8wpk80pj	1	1	47	12	1	Go	GW	1	1	0.371	1	0.0	1	0.9598	0.9613333221702107	-0.03972356632548975
nz9zfobqkkrija2o8wpk80pj	1	1	50	13	1	Go	GW	1	1	0.559	1	1.0	0	0.9636	0.9615776281868237	-0.03946568691985391
nz9zfobqkkrija2o8wpk80pj	1	1	55	14	1	Go	GW	1	1	0.516	1	0.0	1	0.8135	0.8122917144739017	-0.21046594512488467
nz9zfobqkkrija2o8wpk80pj	1	1	58	15	1	Go	GW	1	1	0.688	1	0.0	1	0.9554	0.9539855383568927	-0.047538617729805846
nz9zfobqkkrija2o8wpk80pj	1	1	62	16	1	Go	GW	1	1	0.45	1	1.0	0	0.9613	0.9603228540275067	-0.040792595044934855
nz9zfobqkkrija2o8wpk80pj	1	1	66	17	1	Go	GW	1	0		0	0.0	0	0.8156	0.18886343041862164	-1.7142015453018802
nz9zfobqkkrija2o8wpk80pj	1	1	70	18	1	Go	GW	1	1	0.985	1	0.0	1	0.8325	0.834337144797785	-0.18343403188448024
nz9zfobqkkrija2o8wpk80pj	1	1	76	19	1	Go	GW	1	1	0.535	1	0.0	1	0.9619	0.9605645709964407	-0.04055444228161346
nz9zfobqkkrija2o8wpk80pj	1	1	80	20	1	Go	GW	1	1	0.38	1	0.0	1	0.966	0.9659985969238469	-0.034827374810650506
nz9zfobqkkrija2o8wpk80pj	1	1	82	21	1	Go	GW	1	1	0.354	1	0.0	1	0.9674	0.9668564959244708	-0.03392884974582846
nz9zfobqkkrija2o8wpk80pj	1	1	85	22	1	Go	GW	1	1	0.264	1	1.0	0	0.9659	0.9670644725614329	-0.03371158685669961
nz9zfobqkkrija2o8wpk80pj	1	1	90	23	1	Go	GW	1	1	0.502	1	0.0	1	0.8348	0.8353234416960273	-0.1822958826205048
nz9zfobqkkrija2o8wpk80pj	1	1	94	24	1	Go	GW	1	1	0.492	1	0.0	1	0.9595	0.9606807233397537	-0.04042789723255791
nz9zfobqkkrija2o8wpk80pj	1	1	98	25	1	Go	GW	1	1	0.464	1	0.0	1	0.9644	0.9660307664114963	-0.03479308938813765
nz9zfobqkkrija2o8wpk80pj	1	1	104	26	1	Go	GW	1	1	0.418	1	0.0	1	0.9674	0.9668684975084328	-0.03391617910680711
nz9zfobqkkrija2o8wpk80pj	1	1	106	27	1	Go	GW	1	1	0.52	1	0.0	1	0.969	0.9670697335579925	-0.03370606124595963
nz9zfobqkkrija2o8wpk80pj	1	1	111	28	1	Go	GW	1	1	0.659	1	0.0	1	0.9685	0.9671325115648729	-0.03364060075095476
nz9zfobqkkrija2o8wpk80pj	1	1	114	29	1	Go	GW	1	1	0.407	1	0.0	1	0.9677	0.9671560456714676	-0.03361608153134005
nz9zfobqkkrija2o8wpk80pj	1	1	119	30	1	Go	GW	1	1	0.403	1	1.0	0	0.9681	0.9671661551244101	-0.03360555559136417
nz9zfobqkkrija2o8wpk80pj	1	1	5	2	1	No-Go	NGW	0	0		1	0.0	1	0.5844	0.410813826216068	-0.9125822273862773
nz9zfobqkkrija2o8wpk80pj	1	1	11	3	1	No-Go	NGW	0	0		1	1.0	0	0.3739	0.6294060361778591	-0.47835273546181106
nz9zfobqkkrija2o8wpk80pj	1	1	15	4	1	No-Go	NGW	0	1	0.468	0	0.0	0	0.7476	0.7492942913355062	-0.29278646970874
nz9zfobqkkrija2o8wpk80pj	1	1	18	5	1	No-Go	NGW	0	1	0.656	0	0.0	0	0.7191	0.7170270126917658	-0.3386364136395457
nz9zfobqkkrija2o8wpk80pj	1	1	21	6	1	No-Go	NGW	0	1	0.616	0	0.0	0	0.7014	0.7097199701581348	-0.34974527743870476
nz9zfobqkkrija2o8wpk80pj	1	1	28	7	1	No-Go	NGW	0	1	0.593	0	0.0	0	0.7057	0.7079143644870804	-0.3526210536032158
nz9zfobqkkrija2o8wpk80pj	1	1	31	8	1	No-Go	NGW	0	1	0.544	0	1.0	1	0.7107	0.7074239246076023	-0.35343192150701264
nz9zfobqkkrija2o8wpk80pj	1	1	33	9	1	No-Go	NGW	0	1	0.466	0	0.0	0	0.9447	0.9423521361562868	-0.06026784779500998
nz9zfobqkkrija2o8wpk80pj	1	1	38	10	1	No-Go	NGW	0	1	0.315	0	0.0	0	0.7793	0.7770984446258332	-0.255324304317643
nz9zfobqkkrija2o8wpk80pj	1	1	41	11	1	No-Go	NGW	0	0		1	0.0	1	0.7274	0.27646679651086986	-1.322758250940877
nz9zfobqkkrija2o8wpk80pj	1	1	48	12	1	No-Go	NGW	0	0		1	0.0	1	0.3706	0.6302046509143348	-0.4766605590223782
nz9zfobqkkrija2o8wpk80pj	1	1	51	13	1	No-Go	NGW	0	1	0.845	0	0.0	0	0.3093	0.3109680889962352	-1.2216680416659378
nz9zfobqkkrija2o8wpk80pj	1	1	56	14	1	No-Go	NGW	0	0		1	0.0	1	0.2912	0.7013529944856919	-0.36479692019297555
nz9zfobqkkrija2o8wpk80pj	1	1	59	15	1	No-Go	NGW	0	1	0.773	0	1.0	1	0.2808	0.2874826992984618	-1.304991279435265
nz9zfobqkkrija2o8wpk80pj	1	1	64	16	1	No-Go	NGW	0	1	0.531	0	0.0	0	0.7449	0.7369140415838117	-0.3125388120197905
nz9zfobqkkrija2o8wpk80pj	1	1	68	17	1	No-Go	NGW	0	0		1	0.0	1	0.3596	0.6383280217911843	-0.4624969031205796
nz9zfobqkkrija2o8wpk80pj	1	1	71	18	1	No-Go	NGW	0	0		1	1.0	0	0.3641	0.6413114557376007	-0.4573824437508269
nz9zfobqkkrija2o8wpk80pj	1	1	75	19	1	No-Go	NGW	0	1	0.443	0	0.0	0	0.7667	0.7692609875572479	-0.2658582393096507
nz9zfobqkkrija2o8wpk80pj	1	1	77	20	1	No-Go	NGW	0	1	0.685	0	0.0	0	0.7206	0.7142460853196264	-0.342928497025982
nz9zfobqkkrija2o8wpk80pj	1	1	81	21	1	No-Go	NGW	0	1	0.386	0	1.0	1	0.7028	0.7016636264744639	-0.36239586383076733
nz9zfobqkkrija2o8wpk80pj	1	1	88	22	1	No-Go	NGW	0	1	0.359	0	0.0	0	0.9423	0.9396524503069089	-0.06331719634731663
nz9zfobqkkrija2o8wpk80pj	1	1	92	23	1	No-Go	NGW	0	0		1	0.0	1	0.7672	0.23073691478873806	-1.5060034103481434
nz9zfobqkkrija2o8wpk80pj	1	1	95	24	1	No-Go	NGW	0	0		1	0.0	1	0.4409	0.5649020364957344	-0.5927331177798616
nz9zfobqkkrija2o8wpk80pj	1	1	97	25	1	No-Go	NGW	0	0		1	0.0	1	0.3781	0.6262762649858686	-0.4830734197295098
nz9zfobqkkrija2o8wpk80pj	1	1	101	26	1	No-Go	NGW	0	0		1	0.0	1	0.3664	0.6385394758785107	-0.46210923558274136
nz9zfobqkkrija2o8wpk80pj	1	1	107	27	1	No-Go	NGW	0	0		1	0.0	1	0.3499	0.6413776996490765	-0.45726210100492315
nz9zfobqkkrija2o8wpk80pj	1	1	109	28	1	No-Go	NGW	0	0		1	1.0	0	0.359	0.6421115624567999	-0.45599751680108014
nz9zfobqkkrija2o8wpk80pj	1	1	116	29	1	No-Go	NGW	0	1	0.54	0	0.0	0	0.7739	0.7690758030926129	-0.2661211023732852
nz9zfobqkkrija2o8wpk80pj	1	1	117	30	1	No-Go	NGW	0	0		1	0.0	1	0.7063	0.28597083157565506	-1.2920672900936256
nz9zfobqkkrija2o8wpk80pj	1	1	4	1	0	No-Go	NGAL	0	0		1	0.0	1	0.7155	0.2788458764492582	-1.3047584509060717
nz9zfobqkkrija2o8wpk80pj	1	1	7	2	0	No-Go	NGAL	0	0		1	0.0	1	0.5143	0.4873251605344586	-0.7333833524347901
nz9zfobqkkrija2o8wpk80pj	1	1	10	3	0	No-Go	NGAL	0	0		1	0.0	1	0.4667	0.5280801810941951	-0.6511728490884093
nz9zfobqkkrija2o8wpk80pj	1	1	16	4	0	No-Go	NGAL	0	0		1	0.0	1	0.4609	0.5366738186128117	-0.634901270794691
nz9zfobqkkrija2o8wpk80pj	1	1	17	5	0	No-Go	NGAL	0	0		1	1.0	0	0.465	0.5387290658412875	-0.6311114680388427
nz9zfobqkkrija2o8wpk80pj	1	1	24	6	0	No-Go	NGAL	0	1	0.763	0	1.0	1	0.7788	0.7777841846186279	-0.2581469099872931
nz9zfobqkkrija2o8wpk80pj	1	1	27	7	0	No-Go	NGAL	0	1	0.71	0	0.0	0	0.8945	0.8926468320312151	-0.11610053011890184
nz9zfobqkkrija2o8wpk80pj	1	1	32	8	0	No-Go	NGAL	0	1	0.827	0	0.0	0	0.6306	0.6302042714181149	-0.474843976432434
nz9zfobqkkrija2o8wpk80pj	1	1	35	9	0	No-Go	NGAL	0	0		1	0.0	1	0.5707	0.43956318001613753	-0.8554724947386962
nz9zfobqkkrija2o8wpk80pj	1	1	37	10	0	No-Go	NGAL	0	1	0.842	0	0.0	0	0.28	0.2849717945678211	-1.3008637015663418
nz9zfobqkkrija2o8wpk80pj	1	1	44	11	0	No-Go	NGAL	0	1	0.668	0	0.0	0	0.2788	0.2726726845946876	-1.3452912100982728
nz9zfobqkkrija2o8wpk80pj	1	1	46	12	0	No-Go	NGAL	0	1	0.463	0	0.0	0	0.2714	0.26981111791244133	-1.3558986103329396
nz9zfobqkkrija2o8wpk80pj	1	1	49	13	0	No-Go	NGAL	0	1	0.632	0	0.0	0	0.2685	0.26906142075615724	-1.358681490720199
nz9zfobqkkrija2o8wpk80pj	1	1	53	14	0	No-Go	NGAL	0	0		1	0.0	1	0.272	0.7311544852831565	-0.31924625849600247
nz9zfobqkkrija2o8wpk80pj	1	1	57	15	0	No-Go	NGAL	0	1	0.838	0	1.0	1	0.2386	0.23160086703474517	-1.5251308327951205
nz9zfobqkkrija2o8wpk80pj	1	1	61	16	0	No-Go	NGAL	0	1	0.401	0	0.0	0	0.6439	0.6417332597504536	-0.4532049146448734
nz9zfobqkkrija2o8wpk80pj	1	1	67	17	0	No-Go	NGAL	0	0		1	0.0	1	0.2966	0.706338013781132	-0.3555678754267255
nz9zfobqkkrija2o8wpk80pj	1	1	72	18	0	No-Go	NGAL	0	1	0.674	0	0.0	0	0.2915	0.28515503985416946	-1.3028925843566306
nz9zfobqkkrija2o8wpk80pj	1	1	74	19	0	No-Go	NGAL	0	1	0.569	0	1.0	1	0.2426	0.23644816789433512	-1.5040710049457182
nz9zfobqkkrija2o8wpk80pj	1	1	79	20	0	No-Go	NGAL	0	1	0.54	0	0.0	0	0.6404	0.6357815201882533	-0.4635240795326919
nz9zfobqkkrija2o8wpk80pj	1	1	83	21	0	No-Go	NGAL	0	1	0.836	0	1.0	1	0.2876	0.2860648510993951	-1.2998711518598842
nz9zfobqkkrija2o8wpk80pj	1	1	87	22	0	No-Go	NGAL	0	1	0.496	0	0.0	0	0.6449	0.6484304181503013	-0.4416745167888523
nz9zfobqkkrija2o8wpk80pj	1	1	91	23	0	No-Go	NGAL	0	1	0.79	0	0.0	0	0.2894	0.28867730546832643	-1.291022092558871
nz9zfobqkkrija2o8wpk80pj	1	1	96	24	0	No-Go	NGAL	0	0		1	0.0	1	0.2337	0.7627327665247668	-0.27678127632528055
nz9zfobqkkrija2o8wpk80pj	1	1	100	25	0	No-Go	NGAL	0	1	0.49	0	0.0	0	0.2434	0.23557207837965802	-1.5085341059537443
nz9zfobqkkrija2o8wpk80pj	1	1	102	26	0	No-Go	NGAL	0	0		1	0.0	1	0.2228	0.7740817480881295	-0.2617174474756817
nz9zfobqkkrija2o8wpk80pj	1	1	105	27	0	No-Go	NGAL	0	0		1	1.0	0	0.2246	0.7744945479398073	-0.2611862462272873
nz9zfobqkkrija2o8wpk80pj	1	1	112	28	0	No-Go	NGAL	0	1	0.506	0	0.0	0	0.5485	0.5447731920004796	-0.6335720880767718
nz9zfobqkkrija2o8wpk80pj	1	1	113	29	0	No-Go	NGAL	0	1	0.585	0	0.0	0	0.5397	0.5415466718404873	-0.6409125175716612
nz9zfobqkkrija2o8wpk80pj	1	1	120	30	0	No-Go	NGAL	0	0		1	0.0	1	0.5496	0.4592945255114257	-0.814505668598817
nz9zfobqkkrija2o8wpk80pj	1	1	1	1	0	Go	GAL	1	1	0.525	1	0.0	1	0.7191	0.7211541235507418	-0.3308726349771356
nz9zfobqkkrija2o8wpk80pj	1	1	6	2	0	Go	GAL	1	0		0	0.0	0	0.86	0.13722874116539796	-2.0570241632381268
nz9zfobqkkrija2o8wpk80pj	1	1	9	3	0	Go	GAL	1	1	0.621	1	0.0	1	0.9297	0.9262981176560601	-0.07741141795926225
nz9zfobqkkrija2o8wpk80pj	1	1	13	4	0	Go	GAL	1	1	0.358	1	0.0	1	0.9354	0.9367833139103053	-0.0659234154330535
nz9zfobqkkrija2o8wpk80pj	1	1	19	5	0	Go	GAL	1	1	0.499	1	1.0	0	0.939	0.9388741290261537	-0.06364284623692186
nz9zfobqkkrija2o8wpk80pj	1	1	23	6	0	Go	GAL	1	0		0	0.0	0	0.7257	0.27413107688394805	-1.3203407521785502
nz9zfobqkkrija2o8wpk80pj	1	1	26	7	0	Go	GAL	1	1	0.876	1	0.0	1	0.7742	0.7679550827758725	-0.26690089525817967
nz9zfobqkkrija2o8wpk80pj	1	1	29	8	0	Go	GAL	1	1	0.492	1	0.0	1	0.9304	0.9330777549099727	-0.06999301991874236
nz9zfobqkkrija2o8wpk80pj	1	1	34	9	0	Go	GAL	1	1	1.007	1	0.0	1	0.9473	0.9473991470311801	-0.05450900636222308
nz9zfobqkkrija2o8wpk80pj	1	1	39	10	0	Go	GAL	1	1	0.589	1	1.0	0	0.9521	0.9500106314620731	-0.0517065080325503
nz9zfobqkkrija2o8wpk80pj	1	1	42	11	0	Go	GAL	1	0		0	0.0	0	0.7614	0.2322647358062758	-1.492516849773551
nz9zfobqkkrija2o8wpk80pj	1	1	45	12	0	Go	GAL	1	1	0.46	1	0.0	1	0.7847	0.7824784381736736	-0.2480974791896821
nz9zfobqkkrija2o8wpk80pj	1	1	52	13	0	Go	GAL	1	1	0.682	1	0.0	1	0.9342	0.9382383724258774	-0.06437104892060856
nz9zfobqkkrija2o8wpk80pj	1	1	54	14	0	Go	GAL	1	1	0.815	1	1.0	0	0.9466	0.9514679124960473	-0.05016157496588969
nz9zfobqkkrija2o8wpk80pj	1	1	60	15	0	Go	GAL	1	1	0.932	1	0.0	1	0.7846	0.780490300872387	-0.25058500393868494
nz9zfobqkkrija2o8wpk80pj	1	1	63	16	0	Go	GAL	1	1	0.669	1	0.0	1	0.9386	0.9380296342695894	-0.06460222373643906
nz9zfobqkkrija2o8wpk80pj	1	1	65	17	0	Go	GAL	1	1	0.483	1	0.0	1	0.9505	0.9514215958376028	-0.050211755084000984
nz9zfobqkkrija2o8wpk80pj	1	1	69	18	0	Go	GAL	1	1	0.367	1	1.0	0	0.9529	0.9538513740716906	-0.0476204668669367
nz9zfobqkkrija2o8wpk80pj	1	1	73	19	0	Go	GAL	1	0		0	0.0	0	0.7845	0.2175365826043339	-1.5630461063286132
nz9zfobqkkrija2o8wpk80pj	1	1	78	20	0	Go	GAL	1	1	0.566	1	0.0	1	0.7886	0.7886380708074813	-0.24033893453167637
nz9zfobqkkrija2o8wpk80pj	1	1	84	21	0	Go	GAL	1	1	0.427	1	0.0	1	0.9427	0.9404056538882644	-0.062021156618284605
nz9zfobqkkrija2o8wpk80pj	1	1	86	22	0	Go	GAL	1	1	0.456	1	0.0	1	0.9474	0.9531626307855978	-0.048358025495348456
nz9zfobqkkrija2o8wpk80pj	1	1	89	23	0	Go	GAL	1	1	0.604	1	0.0	1	0.9582	0.9554637460425159	-0.04591175441520217
nz9zfobqkkrija2o8wpk80pj	1	1	93	24	0	Go	GAL	1	1	0.522	1	0.0	1	0.9593	0.9559862540731469	-0.04535679372145518
nz9zfobqkkrija2o8wpk80pj	1	1	99	25	0	Go	GAL	1	1	0.346	1	1.0	0	0.9564	0.9561213565286849	-0.04521320038310305
nz9zfobqkkrija2o8wpk80pj	1	1	103	26	0	Go	GAL	1	0		0	1.0	1	0.7911	0.2107338620745086	-1.599835921645962
nz9zfobqkkrija2o8wpk80pj	1	1	108	27	0	Go	GAL	1	0		0	0.0	0	0.3935	0.6060169207216666	-0.5253052480935452
nz9zfobqkkrija2o8wpk80pj	1	1	110	28	0	Go	GAL	1	1	0.597	1	0.0	1	0.6758	0.6752695671253833	-0.4008178848967673
nz9zfobqkkrija2o8wpk80pj	1	1	115	29	0	Go	GAL	1	1	0.886	1	0.0	1	0.8937	0.8977734659309895	-0.10947662819542275
nz9zfobqkkrija2o8wpk80pj	1	1	118	30	0	Go	GAL	1	1	0.514	1	0.0	1	0.9189	0.9190886859806678	-0.08541644380890505
odbc1avwxhy09ukmn5ymmefe	1	2	121	1	1	Go	GW	1	1	0.893	1	0.0	1	0.7206	0.7170320995046636	-0.3543665616280644
odbc1avwxhy09ukmn5ymmefe	1	2	128	2	1	Go	GW	1	1	0.422	1	1.0	0	0.9843	0.9851219401441744	-0.015345978566763377
odbc1avwxhy09ukmn5ymmefe	1	2	130	3	1	Go	GW	1	1	0.494	1	0.0	1	0.9098	0.9078183957922645	-0.10164639533131105
odbc1avwxhy09ukmn5ymmefe	1	2	136	4	1	Go	GW	1	1	0.512	1	0.0	1	0.9924	0.9916713315891644	-0.008555561800848089
odbc1avwxhy09ukmn5ymmefe	1	2	140	5	1	Go	GW	1	1	0.401	1	0.0	1	0.9982	0.9980520868094336	-0.0019684924032703625
odbc1avwxhy09ukmn5ymmefe	1	2	143	6	1	Go	GW	1	1	0.318	1	0.0	1	0.9992	0.9992392429845022	-0.0007643095057088798
odbc1avwxhy09ukmn5ymmefe	1	2	145	7	1	Go	GW	1	1	0.564	1	0.0	1	0.9995	0.9995762221798435	-0.00042480232341918776
odbc1avwxhy09ukmn5ymmefe	1	2	152	8	1	Go	GW	1	1	0.474	1	0.0	1	0.9999	0.9996995424398195	-0.00030093169123719373
odbc1avwxhy09ukmn5ymmefe	1	2	155	9	1	Go	GW	1	1	0.46	1	1.0	0	0.9998	0.999752995198937	-0.0002473198943867699
odbc1avwxhy09ukmn5ymmefe	1	2	160	10	1	Go	GW	1	1	0.492	1	0.0	1	0.9961	0.9948349263937347	-0.005280406067620508
odbc1avwxhy09ukmn5ymmefe	1	2	163	11	1	Go	GW	1	1	0.424	1	0.0	1	0.9991	0.9991035228430878	-0.0008994697150509069
odbc1avwxhy09ukmn5ymmefe	1	2	167	12	1	Go	GW	1	1	0.65	1	1.0	0	0.9999	0.9995660843553412	-0.00043473177564104444
odbc1avwxhy09ukmn5ymmefe	1	2	171	13	1	Go	GW	1	1	0.483	1	0.0	1	0.9908	0.9920587758758967	-0.00815606767775197
odbc1avwxhy09ukmn5ymmefe	1	2	173	14	1	Go	GW	1	1	0.444	1	0.0	1	0.9989	0.9988042114207885	-0.0012009673163918834
odbc1avwxhy09ukmn5ymmefe	1	2	180	15	1	Go	GW	1	1	0.428	1	0.0	1	0.9997	0.9994859427165995	-0.0005151864426556594
odbc1avwxhy09ukmn5ymmefe	1	2	184	16	1	Go	GW	1	1	0.411	1	0.0	1	0.9997	0.9996714969352862	-0.00032900320088446436
odbc1avwxhy09ukmn5ymmefe	1	2	187	17	1	Go	GW	1	1	0.345	1	1.0	0	0.9997	0.9997423511173571	-0.0002579765233579766
odbc1avwxhy09ukmn5ymmefe	1	2	189	18	1	Go	GW	1	1	0.516	1	0.0	1	0.9949	0.9945257918767717	-0.005599720290662334
odbc1avwxhy09ukmn5ymmefe	1	2	196	19	1	Go	GW	1	1	0.405	1	0.0	1	0.9989	0.9990833595591663	-0.0009198111410373692
odbc1avwxhy09ukmn5ymmefe	1	2	200	20	1	Go	GW	1	1	0.434	1	0.0	1	0.9996	0.9995648526110961	-0.0004359675494431512
odbc1avwxhy09ukmn5ymmefe	1	2	203	21	1	Go	GW	1	1	0.385	1	0.0	1	0.9998	0.9997026436096272	-0.0002977732984155003
odbc1avwxhy09ukmn5ymmefe	1	2	206	22	1	Go	GW	1	1	0.404	1	1.0	0	0.9996	0.9997570509284087	-0.00024324679622972744
odbc1avwxhy09ukmn5ymmefe	1	2	211	23	1	Go	GW	1	1	0.346	1	0.0	1	0.9959	0.994681399022114	-0.005441642867151528
odbc1avwxhy09ukmn5ymmefe	1	2	215	24	1	Go	GW	1	1	0.504	1	0.0	1	0.999	0.99911736064635	-0.0008856110387702409
odbc1avwxhy09ukmn5ymmefe	1	2	218	25	1	Go	GW	1	1	0.325	1	0.0	1	0.9997	0.9995771574045188	-0.0004236194648640974
odbc1avwxhy09ukmn5ymmefe	1	2	224	26	1	Go	GW	1	1	0.439	1	0.0	1	0.9997	0.9997082327425499	-0.00029217025479849883
odbc1avwxhy09ukmn5ymmefe	1	2	225	27	1	Go	GW	1	1	0.444	1	0.0	1	0.9997	0.999759958560678	-0.000240333581503154
odbc1avwxhy09ukmn5ymmefe	1	2	231	28	1	Go	GW	1	1	0.382	1	0.0	1	0.9998	0.999784080165124	-0.0002161692252906441
odbc1avwxhy09ukmn5ymmefe	1	2	233	29	1	Go	GW	1	1	0.416	1	0.0	1	0.9997	0.9997965594882425	-0.000203670720029097
odbc1avwxhy09ukmn5ymmefe	1	2	239	30	1	Go	GW	1	1	0.395	1	1.0	0	0.9998	0.9998035003500895	-0.00019672036137838726
odbc1avwxhy09ukmn5ymmefe	1	2	123	1	1	No-Go	NGW	0	1	0.862	0	0.0	0	0.7194	0.7170320995046636	-0.3543665616280644
odbc1avwxhy09ukmn5ymmefe	1	2	127	2	1	No-Go	NGW	0	0		1	1.0	0	0.357	0.640195231772399	-0.48110101679317324
odbc1avwxhy09ukmn5ymmefe	1	2	131	3	1	No-Go	NGW	0	0		1	0.0	1	0.7157	0.2829679004953363	-1.3978468949225649
odbc1avwxhy09ukmn5ymmefe	1	2	134	4	1	No-Go	NGW	0	0		1	0.0	1	0.2969	0.7006571492919366	-0.3866291746311056
odbc1avwxhy09ukmn5ymmefe	1	2	138	5	1	No-Go	NGW	0	0		1	0.0	1	0.0968	0.9005380811277637	-0.11112815246581477
odbc1avwxhy09ukmn5ymmefe	1	2	142	6	1	No-Go	NGW	0	0		1	0.0	1	0.037	0.9638571028661324	-0.038088057799643325
odbc1avwxhy09ukmn5ymmefe	1	2	146	7	1	No-Go	NGW	0	0		1	0.0	1	0.0142	0.9848794224480419	-0.01552960327507629
odbc1avwxhy09ukmn5ymmefe	1	2	149	8	1	No-Go	NGW	0	0		1	1.0	0	0.0068	0.9927711337469088	-0.007334919163537822
odbc1avwxhy09ukmn5ymmefe	1	2	156	9	1	No-Go	NGW	0	0		1	0.0	1	0.0549	0.9427131077524306	-0.0607316291431479
odbc1avwxhy09ukmn5ymmefe	1	2	158	10	1	No-Go	NGW	0	0		1	0.0	1	0.0195	0.9793891775829032	-0.02113857403910965
odbc1avwxhy09ukmn5ymmefe	1	2	161	11	1	No-Go	NGW	0	0		1	0.0	1	0.0085	0.9909367036840304	-0.009187301925667513
odbc1avwxhy09ukmn5ymmefe	1	2	166	12	1	No-Go	NGW	0	0		1	0.0	1	0.0043	0.9953638076989643	-0.0046739599974493186
odbc1avwxhy09ukmn5ymmefe	1	2	172	13	1	No-Go	NGW	0	0		1	1.0	0	0.0027	0.9973257661596415	-0.002688333186700428
odbc1avwxhy09ukmn5ymmefe	1	2	175	14	1	No-Go	NGW	0	0		1	0.0	1	0.0294	0.9704265163222803	-0.03094520187187501
odbc1avwxhy09ukmn5ymmefe	1	2	179	15	1	No-Go	NGW	0	0		1	0.0	1	0.0117	0.9888982262592424	-0.011282815835290809
odbc1avwxhy09ukmn5ymmefe	1	2	182	16	1	No-Go	NGW	0	0		1	0.0	1	0.0052	0.9947469059123578	-0.005298727128078803
odbc1avwxhy09ukmn5ymmefe	1	2	186	17	1	No-Go	NGW	0	0		1	0.0	1	0.0036	0.9970916832260504	-0.0029242360241455863
odbc1avwxhy09ukmn5ymmefe	1	2	191	18	1	No-Go	NGW	0	0		1	0.0	1	0.0022	0.9981903763952714	-0.0018165482935081155
odbc1avwxhy09ukmn5ymmefe	1	2	193	19	1	No-Go	NGW	0	0		1	0.0	1	0.0013	0.9987657034535811	-0.0012378712036032148
odbc1avwxhy09ukmn5ymmefe	1	2	199	20	1	No-Go	NGW	0	0		1	1.0	0	0.001	0.9990932873188918	-0.0009088347792171075
odbc1avwxhy09ukmn5ymmefe	1	2	202	21	1	No-Go	NGW	0	0		1	0.0	1	0.0143	0.9858811309716013	-0.014657360904074386
odbc1avwxhy09ukmn5ymmefe	1	2	205	22	1	No-Go	NGW	0	0		1	0.0	1	0.0057	0.9942766600972127	-0.005792994576943091
odbc1avwxhy09ukmn5ymmefe	1	2	210	23	1	No-Go	NGW	0	0		1	0.0	1	0.0032	0.997033149638215	-0.0029860983251803106
odbc1avwxhy09ukmn5ymmefe	1	2	213	24	1	No-Go	NGW	0	0		1	0.0	1	0.002	0.9982047334256607	-0.0018028964963823127
odbc1avwxhy09ukmn5ymmefe	1	2	220	25	1	No-Go	NGW	0	0		1	1.0	0	0.001	0.9987884756085097	-0.0012153163448443923
odbc1avwxhy09ukmn5ymmefe	1	2	222	26	1	No-Go	NGW	0	0		1	0.0	1	0.0162	0.981421054255839	-0.019501664759273323
odbc1avwxhy09ukmn5ymmefe	1	2	226	27	1	No-Go	NGW	0	0		1	0.0	1	0.0082	0.992997062352578	-0.007107036382682797
odbc1avwxhy09ukmn5ymmefe	1	2	232	28	1	No-Go	NGW	0	0		1	0.0	1	0.0022	0.996550972385117	-0.003474919516326999
odbc1avwxhy09ukmn5ymmefe	1	2	236	29	1	No-Go	NGW	0	0		1	0.0	1	0.0023	0.9979866089102573	-0.002022924204776729
odbc1avwxhy09ukmn5ymmefe	1	2	238	30	1	No-Go	NGW	0	0		1	1.0	0	0.0011	0.9986762552337534	-0.0013282374522879386
odbc1avwxhy09ukmn5ymmefe	1	2	124	1	0	Go	GAL	1	1	0.603	1	0.0	1	0.6346	0.6275929410357608	-0.4773713742291543
odbc1avwxhy09ukmn5ymmefe	1	2	125	2	0	Go	GAL	1	1	0.556	1	0.0	1	0.8857	0.8841365237183912	-0.12649211869758706
odbc1avwxhy09ukmn5ymmefe	1	2	132	3	0	Go	GAL	1	1	0.642	1	1.0	0	0.9612	0.9607366261953162	-0.04082655215937174
odbc1avwxhy09ukmn5ymmefe	1	2	133	4	0	Go	GAL	1	1	0.356	1	0.0	1	0.771	0.7767183979878748	-0.2580029564412816
odbc1avwxhy09ukmn5ymmefe	1	2	137	5	0	Go	GAL	1	1	0.486	1	0.0	1	0.9347	0.933123886648056	-0.07035989392821561
odbc1avwxhy09ukmn5ymmefe	1	2	141	6	0	Go	GAL	1	1	0.454	1	0.0	1	0.9765	0.9760297110612477	-0.02454898289133759
odbc1avwxhy09ukmn5ymmefe	1	2	147	7	0	Go	GAL	1	1	0.348	1	0.0	1	0.9901	0.9897354392212699	-0.010395731564220958
odbc1avwxhy09ukmn5ymmefe	1	2	151	8	0	Go	GAL	1	1	0.406	1	1.0	0	0.9937	0.9949100017879304	-0.005127742844430693
odbc1avwxhy09ukmn5ymmefe	1	2	153	9	0	Go	GAL	1	1	0.501	1	0.0	1	0.9506	0.951314035278073	-0.05092972771003054
odbc1avwxhy09ukmn5ymmefe	1	2	159	10	0	Go	GAL	1	1	0.423	1	0.0	1	0.9821	0.9831364664103855	-0.01713768239965517
odbc1avwxhy09ukmn5ymmefe	1	2	162	11	0	Go	GAL	1	1	0.372	1	0.0	1	0.9921	0.9926186004624625	-0.007444713150549054
odbc1avwxhy09ukmn5ymmefe	1	2	165	12	0	Go	GAL	1	1	0.441	1	0.0	1	0.9965	0.9961872203170007	-0.003832858587318626
odbc1avwxhy09ukmn5ymmefe	1	2	169	13	0	Go	GAL	1	1	0.41	1	1.0	0	0.9976	0.9977657822290923	-0.0022421793502824913
odbc1avwxhy09ukmn5ymmefe	1	2	176	14	0	Go	GAL	1	1	0.546	1	0.0	1	0.9703	0.9717558034791584	-0.029440716314024677
odbc1avwxhy09ukmn5ymmefe	1	2	177	15	0	Go	GAL	1	1	0.336	1	0.0	1	0.9886	0.989829112702191	-0.010298673813745428
odbc1avwxhy09ukmn5ymmefe	1	2	181	16	0	Go	GAL	1	1	0.499	1	0.0	1	0.9953	0.9952611993047144	-0.0047694368778201
odbc1avwxhy09ukmn5ymmefe	1	2	188	17	0	Go	GAL	1	1	0.493	1	0.0	1	0.9981	0.9973851008892892	-0.0026255990588710003
odbc1avwxhy09ukmn5ymmefe	1	2	192	18	0	Go	GAL	1	1	0.419	1	1.0	0	0.9988	0.9983687991313038	-0.0016359458266263767
odbc1avwxhy09ukmn5ymmefe	1	2	194	19	0	Go	GAL	1	1	0.394	1	0.0	1	0.9754	0.9763870337118977	-0.024670886016551527
odbc1avwxhy09ukmn5ymmefe	1	2	198	20	0	Go	GAL	1	1	0.407	1	0.0	1	0.9918	0.9915036480773227	-0.008601271246832357
odbc1avwxhy09ukmn5ymmefe	1	2	204	21	0	Go	GAL	1	1	0.442	1	1.0	0	0.9961	0.9959818080089495	-0.004042966263649516
odbc1avwxhy09ukmn5ymmefe	1	2	207	22	0	Go	GAL	1	1	0.394	1	0.0	1	0.9503	0.9501965210112543	-0.05426413209789682
odbc1avwxhy09ukmn5ymmefe	1	2	209	23	0	Go	GAL	1	1	0.546	1	0.0	1	0.9837	0.9847105419063134	-0.015591662443215634
odbc1avwxhy09ukmn5ymmefe	1	2	216	24	0	Go	GAL	1	1	0.393	1	0.0	1	0.9938	0.9936259500446105	-0.006429238883659655
odbc1avwxhy09ukmn5ymmefe	1	2	217	25	0	Go	GAL	1	1	0.399	1	0.0	1	0.9963	0.9967337371147118	-0.0032826432054017802
odbc1avwxhy09ukmn5ymmefe	1	2	223	26	0	Go	GAL	1	1	0.378	1	0.0	1	0.9978	0.9980651851111515	-0.0019413481735355894
odbc1avwxhy09ukmn5ymmefe	1	2	228	27	0	Go	GAL	1	1	0.362	1	0.0	1	0.9986	0.9987223962631919	-0.0012808136006766991
odbc1avwxhy09ukmn5ymmefe	1	2	229	28	0	Go	GAL	1	1	0.436	1	0.0	1	0.9989	0.9990818973085587	-0.000919951378641514
odbc1avwxhy09ukmn5ymmefe	1	2	235	29	0	Go	GAL	1	1	0.33	1	0.0	1	0.9995	0.999294384006951	-0.0007068228146483291
odbc1avwxhy09ukmn5ymmefe	1	2	237	30	0	Go	GAL	1	1	0.404	1	1.0	0	0.9997	0.9994277325068459	-0.0005731376198692526
odbc1avwxhy09ukmn5ymmefe	1	2	122	1	0	No-Go	NGAL	0	1	0.654	0	0.0	0	0.624	0.6275929410357608	-0.4773713742291543
odbc1avwxhy09ukmn5ymmefe	1	2	126	2	0	No-Go	NGAL	0	0		1	0.0	1	0.2645	0.7350236942320773	-0.320381409220423
odbc1avwxhy09ukmn5ymmefe	1	2	129	3	0	No-Go	NGAL	0	0		1	0.0	1	0.0831	0.9199378637810459	-0.08671057899066197
odbc1avwxhy09ukmn5ymmefe	1	2	135	4	0	No-Go	NGAL	0	0		1	0.0	1	0.0255	0.9721071081335567	-0.028988645021628994
odbc1avwxhy09ukmn5ymmefe	1	2	139	5	0	No-Go	NGAL	0	0		1	1.0	0	0.0114	0.9885654315377848	-0.01166788348946258
odbc1avwxhy09ukmn5ymmefe	1	2	144	6	0	No-Go	NGAL	0	0		1	0.0	1	0.0221	0.9797736382584779	-0.02083738686954021
odbc1avwxhy09ukmn5ymmefe	1	2	148	7	0	No-Go	NGAL	0	0		1	0.0	1	0.0085	0.991429919175335	-0.008703280168208233
odbc1avwxhy09ukmn5ymmefe	1	2	150	8	0	No-Go	NGAL	0	0		1	0.0	1	0.0048	0.9958009946429536	-0.004235928082189442
odbc1avwxhy09ukmn5ymmefe	1	2	154	9	0	No-Go	NGAL	0	0		1	0.0	1	0.002	0.9976806587582978	-0.0023317783149383316
odbc1avwxhy09ukmn5ymmefe	1	2	157	10	0	No-Go	NGAL	0	0		1	1.0	0	0.0011	0.9985822570796601	-0.0014227274815064189
odbc1avwxhy09ukmn5ymmefe	1	2	164	11	0	No-Go	NGAL	0	0		1	0.0	1	0.0034	0.9969901379379753	-0.0030324652812049806
odbc1avwxhy09ukmn5ymmefe	1	2	168	12	0	No-Go	NGAL	0	0		1	0.0	1	0.002	0.9982972804945948	-0.00170986858509729
odbc1avwxhy09ukmn5ymmefe	1	2	170	13	0	No-Go	NGAL	0	0		1	1.0	0	0.0015	0.9989185710716276	-0.0010844405309482585
odbc1avwxhy09ukmn5ymmefe	1	2	174	14	0	No-Go	NGAL	0	0		1	0.0	1	0.0031	0.9973709141949959	-0.002656644972086565
odbc1avwxhy09ukmn5ymmefe	1	2	178	15	0	No-Go	NGAL	0	0		1	0.0	1	0.0021	0.9985419300523658	-0.0014646179825648007
odbc1avwxhy09ukmn5ymmefe	1	2	183	16	0	No-Go	NGAL	0	0		1	1.0	0	0.001	0.9990679818825158	-0.0009345744279158833
odbc1avwxhy09ukmn5ymmefe	1	2	185	17	0	No-Go	NGAL	0	0		1	0.0	1	0.003	0.9975215192608399	-0.002513179546282929
odbc1avwxhy09ukmn5ymmefe	1	2	190	18	0	No-Go	NGAL	0	0		1	0.0	1	0.0012	0.9986583489401957	-0.0013484424447409858
odbc1avwxhy09ukmn5ymmefe	1	2	195	19	0	No-Go	NGAL	0	0		1	0.0	1	0.0006	0.9991449544370226	-0.0008574921488879988
odbc1avwxhy09ukmn5ymmefe	1	2	197	20	0	No-Go	NGAL	0	0		1	0.0	1	0.001	0.9993924494721143	-0.0006087694211658964
odbc1avwxhy09ukmn5ymmefe	1	2	201	21	0	No-Go	NGAL	0	0		1	0.0	1	0.0008	0.9995331847365667	-0.0004675594895796543
odbc1avwxhy09ukmn5ymmefe	1	2	208	22	0	No-Go	NGAL	0	0		1	1.0	0	0.0005	0.9996196676766487	-0.00038085430802147456
odbc1avwxhy09ukmn5ymmefe	1	2	212	23	0	No-Go	NGAL	0	0		1	0.0	1	0.0015	0.9989961511610208	-0.0010090961919433138
odbc1avwxhy09ukmn5ymmefe	1	2	214	24	0	No-Go	NGAL	0	0		1	0.0	1	0.001	0.9993397298190239	-0.0006620515202215784
odbc1avwxhy09ukmn5ymmefe	1	2	219	25	0	No-Go	NGAL	0	0		1	0.0	1	0.0009	0.9995120511623796	-0.0004888738555501402
odbc1avwxhy09ukmn5ymmefe	1	2	221	26	0	No-Go	NGAL	0	0		1	1.0	0	0.0003	0.9996107364579969	-0.0003898610689454789
odbc1avwxhy09ukmn5ymmefe	1	2	227	27	0	No-Go	NGAL	0	0		1	0.0	1	0.0012	0.9989155649453534	-0.0010921570669305556
odbc1avwxhy09ukmn5ymmefe	1	2	230	28	0	No-Go	NGAL	0	0		1	0.0	1	0.0005	0.9993152534158823	-0.0006869000097350714
odbc1avwxhy09ukmn5ymmefe	1	2	234	29	0	No-Go	NGAL	0	0		1	0.0	1	0.0007	0.9995041204256006	-0.0004969045683736414
odbc1avwxhy09ukmn5ymmefe	1	2	240	30	0	No-Go	NGAL	0	0		1	0.0	1	0.0004	0.9996085210851481	-0.00039211311754983665
odbc1avwxhy09ukmn5ymmefe	1	1	3	1	1	Go	GW	1	1	0.665	1	0.0	1	0.7157	0.7170320995046636	-0.3543665616280644
odbc1avwxhy09ukmn5ymmefe	1	1	8	2	1	Go	GW	1	1	0.523	1	1.0	0	0.9857	0.9851219401441744	-0.015345978566763377
odbc1avwxhy09ukmn5ymmefe	1	1	9	3	1	Go	GW	1	1	0.912	1	0.0	1	0.9118	0.9078183957922645	-0.10164639533131105
odbc1avwxhy09ukmn5ymmefe	1	1	16	4	1	Go	GW	1	1	0.863	1	0.0	1	0.991	0.9916713315891644	-0.008555561800848089
odbc1avwxhy09ukmn5ymmefe	1	1	19	5	1	Go	GW	1	1	0.446	1	0.0	1	0.9986	0.9980520868094336	-0.0019684924032703625
odbc1avwxhy09ukmn5ymmefe	1	1	23	6	1	Go	GW	1	1	0.752	1	0.0	1	0.9993	0.9992392429845022	-0.0007643095057088798
odbc1avwxhy09ukmn5ymmefe	1	1	28	7	1	Go	GW	1	1	0.417	1	0.0	1	0.9993	0.9995762221798435	-0.00042480232341918776
odbc1avwxhy09ukmn5ymmefe	1	1	29	8	1	Go	GW	1	1	0.529	1	0.0	1	0.9997	0.9996995424398195	-0.00030093169123719373
odbc1avwxhy09ukmn5ymmefe	1	1	34	9	1	Go	GW	1	1	0.558	1	1.0	0	0.9995	0.999752995198937	-0.0002473198943867699
odbc1avwxhy09ukmn5ymmefe	1	1	37	10	1	Go	GW	1	1	0.528	1	0.0	1	0.9953	0.9948349263937347	-0.005280406067620508
odbc1avwxhy09ukmn5ymmefe	1	1	43	11	1	Go	GW	1	1	0.474	1	0.0	1	0.9992	0.9991035228430878	-0.0008994697150509069
odbc1avwxhy09ukmn5ymmefe	1	1	48	12	1	Go	GW	1	1	0.523	1	1.0	0	0.9995	0.9995660843553412	-0.00043473177564104444
odbc1avwxhy09ukmn5ymmefe	1	1	52	13	1	Go	GW	1	1	0.411	1	0.0	1	0.9933	0.9920587758758967	-0.00815606767775197
odbc1avwxhy09ukmn5ymmefe	1	1	56	14	1	Go	GW	1	1	0.519	1	0.0	1	0.9991	0.9988042114207885	-0.0012009673163918834
odbc1avwxhy09ukmn5ymmefe	1	1	60	15	1	Go	GW	1	1	0.397	1	0.0	1	0.9995	0.9994859427165995	-0.0005151864426556594
odbc1avwxhy09ukmn5ymmefe	1	1	62	16	1	Go	GW	1	1	0.455	1	0.0	1	0.9995	0.9996714969352862	-0.00032900320088446436
odbc1avwxhy09ukmn5ymmefe	1	1	66	17	1	Go	GW	1	1	0.474	1	1.0	0	0.9994	0.9997423511173571	-0.0002579765233579766
odbc1avwxhy09ukmn5ymmefe	1	1	69	18	1	Go	GW	1	1	0.378	1	0.0	1	0.9953	0.9945257918767717	-0.005599720290662334
odbc1avwxhy09ukmn5ymmefe	1	1	74	19	1	Go	GW	1	1	0.426	1	0.0	1	0.9993	0.9990833595591663	-0.0009198111410373692
odbc1avwxhy09ukmn5ymmefe	1	1	78	20	1	Go	GW	1	1	0.365	1	0.0	1	0.9996	0.9995648526110961	-0.0004359675494431512
odbc1avwxhy09ukmn5ymmefe	1	1	82	21	1	Go	GW	1	1	0.483	1	0.0	1	0.9999	0.9997026436096272	-0.0002977732984155003
odbc1avwxhy09ukmn5ymmefe	1	1	85	22	1	Go	GW	1	1	0.322	1	1.0	0	0.9999	0.9997570509284087	-0.00024324679622972744
odbc1avwxhy09ukmn5ymmefe	1	1	91	23	1	Go	GW	1	1	0.477	1	0.0	1	0.9954	0.994681399022114	-0.005441642867151528
odbc1avwxhy09ukmn5ymmefe	1	1	95	24	1	Go	GW	1	1	0.428	1	0.0	1	0.9991	0.99911736064635	-0.0008856110387702409
odbc1avwxhy09ukmn5ymmefe	1	1	98	25	1	Go	GW	1	1	0.334	1	0.0	1	0.9995	0.9995771574045188	-0.0004236194648640974
odbc1avwxhy09ukmn5ymmefe	1	1	104	26	1	Go	GW	1	1	0.403	1	0.0	1	0.9997	0.9997082327425499	-0.00029217025479849883
odbc1avwxhy09ukmn5ymmefe	1	1	107	27	1	Go	GW	1	1	0.472	1	0.0	1	0.9997	0.999759958560678	-0.000240333581503154
odbc1avwxhy09ukmn5ymmefe	1	1	111	28	1	Go	GW	1	1	0.463	1	0.0	1	0.9998	0.999784080165124	-0.0002161692252906441
odbc1avwxhy09ukmn5ymmefe	1	1	114	29	1	Go	GW	1	1	0.432	1	0.0	1	0.9998	0.9997965594882425	-0.000203670720029097
odbc1avwxhy09ukmn5ymmefe	1	1	117	30	1	Go	GW	1	1	0.397	1	1.0	0	0.9999	0.9998035003500895	-0.00019672036137838726
odbc1avwxhy09ukmn5ymmefe	1	1	2	1	0	No-Go	NGAL	0	1	0.754	0	0.0	0	0.6247	0.6275929410357608	-0.4773713742291543
odbc1avwxhy09ukmn5ymmefe	1	1	6	2	0	No-Go	NGAL	0	0		1	0.0	1	0.2697	0.7350236942320773	-0.320381409220423
odbc1avwxhy09ukmn5ymmefe	1	1	10	3	0	No-Go	NGAL	0	0		1	0.0	1	0.0849	0.9199378637810459	-0.08671057899066197
odbc1avwxhy09ukmn5ymmefe	1	1	15	4	0	No-Go	NGAL	0	0		1	0.0	1	0.0284	0.9721071081335567	-0.028988645021628994
odbc1avwxhy09ukmn5ymmefe	1	1	20	5	0	No-Go	NGAL	0	0		1	1.0	0	0.0111	0.9885654315377848	-0.01166788348946258
odbc1avwxhy09ukmn5ymmefe	1	1	21	6	0	No-Go	NGAL	0	0		1	0.0	1	0.0216	0.9797736382584779	-0.02083738686954021
odbc1avwxhy09ukmn5ymmefe	1	1	27	7	0	No-Go	NGAL	0	0		1	0.0	1	0.0083	0.991429919175335	-0.008703280168208233
odbc1avwxhy09ukmn5ymmefe	1	1	30	8	0	No-Go	NGAL	0	0		1	0.0	1	0.0041	0.9958009946429536	-0.004235928082189442
odbc1avwxhy09ukmn5ymmefe	1	1	35	9	0	No-Go	NGAL	0	0		1	0.0	1	0.002	0.9976806587582978	-0.0023317783149383316
odbc1avwxhy09ukmn5ymmefe	1	1	40	10	0	No-Go	NGAL	0	0		1	1.0	0	0.002	0.9985822570796601	-0.0014227274815064189
odbc1avwxhy09ukmn5ymmefe	1	1	41	11	0	No-Go	NGAL	0	0		1	0.0	1	0.0038	0.9969901379379753	-0.0030324652812049806
odbc1avwxhy09ukmn5ymmefe	1	1	47	12	0	No-Go	NGAL	0	0		1	0.0	1	0.0026	0.9982972804945948	-0.00170986858509729
odbc1avwxhy09ukmn5ymmefe	1	1	49	13	0	No-Go	NGAL	0	0		1	1.0	0	0.001	0.9989185710716276	-0.0010844405309482585
odbc1avwxhy09ukmn5ymmefe	1	1	55	14	0	No-Go	NGAL	0	0		1	0.0	1	0.0017	0.9973709141949959	-0.002656644972086565
odbc1avwxhy09ukmn5ymmefe	1	1	59	15	0	No-Go	NGAL	0	0		1	0.0	1	0.0014	0.9985419300523658	-0.0014646179825648007
odbc1avwxhy09ukmn5ymmefe	1	1	64	16	0	No-Go	NGAL	0	0		1	1.0	0	0.0009	0.9990679818825158	-0.0009345744279158833
odbc1avwxhy09ukmn5ymmefe	1	1	67	17	0	No-Go	NGAL	0	0		1	0.0	1	0.0022	0.9975215192608399	-0.002513179546282929
odbc1avwxhy09ukmn5ymmefe	1	1	71	18	0	No-Go	NGAL	0	0		1	0.0	1	0.001	0.9986583489401957	-0.0013484424447409858
odbc1avwxhy09ukmn5ymmefe	1	1	76	19	0	No-Go	NGAL	0	0		1	0.0	1	0.0006	0.9991449544370226	-0.0008574921488879988
odbc1avwxhy09ukmn5ymmefe	1	1	79	20	0	No-Go	NGAL	0	0		1	0.0	1	0.0013	0.9993924494721143	-0.0006087694211658964
odbc1avwxhy09ukmn5ymmefe	1	1	83	21	0	No-Go	NGAL	0	0		1	0.0	1	0.0002	0.9995331847365667	-0.0004675594895796543
odbc1avwxhy09ukmn5ymmefe	1	1	88	22	0	No-Go	NGAL	0	0		1	1.0	0	0.0006	0.9996196676766487	-0.00038085430802147456
odbc1avwxhy09ukmn5ymmefe	1	1	89	23	0	No-Go	NGAL	0	0		1	0.0	1	0.0007	0.9989961511610208	-0.0010090961919433138
odbc1avwxhy09ukmn5ymmefe	1	1	94	24	0	No-Go	NGAL	0	0		1	0.0	1	0.0007	0.9993397298190239	-0.0006620515202215784
odbc1avwxhy09ukmn5ymmefe	1	1	99	25	0	No-Go	NGAL	0	0		1	0.0	1	0.0013	0.9995120511623796	-0.0004888738555501402
odbc1avwxhy09ukmn5ymmefe	1	1	102	26	0	No-Go	NGAL	0	0		1	1.0	0	0.0002	0.9996107364579969	-0.0003898610689454789
odbc1avwxhy09ukmn5ymmefe	1	1	106	27	0	No-Go	NGAL	0	0		1	0.0	1	0.0011	0.9989155649453534	-0.0010921570669305556
odbc1avwxhy09ukmn5ymmefe	1	1	112	28	0	No-Go	NGAL	0	0		1	0.0	1	0.0006	0.9993152534158823	-0.0006869000097350714
odbc1avwxhy09ukmn5ymmefe	1	1	116	29	0	No-Go	NGAL	0	0		1	0.0	1	0.0008	0.9995041204256006	-0.0004969045683736414
odbc1avwxhy09ukmn5ymmefe	1	1	118	30	0	No-Go	NGAL	0	0		1	0.0	1	0.0003	0.9996085210851481	-0.00039211311754983665
odbc1avwxhy09ukmn5ymmefe	1	1	1	1	1	No-Go	NGW	0	1	0.979	0	0.0	0	0.7145	0.7170320995046636	-0.3543665616280644
odbc1avwxhy09ukmn5ymmefe	1	1	7	2	1	No-Go	NGW	0	1	0.55	0	1.0	1	0.3582	0.3598047682276011	-1.1366912500570046
odbc1avwxhy09ukmn5ymmefe	1	1	12	3	1	No-Go	NGW	0	1	0.528	0	0.0	0	0.9658	0.9653258097922226	-0.03716964676021999
odbc1avwxhy09ukmn5ymmefe	1	1	13	4	1	No-Go	NGW	0	0		1	0.0	1	0.826	0.16940510949833018	-2.316709828170815
odbc1avwxhy09ukmn5ymmefe	1	1	18	5	1	No-Go	NGW	0	1	0.593	0	0.0	0	0.5423	0.5435371913193728	-0.7539828588635422
odbc1avwxhy09ukmn5ymmefe	1	1	22	6	1	No-Go	NGW	0	1	0.489	0	0.0	0	0.2092	0.20952714003210884	-2.086986616381737
odbc1avwxhy09ukmn5ymmefe	1	1	25	7	1	No-Go	NGW	0	0		1	0.0	1	0.0714	0.9279768763223468	-0.08043982780146644
odbc1avwxhy09ukmn5ymmefe	1	1	32	8	1	No-Go	NGW	0	0		1	1.0	0	0.0259	0.9743526331185127	-0.027026918024215377
odbc1avwxhy09ukmn5ymmefe	1	1	33	9	1	No-Go	NGW	0	0		1	0.0	1	0.1302	0.869703119521949	-0.1502773438009558
odbc1avwxhy09ukmn5ymmefe	1	1	38	10	1	No-Go	NGW	0	0		1	0.0	1	0.0381	0.9589017802961407	-0.04381403703410665
odbc1avwxhy09ukmn5ymmefe	1	1	44	11	1	No-Go	NGW	0	0		1	0.0	1	0.015	0.9845100838538287	-0.015983671902512916
odbc1avwxhy09ukmn5ymmefe	1	1	45	12	1	No-Go	NGW	0	0		1	0.0	1	0.0067	0.9931802976423274	-0.006933944851973229
odbc1avwxhy09ukmn5ymmefe	1	1	51	13	1	No-Go	NGW	0	0		1	1.0	0	0.0028	0.9965808924566896	-0.003451507927340376
odbc1avwxhy09ukmn5ymmefe	1	1	54	14	1	No-Go	NGW	0	0		1	0.0	1	0.0266	0.9733033823092395	-0.027651871206960797
odbc1avwxhy09ukmn5ymmefe	1	1	58	15	1	No-Go	NGW	0	0		1	0.0	1	0.0094	0.9899861164918864	-0.0101845748203576
odbc1avwxhy09ukmn5ymmefe	1	1	63	16	1	No-Go	NGW	0	0		1	0.0	1	0.0039	0.9954245215683215	-0.004618931307078438
odbc1avwxhy09ukmn5ymmefe	1	1	68	17	1	No-Go	NGW	0	0		1	0.0	1	0.0027	0.9975894715005971	-0.0024244740963419646
odbc1avwxhy09ukmn5ymmefe	1	1	70	18	1	No-Go	NGW	0	0		1	0.0	1	0.0016	0.9985800156920986	-0.001425357305698496
odbc1avwxhy09ukmn5ymmefe	1	1	75	19	1	No-Go	NGW	0	0		1	0.0	1	0.0006	0.9990834023657608	-0.0009190151401343937
odbc1avwxhy09ukmn5ymmefe	1	1	77	20	1	No-Go	NGW	0	0		1	1.0	0	0.0006	0.9993612902500486	-0.0006399559426336251
odbc1avwxhy09ukmn5ymmefe	1	1	81	21	1	No-Go	NGW	0	0		1	0.0	1	0.0078	0.9922549673415859	-0.00786360006176529
odbc1avwxhy09ukmn5ymmefe	1	1	87	22	1	No-Go	NGW	0	0		1	0.0	1	0.0037	0.9966561425167231	-0.00336668385077817
odbc1avwxhy09ukmn5ymmefe	1	1	90	23	1	No-Go	NGW	0	0		1	0.0	1	0.0018	0.9982234893144905	-0.0017838048710526993
odbc1avwxhy09ukmn5ymmefe	1	1	93	24	1	No-Go	NGW	0	0		1	0.0	1	0.0009	0.9989207844220244	-0.0010822345024782455
odbc1avwxhy09ukmn5ymmefe	1	1	97	25	1	No-Go	NGW	0	0		1	1.0	0	0.0008	0.9992767357746125	-0.0007247568913167513
odbc1avwxhy09ukmn5ymmefe	1	1	101	26	1	No-Go	NGW	0	0		1	0.0	1	0.009	0.9907125099967344	-0.009468871251836618
odbc1avwxhy09ukmn5ymmefe	1	1	105	27	1	No-Go	NGW	0	0		1	0.0	1	0.0034	0.9962548776520501	-0.0037744370351566765
odbc1avwxhy09ukmn5ymmefe	1	1	110	28	1	No-Go	NGW	0	0		1	0.0	1	0.0021	0.9980868960047724	-0.0019216334466812491
odbc1avwxhy09ukmn5ymmefe	1	1	115	29	1	No-Go	NGW	0	0		1	0.0	1	0.0007	0.9988649641221243	-0.0011383876048171781
odbc1avwxhy09ukmn5ymmefe	1	1	120	30	1	No-Go	NGW	0	0		1	1.0	0	0.0006	0.9992505368067607	-0.0007510715345438907
odbc1avwxhy09ukmn5ymmefe	1	1	4	1	0	Go	GAL	1	0		0	0.0	0	0.6297	0.37240705896423915	-1.0206080822288834
odbc1avwxhy09ukmn5ymmefe	1	1	5	2	0	Go	GAL	1	1	1.035	1	0.0	1	0.7272	0.7253938971977171	-0.3306541124839989
odbc1avwxhy09ukmn5ymmefe	1	1	11	3	0	Go	GAL	1	1	0.84	1	1.0	0	0.9217	0.9204029001116942	-0.08515358293600707
odbc1avwxhy09ukmn5ymmefe	1	1	14	4	0	Go	GAL	1	0		0	0.0	0	0.6669	0.33705426243317743	-1.1428706075685053
odbc1avwxhy09ukmn5ymmefe	1	1	17	5	0	Go	GAL	1	0		0	0.0	0	0.747	0.2556718846998012	-1.528167658598524
odbc1avwxhy09ukmn5ymmefe	1	1	24	6	0	Go	GAL	1	1	0.864	1	0.0	1	0.8087	0.802772353204875	-0.2341859622813146
odbc1avwxhy09ukmn5ymmefe	1	1	26	7	0	Go	GAL	1	1	0.785	1	0.0	1	0.9516	0.948007819531094	-0.055026508445183725
odbc1avwxhy09ukmn5ymmefe	1	1	31	8	0	Go	GAL	1	1	0.639	1	1.0	0	0.9839	0.9832159553101745	-0.01720626079519549
odbc1avwxhy09ukmn5ymmefe	1	1	36	9	0	Go	GAL	1	1	0.393	1	0.0	1	0.9027	0.9035366137841265	-0.10537331595499969
odbc1avwxhy09ukmn5ymmefe	1	1	39	10	0	Go	GAL	1	1	0.667	1	0.0	1	0.9721	0.9730663245986023	-0.027807473262149905
odbc1avwxhy09ukmn5ymmefe	1	1	42	11	0	Go	GAL	1	1	0.509	1	0.0	1	0.9927	0.9904391486185432	-0.009705429365224309
odbc1avwxhy09ukmn5ymmefe	1	1	46	12	0	Go	GAL	1	1	0.417	1	0.0	1	0.9949	0.9959086352886382	-0.0041240459839249535
odbc1avwxhy09ukmn5ymmefe	1	1	50	13	0	Go	GAL	1	1	0.445	1	1.0	0	0.9978	0.9979733591223008	-0.0020359639719646798
odbc1avwxhy09ukmn5ymmefe	1	1	53	14	0	Go	GAL	1	1	0.556	1	0.0	1	0.9823	0.9823696514741225	-0.01802986380105541
odbc1avwxhy09ukmn5ymmefe	1	1	57	15	0	Go	GAL	1	1	0.432	1	0.0	1	0.9962	0.9937702933812524	-0.006287256104749305
odbc1avwxhy09ukmn5ymmefe	1	1	61	16	0	Go	GAL	1	1	0.463	1	0.0	1	0.9966	0.9972279683307006	-0.0027859031846573477
odbc1avwxhy09ukmn5ymmefe	1	1	65	17	0	Go	GAL	1	1	0.509	1	0.0	1	0.9979	0.9985550103746819	-0.001449416318133171
odbc1avwxhy09ukmn5ymmefe	1	1	72	18	0	Go	GAL	1	1	0.541	1	1.0	0	0.9989	0.9991502987730939	-0.0008514364561929541
odbc1avwxhy09ukmn5ymmefe	1	1	73	19	0	Go	GAL	1	1	0.515	1	0.0	1	0.9899	0.9903764307513535	-0.009791337261218579
odbc1avwxhy09ukmn5ymmefe	1	1	80	20	0	Go	GAL	1	1	0.358	1	0.0	1	0.9955	0.9964092607626284	-0.0036133631882177323
odbc1avwxhy09ukmn5ymmefe	1	1	84	21	0	Go	GAL	1	1	0.382	1	1.0	0	0.9983	0.9982852789035255	-0.0017206050791908497
odbc1avwxhy09ukmn5ymmefe	1	1	86	22	0	Go	GAL	1	1	0.515	1	0.0	1	0.9827	0.9814776429320112	-0.019159641674374173
odbc1avwxhy09ukmn5ymmefe	1	1	92	23	0	Go	GAL	1	1	0.492	1	0.0	1	0.9945	0.9941435509529903	-0.00591279168123194
odbc1avwxhy09ukmn5ymmefe	1	1	96	24	0	Go	GAL	1	1	0.365	1	0.0	1	0.9976	0.997495720068918	-0.002515895134934475
odbc1avwxhy09ukmn5ymmefe	1	1	100	25	0	Go	GAL	1	1	0.469	1	0.0	1	0.999	0.9987046579602207	-0.0012989244646717671
odbc1avwxhy09ukmn5ymmefe	1	1	103	26	0	Go	GAL	1	1	0.436	1	0.0	1	0.9995	0.9992332417129041	-0.0007681847261241737
odbc1avwxhy09ukmn5ymmefe	1	1	108	27	0	Go	GAL	1	1	0.358	1	0.0	1	0.9994	0.9994970117145318	-0.0005036737670370711
odbc1avwxhy09ukmn5ymmefe	1	1	109	28	0	Go	GAL	1	1	0.39	1	0.0	1	0.9996	0.9996420475027364	-0.00035833483702901264
odbc1avwxhy09ukmn5ymmefe	1	1	113	29	0	Go	GAL	1	1	0.46	1	0.0	1	0.9999	0.9997279394964973	-0.000272301354180069
odbc1avwxhy09ukmn5ymmefe	1	1	119	30	0	Go	GAL	1	1	0.313	1	1.0	0	0.9999	0.9997818561701964	-0.0002183114685451335
oemai1vch0xjh2tfdr718qw6	1	2	124	1	1	Go	GW	1	1	0.585	1	0.0	1	0.8763	0.8745065609634166	-0.13937746104260323
oemai1vch0xjh2tfdr718qw6	1	2	128	2	1	Go	GW	1	1	0.89	1	0.0	1	0.9664	0.9667096476280154	-0.03448887656232166
oemai1vch0xjh2tfdr718qw6	1	2	129	3	1	Go	GW	1	1	0.473	1	0.0	1	0.9891	0.9884370522746926	-0.011759914890979857
oemai1vch0xjh2tfdr718qw6	1	2	133	4	1	Go	GW	1	1	0.317	1	1.0	0	0.9937	0.9951348005716704	-0.004910444229108687
oemai1vch0xjh2tfdr718qw6	1	2	138	5	1	Go	GW	1	1	0.249	1	0.0	1	0.9178	0.9175902669445113	-0.08821765533951241
oemai1vch0xjh2tfdr718qw6	1	2	142	6	1	Go	GW	1	1	0.525	1	1.0	0	0.9747	0.9764325477622359	-0.024196544847713764
oemai1vch0xjh2tfdr718qw6	1	2	145	7	1	Go	GW	1	1	0.342	1	0.0	1	0.7487	0.7480278421670665	-0.31994609882925173
oemai1vch0xjh2tfdr718qw6	1	2	150	8	1	Go	GW	1	1	0.284	1	0.0	1	0.9294	0.932887850748529	-0.07243004249746456
oemai1vch0xjh2tfdr718qw6	1	2	154	9	1	Go	GW	1	1	0.323	1	0.0	1	0.9788	0.9782446004327019	-0.022513860186018538
oemai1vch0xjh2tfdr718qw6	1	2	157	10	1	Go	GW	1	1	0.272	1	0.0	1	0.9914	0.9914845684143753	-0.008667446918114916
oemai1vch0xjh2tfdr718qw6	1	2	162	11	1	Go	GW	1	1	0.273	1	0.0	1	0.9962	0.9961443624375602	-0.003894205009100092
oemai1vch0xjh2tfdr718qw6	1	2	166	12	1	Go	GW	1	1	0.545	1	0.0	1	0.998	0.998037940332593	-0.0019737563106933063
oemai1vch0xjh2tfdr718qw6	1	2	171	13	1	Go	GW	1	1	0.343	1	0.0	1	0.999	0.9988985381275277	-0.0011055585703071986
oemai1vch0xjh2tfdr718qw6	1	2	175	14	1	Go	GW	1	1	0.396	1	1.0	0	0.9996	0.9993264097048723	-0.0006752150209011538
oemai1vch0xjh2tfdr718qw6	1	2	180	15	1	Go	GW	1	1	0.277	1	0.0	1	0.9812	0.9795183452167712	-0.021031198825300315
oemai1vch0xjh2tfdr718qw6	1	2	183	16	1	Go	GW	1	1	0.292	1	0.0	1	0.9929	0.993235458985812	-0.006831725958645415
oemai1vch0xjh2tfdr718qw6	1	2	187	17	1	Go	GW	1	1	0.422	1	0.0	1	0.9956	0.9970655081130091	-0.002950531573112158
oemai1vch0xjh2tfdr718qw6	1	2	189	18	1	Go	GW	1	1	0.404	1	0.0	1	0.9987	0.9985031570429707	-0.001501866130829546
oemai1vch0xjh2tfdr718qw6	1	2	195	19	1	Go	GW	1	1	0.348	1	1.0	0	0.9991	0.9991413887837887	-0.0008604944676472609
oemai1vch0xjh2tfdr718qw6	1	2	198	20	1	Go	GW	1	1	0.342	1	0.0	1	0.9735	0.972264858126371	-0.02879745026062271
oemai1vch0xjh2tfdr718qw6	1	2	201	21	1	Go	GW	1	1	0.329	1	0.0	1	0.9903	0.9916618519452828	-0.008435557701197704
oemai1vch0xjh2tfdr718qw6	1	2	206	22	1	Go	GW	1	1	0.508	1	0.0	1	0.9967	0.9965912368069366	-0.003428797812618457
oemai1vch0xjh2tfdr718qw6	1	2	209	23	1	Go	GW	1	1	0.41	1	0.0	1	0.9981	0.9983268818785371	-0.0016788999247701476
oemai1vch0xjh2tfdr718qw6	1	2	214	24	1	Go	GW	1	1	0.418	1	1.0	0	0.9991	0.9990652443114936	-0.0009368219170437595
oemai1vch0xjh2tfdr718qw6	1	2	217	25	1	Go	GW	1	1	0.305	1	0.0	1	0.9709	0.9697846233258172	-0.0314821258313599
oemai1vch0xjh2tfdr718qw6	1	2	221	26	1	Go	GW	1	1	0.309	1	0.0	1	0.991	0.9910770927900777	-0.009035207284651209
oemai1vch0xjh2tfdr718qw6	1	2	227	27	1	Go	GW	1	1	0.289	1	0.0	1	0.9964	0.9964123879683774	-0.003609662556369277
oemai1vch0xjh2tfdr718qw6	1	2	231	28	1	Go	GW	1	1	0.346	1	0.0	1	0.9986	0.9982612353812176	-0.0017449184796924646
oemai1vch0xjh2tfdr718qw6	1	2	235	29	1	Go	GW	1	1	0.389	1	1.0	0	0.9994	0.9990376278013239	-0.0009645221310437421
oemai1vch0xjh2tfdr718qw6	1	2	239	30	1	Go	GW	1	1	0.3	1	0.0	1	0.9722	0.9689550484154972	-0.032383559502227446
oemai1vch0xjh2tfdr718qw6	1	2	121	1	1	No-Go	NGW	0	1	0.592	0	0.0	0	0.8737	0.8745065609634166	-0.13937746104260323
oemai1vch0xjh2tfdr718qw6	1	2	125	2	1	No-Go	NGW	0	1	0.648	0	0.0	0	0.4513	0.4438317113954916	-0.8937000463138233
oemai1vch0xjh2tfdr718qw6	1	2	130	3	1	No-Go	NGW	0	0		1	0.0	1	0.1487	0.8540035245556843	-0.1668104692595053
oemai1vch0xjh2tfdr718qw6	1	2	135	4	1	No-Go	NGW	0	0		1	1.0	0	0.0255	0.975816292587249	-0.02518951325870956
oemai1vch0xjh2tfdr718qw6	1	2	140	5	1	No-Go	NGW	0	0		1	0.0	1	0.2226	0.7710611200098643	-0.2743972130293682
oemai1vch0xjh2tfdr718qw6	1	2	143	6	1	No-Go	NGW	0	0		1	1.0	0	0.0341	0.9667593978441391	-0.0348270835295532
oemai1vch0xjh2tfdr718qw6	1	2	148	7	1	No-Go	NGW	0	0		1	0.0	1	0.2868	0.7146776285873999	-0.35630955269711106
oemai1vch0xjh2tfdr718qw6	1	2	152	8	1	No-Go	NGW	0	0		1	0.0	1	0.0406	0.9600737824210339	-0.04206291210669585
oemai1vch0xjh2tfdr718qw6	1	2	153	9	1	No-Go	NGW	0	0		1	0.0	1	0.0075	0.9911748052960269	-0.008994175601888789
oemai1vch0xjh2tfdr718qw6	1	2	158	10	1	No-Go	NGW	0	0		1	0.0	1	0.003	0.9971801267015621	-0.0028433711879157775
oemai1vch0xjh2tfdr718qw6	1	2	164	11	1	No-Go	NGW	0	0		1	0.0	1	0.0006	0.9988223828197488	-0.0011825733853352888
oemai1vch0xjh2tfdr718qw6	1	2	167	12	1	No-Go	NGW	0	0		1	0.0	1	0.0006	0.999395842881751	-0.0006056267180900968
oemai1vch0xjh2tfdr718qw6	1	2	170	13	1	No-Go	NGW	0	0		1	0.0	1	0.0004	0.9996354017707203	-0.0003651810426624292
oemai1vch0xjh2tfdr718qw6	1	2	176	14	1	No-Go	NGW	0	0		1	1.0	0	0.0004	0.9997499751935429	-0.000250319956208433
oemai1vch0xjh2tfdr718qw6	1	2	178	15	1	No-Go	NGW	0	0		1	0.0	1	0.0118	0.9897537403393448	-0.010508149469658206
oemai1vch0xjh2tfdr718qw6	1	2	182	16	1	No-Go	NGW	0	0		1	0.0	1	0.0018	0.9976136920874588	-0.002399755800032607
oemai1vch0xjh2tfdr718qw6	1	2	186	17	1	No-Go	NGW	0	0		1	0.0	1	0.0009	0.9990506980086417	-0.0009520121612779572
oemai1vch0xjh2tfdr718qw6	1	2	190	18	1	No-Go	NGW	0	0		1	0.0	1	0.0004	0.9995012999882358	-0.000499618112279126
oemai1vch0xjh2tfdr718qw6	1	2	194	19	1	No-Go	NGW	0	0		1	1.0	0	0.0001	0.9996868117007484	-0.0003136110532555435
oemai1vch0xjh2tfdr718qw6	1	2	200	20	1	No-Go	NGW	0	0		1	0.0	1	0.0137	0.9867316121512187	-0.013699416176067913
oemai1vch0xjh2tfdr718qw6	1	2	204	21	1	No-Go	NGW	0	0		1	0.0	1	0.003	0.9972222936918628	-0.0027957581113275073
oemai1vch0xjh2tfdr718qw6	1	2	205	22	1	No-Go	NGW	0	0		1	1.0	0	0.0012	0.9989582730348762	-0.0010449614783017787
oemai1vch0xjh2tfdr718qw6	1	2	212	23	1	No-Go	NGW	0	0		1	0.0	1	0.0316	0.9673838030611926	-0.034598551567644985
oemai1vch0xjh2tfdr718qw6	1	2	216	24	1	No-Go	NGW	0	0		1	0.0	1	0.005	0.9946163060314082	-0.005438686260060619
oemai1vch0xjh2tfdr718qw6	1	2	220	25	1	No-Go	NGW	0	0		1	0.0	1	0.0014	0.9983007212596358	-0.0017066719896186478
oemai1vch0xjh2tfdr718qw6	1	2	222	26	1	No-Go	NGW	0	0		1	0.0	1	0.0011	0.9992376602321821	-0.0007642460473762484
oemai1vch0xjh2tfdr718qw6	1	2	228	27	1	No-Go	NGW	0	0		1	1.0	0	0.0002	0.9995722723741511	-0.0004284491572016886
oemai1vch0xjh2tfdr718qw6	1	2	232	28	1	No-Go	NGW	0	0		1	0.0	1	0.0165	0.9838044304171937	-0.016745286155919158
oemai1vch0xjh2tfdr718qw6	1	2	234	29	1	No-Go	NGW	0	0		1	0.0	1	0.0035	0.9967027417383167	-0.0033209661953684405
oemai1vch0xjh2tfdr718qw6	1	2	238	30	1	No-Go	NGW	0	0		1	0.0	1	0.0011	0.9988079494132583	-0.0011961102983437633
oemai1vch0xjh2tfdr718qw6	1	2	123	1	0	Go	GAL	1	0		0	1.0	1	0.6329	0.36800164282798337	-1.0361661463360379
oemai1vch0xjh2tfdr718qw6	1	2	127	2	0	Go	GAL	1	0		0	0.0	0	0.1696	0.8370680597312028	-0.1862979322186296
oemai1vch0xjh2tfdr718qw6	1	2	132	3	0	Go	GAL	1	1	0.581	1	0.0	1	0.8808	0.8845482916642905	-0.136233012173994
oemai1vch0xjh2tfdr718qw6	1	2	134	4	0	Go	GAL	1	1	0.288	1	0.0	1	0.9797	0.9788554357217261	-0.022434779543875266
oemai1vch0xjh2tfdr718qw6	1	2	137	5	0	Go	GAL	1	1	0.388	1	0.0	1	0.9953	0.9942503534016323	-0.005899914783905541
oemai1vch0xjh2tfdr718qw6	1	2	144	6	0	Go	GAL	1	1	0.398	1	0.0	1	0.9983	0.9979001507788713	-0.002126951348175494
oemai1vch0xjh2tfdr718qw6	1	2	146	7	0	Go	GAL	1	1	0.492	1	0.0	1	0.9996	0.999040879009122	-0.0009659208580296789
oemai1vch0xjh2tfdr718qw6	1	2	151	8	0	Go	GAL	1	1	0.231	1	0.0	1	0.9991	0.999477347485371	-0.0005248894560171875
oemai1vch0xjh2tfdr718qw6	1	2	156	9	0	Go	GAL	1	1	0.347	1	0.0	1	0.9999	0.9996719042800134	-0.0003290240131735625
oemai1vch0xjh2tfdr718qw6	1	2	159	10	0	Go	GAL	1	1	0.409	1	1.0	0	0.9998	0.9997694578405323	-0.00023101251354049269
oemai1vch0xjh2tfdr718qw6	1	2	161	11	0	Go	GAL	1	1	0.447	1	0.0	1	0.9916	0.9923153740712798	-0.007867479837458802
oemai1vch0xjh2tfdr718qw6	1	2	165	12	0	Go	GAL	1	1	0.449	1	0.0	1	0.9975	0.9979876162255396	-0.0020273719494674496
oemai1vch0xjh2tfdr718qw6	1	2	169	13	0	Go	GAL	1	1	0.522	1	0.0	1	0.9987	0.9991491522494558	-0.0008544239372400099
oemai1vch0xjh2tfdr718qw6	1	2	174	14	0	Go	GAL	1	1	0.382	1	0.0	1	0.9993	0.9995373461627807	-0.00046396284644482667
oemai1vch0xjh2tfdr718qw6	1	2	179	15	0	Go	GAL	1	1	0.355	1	1.0	0	1.0	0.9997038416760975	-0.0002967798175709532
oemai1vch0xjh2tfdr718qw6	1	2	181	16	0	Go	GAL	1	1	0.39	1	1.0	0	0.9895	0.9897825915511197	-0.010532562613852714
oemai1vch0xjh2tfdr718qw6	1	2	188	17	0	Go	GAL	1	1	0.401	1	0.0	1	0.8645	0.869969148673712	-0.17069328749403678
oemai1vch0xjh2tfdr718qw6	1	2	191	18	0	Go	GAL	1	1	0.42	1	0.0	1	0.9866	0.9848527678880309	-0.015658720827952607
oemai1vch0xjh2tfdr718qw6	1	2	196	19	0	Go	GAL	1	1	0.401	1	0.0	1	0.9957	0.9963640332535024	-0.0036791159033791863
oemai1vch0xjh2tfdr718qw6	1	2	199	20	0	Go	GAL	1	1	0.368	1	0.0	1	0.9988	0.9986462754897036	-0.0013620080387112539
oemai1vch0xjh2tfdr718qw6	1	2	203	21	0	Go	GAL	1	1	0.338	1	0.0	1	0.9995	0.9993392238706498	-0.0006632813047054479
oemai1vch0xjh2tfdr718qw6	1	2	208	22	0	Go	GAL	1	1	0.405	1	1.0	0	0.9994	0.9996116327004172	-0.0003893895595645329
oemai1vch0xjh2tfdr718qw6	1	2	211	23	0	Go	GAL	1	1	0.384	1	0.0	1	0.9881	0.9881683806222703	-0.012204860478500083
oemai1vch0xjh2tfdr718qw6	1	2	213	24	0	Go	GAL	1	1	0.441	1	0.0	1	0.9973	0.9972277313806633	-0.002798492491222437
oemai1vch0xjh2tfdr718qw6	1	2	218	25	0	Go	GAL	1	1	0.504	1	0.0	1	0.9985	0.9989250629297037	-0.0010803007355680997
oemai1vch0xjh2tfdr718qw6	1	2	223	26	0	Go	GAL	1	1	0.44	1	0.0	1	0.9995	0.9994506231395348	-0.0005511400765537037
oemai1vch0xjh2tfdr718qw6	1	2	225	27	0	Go	GAL	1	1	0.37	1	0.0	1	0.9995	0.9996637147390658	-0.00033706163344077785
oemai1vch0xjh2tfdr718qw6	1	2	230	28	0	Go	GAL	1	1	0.411	1	0.0	1	0.9998	0.9997661163696836	-0.00023430339785870613
oemai1vch0xjh2tfdr718qw6	1	2	233	29	0	Go	GAL	1	1	0.388	1	1.0	0	1.0	0.9998213802376964	-0.00017888418065962144
oemai1vch0xjh2tfdr718qw6	1	2	237	30	0	Go	GAL	1	1	0.372	1	0.0	1	0.992	0.9927683253342934	-0.007413718097639174
oemai1vch0xjh2tfdr718qw6	1	2	122	1	0	No-Go	NGAL	0	0		1	1.0	0	0.6334	0.36800164282798337	-1.0361661463360379
oemai1vch0xjh2tfdr718qw6	1	2	126	2	0	No-Go	NGAL	0	1	0.461	0	0.0	0	0.9672	0.965080698420415	-0.03709086998274463
oemai1vch0xjh2tfdr718qw6	1	2	131	3	0	No-Go	NGAL	0	0		1	0.0	1	0.801	0.2022964681137045	-1.912414622767157
oemai1vch0xjh2tfdr718qw6	1	2	136	4	0	No-Go	NGAL	0	0		1	0.0	1	0.1837	0.8153482059291194	-0.22325287606021021
oemai1vch0xjh2tfdr718qw6	1	2	139	5	0	No-Go	NGAL	0	0		1	0.0	1	0.0334	0.9687740667129346	-0.03287730820737123
oemai1vch0xjh2tfdr718qw6	1	2	141	6	0	No-Go	NGAL	0	0		1	0.0	1	0.0071	0.9923443302380901	-0.007799959733062195
oemai1vch0xjh2tfdr718qw6	1	2	147	7	0	No-Go	NGAL	0	0		1	1.0	0	0.0024	0.9973976890947422	-0.0026239738250563027
oemai1vch0xjh2tfdr718qw6	1	2	149	8	0	No-Go	NGAL	0	1	0.325	0	0.0	0	0.1814	0.18520016809838116	-2.243188189049606
oemai1vch0xjh2tfdr718qw6	1	2	155	9	0	No-Go	NGAL	0	0		1	0.0	1	0.0429	0.9551262643543843	-0.047463637064474
oemai1vch0xjh2tfdr718qw6	1	2	160	10	0	No-Go	NGAL	0	0		1	0.0	1	0.0062	0.9946612691184269	-0.005388045206818885
oemai1vch0xjh2tfdr718qw6	1	2	163	11	0	No-Go	NGAL	0	0		1	0.0	1	0.0014	0.9986971962354921	-0.0013072990311311244
oemai1vch0xjh2tfdr718qw6	1	2	168	12	0	No-Go	NGAL	0	0		1	1.0	0	0.0006	0.9995256329534754	-0.00047518503137378794
oemai1vch0xjh2tfdr718qw6	1	2	172	13	0	No-Go	NGAL	0	0		1	0.0	1	0.0447	0.9552913563339924	-0.0477903863280907
oemai1vch0xjh2tfdr718qw6	1	2	173	14	0	No-Go	NGAL	0	0		1	0.0	1	0.0042	0.9952241106014311	-0.004814108581445826
oemai1vch0xjh2tfdr718qw6	1	2	177	15	0	No-Go	NGAL	0	0		1	0.0	1	0.0008	0.9988728569198222	-0.0011302003867821415
oemai1vch0xjh2tfdr718qw6	1	2	184	16	0	No-Go	NGAL	0	0		1	0.0	1	0.0006	0.999588892469474	-0.0004116599136462744
oemai1vch0xjh2tfdr718qw6	1	2	185	17	0	No-Go	NGAL	0	0		1	1.0	0	0.0002	0.9998014836762863	-0.00019868380633802771
oemai1vch0xjh2tfdr718qw6	1	2	192	18	0	No-Go	NGAL	0	0		1	0.0	1	0.027	0.9733834505609992	-0.02785057220827027
oemai1vch0xjh2tfdr718qw6	1	2	193	19	0	No-Go	NGAL	0	0		1	0.0	1	0.0032	0.9969880487023897	-0.0030272551968473873
oemai1vch0xjh2tfdr718qw6	1	2	197	20	0	No-Go	NGAL	0	0		1	0.0	1	0.0011	0.9992269965277981	-0.0007744346755826308
oemai1vch0xjh2tfdr718qw6	1	2	202	21	0	No-Go	NGAL	0	0		1	0.0	1	0.0001	0.9996952489101771	-0.00030505739648429246
oemai1vch0xjh2tfdr718qw6	1	2	207	22	0	No-Go	NGAL	0	0		1	0.0	1	0.0004	0.9998426030377435	-0.00015750516914294152
oemai1vch0xjh2tfdr718qw6	1	2	210	23	0	No-Go	NGAL	0	0		1	0.0	1	0.0	0.9999021486712787	-9.790479845260516e-05
oemai1vch0xjh2tfdr718qw6	1	2	215	24	0	No-Go	NGAL	0	0		1	1.0	0	0.0001	0.9999305946790832	-6.943847834361132e-05
oemai1vch0xjh2tfdr718qw6	1	2	219	25	0	No-Go	NGAL	0	0		1	0.0	1	0.0138	0.9862453637773718	-0.014205901119457185
oemai1vch0xjh2tfdr718qw6	1	2	224	26	0	No-Go	NGAL	0	0		1	0.0	1	0.0015	0.9983248118270529	-0.0016804767739074897
oemai1vch0xjh2tfdr718qw6	1	2	226	27	0	No-Go	NGAL	0	0		1	0.0	1	0.0004	0.999517056041842	-0.00048356052341747756
oemai1vch0xjh2tfdr718qw6	1	2	229	28	0	No-Go	NGAL	0	0		1	0.0	1	0.0005	0.9997882239218329	-0.00021194121084077834
oemai1vch0xjh2tfdr718qw6	1	2	236	29	0	No-Go	NGAL	0	0		1	1.0	0	0.0	0.9998805423691368	-0.00011952751814701474
oemai1vch0xjh2tfdr718qw6	1	2	240	30	0	No-Go	NGAL	0	0		1	0.0	1	0.0203	0.9786683960443923	-0.02227581067366361
oemai1vch0xjh2tfdr718qw6	1	1	4	1	1	Go	GW	1	1	0.736	1	0.0	1	0.8686	0.8745065609634166	-0.13937746104260323
oemai1vch0xjh2tfdr718qw6	1	1	8	2	1	Go	GW	1	1	0.997	1	0.0	1	0.9675	0.9667096476280154	-0.03448887656232166
oemai1vch0xjh2tfdr718qw6	1	1	11	3	1	Go	GW	1	1	0.533	1	0.0	1	0.9877	0.9884370522746926	-0.011759914890979857
oemai1vch0xjh2tfdr718qw6	1	1	13	4	1	Go	GW	1	1	0.506	1	1.0	0	0.9956	0.9951348005716704	-0.004910444229108687
oemai1vch0xjh2tfdr718qw6	1	1	20	5	1	Go	GW	1	1	0.381	1	0.0	1	0.9194	0.9175902669445113	-0.08821765533951241
oemai1vch0xjh2tfdr718qw6	1	1	23	6	1	Go	GW	1	1	0.396	1	1.0	0	0.977	0.9764325477622359	-0.024196544847713764
oemai1vch0xjh2tfdr718qw6	1	1	27	7	1	Go	GW	1	1	0.453	1	0.0	1	0.7508	0.7480278421670665	-0.31994609882925173
oemai1vch0xjh2tfdr718qw6	1	1	31	8	1	Go	GW	1	1	0.321	1	0.0	1	0.9327	0.932887850748529	-0.07243004249746456
oemai1vch0xjh2tfdr718qw6	1	1	35	9	1	Go	GW	1	1	0.344	1	0.0	1	0.9779	0.9782446004327019	-0.022513860186018538
oemai1vch0xjh2tfdr718qw6	1	1	40	10	1	Go	GW	1	1	0.392	1	0.0	1	0.9905	0.9914845684143753	-0.008667446918114916
oemai1vch0xjh2tfdr718qw6	1	1	42	11	1	Go	GW	1	1	0.417	1	0.0	1	0.9957	0.9961443624375602	-0.003894205009100092
oemai1vch0xjh2tfdr718qw6	1	1	47	12	1	Go	GW	1	1	0.386	1	0.0	1	0.9979	0.998037940332593	-0.0019737563106933063
oemai1vch0xjh2tfdr718qw6	1	1	51	13	1	Go	GW	1	1	0.471	1	0.0	1	0.9994	0.9988985381275277	-0.0011055585703071986
oemai1vch0xjh2tfdr718qw6	1	1	55	14	1	Go	GW	1	1	0.231	1	1.0	0	0.9995	0.9993264097048723	-0.0006752150209011538
oemai1vch0xjh2tfdr718qw6	1	1	60	15	1	Go	GW	1	1	0.288	1	0.0	1	0.9788	0.9795183452167712	-0.021031198825300315
oemai1vch0xjh2tfdr718qw6	1	1	61	16	1	Go	GW	1	1	0.386	1	0.0	1	0.9949	0.993235458985812	-0.006831725958645415
oemai1vch0xjh2tfdr718qw6	1	1	68	17	1	Go	GW	1	1	0.356	1	0.0	1	0.9967	0.9970655081130091	-0.002950531573112158
oemai1vch0xjh2tfdr718qw6	1	1	72	18	1	Go	GW	1	1	0.318	1	0.0	1	0.9984	0.9985031570429707	-0.001501866130829546
oemai1vch0xjh2tfdr718qw6	1	1	74	19	1	Go	GW	1	1	0.383	1	1.0	0	0.9991	0.9991413887837887	-0.0008604944676472609
oemai1vch0xjh2tfdr718qw6	1	1	78	20	1	Go	GW	1	1	0.349	1	0.0	1	0.9693	0.972264858126371	-0.02879745026062271
oemai1vch0xjh2tfdr718qw6	1	1	81	21	1	Go	GW	1	1	0.366	1	0.0	1	0.9902	0.9916618519452828	-0.008435557701197704
oemai1vch0xjh2tfdr718qw6	1	1	86	22	1	Go	GW	1	1	0.451	1	0.0	1	0.996	0.9965912368069366	-0.003428797812618457
oemai1vch0xjh2tfdr718qw6	1	1	90	23	1	Go	GW	1	1	0.321	1	0.0	1	0.9984	0.9983268818785371	-0.0016788999247701476
oemai1vch0xjh2tfdr718qw6	1	1	93	24	1	Go	GW	1	1	0.353	1	1.0	0	0.9992	0.9990652443114936	-0.0009368219170437595
oemai1vch0xjh2tfdr718qw6	1	1	99	25	1	Go	GW	1	1	0.403	1	0.0	1	0.9706	0.9697846233258172	-0.0314821258313599
oemai1vch0xjh2tfdr718qw6	1	1	101	26	1	Go	GW	1	1	0.364	1	0.0	1	0.9923	0.9910770927900777	-0.009035207284651209
oemai1vch0xjh2tfdr718qw6	1	1	105	27	1	Go	GW	1	1	0.373	1	0.0	1	0.9966	0.9964123879683774	-0.003609662556369277
oemai1vch0xjh2tfdr718qw6	1	1	109	28	1	Go	GW	1	1	0.353	1	0.0	1	0.9982	0.9982612353812176	-0.0017449184796924646
oemai1vch0xjh2tfdr718qw6	1	1	113	29	1	Go	GW	1	1	0.396	1	1.0	0	0.999	0.9990376278013239	-0.0009645221310437421
oemai1vch0xjh2tfdr718qw6	1	1	117	30	1	Go	GW	1	1	0.412	1	0.0	1	0.9677	0.9689550484154972	-0.032383559502227446
oemai1vch0xjh2tfdr718qw6	1	1	3	1	1	No-Go	NGW	0	1	1.349	0	0.0	0	0.8755	0.8745065609634166	-0.13937746104260323
oemai1vch0xjh2tfdr718qw6	1	1	7	2	1	No-Go	NGW	0	1	0.987	0	0.0	0	0.4445	0.4438317113954916	-0.8937000463138233
oemai1vch0xjh2tfdr718qw6	1	1	10	3	1	No-Go	NGW	0	0		1	0.0	1	0.1462	0.8540035245556843	-0.1668104692595053
oemai1vch0xjh2tfdr718qw6	1	1	16	4	1	No-Go	NGW	0	0		1	1.0	0	0.0243	0.975816292587249	-0.02518951325870956
oemai1vch0xjh2tfdr718qw6	1	1	17	5	1	No-Go	NGW	0	0		1	0.0	1	0.2301	0.7710611200098643	-0.2743972130293682
oemai1vch0xjh2tfdr718qw6	1	1	22	6	1	No-Go	NGW	0	0		1	1.0	0	0.0328	0.9667593978441391	-0.0348270835295532
oemai1vch0xjh2tfdr718qw6	1	1	25	7	1	No-Go	NGW	0	0		1	0.0	1	0.2867	0.7146776285873999	-0.35630955269711106
oemai1vch0xjh2tfdr718qw6	1	1	32	8	1	No-Go	NGW	0	0		1	0.0	1	0.0391	0.9600737824210339	-0.04206291210669585
oemai1vch0xjh2tfdr718qw6	1	1	36	9	1	No-Go	NGW	0	0		1	0.0	1	0.0079	0.9911748052960269	-0.008994175601888789
oemai1vch0xjh2tfdr718qw6	1	1	37	10	1	No-Go	NGW	0	0		1	0.0	1	0.0031	0.9971801267015621	-0.0028433711879157775
oemai1vch0xjh2tfdr718qw6	1	1	41	11	1	No-Go	NGW	0	0		1	0.0	1	0.0009	0.9988223828197488	-0.0011825733853352888
oemai1vch0xjh2tfdr718qw6	1	1	48	12	1	No-Go	NGW	0	0		1	0.0	1	0.0006	0.999395842881751	-0.0006056267180900968
oemai1vch0xjh2tfdr718qw6	1	1	50	13	1	No-Go	NGW	0	0		1	0.0	1	0.0004	0.9996354017707203	-0.0003651810426624292
oemai1vch0xjh2tfdr718qw6	1	1	56	14	1	No-Go	NGW	0	0		1	1.0	0	0.0005	0.9997499751935429	-0.000250319956208433
oemai1vch0xjh2tfdr718qw6	1	1	59	15	1	No-Go	NGW	0	0		1	0.0	1	0.0111	0.9897537403393448	-0.010508149469658206
oemai1vch0xjh2tfdr718qw6	1	1	64	16	1	No-Go	NGW	0	0		1	0.0	1	0.0023	0.9976136920874588	-0.002399755800032607
oemai1vch0xjh2tfdr718qw6	1	1	65	17	1	No-Go	NGW	0	0		1	0.0	1	0.0007	0.9990506980086417	-0.0009520121612779572
oemai1vch0xjh2tfdr718qw6	1	1	71	18	1	No-Go	NGW	0	0		1	0.0	1	0.0004	0.9995012999882358	-0.000499618112279126
oemai1vch0xjh2tfdr718qw6	1	1	73	19	1	No-Go	NGW	0	0		1	1.0	0	0.0006	0.9996868117007484	-0.0003136110532555435
oemai1vch0xjh2tfdr718qw6	1	1	80	20	1	No-Go	NGW	0	0		1	0.0	1	0.0134	0.9867316121512187	-0.013699416176067913
oemai1vch0xjh2tfdr718qw6	1	1	84	21	1	No-Go	NGW	0	0		1	0.0	1	0.002	0.9972222936918628	-0.0027957581113275073
oemai1vch0xjh2tfdr718qw6	1	1	85	22	1	No-Go	NGW	0	0		1	1.0	0	0.0003	0.9989582730348762	-0.0010449614783017787
oemai1vch0xjh2tfdr718qw6	1	1	89	23	1	No-Go	NGW	0	0		1	0.0	1	0.0339	0.9673838030611926	-0.034598551567644985
oemai1vch0xjh2tfdr718qw6	1	1	96	24	1	No-Go	NGW	0	0		1	0.0	1	0.004	0.9946163060314082	-0.005438686260060619
oemai1vch0xjh2tfdr718qw6	1	1	100	25	1	No-Go	NGW	0	0		1	0.0	1	0.0018	0.9983007212596358	-0.0017066719896186478
oemai1vch0xjh2tfdr718qw6	1	1	104	26	1	No-Go	NGW	0	0		1	0.0	1	0.0001	0.9992376602321821	-0.0007642460473762484
oemai1vch0xjh2tfdr718qw6	1	1	108	27	1	No-Go	NGW	0	0		1	1.0	0	0.0008	0.9995722723741511	-0.0004284491572016886
oemai1vch0xjh2tfdr718qw6	1	1	110	28	1	No-Go	NGW	0	0		1	0.0	1	0.0161	0.9838044304171937	-0.016745286155919158
oemai1vch0xjh2tfdr718qw6	1	1	115	29	1	No-Go	NGW	0	0		1	0.0	1	0.0023	0.9967027417383167	-0.0033209661953684405
oemai1vch0xjh2tfdr718qw6	1	1	118	30	1	No-Go	NGW	0	0		1	0.0	1	0.0017	0.9988079494132583	-0.0011961102983437633
oemai1vch0xjh2tfdr718qw6	1	1	1	1	0	No-Go	NGAL	0	1	1.013	0	1.0	1	0.6372	0.6319983571720166	-0.4713297761276368
oemai1vch0xjh2tfdr718qw6	1	1	5	2	0	No-Go	NGAL	0	1	0.768	0	0.0	0	0.9343	0.9354700060676733	-0.06838222876308288
oemai1vch0xjh2tfdr718qw6	1	1	9	3	0	No-Go	NGAL	0	1	0.864	0	0.0	0	0.4798	0.48321228622769824	-0.7687249985967648
oemai1vch0xjh2tfdr718qw6	1	1	14	4	0	No-Go	NGAL	0	0		1	0.0	1	0.1131	0.8814760031284462	-0.1329199785284777
oemai1vch0xjh2tfdr718qw6	1	1	19	5	0	No-Go	NGAL	0	0		1	0.0	1	0.0201	0.9796278704189936	-0.021232081540891744
oemai1vch0xjh2tfdr718qw6	1	1	21	6	0	No-Go	NGAL	0	0		1	0.0	1	0.0049	0.99465083199458	-0.005445074244460866
oemai1vch0xjh2tfdr718qw6	1	1	26	7	0	No-Go	NGAL	0	0		1	1.0	0	0.0018	0.9980952835034339	-0.0019211733813662309
oemai1vch0xjh2tfdr718qw6	1	1	29	8	0	No-Go	NGAL	0	0		1	0.0	1	0.125	0.8790157259440661	-0.13798425285200822
oemai1vch0xjh2tfdr718qw6	1	1	34	9	0	No-Go	NGAL	0	0		1	0.0	1	0.0144	0.984915591123076	-0.01537213113828824
oemai1vch0xjh2tfdr718qw6	1	1	39	10	0	No-Go	NGAL	0	0		1	0.0	1	0.0038	0.9963781395314325	-0.0036471330863369544
oemai1vch0xjh2tfdr718qw6	1	1	43	11	0	No-Go	NGAL	0	0		1	0.0	1	0.0014	0.9986998893665617	-0.0013046408030676004
oemai1vch0xjh2tfdr718qw6	1	1	46	12	0	No-Go	NGAL	0	0		1	1.0	0	0.0004	0.9993907295813571	-0.0006105477902597757
oemai1vch0xjh2tfdr718qw6	1	1	52	13	0	No-Go	NGAL	0	0		1	0.0	1	0.0782	0.9212255759116404	-0.08870995978591999
oemai1vch0xjh2tfdr718qw6	1	1	53	14	0	No-Go	NGAL	0	0		1	0.0	1	0.0107	0.9906410436169861	-0.009476785274249895
oemai1vch0xjh2tfdr718qw6	1	1	58	15	0	No-Go	NGAL	0	0		1	0.0	1	0.0019	0.9976694773560683	-0.0023403796386835696
oemai1vch0xjh2tfdr718qw6	1	1	63	16	0	No-Go	NGAL	0	0		1	0.0	1	0.0012	0.9991096234858636	-0.0008923080550383539
oemai1vch0xjh2tfdr718qw6	1	1	66	17	0	No-Go	NGAL	0	0		1	1.0	0	0.0011	0.9995533245073177	-0.0004473047848991753
oemai1vch0xjh2tfdr718qw6	1	1	70	18	0	No-Go	NGAL	0	1	0.636	0	0.0	0	0.0712	0.07237300061700812	-3.822783725646347
oemai1vch0xjh2tfdr718qw6	1	1	76	19	0	No-Go	NGAL	0	0		1	0.0	1	0.0169	0.982466877863908	-0.01808745113055088
oemai1vch0xjh2tfdr718qw6	1	1	79	20	0	No-Go	NGAL	0	0		1	0.0	1	0.0021	0.9979488776025962	-0.0020587423135728427
oemai1vch0xjh2tfdr718qw6	1	1	82	21	0	No-Go	NGAL	0	0		1	0.0	1	0.001	0.9994533634136092	-0.0005474188612820271
oemai1vch0xjh2tfdr718qw6	1	1	87	22	0	No-Go	NGAL	0	0		1	0.0	1	0.0002	0.999777984584786	-0.00022219551582677746
oemai1vch0xjh2tfdr718qw6	1	1	92	23	0	No-Go	NGAL	0	0		1	0.0	1	0.0	0.9998827790589787	-0.00011728799632646918
oemai1vch0xjh2tfdr718qw6	1	1	94	24	0	No-Go	NGAL	0	0		1	1.0	0	0.0001	0.9999259889143557	-7.404538433713574e-05
oemai1vch0xjh2tfdr718qw6	1	1	97	25	0	No-Go	NGAL	0	0		1	0.0	1	0.012	0.9876915417836685	-0.01262288716801051
oemai1vch0xjh2tfdr718qw6	1	1	102	26	0	No-Go	NGAL	0	0		1	0.0	1	0.0013	0.9984900505717956	-0.001514326511315794
oemai1vch0xjh2tfdr718qw6	1	1	106	27	0	No-Go	NGAL	0	0		1	0.0	1	0.0004	0.9995728826996679	-0.00042762012974554474
oemai1vch0xjh2tfdr718qw6	1	1	112	28	0	No-Go	NGAL	0	0		1	0.0	1	0.0	0.9998170244840808	-0.0001831045716615593
oemai1vch0xjh2tfdr718qw6	1	1	114	29	0	No-Go	NGAL	0	0		1	1.0	0	0.0001	0.9998989873207085	-0.0001010652323191059
oemai1vch0xjh2tfdr718qw6	1	1	120	30	0	No-Go	NGAL	0	0		1	0.0	1	0.0157	0.9839606128083251	-0.016541426468788943
oemai1vch0xjh2tfdr718qw6	1	1	2	1	0	Go	GAL	1	1	1.052	1	1.0	0	0.6333	0.6319983571720166	-0.4713297761276368
oemai1vch0xjh2tfdr718qw6	1	1	6	2	0	Go	GAL	1	0		0	0.0	0	0.1661	0.8370680597312028	-0.1862979322186296
oemai1vch0xjh2tfdr718qw6	1	1	12	3	0	Go	GAL	1	1	0.352	1	0.0	1	0.7972	0.7977035318862956	-0.2452205363740704
oemai1vch0xjh2tfdr718qw6	1	1	15	4	0	Go	GAL	1	1	0.62	1	0.0	1	0.974	0.9769545757260965	-0.02430146226963241
oemai1vch0xjh2tfdr718qw6	1	1	18	5	0	Go	GAL	1	1	0.721	1	0.0	1	0.9944	0.9953343686918114	-0.0047656290972466295
oemai1vch0xjh2tfdr718qw6	1	1	24	6	0	Go	GAL	1	1	0.381	1	0.0	1	0.9986	0.9986116621685059	-0.0014021520920208576
oemai1vch0xjh2tfdr718qw6	1	1	28	7	0	Go	GAL	1	1	0.383	1	0.0	1	0.9997	0.9994595557083301	-0.0005432158652857836
oemai1vch0xjh2tfdr718qw6	1	1	30	8	0	Go	GAL	1	1	0.71	1	0.0	1	0.9996	0.9997419541088831	-0.000258788324418469
oemai1vch0xjh2tfdr718qw6	1	1	33	9	0	Go	GAL	1	1	0.433	1	0.0	1	0.9996	0.9998550037196106	-0.00014524999189530606
oemai1vch0xjh2tfdr718qw6	1	1	38	10	0	Go	GAL	1	1	0.453	1	1.0	0	0.9999	0.9999070535358849	-9.305376604156336e-05
oemai1vch0xjh2tfdr718qw6	1	1	44	11	0	Go	GAL	1	1	0.357	1	0.0	1	0.9972	0.9975881692794879	-0.0024296184858090364
oemai1vch0xjh2tfdr718qw6	1	1	45	12	0	Go	GAL	1	1	0.486	1	0.0	1	0.9991	0.9993481589969735	-0.0006537471491806044
oemai1vch0xjh2tfdr718qw6	1	1	49	13	0	Go	GAL	1	1	0.356	1	0.0	1	0.9998	0.9997232042521724	-0.00027728487708971003
oemai1vch0xjh2tfdr718qw6	1	1	54	14	0	Go	GAL	1	1	0.368	1	0.0	1	0.9999	0.9998506812058109	-0.0001494988339476028
oemai1vch0xjh2tfdr718qw6	1	1	57	15	0	Go	GAL	1	1	0.32	1	1.0	0	0.9999	0.9999056066193308	-9.44771797534227e-05
oemai1vch0xjh2tfdr718qw6	1	1	62	16	0	Go	GAL	1	1	0.413	1	1.0	0	0.9973	0.9971791609861277	-0.0028454408159854483
oemai1vch0xjh2tfdr718qw6	1	1	67	17	0	Go	GAL	1	1	0.538	1	0.0	1	0.9578	0.9590965552324852	-0.0445932694641865
oemai1vch0xjh2tfdr718qw6	1	1	69	18	0	Go	GAL	1	1	0.457	1	0.0	1	0.9964	0.9957914636334854	-0.004252296774694643
oemai1vch0xjh2tfdr718qw6	1	1	75	19	0	Go	GAL	1	1	0.305	1	0.0	1	0.9996	0.9989556371932311	-0.0010487462794712445
oemai1vch0xjh2tfdr718qw6	1	1	77	20	0	Go	GAL	1	1	0.403	1	0.0	1	0.9996	0.9996016146386306	-0.0003993115014921165
oemai1vch0xjh2tfdr718qw6	1	1	83	21	0	Go	GAL	1	1	0.399	1	0.0	1	0.9998	0.9998029006305434	-0.00019739335631851568
oemai1vch0xjh2tfdr718qw6	1	1	88	22	0	Go	GAL	1	1	0.576	1	1.0	0	1.0	0.9998834399847049	-0.00011668247051498977
oemai1vch0xjh2tfdr718qw6	1	1	91	23	0	Go	GAL	1	1	0.542	1	0.0	1	0.9978	0.9968138210873562	-0.0032150215873981065
oemai1vch0xjh2tfdr718qw6	1	1	95	24	0	Go	GAL	1	1	0.504	1	0.0	1	0.999	0.999225268449989	-0.0007772138774591895
oemai1vch0xjh2tfdr718qw6	1	1	98	25	0	Go	GAL	1	1	0.41	1	0.0	1	0.9998	0.9996910635153629	-0.00030950139793708753
oemai1vch0xjh2tfdr718qw6	1	1	103	26	0	Go	GAL	1	1	0.484	1	0.0	1	0.9998	0.9998394214287386	-0.00016077488191259997
oemai1vch0xjh2tfdr718qw6	1	1	107	27	0	Go	GAL	1	1	0.378	1	0.0	1	0.9998	0.9999007760958937	-9.931277119298713e-05
oemai1vch0xjh2tfdr718qw6	1	1	111	28	0	Go	GAL	1	1	0.342	1	0.0	1	0.9999	0.9999306713443366	-6.937725717236202e-05
oemai1vch0xjh2tfdr718qw6	1	1	116	29	0	Go	GAL	1	1	0.409	1	1.0	0	0.9999	0.9999469669984228	-5.3063673665369924e-05
oemai1vch0xjh2tfdr718qw6	1	1	119	30	0	Go	GAL	1	1	0.333	1	0.0	1	0.9973	0.9980727702176359	-0.001940865646631651
osfqan6p1j4elf6478uhi2cc	1	2	121	1	0	Go	GAL	1	1	0.816	1	0.0	1	0.5752	0.5828285921900942	-0.5474441727674105
osfqan6p1j4elf6478uhi2cc	1	2	127	2	0	Go	GAL	1	1	1.145	1	0.0	1	0.6749	0.6678457902032389	-0.4103408074343605
osfqan6p1j4elf6478uhi2cc	1	2	130	3	0	Go	GAL	1	0		0	1.0	1	0.7349	0.26478632496323873	-1.3729386518150548
osfqan6p1j4elf6478uhi2cc	1	2	135	4	0	Go	GAL	1	1	0.395	1	0.0	1	0.6618	0.6594762526607437	-0.4226125263999094
osfqan6p1j4elf6478uhi2cc	1	2	139	5	0	Go	GAL	1	0		0	0.0	0	0.7213	0.2783972922711479	-1.3130311411600273
osfqan6p1j4elf6478uhi2cc	1	2	142	6	0	Go	GAL	1	0		0	0.0	0	0.7323	0.26821944219247634	-1.3520177645976021
osfqan6p1j4elf6478uhi2cc	1	2	147	7	0	Go	GAL	1	1	0.669	1	0.0	1	0.7329	0.7414014986489245	-0.3039168333275536
osfqan6p1j4elf6478uhi2cc	1	2	152	8	0	Go	GAL	1	0		0	0.0	0	0.7878	0.21180660246072408	-1.6037869578201052
osfqan6p1j4elf6478uhi2cc	1	2	156	9	0	Go	GAL	1	0		0	0.0	0	0.7963	0.2039677377173654	-1.6471318265924924
osfqan6p1j4elf6478uhi2cc	1	2	158	10	0	Go	GAL	1	1	0.578	1	1.0	0	0.8079	0.8034041874975938	-0.22256937712852143
osfqan6p1j4elf6478uhi2cc	1	2	163	11	0	Go	GAL	1	0		0	0.0	0	0.7171	0.2838474861798388	-1.286657258286759
osfqan6p1j4elf6478uhi2cc	1	2	166	12	0	Go	GAL	1	0		0	1.0	1	0.724	0.274568304567097	-1.3248149041954007
osfqan6p1j4elf6478uhi2cc	1	2	170	13	0	Go	GAL	1	0		0	0.0	0	0.654	0.3497883493480927	-1.0709971424002196
osfqan6p1j4elf6478uhi2cc	1	2	176	14	0	Go	GAL	1	1	1.058	1	0.0	1	0.662	0.6616032347876313	-0.41928516821792644
osfqan6p1j4elf6478uhi2cc	1	2	180	15	0	Go	GAL	1	0		0	0.0	0	0.7214	0.27664450615162384	-1.3183447678765097
osfqan6p1j4elf6478uhi2cc	1	2	184	16	0	Go	GAL	1	0		0	0.0	0	0.7357	0.26711510615332806	-1.3607055003630246
osfqan6p1j4elf6478uhi2cc	1	2	185	17	0	Go	GAL	1	1	0.641	1	1.0	0	0.7329	0.7419078717521528	-0.3038682898379815
osfqan6p1j4elf6478uhi2cc	1	2	189	18	0	Go	GAL	1	0		0	0.0	0	0.6355	0.35682043791767776	-1.0645914365531213
osfqan6p1j4elf6478uhi2cc	1	2	196	19	0	Go	GAL	1	1	0.417	1	0.0	1	0.6529	0.6538101685672677	-0.4351305280448956
osfqan6p1j4elf6478uhi2cc	1	2	198	20	0	Go	GAL	1	1	0.686	1	0.0	1	0.7196	0.720284210517426	-0.3348405559149405
osfqan6p1j4elf6478uhi2cc	1	2	204	21	0	Go	GAL	1	1	0.482	1	0.0	1	0.7717	0.7724273605849459	-0.2630903045538415
osfqan6p1j4elf6478uhi2cc	1	2	207	22	0	Go	GAL	1	1	0.765	1	1.0	0	0.8113	0.8129108473855288	-0.2107862048901909
osfqan6p1j4elf6478uhi2cc	1	2	211	23	0	Go	GAL	1	1	0.592	1	0.0	1	0.7179	0.7248326337560876	-0.32904470472970593
osfqan6p1j4elf6478uhi2cc	1	2	214	24	0	Go	GAL	1	1	0.755	1	0.0	1	0.7821	0.7767449735142162	-0.25749019386074734
osfqan6p1j4elf6478uhi2cc	1	2	217	25	0	Go	GAL	1	1	0.594	1	0.0	1	0.8173	0.816796507427518	-0.20588780611835186
osfqan6p1j4elf6478uhi2cc	1	2	223	26	0	Go	GAL	1	1	0.353	1	0.0	1	0.8519	0.8477000737251388	-0.16789188136081623
osfqan6p1j4elf6478uhi2cc	1	2	225	27	0	Go	GAL	1	1	0.559	1	0.0	1	0.8729	0.8716765245945528	-0.1394023292675766
osfqan6p1j4elf6478uhi2cc	1	2	231	28	0	Go	GAL	1	1	0.522	1	0.0	1	0.8922	0.8904275608774657	-0.11768994711481427
osfqan6p1j4elf6478uhi2cc	1	2	234	29	0	Go	GAL	1	1	0.401	1	0.0	1	0.906	0.9052246536669425	-0.10089648325268329
osfqan6p1j4elf6478uhi2cc	1	2	240	30	0	Go	GAL	1	1	0.277	1	1.0	0	0.9144	0.9170103762040788	-0.08773199020675489
osfqan6p1j4elf6478uhi2cc	1	2	122	1	0	No-Go	NGAL	0	0		1	0.0	1	0.589	0.41717140780990586	-0.8889071708067005
osfqan6p1j4elf6478uhi2cc	1	2	126	2	0	No-Go	NGAL	0	1	0.954	0	0.0	0	0.4861	0.49193494961825573	-0.7198633065084659
osfqan6p1j4elf6478uhi2cc	1	2	131	3	0	No-Go	NGAL	0	1	0.485	0	0.0	0	0.4121	0.4017721322737201	-0.930449886825523
osfqan6p1j4elf6478uhi2cc	1	2	134	4	0	No-Go	NGAL	0	0		1	0.0	1	0.3222	0.6732572285939684	-0.40256895260366427
osfqan6p1j4elf6478uhi2cc	1	2	140	5	0	No-Go	NGAL	0	1	0.287	0	1.0	1	0.266	0.26028541179692816	-1.3974949062970854
osfqan6p1j4elf6478uhi2cc	1	2	141	6	0	No-Go	NGAL	0	0		1	0.0	1	0.3397	0.6490143141844317	-0.4386742589686601
osfqan6p1j4elf6478uhi2cc	1	2	146	7	0	No-Go	NGAL	0	0		1	0.0	1	0.2834	0.7122245404005084	-0.34464220903220144
osfqan6p1j4elf6478uhi2cc	1	2	149	8	0	No-Go	NGAL	0	1	0.737	0	0.0	0	0.2378	0.23736450516387886	-1.4836795517591623
osfqan6p1j4elf6478uhi2cc	1	2	153	9	0	No-Go	NGAL	0	0		1	1.0	0	0.1782	0.8174424121415914	-0.20506753944928874
osfqan6p1j4elf6478uhi2cc	1	2	159	10	0	No-Go	NGAL	0	1	0.402	0	0.0	0	0.1877	0.1915963042746035	-1.716571289370146
osfqan6p1j4elf6478uhi2cc	1	2	161	11	0	No-Go	NGAL	0	0		1	0.0	1	0.1578	0.8500999666946737	-0.16516025963160694
osfqan6p1j4elf6478uhi2cc	1	2	168	12	0	No-Go	NGAL	0	0		1	0.0	1	0.1263	0.877967197875686	-0.1322467880527859
osfqan6p1j4elf6478uhi2cc	1	2	172	13	0	No-Go	NGAL	0	0		1	0.0	1	0.1055	0.8991922881125396	-0.10784773391676221
osfqan6p1j4elf6478uhi2cc	1	2	174	14	0	No-Go	NGAL	0	0		1	0.0	1	0.0884	0.9155211670487311	-0.0894692031853737
osfqan6p1j4elf6478uhi2cc	1	2	178	15	0	No-Go	NGAL	0	0		1	1.0	0	0.0717	0.9282160906385514	-0.07541863316096487
osfqan6p1j4elf6478uhi2cc	1	2	182	16	0	No-Go	NGAL	0	0		1	1.0	0	0.0724	0.9235890718879775	-0.08047332204366632
osfqan6p1j4elf6478uhi2cc	1	2	187	17	0	No-Go	NGAL	0	1	1.206	0	0.0	0	0.0899	0.08138548387638435	-2.6489556863221386
osfqan6p1j4elf6478uhi2cc	1	2	190	18	0	No-Go	NGAL	0	0		1	0.0	1	0.065	0.9362187474827691	-0.06669291867246326
osfqan6p1j4elf6478uhi2cc	1	2	193	19	0	No-Go	NGAL	0	0		1	0.0	1	0.0558	0.9458940608381116	-0.05622660530422623
osfqan6p1j4elf6478uhi2cc	1	2	200	20	0	No-Go	NGAL	0	0		1	0.0	1	0.0469	0.9534396494822275	-0.04814959300744638
osfqan6p1j4elf6478uhi2cc	1	2	201	21	0	No-Go	NGAL	0	0		1	0.0	1	0.0427	0.9593986633396929	-0.04182460228350708
osfqan6p1j4elf6478uhi2cc	1	2	205	22	0	No-Go	NGAL	0	0		1	0.0	1	0.0331	0.964158340911565	-0.03680742072602421
osfqan6p1j4elf6478uhi2cc	1	2	212	23	0	No-Go	NGAL	0	0		1	0.0	1	0.0308	0.9679994127106771	-0.03278165359235571
osfqan6p1j4elf6478uhi2cc	1	2	215	24	0	No-Go	NGAL	0	0		1	1.0	0	0.0247	0.9711284362935793	-0.029517820044327184
osfqan6p1j4elf6478uhi2cc	1	2	218	25	0	No-Go	NGAL	0	0		1	0.0	1	0.0313	0.9688646911730617	-0.031884364932269135
osfqan6p1j4elf6478uhi2cc	1	2	222	26	0	No-Go	NGAL	0	0		1	1.0	0	0.0281	0.9718800338582685	-0.02874107612345432
osfqan6p1j4elf6478uhi2cc	1	2	227	27	0	No-Go	NGAL	0	0		1	0.0	1	0.028	0.9695944341866838	-0.031139007355840593
osfqan6p1j4elf6478uhi2cc	1	2	229	28	0	No-Go	NGAL	0	0		1	0.0	1	0.0272	0.9725252181002543	-0.028080941781879417
osfqan6p1j4elf6478uhi2cc	1	2	236	29	0	No-Go	NGAL	0	0		1	0.0	1	0.0244	0.9749157935509473	-0.025597993736356146
osfqan6p1j4elf6478uhi2cc	1	2	239	30	0	No-Go	NGAL	0	0		1	0.0	1	0.0202	0.9768860885804753	-0.023558950049769985
osfqan6p1j4elf6478uhi2cc	1	2	124	1	1	Go	GW	1	1	0.416	1	0.0	1	0.615	0.6203395233419856	-0.49746097266230443
osfqan6p1j4elf6478uhi2cc	1	2	125	2	1	Go	GW	1	1	0.425	1	0.0	1	0.8691	0.8718669672897942	-0.1406258026254531
osfqan6p1j4elf6478uhi2cc	1	2	129	3	1	Go	GW	1	1	0.793	1	0.0	1	0.9428	0.9390213885814701	-0.06404083105956958
osfqan6p1j4elf6478uhi2cc	1	2	136	4	1	Go	GW	1	1	0.45	1	0.0	1	0.961	0.9626066344170741	-0.038572162684830484
osfqan6p1j4elf6478uhi2cc	1	2	138	5	1	Go	GW	1	1	0.606	1	1.0	0	0.9718	0.9728000739061232	-0.02783538687969443
osfqan6p1j4elf6478uhi2cc	1	2	144	6	1	Go	GW	1	1	0.696	1	0.0	1	0.9536	0.9486271053656515	-0.05359721069906129
osfqan6p1j4elf6478uhi2cc	1	2	148	7	1	Go	GW	1	1	0.994	1	1.0	0	0.9676	0.9682379256485563	-0.032619880162039545
osfqan6p1j4elf6478uhi2cc	1	2	151	8	1	Go	GW	1	1	0.598	1	0.0	1	0.9405	0.9405339029130196	-0.06262452920779471
osfqan6p1j4elf6478uhi2cc	1	2	154	9	1	Go	GW	1	1	0.372	1	0.0	1	0.9652	0.9658517669160105	-0.03515304152485606
osfqan6p1j4elf6478uhi2cc	1	2	160	10	1	Go	GW	1	1	0.482	1	0.0	1	0.9751	0.9750215153053429	-0.025544023189504057
osfqan6p1j4elf6478uhi2cc	1	2	162	11	1	Go	GW	1	1	0.469	1	0.0	1	0.981	0.9792800857891225	-0.021134102338382577
osfqan6p1j4elf6478uhi2cc	1	2	165	12	1	Go	GW	1	1	0.451	1	1.0	0	0.9838	0.9815260755056127	-0.01882459392507283
osfqan6p1j4elf6478uhi2cc	1	2	171	13	1	Go	GW	1	1	0.434	1	0.0	1	0.9645	0.962226671286883	-0.039381764932413216
osfqan6p1j4elf6478uhi2cc	1	2	175	14	1	Go	GW	1	1	0.55	1	0.0	1	0.9766	0.9749123010672791	-0.025725780281894785
osfqan6p1j4elf6478uhi2cc	1	2	179	15	1	Go	GW	1	1	0.46	1	0.0	1	0.9798	0.9796570464582097	-0.020773580689979608
osfqan6p1j4elf6478uhi2cc	1	2	181	16	1	Go	GW	1	1	0.484	1	0.0	1	0.9833	0.9819194245485416	-0.01843614431482135
osfqan6p1j4elf6478uhi2cc	1	2	188	17	1	Go	GW	1	1	0.416	1	1.0	0	0.9844	0.9831358073901846	-0.017186956827351194
osfqan6p1j4elf6478uhi2cc	1	2	192	18	1	Go	GW	1	1	0.295	1	0.0	1	0.9653	0.9648393813538533	-0.03669871052979718
osfqan6p1j4elf6478uhi2cc	1	2	195	19	1	Go	GW	1	1	0.347	1	0.0	1	0.971	0.9763454081195138	-0.024264249614845176
osfqan6p1j4elf6478uhi2cc	1	2	199	20	1	Go	GW	1	1	0.369	1	0.0	1	0.9818	0.980526823838529	-0.01989090617820826
osfqan6p1j4elf6478uhi2cc	1	2	203	21	1	Go	GW	1	1	0.398	1	1.0	0	0.9844	0.9824812872291823	-0.017868041960650737
osfqan6p1j4elf6478uhi2cc	1	2	208	22	1	Go	GW	1	1	0.417	1	0.0	1	0.9639	0.963622383643984	-0.038020935719172574
osfqan6p1j4elf6478uhi2cc	1	2	210	23	1	Go	GW	1	1	0.416	1	0.0	1	0.9782	0.975912618767636	-0.02472206348305904
osfqan6p1j4elf6478uhi2cc	1	2	216	24	1	Go	GW	1	1	0.382	1	0.0	1	0.9817	0.9803437293530566	-0.020083367593852625
osfqan6p1j4elf6478uhi2cc	1	2	219	25	1	Go	GW	1	1	0.318	1	0.0	1	0.9819	0.9823985921406944	-0.017955062532532942
osfqan6p1j4elf6478uhi2cc	1	2	224	26	1	Go	GW	1	1	0.385	1	0.0	1	0.9856	0.9834776859349836	-0.016844230888294776
osfqan6p1j4elf6478uhi2cc	1	2	228	27	1	Go	GW	1	1	0.466	1	0.0	1	0.985	0.9840907967553365	-0.016215849150079148
osfqan6p1j4elf6478uhi2cc	1	2	230	28	1	Go	GW	1	1	0.42	1	0.0	1	0.9848	0.9844594411776889	-0.015839337303970743
osfqan6p1j4elf6478uhi2cc	1	2	233	29	1	Go	GW	1	1	0.398	1	0.0	1	0.9852	0.984691041894092	-0.015603485272491377
osfqan6p1j4elf6478uhi2cc	1	2	238	30	1	Go	GW	1	1	0.409	1	1.0	0	0.9857	0.9848418367079186	-0.015450311483156185
osfqan6p1j4elf6478uhi2cc	1	2	123	1	1	No-Go	NGW	0	1	0.662	0	0.0	0	0.6274	0.6203395233419856	-0.49746097266230443
osfqan6p1j4elf6478uhi2cc	1	2	128	2	1	No-Go	NGW	0	1	0.865	0	0.0	0	0.5396	0.5329855746839705	-0.6558597274171165
osfqan6p1j4elf6478uhi2cc	1	2	132	3	1	No-Go	NGW	0	1	0.593	0	0.0	0	0.452	0.4525524127412421	-0.8284590381602053
osfqan6p1j4elf6478uhi2cc	1	2	133	4	1	No-Go	NGW	0	0		1	0.0	1	0.3865	0.6176084070967873	-0.49973462067359065
osfqan6p1j4elf6478uhi2cc	1	2	137	5	1	No-Go	NGW	0	0		1	1.0	0	0.3028	0.6979526370729223	-0.37252282395031067
osfqan6p1j4elf6478uhi2cc	1	2	143	6	1	No-Go	NGW	0	0		1	0.0	1	0.3925	0.6086123609153536	-0.5149813071992991
osfqan6p1j4elf6478uhi2cc	1	2	145	7	1	No-Go	NGW	0	0		1	0.0	1	0.3	0.6910569430568335	-0.3825686275492327
osfqan6p1j4elf6478uhi2cc	1	2	150	8	1	No-Go	NGW	0	0		1	1.0	0	0.2454	0.7553660508716876	-0.2901420261348187
osfqan6p1j4elf6478uhi2cc	1	2	155	9	1	No-Go	NGW	0	0		1	0.0	1	0.3304	0.66918857286423	-0.4155269940576901
osfqan6p1j4elf6478uhi2cc	1	2	157	10	1	No-Go	NGW	0	0		1	0.0	1	0.2636	0.7390614101066679	-0.3122340869963408
osfqan6p1j4elf6478uhi2cc	1	2	164	11	1	No-Go	NGW	0	0		1	1.0	0	0.2122	0.7925174716949421	-0.23974927566889928
osfqan6p1j4elf6478uhi2cc	1	2	167	12	1	No-Go	NGW	0	0		1	0.0	1	0.2898	0.7104617953243545	-0.3528274406699367
osfqan6p1j4elf6478uhi2cc	1	2	169	13	1	No-Go	NGW	0	0		1	0.0	1	0.2233	0.7713959602377334	-0.2672535297819487
osfqan6p1j4elf6478uhi2cc	1	2	173	14	1	No-Go	NGW	0	0		1	0.0	1	0.1836	0.8175116299876161	-0.20707757345515437
osfqan6p1j4elf6478uhi2cc	1	2	177	15	1	No-Go	NGW	0	0		1	0.0	1	0.1463	0.8523539000746265	-0.16384076954779853
osfqan6p1j4elf6478uhi2cc	1	2	183	16	1	No-Go	NGW	0	0		1	0.0	1	0.1198	0.8788272163499092	-0.13217324523503046
osfqan6p1j4elf6478uhi2cc	1	2	186	17	1	No-Go	NGW	0	0		1	0.0	1	0.098	0.8991195469527429	-0.10856981222838158
osfqan6p1j4elf6478uhi2cc	1	2	191	18	1	No-Go	NGW	0	0		1	1.0	0	0.0878	0.9148311144147517	-0.0906924213328959
osfqan6p1j4elf6478uhi2cc	1	2	194	19	1	No-Go	NGW	0	0		1	0.0	1	0.1314	0.8623878797570318	-0.15145581625736468
osfqan6p1j4elf6478uhi2cc	1	2	197	20	1	No-Go	NGW	0	0		1	0.0	1	0.112	0.8874496513781153	-0.12180193489829091
osfqan6p1j4elf6478uhi2cc	1	2	202	21	1	No-Go	NGW	0	0		1	1.0	0	0.0891	0.906370100302541	-0.1000824816354607
osfqan6p1j4elf6478uhi2cc	1	2	206	22	1	No-Go	NGW	0	0		1	0.0	1	0.1467	0.8500476757357177	-0.16692619060130576
osfqan6p1j4elf6478uhi2cc	1	2	209	23	1	No-Go	NGW	0	0		1	0.0	1	0.121	0.8787853955666407	-0.13205448276340545
osfqan6p1j4elf6478uhi2cc	1	2	213	24	1	No-Go	NGW	0	0		1	0.0	1	0.0996	0.9001752853386386	-0.10716064500247284
osfqan6p1j4elf6478uhi2cc	1	2	220	25	1	No-Go	NGW	0	0		1	0.0	1	0.082	0.9163452870361194	-0.08884486848630448
osfqan6p1j4elf6478uhi2cc	1	2	221	26	1	No-Go	NGW	0	0		1	0.0	1	0.0691	0.9287611493287146	-0.07504918027212995
osfqan6p1j4elf6478uhi2cc	1	2	226	27	1	No-Go	NGW	0	0		1	0.0	1	0.0581	0.938433539953691	-0.06445582926382039
osfqan6p1j4elf6478uhi2cc	1	2	232	28	1	No-Go	NGW	0	0		1	0.0	1	0.0539	0.9460686291118582	-0.056187289703340956
osfqan6p1j4elf6478uhi2cc	1	2	235	29	1	No-Go	NGW	0	0		1	1.0	0	0.0463	0.9521678024483925	-0.049641295587277215
osfqan6p1j4elf6478uhi2cc	1	2	237	30	1	No-Go	NGW	0	0		1	0.0	1	0.0867	0.9149823273078859	-0.0910791156826667
osfqan6p1j4elf6478uhi2cc	1	1	3	1	1	Go	GW	1	1	0.529	1	0.0	1	0.6186	0.6203395233419856	-0.49746097266230443
osfqan6p1j4elf6478uhi2cc	1	1	6	2	1	Go	GW	1	1	0.417	1	0.0	1	0.8741	0.8718669672897942	-0.1406258026254531
osfqan6p1j4elf6478uhi2cc	1	1	11	3	1	Go	GW	1	1	0.385	1	0.0	1	0.9412	0.9390213885814701	-0.06404083105956958
osfqan6p1j4elf6478uhi2cc	1	1	16	4	1	Go	GW	1	1	0.393	1	0.0	1	0.9646	0.9626066344170741	-0.038572162684830484
osfqan6p1j4elf6478uhi2cc	1	1	19	5	1	Go	GW	1	1	0.449	1	1.0	0	0.9765	0.9728000739061232	-0.02783538687969443
osfqan6p1j4elf6478uhi2cc	1	1	22	6	1	Go	GW	1	1	0.314	1	0.0	1	0.9526	0.9486271053656515	-0.05359721069906129
osfqan6p1j4elf6478uhi2cc	1	1	25	7	1	Go	GW	1	1	0.302	1	1.0	0	0.9696	0.9682379256485563	-0.032619880162039545
osfqan6p1j4elf6478uhi2cc	1	1	30	8	1	Go	GW	1	1	0.314	1	0.0	1	0.939	0.9405339029130196	-0.06262452920779471
osfqan6p1j4elf6478uhi2cc	1	1	34	9	1	Go	GW	1	1	0.485	1	0.0	1	0.9641	0.9658517669160105	-0.03515304152485606
osfqan6p1j4elf6478uhi2cc	1	1	40	10	1	Go	GW	1	1	0.687	1	0.0	1	0.9742	0.9750215153053429	-0.025544023189504057
osfqan6p1j4elf6478uhi2cc	1	1	42	11	1	Go	GW	1	1	0.709	1	0.0	1	0.9789	0.9792800857891225	-0.021134102338382577
osfqan6p1j4elf6478uhi2cc	1	1	48	12	1	Go	GW	1	1	0.44	1	1.0	0	0.9809	0.9815260755056127	-0.01882459392507283
osfqan6p1j4elf6478uhi2cc	1	1	51	13	1	Go	GW	1	0		0	0.0	0	0.9633	0.037773328713117026	-3.9269379050182756
osfqan6p1j4elf6478uhi2cc	1	1	55	14	1	Go	GW	1	1	0.513	1	0.0	1	0.9746	0.973890397540079	-0.026838452390734277
osfqan6p1j4elf6478uhi2cc	1	1	59	15	1	Go	GW	1	1	0.817	1	0.0	1	0.9839	0.9826169385003001	-0.017685972598563023
osfqan6p1j4elf6478uhi2cc	1	1	62	16	1	Go	GW	1	1	0.457	1	0.0	1	0.9842	0.9859122601501294	-0.014293492265653242
osfqan6p1j4elf6478uhi2cc	1	1	65	17	1	Go	GW	1	1	0.56	1	1.0	0	0.988	0.9874986689038553	-0.012670743509631082
osfqan6p1j4elf6478uhi2cc	1	1	70	18	1	Go	GW	1	0		0	0.0	0	0.9756	0.02568644322109759	-4.4549260758749
osfqan6p1j4elf6478uhi2cc	1	1	74	19	1	Go	GW	1	1	0.498	1	0.0	1	0.9805	0.9814476370324267	-0.01893904462231368
osfqan6p1j4elf6478uhi2cc	1	1	77	20	1	Go	GW	1	1	0.726	1	0.0	1	0.9866	0.9876824042949826	-0.01247869710847636
osfqan6p1j4elf6478uhi2cc	1	1	84	21	1	Go	GW	1	1	0.395	1	1.0	0	0.9901	0.9899907486847483	-0.010118876518824902
osfqan6p1j4elf6478uhi2cc	1	1	88	22	1	Go	GW	1	1	0.337	1	0.0	1	0.9811	0.9797258692733866	-0.020729043666982375
osfqan6p1j4elf6478uhi2cc	1	1	90	23	1	Go	GW	1	1	0.49	1	0.0	1	0.9881	0.9870372340270663	-0.013139742060722662
osfqan6p1j4elf6478uhi2cc	1	1	95	24	1	Go	GW	1	1	0.329	1	0.0	1	0.9897	0.9896879153675698	-0.010427601567823743
osfqan6p1j4elf6478uhi2cc	1	1	98	25	1	Go	GW	1	1	0.519	1	0.0	1	0.9908	0.9909292721687336	-0.009163787973159592
osfqan6p1j4elf6478uhi2cc	1	1	101	26	1	Go	GW	1	1	0.821	1	0.0	1	0.9912	0.9915885317391434	-0.008494558851221625
osfqan6p1j4elf6478uhi2cc	1	1	108	27	1	Go	GW	1	1	0.481	1	0.0	1	0.9913	0.9919674858819666	-0.008110680418814296
osfqan6p1j4elf6478uhi2cc	1	1	111	28	1	Go	GW	1	1	0.593	1	0.0	1	0.9914	0.9921979635392246	-0.00787759807625548
osfqan6p1j4elf6478uhi2cc	1	1	115	29	1	Go	GW	1	1	0.602	1	0.0	1	0.9948	0.9923443606121436	-0.007729755254580473
osfqan6p1j4elf6478uhi2cc	1	1	118	30	1	Go	GW	1	1	0.61	1	1.0	0	0.9921	0.9924406741474033	-0.007632610026368071
osfqan6p1j4elf6478uhi2cc	1	1	2	1	1	No-Go	NGW	0	1	0.497	0	0.0	0	0.6159	0.6203395233419856	-0.49746097266230443
osfqan6p1j4elf6478uhi2cc	1	1	5	2	1	No-Go	NGW	0	1	0.402	0	0.0	0	0.5382	0.5329855746839705	-0.6558597274171165
osfqan6p1j4elf6478uhi2cc	1	1	9	3	1	No-Go	NGW	0	1	0.34	0	0.0	0	0.4511	0.4525524127412421	-0.8284590381602053
osfqan6p1j4elf6478uhi2cc	1	1	15	4	1	No-Go	NGW	0	1	0.639	0	0.0	0	0.3922	0.3823915929032127	-1.0078260785028967
osfqan6p1j4elf6478uhi2cc	1	1	17	5	1	No-Go	NGW	0	1	0.497	0	1.0	1	0.3247	0.323262387402943	-1.1877341889631565
osfqan6p1j4elf6478uhi2cc	1	1	23	6	1	No-Go	NGW	0	1	0.313	0	0.0	0	0.7664	0.7621667597375776	-0.2857801179857549
osfqan6p1j4elf6478uhi2cc	1	1	27	7	1	No-Go	NGW	0	1	0.329	0	0.0	0	0.685	0.6797553100864048	-0.4031373141822976
osfqan6p1j4elf6478uhi2cc	1	1	29	8	1	No-Go	NGW	0	1	0.298	0	1.0	1	0.5905	0.5917300227833795	-0.5447852612087873
osfqan6p1j4elf6478uhi2cc	1	1	36	9	1	No-Go	NGW	0	1	0.305	0	0.0	0	0.8535	0.8519817642979035	-0.16912756018182343
osfqan6p1j4elf6478uhi2cc	1	1	38	10	1	No-Go	NGW	0	0		1	0.0	1	0.775	0.21481352912603924	-1.6910126672286634
osfqan6p1j4elf6478uhi2cc	1	1	43	11	1	No-Go	NGW	0	0		1	1.0	0	0.7168	0.27964750135424454	-1.3909768624791805
osfqan6p1j4elf6478uhi2cc	1	1	46	12	1	No-Go	NGW	0	1	0.461	0	0.0	0	0.7855	0.7911023322252351	-0.24622100003978611
osfqan6p1j4elf6478uhi2cc	1	1	50	13	1	No-Go	NGW	0	1	0.522	0	0.0	0	0.7199	0.7128864900724612	-0.3539032688128145
osfqan6p1j4elf6478uhi2cc	1	1	54	14	1	No-Go	NGW	0	1	0.408	0	0.0	0	0.6238	0.6275785870524878	-0.4857957726462295
osfqan6p1j4elf6478uhi2cc	1	1	57	15	1	No-Go	NGW	0	0		1	0.0	1	0.541	0.4576584501886072	-0.8185289582033151
osfqan6p1j4elf6478uhi2cc	1	1	61	16	1	No-Go	NGW	0	1	0.441	0	0.0	0	0.4509	0.4516097173280501	-0.8358375473126428
osfqan6p1j4elf6478uhi2cc	1	1	68	17	1	No-Go	NGW	0	0		1	0.0	1	0.3731	0.6252273144413658	-0.48869898512442556
osfqan6p1j4elf6478uhi2cc	1	1	71	18	1	No-Go	NGW	0	1	0.454	0	1.0	1	0.2977	0.30292206346131156	-1.2710204710118336
osfqan6p1j4elf6478uhi2cc	1	1	76	19	1	No-Go	NGW	0	0		1	0.0	1	0.6973	0.3059249136576311	-1.3433744283936928
osfqan6p1j4elf6478uhi2cc	1	1	79	20	1	No-Go	NGW	0	1	0.703	0	0.0	0	0.6312	0.6316395789972475	-0.5057143446319259
osfqan6p1j4elf6478uhi2cc	1	1	83	21	1	No-Go	NGW	0	0		1	1.0	0	0.5303	0.4765646257596625	-0.8110707598141701
osfqan6p1j4elf6478uhi2cc	1	1	87	22	1	No-Go	NGW	0	1	0.366	0	0.0	0	0.6347	0.631490054165694	-0.4986337265220927
osfqan6p1j4elf6478uhi2cc	1	1	92	23	1	No-Go	NGW	0	1	0.493	0	0.0	0	0.5345	0.5342764960984214	-0.6732324142753359
osfqan6p1j4elf6478uhi2cc	1	1	96	24	1	No-Go	NGW	0	1	0.609	0	0.0	0	0.4423	0.44312412221578007	-0.8685351495989231
osfqan6p1j4elf6478uhi2cc	1	1	100	25	1	No-Go	NGW	0	0		1	0.0	1	0.3679	0.636320735920773	-0.4737140257275361
osfqan6p1j4elf6478uhi2cc	1	1	103	26	1	No-Go	NGW	0	0		1	0.0	1	0.2958	0.7041893492241362	-0.36697080464744447
osfqan6p1j4elf6478uhi2cc	1	1	105	27	1	No-Go	NGW	0	0		1	0.0	1	0.2339	0.7579956150777895	-0.28924005546751475
osfqan6p1j4elf6478uhi2cc	1	1	112	28	1	No-Go	NGW	0	0		1	0.0	1	0.1952	0.8002445023202818	-0.23189934175689075
osfqan6p1j4elf6478uhi2cc	1	1	116	29	1	No-Go	NGW	0	0		1	1.0	0	0.1603	0.833365951782915	-0.18904550900597575
osfqan6p1j4elf6478uhi2cc	1	1	119	30	1	No-Go	NGW	0	1	0.706	0	0.0	0	0.2442	0.2481781996868815	-1.4928979839790737
osfqan6p1j4elf6478uhi2cc	1	1	4	1	0	No-Go	NGAL	0	1	0.865	0	0.0	0	0.5882	0.5828285921900942	-0.5474441727674105
osfqan6p1j4elf6478uhi2cc	1	1	8	2	0	No-Go	NGAL	0	0		1	0.0	1	0.4885	0.5080650503817443	-0.6867859238387872
osfqan6p1j4elf6478uhi2cc	1	1	12	3	0	No-Go	NGAL	0	0		1	0.0	1	0.41	0.5982278677262799	-0.5218122372291448
osfqan6p1j4elf6478uhi2cc	1	1	13	4	0	No-Go	NGAL	0	0		1	0.0	1	0.328	0.6732572285939684	-0.40256895260366427
osfqan6p1j4elf6478uhi2cc	1	1	20	5	0	No-Go	NGAL	0	1	1.074	0	1.0	1	0.2661	0.26647485867245435	-1.368850472788051
osfqan6p1j4elf6478uhi2cc	1	1	21	6	0	No-Go	NGAL	0	1	0.568	0	0.0	0	0.3495	0.3509856858155682	-1.0693626555859157
osfqan6p1j4elf6478uhi2cc	1	1	28	7	0	No-Go	NGAL	0	1	0.754	0	0.0	0	0.2756	0.27280722025729587	-1.3408439448623632
osfqan6p1j4elf6478uhi2cc	1	1	32	8	0	No-Go	NGAL	0	0		1	0.0	1	0.213	0.7864458688280661	-0.24486386143166572
osfqan6p1j4elf6478uhi2cc	1	1	33	9	0	No-Go	NGAL	0	0		1	1.0	0	0.1806	0.8265553999271015	-0.19407034634764825
osfqan6p1j4elf6478uhi2cc	1	1	37	10	0	No-Go	NGAL	0	0		1	0.0	1	0.1814	0.817957843451002	-0.20454350836568563
osfqan6p1j4elf6478uhi2cc	1	1	41	11	0	No-Go	NGAL	0	0		1	0.0	1	0.1516	0.8508724056066389	-0.1642671348354217
osfqan6p1j4elf6478uhi2cc	1	1	47	12	0	No-Go	NGAL	0	0		1	0.0	1	0.1295	0.8762312693325662	-0.13424123990313874
osfqan6p1j4elf6478uhi2cc	1	1	52	13	0	No-Go	NGAL	0	0		1	0.0	1	0.1019	0.8959117203701424	-0.11152980551890504
osfqan6p1j4elf6478uhi2cc	1	1	56	14	0	No-Go	NGAL	0	0		1	0.0	1	0.0818	0.911315825051102	-0.0941127643578089
osfqan6p1j4elf6478uhi2cc	1	1	60	15	0	No-Go	NGAL	0	0		1	1.0	0	0.0707	0.9234816175504519	-0.08058194907282099
osfqan6p1j4elf6478uhi2cc	1	1	63	16	0	No-Go	NGAL	0	0		1	1.0	0	0.0814	0.918418223991911	-0.08614137772367048
osfqan6p1j4elf6478uhi2cc	1	1	66	17	0	No-Go	NGAL	0	0		1	0.0	1	0.0859	0.9129663797869813	-0.09220747780754614
osfqan6p1j4elf6478uhi2cc	1	1	72	18	0	No-Go	NGAL	0	0		1	0.0	1	0.0753	0.9249656985189773	-0.0789050767716829
osfqan6p1j4elf6478uhi2cc	1	1	73	19	0	No-Go	NGAL	0	0		1	0.0	1	0.07	0.9344798977993469	-0.0684970765444857
osfqan6p1j4elf6478uhi2cc	1	1	78	20	0	No-Go	NGAL	0	0		1	0.0	1	0.061	0.9421025028987867	-0.06024719022668517
osfqan6p1j4elf6478uhi2cc	1	1	82	21	0	No-Go	NGAL	0	0		1	0.0	1	0.0505	0.9482683669819393	-0.053632227094800373
osfqan6p1j4elf6478uhi2cc	1	1	86	22	0	No-Go	NGAL	0	0		1	0.0	1	0.0486	0.9533001703277996	-0.04827308861130558
osfqan6p1j4elf6478uhi2cc	1	1	91	23	0	No-Go	NGAL	0	0		1	0.0	1	0.0428	0.9574401898249773	-0.043890561109589
osfqan6p1j4elf6478uhi2cc	1	1	93	24	0	No-Go	NGAL	0	0		1	1.0	0	0.0368	0.9608723336338754	-0.04027604240185225
osfqan6p1j4elf6478uhi2cc	1	1	97	25	0	No-Go	NGAL	0	0		1	0.0	1	0.0406	0.9577062776456967	-0.043640473346140025
osfqan6p1j4elf6478uhi2cc	1	1	102	26	0	No-Go	NGAL	0	0		1	1.0	0	0.0379	0.9611571362025274	-0.04000029559411441
osfqan6p1j4elf6478uhi2cc	1	1	106	27	0	No-Go	NGAL	0	1	0.869	0	0.0	0	0.0397	0.042086965397989	-3.402923523198064
osfqan6p1j4elf6478uhi2cc	1	1	109	28	0	No-Go	NGAL	0	0		1	0.0	1	0.0354	0.9681142474252956	-0.03269894545346527
osfqan6p1j4elf6478uhi2cc	1	1	113	29	0	No-Go	NGAL	0	0		1	0.0	1	0.0251	0.9707879576930123	-0.029902813591263126
osfqan6p1j4elf6478uhi2cc	1	1	117	30	0	No-Go	NGAL	0	0		1	0.0	1	0.0275	0.972990975966479	-0.027609584853236644
osfqan6p1j4elf6478uhi2cc	1	1	1	1	0	Go	GAL	1	1	0.546	1	0.0	1	0.5869	0.5828285921900942	-0.5474441727674105
osfqan6p1j4elf6478uhi2cc	1	1	7	2	0	Go	GAL	1	0		0	0.0	0	0.6728	0.3321542097967611	-1.1291726829659656
osfqan6p1j4elf6478uhi2cc	1	1	10	3	0	Go	GAL	1	1	0.49	1	1.0	0	0.6746	0.6781096514792434	-0.3946319909085867
osfqan6p1j4elf6478uhi2cc	1	1	14	4	0	Go	GAL	1	0		0	0.0	0	0.5806	0.4150934490047148	-0.8925105595516873
osfqan6p1j4elf6478uhi2cc	1	1	18	5	0	Go	GAL	1	1	1.033	1	0.0	1	0.5902	0.5960114972016951	-0.5238906877546237
osfqan6p1j4elf6478uhi2cc	1	1	24	6	0	Go	GAL	1	0		0	0.0	0	0.6833	0.3191213068268255	-1.1686954542935284
osfqan6p1j4elf6478uhi2cc	1	1	26	7	0	Go	GAL	1	1	0.393	1	0.0	1	0.6953	0.6904127563815772	-0.37612889453385584
osfqan6p1j4elf6478uhi2cc	1	1	31	8	0	Go	GAL	1	0		0	0.0	0	0.7558	0.24451749400098965	-1.4571137615519176
osfqan6p1j4elf6478uhi2cc	1	1	35	9	0	Go	GAL	1	1	0.953	1	0.0	1	0.7624	0.7632282153297668	-0.275010756367409
osfqan6p1j4elf6478uhi2cc	1	1	39	10	0	Go	GAL	1	0		0	1.0	1	0.8088	0.18837194334963378	-1.744599491234349
osfqan6p1j4elf6478uhi2cc	1	1	44	11	0	Go	GAL	1	1	0.879	1	0.0	1	0.7436	0.7480708844321295	-0.29458925905592764
osfqan6p1j4elf6478uhi2cc	1	1	45	12	0	Go	GAL	1	0		0	1.0	1	0.7938	0.2055366185149892	-1.6339055824670894
osfqan6p1j4elf6478uhi2cc	1	1	49	13	0	Go	GAL	1	1	1.017	1	0.0	1	0.7345	0.7338948797632329	-0.3134247584177321
osfqan6p1j4elf6478uhi2cc	1	1	53	14	0	Go	GAL	1	1	0.884	1	0.0	1	0.7767	0.7778996548827544	-0.254365703834968
osfqan6p1j4elf6478uhi2cc	1	1	58	15	0	Go	GAL	1	1	1.058	1	0.0	1	0.8184	0.8128894705732159	-0.20969574052667794
osfqan6p1j4elf6478uhi2cc	1	1	64	16	0	Go	GAL	1	1	0.462	1	0.0	1	0.842	0.8407026557576439	-0.1755317589434825
osfqan6p1j4elf6478uhi2cc	1	1	67	17	0	Go	GAL	1	1	0.758	1	1.0	0	0.8608	0.8628768680660566	-0.14910790849377115
osfqan6p1j4elf6478uhi2cc	1	1	69	18	0	Go	GAL	1	1	0.774	1	0.0	1	0.7761	0.7810264860096103	-0.2510025247864127
osfqan6p1j4elf6478uhi2cc	1	1	75	19	0	Go	GAL	1	1	0.865	1	0.0	1	0.82	0.8167866565701992	-0.20506759848441858
osfqan6p1j4elf6478uhi2cc	1	1	80	20	0	Go	GAL	1	1	0.496	1	0.0	1	0.8449	0.8447440678804516	-0.170795372328579
osfqan6p1j4elf6478uhi2cc	1	1	81	21	0	Go	GAL	1	1	0.68	1	0.0	1	0.8631	0.866728212369036	-0.14471727713842328
osfqan6p1j4elf6478uhi2cc	1	1	85	22	0	Go	GAL	1	1	0.609	1	1.0	0	0.8836	0.884152165783322	-0.12454852479769973
osfqan6p1j4elf6478uhi2cc	1	1	89	23	0	Go	GAL	1	1	0.61	1	0.0	1	0.8071	0.8085085854911028	-0.21822414252336633
osfqan6p1j4elf6478uhi2cc	1	1	94	24	0	Go	GAL	1	1	0.527	1	0.0	1	0.8347	0.839190358427386	-0.178860090387119
osfqan6p1j4elf6478uhi2cc	1	1	99	25	0	Go	GAL	1	1	0.521	1	0.0	1	0.866	0.8630066257890568	-0.14985495905240137
osfqan6p1j4elf6478uhi2cc	1	1	104	26	0	Go	GAL	1	1	0.579	1	0.0	1	0.8855	0.88164560997429	-0.12791795973472425
osfqan6p1j4elf6478uhi2cc	1	1	107	27	0	Go	GAL	1	1	0.505	1	0.0	1	0.8975	0.8963813611565438	-0.11098922170444156
osfqan6p1j4elf6478uhi2cc	1	1	110	28	0	Go	GAL	1	1	0.526	1	0.0	1	0.9071	0.9081526399513487	-0.09770780814298474
osfqan6p1j4elf6478uhi2cc	1	1	114	29	0	Go	GAL	1	1	0.419	1	0.0	1	0.913	0.9176499281600894	-0.08714071291700418
osfqan6p1j4elf6478uhi2cc	1	1	120	30	0	Go	GAL	1	1	0.489	1	1.0	0	0.9292	0.9253843352898479	-0.07863026960747237
osj8m0yvw306t6y74xe9o4qn	1	1	3	1	0	No-Go	NGAL	0	0		1	0.0	1	0.6438	0.361330413961042	-1.043322183470969
osj8m0yvw306t6y74xe9o4qn	1	1	7	2	0	No-Go	NGAL	0	0		1	0.0	1	0.4012	0.5996154269953323	-0.5308295568472782
osj8m0yvw306t6y74xe9o4qn	1	1	12	3	0	No-Go	NGAL	0	0		1	0.0	1	0.2579	0.7394990576506111	-0.31486439305137465
osj8m0yvw306t6y74xe9o4qn	1	1	13	4	0	No-Go	NGAL	0	1	1.275	0	1.0	1	0.181	0.18261168066264086	-1.846416985872405
osj8m0yvw306t6y74xe9o4qn	1	1	19	5	0	No-Go	NGAL	0	0		1	0.0	1	0.3619	0.6362518722826295	-0.46177714059933583
osj8m0yvw306t6y74xe9o4qn	1	1	24	6	0	No-Go	NGAL	0	1	1.171	0	0.0	0	0.285	0.2902109451278387	-1.2859628295126606
osj8m0yvw306t6y74xe9o4qn	1	1	25	7	0	No-Go	NGAL	0	0		1	0.0	1	0.1105	0.8898420583775339	-0.12145371332471544
osj8m0yvw306t6y74xe9o4qn	1	1	30	8	0	No-Go	NGAL	0	0		1	0.0	1	0.0908	0.9137956793582996	-0.09273448708862528
osj8m0yvw306t6y74xe9o4qn	1	1	33	9	0	No-Go	NGAL	0	1	1.155	0	1.0	1	0.0693	0.07074900016170348	-2.892609361115648
osj8m0yvw306t6y74xe9o4qn	1	1	37	10	0	No-Go	NGAL	0	1	0.435	0	0.0	0	0.1794	0.17875320178648102	-1.823591418431048
osj8m0yvw306t6y74xe9o4qn	1	1	43	11	0	No-Go	NGAL	0	0		1	0.0	1	0.0614	0.9359759066870058	-0.06762916159969778
osj8m0yvw306t6y74xe9o4qn	1	1	47	12	0	No-Go	NGAL	0	0		1	1.0	0	0.0554	0.9455810448547778	-0.05685642047016283
osj8m0yvw306t6y74xe9o4qn	1	1	49	13	0	No-Go	NGAL	0	0		1	0.0	1	0.0974	0.9013541207571996	-0.10777535665381903
osj8m0yvw306t6y74xe9o4qn	1	1	55	14	0	No-Go	NGAL	0	0		1	0.0	1	0.0688	0.9324179607965493	-0.07085270900261292
osj8m0yvw306t6y74xe9o4qn	1	1	57	15	0	No-Go	NGAL	0	0		1	0.0	1	0.0567	0.9460960267907765	-0.05597747495614082
osj8m0yvw306t6y74xe9o4qn	1	1	61	16	0	No-Go	NGAL	0	0		1	0.0	1	0.0479	0.9537708841233767	-0.04777701153145021
osj8m0yvw306t6y74xe9o4qn	1	1	66	17	0	No-Go	NGAL	0	0		1	0.0	1	0.0413	0.958594644715785	-0.04267025649969678
osj8m0yvw306t6y74xe9o4qn	1	1	70	18	0	No-Go	NGAL	0	0		1	0.0	1	0.0368	0.9618261302097286	-0.039273117550174146
osj8m0yvw306t6y74xe9o4qn	1	1	75	19	0	No-Go	NGAL	0	0		1	1.0	0	0.0363	0.9640841359947346	-0.036913468465961816
osj8m0yvw306t6y74xe9o4qn	1	1	77	20	0	No-Go	NGAL	0	0		1	0.0	1	0.0768	0.9234165501382611	-0.0845477967133684
osj8m0yvw306t6y74xe9o4qn	1	1	82	21	0	No-Go	NGAL	0	0		1	0.0	1	0.0529	0.947874482062093	-0.054474778945318804
osj8m0yvw306t6y74xe9o4qn	1	1	85	22	0	No-Go	NGAL	0	0		1	0.0	1	0.0431	0.9572563079165899	-0.04422816655809345
osj8m0yvw306t6y74xe9o4qn	1	1	89	23	0	No-Go	NGAL	0	0		1	0.0	1	0.039	0.9620197396604946	-0.03915585697938461
osj8m0yvw306t6y74xe9o4qn	1	1	94	24	0	No-Go	NGAL	0	0		1	0.0	1	0.0369	0.964807821449525	-0.036218928694163925
osj8m0yvw306t6y74xe9o4qn	1	1	99	25	0	No-Go	NGAL	0	0		1	1.0	0	0.0335	0.9665805036483065	-0.034363940100809266
osj8m0yvw306t6y74xe9o4qn	1	1	104	26	0	No-Go	NGAL	0	0		1	0.0	1	0.0727	0.9257712510163488	-0.08253301850416259
osj8m0yvw306t6y74xe9o4qn	1	1	106	27	0	No-Go	NGAL	0	0		1	0.0	1	0.0513	0.9500991957537275	-0.052272084909197866
osj8m0yvw306t6y74xe9o4qn	1	1	109	28	0	No-Go	NGAL	0	0		1	1.0	0	0.042	0.959122133322781	-0.04234890342751155
osj8m0yvw306t6y74xe9o4qn	1	1	116	29	0	No-Go	NGAL	0	0		1	0.0	1	0.0904	0.9104948941027081	-0.10289013677682934
osj8m0yvw306t6y74xe9o4qn	1	1	119	30	0	No-Go	NGAL	0	0		1	0.0	1	0.0605	0.9440352342677992	-0.05909740587316904
osj8m0yvw306t6y74xe9o4qn	1	1	2	1	1	No-Go	NGW	0	0		1	0.0	1	0.7621	0.23866247984431244	-1.5457853664219983
osj8m0yvw306t6y74xe9o4qn	1	1	5	2	1	No-Go	NGW	0	1	1.139	0	0.0	0	0.5469	0.5516774446962287	-0.6182995748642276
osj8m0yvw306t6y74xe9o4qn	1	1	10	3	1	No-Go	NGW	0	1	0.996	0	0.0	0	0.3203	0.32390136421159443	-1.2575197763028212
osj8m0yvw306t6y74xe9o4qn	1	1	14	4	1	No-Go	NGW	0	1	1.026	0	0.0	0	0.2085	0.20573287174382868	-1.8194734030188788
osj8m0yvw306t6y74xe9o4qn	1	1	20	5	1	No-Go	NGW	0	0		1	1.0	0	0.1412	0.8577336938771145	-0.1631038303769595
osj8m0yvw306t6y74xe9o4qn	1	1	23	6	1	No-Go	NGW	0	1	0.596	0	0.0	0	0.3635	0.35660956647791775	-1.0931222352083785
osj8m0yvw306t6y74xe9o4qn	1	1	28	7	1	No-Go	NGW	0	1	0.659	0	0.0	0	0.2921	0.285562260148699	-1.3497676189361119
osj8m0yvw306t6y74xe9o4qn	1	1	32	8	1	No-Go	NGW	0	1	0.755	0	1.0	1	0.2369	0.23976391666818794	-1.568482399485412
osj8m0yvw306t6y74xe9o4qn	1	1	34	9	1	No-Go	NGW	0	1	0.788	0	0.0	0	0.8927	0.8960111364680224	-0.12433338221782032
osj8m0yvw306t6y74xe9o4qn	1	1	38	10	1	No-Go	NGW	0	1	0.547	0	0.0	0	0.7656	0.762557709914128	-0.293382872603433
osj8m0yvw306t6y74xe9o4qn	1	1	42	11	1	No-Go	NGW	0	1	0.884	0	0.0	0	0.5868	0.5870865569133301	-0.5618928787508537
osj8m0yvw306t6y74xe9o4qn	1	1	48	12	1	No-Go	NGW	0	1	0.49	0	0.0	0	0.443	0.4400018011156035	-0.8600035428117158
osj8m0yvw306t6y74xe9o4qn	1	1	51	13	1	No-Go	NGW	0	1	0.788	0	0.0	0	0.331	0.3386027644787778	-1.138474827936876
osj8m0yvw306t6y74xe9o4qn	1	1	54	14	1	No-Go	NGW	0	1	0.628	0	0.0	0	0.2702	0.27289634521096057	-1.3834053143840817
osj8m0yvw306t6y74xe9o4qn	1	1	58	15	1	No-Go	NGW	0	1	0.522	0	1.0	1	0.2328	0.2305905354509037	-1.5959716416895
osj8m0yvw306t6y74xe9o4qn	1	1	63	16	1	No-Go	NGW	0	1	0.499	0	0.0	0	0.8843	0.8849364492804102	-0.14945756164333077
osj8m0yvw306t6y74xe9o4qn	1	1	68	17	1	No-Go	NGW	0	1	0.467	0	1.0	1	0.7581	0.7514849771669847	-0.3248778065790842
osj8m0yvw306t6y74xe9o4qn	1	1	69	18	1	No-Go	NGW	0	1	0.468	0	0.0	0	0.9517	0.9532899494563762	-0.052887501969655706
osj8m0yvw306t6y74xe9o4qn	1	1	73	19	1	No-Go	NGW	0	1	0.467	0	0.0	0	0.8582	0.8606406337139612	-0.1591924668094979
osj8m0yvw306t6y74xe9o4qn	1	1	80	20	1	No-Go	NGW	0	1	0.628	0	0.0	0	0.6932	0.7003047800593837	-0.37634228738501596
osj8m0yvw306t6y74xe9o4qn	1	1	84	21	1	No-Go	NGW	0	0		1	0.0	1	0.547	0.46062546245315117	-0.8331580523977393
osj8m0yvw306t6y74xe9o4qn	1	1	86	22	1	No-Go	NGW	0	0		1	0.0	1	0.299	0.6999986069738648	-0.41104186761061245
osj8m0yvw306t6y74xe9o4qn	1	1	90	23	1	No-Go	NGW	0	0		1	1.0	0	0.1951	0.8120416365961404	-0.23876144197269122
osj8m0yvw306t6y74xe9o4qn	1	1	93	24	1	No-Go	NGW	0	0		1	0.0	1	0.4441	0.5532543906758101	-0.6302549088602558
osj8m0yvw306t6y74xe9o4qn	1	1	100	25	1	No-Go	NGW	0	0		1	0.0	1	0.2431	0.7546556736095633	-0.31390463326919193
osj8m0yvw306t6y74xe9o4qn	1	1	102	26	1	No-Go	NGW	0	0		1	0.0	1	0.1588	0.8444456380113384	-0.1876065170681682
osj8m0yvw306t6y74xe9o4qn	1	1	105	27	1	No-Go	NGW	0	0		1	1.0	0	0.1093	0.8919066801642428	-0.12444258103219467
osj8m0yvw306t6y74xe9o4qn	1	1	111	28	1	No-Go	NGW	0	1	0.579	0	0.0	0	0.3295	0.33189722276565836	-1.1776094085823043
osj8m0yvw306t6y74xe9o4qn	1	1	114	29	1	No-Go	NGW	0	0		1	0.0	1	0.2275	0.7687220609868802	-0.2746966176176455
osj8m0yvw306t6y74xe9o4qn	1	1	118	30	1	No-Go	NGW	0	0		1	0.0	1	0.1169	0.884229419165133	-0.12802534425587378
osj8m0yvw306t6y74xe9o4qn	1	1	4	1	1	Go	GW	1	1	1.073	1	0.0	1	0.7555	0.7613375201556876	-0.2849365676324981
osj8m0yvw306t6y74xe9o4qn	1	1	6	2	1	Go	GW	1	1	0.93	1	0.0	1	0.9597	0.9601212598362643	-0.041572447255708744
osj8m0yvw306t6y74xe9o4qn	1	1	11	3	1	Go	GW	1	1	0.676	1	1.0	0	0.9825	0.9826471739662794	-0.017649294686329465
osj8m0yvw306t6y74xe9o4qn	1	1	16	4	1	Go	GW	1	0		0	0.0	0	0.9022	0.09830898490517362	-2.7035083271059266
osj8m0yvw306t6y74xe9o4qn	1	1	18	5	1	Go	GW	1	0		0	0.0	0	0.9583	0.03690944993212905	-3.5837045714874662
osj8m0yvw306t6y74xe9o4qn	1	1	21	6	1	Go	GW	1	1	0.585	1	0.0	1	0.9788	0.9802292748378971	-0.0201178618493432
osj8m0yvw306t6y74xe9o4qn	1	1	26	7	1	Go	GW	1	1	0.555	1	1.0	0	0.9959	0.9951032852392553	-0.004928666726672584
osj8m0yvw306t6y74xe9o4qn	1	1	31	8	1	Go	GW	1	1	0.667	1	0.0	1	0.9773	0.9767503305480489	-0.02373052590109388
osj8m0yvw306t6y74xe9o4qn	1	1	35	9	1	Go	GW	1	1	0.467	1	0.0	1	0.9955	0.9950318468431751	-0.004997740242742224
osj8m0yvw306t6y74xe9o4qn	1	1	39	10	1	Go	GW	1	1	0.628	1	0.0	1	0.996	0.9972442726493942	-0.002765456445903045
osj8m0yvw306t6y74xe9o4qn	1	1	41	11	1	Go	GW	1	1	0.696	1	0.0	1	0.9979	0.9978982068731855	-0.0021074147745404614
osj8m0yvw306t6y74xe9o4qn	1	1	45	12	1	Go	GW	1	1	0.707	1	0.0	1	0.999	0.9981557650069522	-0.0018486220275468227
osj8m0yvw306t6y74xe9o4qn	1	1	50	13	1	Go	GW	1	1	0.616	1	1.0	0	0.9988	0.9982741468614166	-0.001729788712325062
osj8m0yvw306t6y74xe9o4qn	1	1	53	14	1	Go	GW	1	1	0.505	1	0.0	1	0.9858	0.9873584833655535	-0.01284039609543741
osj8m0yvw306t6y74xe9o4qn	1	1	60	15	1	Go	GW	1	1	0.626	1	0.0	1	0.997	0.9967633416660893	-0.0032486959025148335
osj8m0yvw306t6y74xe9o4qn	1	1	64	16	1	Go	GW	1	1	0.483	1	0.0	1	0.9981	0.9978531571145842	-0.002152609467087645
osj8m0yvw306t6y74xe9o4qn	1	1	67	17	1	Go	GW	1	1	0.496	1	0.0	1	0.9981	0.9981718683425536	-0.0018325116673197609
osj8m0yvw306t6y74xe9o4qn	1	1	71	18	1	Go	GW	1	1	0.459	1	1.0	0	0.9986	0.9982960521831925	-0.0017078689147058891
osj8m0yvw306t6y74xe9o4qn	1	1	76	19	1	Go	GW	1	1	0.377	1	0.0	1	0.9896	0.9873388947301671	-0.01286295013409096
osj8m0yvw306t6y74xe9o4qn	1	1	78	20	1	Go	GW	1	1	0.327	1	0.0	1	0.9959	0.9967957846814712	-0.0032162462138319147
osj8m0yvw306t6y74xe9o4qn	1	1	83	21	1	Go	GW	1	1	0.73	1	0.0	1	0.9976	0.9978752944630134	-0.00213043978150177
osj8m0yvw306t6y74xe9o4qn	1	1	88	22	1	Go	GW	1	1	0.531	1	0.0	1	0.9984	0.9981861259610769	-0.0018182378628703796
osj8m0yvw306t6y74xe9o4qn	1	1	91	23	1	Go	GW	1	1	0.497	1	1.0	0	0.9985	0.9983054389336831	-0.0016984748835935273
osj8m0yvw306t6y74xe9o4qn	1	1	96	24	1	Go	GW	1	1	0.627	1	0.0	1	0.9862	0.9873574243785833	-0.012844602724360476
osj8m0yvw306t6y74xe9o4qn	1	1	98	25	1	Go	GW	1	1	0.547	1	0.0	1	0.9966	0.9968070182143889	-0.0032050039816782666
osj8m0yvw306t6y74xe9o4qn	1	1	101	26	1	Go	GW	1	1	0.609	1	0.0	1	0.9978	0.9978821918651849	-0.0021235359230298593
osj8m0yvw306t6y74xe9o4qn	1	1	107	27	1	Go	GW	1	1	0.647	1	0.0	1	0.9977	0.9981905753782448	-0.0018137856205924772
osj8m0yvw306t6y74xe9o4qn	1	1	112	28	1	Go	GW	1	1	0.259	1	1.0	0	0.9987	0.9983084317705833	-0.0016954809985705059
osj8m0yvw306t6y74xe9o4qn	1	1	113	29	1	Go	GW	1	1	0.676	1	0.0	1	0.9873	0.98736366733598	-0.012838409651514155
osj8m0yvw306t6y74xe9o4qn	1	1	117	30	1	Go	GW	1	1	0.553	1	0.0	1	0.9961	0.9968107139868077	-0.0032013074549261493
osj8m0yvw306t6y74xe9o4qn	1	1	1	1	0	Go	GAL	1	1	0.763	1	0.0	1	0.6458	0.638669586038958	-0.45640344022620166
osj8m0yvw306t6y74xe9o4qn	1	1	8	2	0	Go	GAL	1	0		0	0.0	0	0.8117	0.1821272086617225	-1.862002218368393
osj8m0yvw306t6y74xe9o4qn	1	1	9	3	0	Go	GAL	1	1	0.577	1	0.0	1	0.8519	0.8521154774460236	-0.16901336749184065
osj8m0yvw306t6y74xe9o4qn	1	1	15	4	0	Go	GAL	1	1	0.676	1	1.0	0	0.9079	0.9121300669781913	-0.09658223180813154
osj8m0yvw306t6y74xe9o4qn	1	1	17	5	0	Go	GAL	1	1	0.922	1	0.0	1	0.7369	0.7405377006212982	-0.3050807158932617
osj8m0yvw306t6y74xe9o4qn	1	1	22	6	0	Go	GAL	1	1	0.5	1	0.0	1	0.875	0.8755026023822836	-0.1372713985670324
osj8m0yvw306t6y74xe9o4qn	1	1	27	7	0	Go	GAL	1	1	0.913	1	0.0	1	0.9312	0.9260212744085998	-0.07935355396342328
osj8m0yvw306t6y74xe9o4qn	1	1	29	8	0	Go	GAL	1	1	0.788	1	0.0	1	0.9545	0.9503823442424677	-0.0522210823349882
osj8m0yvw306t6y74xe9o4qn	1	1	36	9	0	Go	GAL	1	1	0.707	1	0.0	1	0.9663	0.9638470072644177	-0.03754162022765245
osj8m0yvw306t6y74xe9o4qn	1	1	40	10	0	Go	GAL	1	0		0	1.0	1	0.9737	0.028061013527183792	-3.98428378278971
osj8m0yvw306t6y74xe9o4qn	1	1	44	11	0	Go	GAL	1	1	0.665	1	0.0	1	0.9354	0.9281376797416818	-0.07541575562704218
osj8m0yvw306t6y74xe9o4qn	1	1	46	12	0	Go	GAL	1	1	0.562	1	1.0	0	0.9417	0.9390217283100668	-0.06362776608084916
osj8m0yvw306t6y74xe9o4qn	1	1	52	13	0	Go	GAL	1	0		0	0.0	0	0.695	0.30112371136044486	-1.5394210729526305
osj8m0yvw306t6y74xe9o4qn	1	1	56	14	0	Go	GAL	1	1	0.619	1	0.0	1	0.7915	0.784431181840788	-0.2644812690028194
osj8m0yvw306t6y74xe9o4qn	1	1	59	15	0	Go	GAL	1	1	0.801	1	0.0	1	0.8904	0.8901706821923433	-0.11834209527216676
osj8m0yvw306t6y74xe9o4qn	1	1	62	16	0	Go	GAL	1	1	0.633	1	1.0	0	0.9289	0.9290974907134881	-0.07442402384460813
osj8m0yvw306t6y74xe9o4qn	1	1	65	17	0	Go	GAL	1	0		0	0.0	0	0.7179	0.2885635393753313	-1.486989340916429
osj8m0yvw306t6y74xe9o4qn	1	1	72	18	0	Go	GAL	1	1	0.739	1	0.0	1	0.775	0.776997353876126	-0.2698163132610678
osj8m0yvw306t6y74xe9o4qn	1	1	74	19	0	Go	GAL	1	1	0.596	1	0.0	1	0.89	0.8920371063403083	-0.11732333478240604
osj8m0yvw306t6y74xe9o4qn	1	1	79	20	0	Go	GAL	1	1	0.723	1	0.0	1	0.9303	0.9335536122608912	-0.07010289841480377
osj8m0yvw306t6y74xe9o4qn	1	1	81	21	0	Go	GAL	1	1	0.772	1	0.0	1	0.9547	0.9530543090102465	-0.04881991411771048
osj8m0yvw306t6y74xe9o4qn	1	1	87	22	0	Go	GAL	1	1	0.614	1	0.0	1	0.9598	0.9637323624677491	-0.03739995855887071
osj8m0yvw306t6y74xe9o4qn	1	1	92	23	0	Go	GAL	1	1	0.738	1	1.0	0	0.969	0.9701576339023593	-0.030612933060617912
osj8m0yvw306t6y74xe9o4qn	1	1	95	24	0	Go	GAL	1	1	0.626	1	0.0	1	0.8467	0.8424717993338563	-0.18233337462282015
osj8m0yvw306t6y74xe9o4qn	1	1	97	25	0	Go	GAL	1	1	0.691	1	0.0	1	0.9207	0.9207554639085108	-0.08447847200377898
osj8m0yvw306t6y74xe9o4qn	1	1	103	26	0	Go	GAL	1	1	0.554	1	0.0	1	0.9467	0.9486852198238205	-0.05355322696260731
osj8m0yvw306t6y74xe9o4qn	1	1	108	27	0	Go	GAL	1	1	0.739	1	0.0	1	0.96	0.9620438616280166	-0.03920723309359981
osj8m0yvw306t6y74xe9o4qn	1	1	110	28	0	Go	GAL	1	1	0.569	1	1.0	0	0.9706	0.9694963556053176	-0.03132247330849238
osj8m0yvw306t6y74xe9o4qn	1	1	115	29	0	Go	GAL	1	1	0.427	1	0.0	1	0.8323	0.8384733416591198	-0.18861765685364212
osj8m0yvw306t6y74xe9o4qn	1	1	120	30	0	Go	GAL	1	1	0.609	1	0.0	1	0.9144	0.919943489587311	-0.08559514876970958
osj8m0yvw306t6y74xe9o4qn	1	2	123	1	0	No-Go	NGAL	0	1	0.947	0	0.0	0	0.6425	0.638669586038958	-0.45640344022620166
osj8m0yvw306t6y74xe9o4qn	1	2	128	2	0	No-Go	NGAL	0	0		1	0.0	1	0.3939	0.5996154269953324	-0.530829556847278
osj8m0yvw306t6y74xe9o4qn	1	2	130	3	0	No-Go	NGAL	0	0		1	0.0	1	0.2188	0.7849336601178258	-0.259247723325069
osj8m0yvw306t6y74xe9o4qn	1	2	134	4	0	No-Go	NGAL	0	0		1	1.0	0	0.1319	0.8684020913550711	-0.1503527106548568
osj8m0yvw306t6y74xe9o4qn	1	2	139	5	0	No-Go	NGAL	0	0		1	0.0	1	0.1849	0.8156316284409588	-0.21122293895909153
osj8m0yvw306t6y74xe9o4qn	1	2	142	6	0	No-Go	NGAL	0	0		1	0.0	1	0.1104	0.890946518509421	-0.12018575815824806
osj8m0yvw306t6y74xe9o4qn	1	2	148	7	0	No-Go	NGAL	0	0		1	0.0	1	0.0734	0.9257339509710939	-0.07985657590768366
osj8m0yvw306t6y74xe9o4qn	1	2	151	8	0	No-Go	NGAL	0	0		1	0.0	1	0.0548	0.9449756224624254	-0.05810272589063831
osj8m0yvw306t6y74xe9o4qn	1	2	153	9	0	No-Go	NGAL	0	0		1	1.0	0	0.0452	0.9566458066258712	-0.04519158694098372
osj8m0yvw306t6y74xe9o4qn	1	2	160	10	0	No-Go	NGAL	0	0		1	0.0	1	0.0775	0.9251502760539564	-0.07987022231333384
osj8m0yvw306t6y74xe9o4qn	1	2	162	11	0	No-Go	NGAL	0	0		1	0.0	1	0.0493	0.9507822334312168	-0.05110448384352045
osj8m0yvw306t6y74xe9o4qn	1	2	168	12	0	No-Go	NGAL	0	0		1	1.0	0	0.0349	0.962071799244398	-0.039067809390340394
osj8m0yvw306t6y74xe9o4qn	1	2	172	13	0	No-Go	NGAL	0	0		1	0.0	1	0.0706	0.9279150034679562	-0.07788897275442934
osj8m0yvw306t6y74xe9o4qn	1	2	176	14	0	No-Go	NGAL	0	0		1	0.0	1	0.0451	0.9550553374093058	-0.046509420045075474
osj8m0yvw306t6y74xe9o4qn	1	2	178	15	0	No-Go	NGAL	0	0		1	0.0	1	0.0322	0.9656133502830491	-0.03528663733492311
osj8m0yvw306t6y74xe9o4qn	1	2	184	16	0	No-Go	NGAL	0	0		1	0.0	1	0.0293	0.9711729303110053	-0.029468133375314693
osj8m0yvw306t6y74xe9o4qn	1	2	187	17	0	No-Go	NGAL	0	0		1	0.0	1	0.0278	0.9745392849688178	-0.025969562633758887
osj8m0yvw306t6y74xe9o4qn	1	2	190	18	0	No-Go	NGAL	0	0		1	0.0	1	0.0235	0.9767406404768004	-0.02369269981775801
osj8m0yvw306t6y74xe9o4qn	1	2	194	19	0	No-Go	NGAL	0	0		1	1.0	0	0.0205	0.9782532540405504	-0.022134268247682845
osj8m0yvw306t6y74xe9o4qn	1	2	200	20	0	No-Go	NGAL	0	0		1	0.0	1	0.0495	0.9526011031907001	-0.05054181127433731
osj8m0yvw306t6y74xe9o4qn	1	2	202	21	0	No-Go	NGAL	0	0		1	0.0	1	0.0317	0.968481129463897	-0.032408078950191384
osj8m0yvw306t6y74xe9o4qn	1	2	205	22	0	No-Go	NGAL	0	0		1	0.0	1	0.027	0.9742970015159299	-0.026263744519926222
osj8m0yvw306t6y74xe9o4qn	1	2	209	23	0	No-Go	NGAL	0	0		1	0.0	1	0.0233	0.9772234418892889	-0.02321990350762462
osj8m0yvw306t6y74xe9o4qn	1	2	213	24	0	No-Go	NGAL	0	0		1	0.0	1	0.0221	0.978932902945448	-0.021453570281837676
osj8m0yvw306t6y74xe9o4qn	1	2	220	25	0	No-Go	NGAL	0	0		1	1.0	0	0.0198	0.9800202233489878	-0.020334602469654562
osj8m0yvw306t6y74xe9o4qn	1	2	222	26	0	No-Go	NGAL	0	0		1	0.0	1	0.0483	0.9544814434934984	-0.04873835716682666
osj8m0yvw306t6y74xe9o4qn	1	2	225	27	0	No-Go	NGAL	0	0		1	0.0	1	0.0303	0.9700862797382717	-0.030791572145135046
osj8m0yvw306t6y74xe9o4qn	1	2	232	28	0	No-Go	NGAL	0	0		1	1.0	0	0.0241	0.9755852634962594	-0.024960313801543618
osj8m0yvw306t6y74xe9o4qn	1	2	234	29	0	No-Go	NGAL	0	0		1	0.0	1	0.0554	0.9445250666350125	-0.06069868198215377
osj8m0yvw306t6y74xe9o4qn	1	2	240	30	0	No-Go	NGAL	0	0		1	0.0	1	0.0314	0.9664100736522738	-0.03474366720214898
osj8m0yvw306t6y74xe9o4qn	1	2	121	1	1	Go	GW	1	1	0.6	1	0.0	1	0.7535	0.7613375201556876	-0.2849365676324981
osj8m0yvw306t6y74xe9o4qn	1	2	126	2	1	Go	GW	1	1	1.003	1	0.0	1	0.9613	0.9601212598362643	-0.041572447255708744
osj8m0yvw306t6y74xe9o4qn	1	2	131	3	1	Go	GW	1	1	0.634	1	1.0	0	0.9843	0.9826471739662794	-0.017649294686329465
osj8m0yvw306t6y74xe9o4qn	1	2	135	4	1	Go	GW	1	1	0.681	1	0.0	1	0.9012	0.9016910150948264	-0.1089081478628
osj8m0yvw306t6y74xe9o4qn	1	2	138	5	1	Go	GW	1	1	0.723	1	0.0	1	0.9757	0.9779899950839969	-0.02242813206627583
osj8m0yvw306t6y74xe9o4qn	1	2	144	6	1	Go	GW	1	1	0.564	1	0.0	1	0.9858	0.9873345377186111	-0.012809281384249194
osj8m0yvw306t6y74xe9o4qn	1	2	145	7	1	Go	GW	1	1	0.58	1	1.0	0	0.9902	0.9899675663590466	-0.010127614193082217
osj8m0yvw306t6y74xe9o4qn	1	2	149	8	1	Go	GW	1	1	0.446	1	0.0	1	0.9216	0.922513112781614	-0.08647311442568638
osj8m0yvw306t6y74xe9o4qn	1	2	154	9	1	Go	GW	1	1	0.404	1	0.0	1	0.9821	0.9821492747015153	-0.01815444931582514
osj8m0yvw306t6y74xe9o4qn	1	2	159	10	1	Go	GW	1	1	0.379	1	0.0	1	0.988	0.9887807334427207	-0.011340893442103345
osj8m0yvw306t6y74xe9o4qn	1	2	161	11	1	Go	GW	1	1	0.683	1	0.0	1	0.9891	0.9905973561222942	-0.009491991468060056
osj8m0yvw306t6y74xe9o4qn	1	2	166	12	1	Go	GW	1	1	0.513	1	0.0	1	0.9912	0.9912682886415247	-0.008811880295445893
osj8m0yvw306t6y74xe9o4qn	1	2	171	13	1	Go	GW	1	1	0.537	1	1.0	0	0.9911	0.9915591588801855	-0.008517825368760248
osj8m0yvw306t6y74xe9o4qn	1	2	175	14	1	Go	GW	1	1	0.458	1	0.0	1	0.9312	0.9281541466676583	-0.08038063104803896
osj8m0yvw306t6y74xe9o4qn	1	2	179	15	1	Go	GW	1	1	0.503	1	0.0	1	0.9848	0.9834229212384167	-0.016856737536112058
osj8m0yvw306t6y74xe9o4qn	1	2	181	16	1	Go	GW	1	1	0.465	1	0.0	1	0.989	0.9892873871090947	-0.01082920786436824
osj8m0yvw306t6y74xe9o4qn	1	2	185	17	1	Go	GW	1	1	0.487	1	0.0	1	0.9919	0.99084602700783	-0.00924185849085783
osj8m0yvw306t6y74xe9o4qn	1	2	189	18	1	Go	GW	1	1	0.497	1	1.0	0	0.9896	0.9914048519354881	-0.008674848122095135
osj8m0yvw306t6y74xe9o4qn	1	2	196	19	1	Go	GW	1	1	0.528	1	0.0	1	0.9239	0.9273535277924193	-0.08129348145932941
osj8m0yvw306t6y74xe9o4qn	1	2	197	20	1	Go	GW	1	1	0.659	1	0.0	1	0.9819	0.9833215069374815	-0.01696276320614567
osj8m0yvw306t6y74xe9o4qn	1	2	201	21	1	Go	GW	1	1	0.569	1	0.0	1	0.9897	0.9892659354670493	-0.010851532961647323
osj8m0yvw306t6y74xe9o4qn	1	2	207	22	1	Go	GW	1	1	0.451	1	0.0	1	0.9908	0.9908420546214689	-0.009246119897569635
osj8m0yvw306t6y74xe9o4qn	1	2	212	23	1	Go	GW	1	1	0.771	1	1.0	0	0.9922	0.9914056332051425	-0.008674195062677656
osj8m0yvw306t6y74xe9o4qn	1	2	216	24	1	Go	GW	1	1	0.532	1	0.0	1	0.9265	0.9273397536101705	-0.08131012763942305
osj8m0yvw306t6y74xe9o4qn	1	2	218	25	1	Go	GW	1	1	0.633	1	0.0	1	0.9857	0.983324677684426	-0.016959900276609693
osj8m0yvw306t6y74xe9o4qn	1	2	223	26	1	Go	GW	1	1	0.517	1	0.0	1	0.9898	0.9892699332992133	-0.010847617310681453
osj8m0yvw306t6y74xe9o4qn	1	2	226	27	1	Go	GW	1	1	0.47	1	0.0	1	0.99	0.9908452922300712	-0.009242919137409152
osj8m0yvw306t6y74xe9o4qn	1	2	231	28	1	Go	GW	1	1	0.507	1	1.0	0	0.9908	0.9914080946380667	-0.008671755229458858
osj8m0yvw306t6y74xe9o4qn	1	2	236	29	1	Go	GW	1	1	0.483	1	0.0	1	0.9272	0.9273438428832338	-0.08130652415144984
osj8m0yvw306t6y74xe9o4qn	1	2	239	30	1	Go	GW	1	1	0.531	1	0.0	1	0.9843	0.9833279351906942	-0.016956700616346198
osj8m0yvw306t6y74xe9o4qn	1	2	124	1	0	Go	GAL	1	1	0.916	1	0.0	1	0.6357	0.638669586038958	-0.45640344022620166
osj8m0yvw306t6y74xe9o4qn	1	2	127	2	0	Go	GAL	1	0		0	0.0	0	0.8119	0.1821272086617225	-1.862002218368393
osj8m0yvw306t6y74xe9o4qn	1	2	129	3	0	Go	GAL	1	1	0.657	1	0.0	1	0.8499	0.8521154774460236	-0.16901336749184065
osj8m0yvw306t6y74xe9o4qn	1	2	133	4	0	Go	GAL	1	1	0.682	1	1.0	0	0.9118	0.9121300669781913	-0.09658223180813154
osj8m0yvw306t6y74xe9o4qn	1	2	140	5	0	Go	GAL	1	1	0.282	1	0.0	1	0.741	0.7405377006212982	-0.3050807158932617
osj8m0yvw306t6y74xe9o4qn	1	2	143	6	0	Go	GAL	1	1	0.561	1	0.0	1	0.8734	0.8755026023822836	-0.1372713985670324
osj8m0yvw306t6y74xe9o4qn	1	2	146	7	0	Go	GAL	1	1	0.548	1	0.0	1	0.9254	0.9260212744085998	-0.07935355396342328
osj8m0yvw306t6y74xe9o4qn	1	2	150	8	0	Go	GAL	1	1	0.707	1	0.0	1	0.9505	0.9503823442424677	-0.0522210823349882
osj8m0yvw306t6y74xe9o4qn	1	2	156	9	0	Go	GAL	1	1	0.585	1	0.0	1	0.9657	0.9638470072644177	-0.03754162022765245
osj8m0yvw306t6y74xe9o4qn	1	2	157	10	0	Go	GAL	1	1	0.579	1	1.0	0	0.9733	0.9719389864728162	-0.028865685143122977
osj8m0yvw306t6y74xe9o4qn	1	2	163	11	0	Go	GAL	1	1	0.539	1	0.0	1	0.8635	0.8665363790988294	-0.14731418982989009
osj8m0yvw306t6y74xe9o4qn	1	2	167	12	0	Go	GAL	1	1	0.962	1	1.0	0	0.9358	0.9352788719594252	-0.06752414094553043
osj8m0yvw306t6y74xe9o4qn	1	2	169	13	0	Go	GAL	1	1	0.724	1	0.0	1	0.767	0.7677757902700042	-0.27711920287303327
osj8m0yvw306t6y74xe9o4qn	1	2	173	14	0	Go	GAL	1	1	0.682	1	0.0	1	0.9001	0.9007247295840086	-0.10575832752718543
osj8m0yvw306t6y74xe9o4qn	1	2	180	15	0	Go	GAL	1	1	0.58	1	0.0	1	0.9449	0.9430876710275848	-0.05926126400770029
osj8m0yvw306t6y74xe9o4qn	1	2	183	16	0	Go	GAL	1	1	0.379	1	1.0	0	0.96	0.9616563585182168	-0.03948406112408521
osj8m0yvw306t6y74xe9o4qn	1	2	186	17	0	Go	GAL	1	1	0.563	1	0.0	1	0.8336	0.8325745300488474	-0.1887775035242996
osj8m0yvw306t6y74xe9o4qn	1	2	192	18	0	Go	GAL	1	1	0.705	1	0.0	1	0.9245	0.923038601451115	-0.08090434915268402
osj8m0yvw306t6y74xe9o4qn	1	2	193	19	0	Go	GAL	1	1	0.883	1	0.0	1	0.956	0.9533451132022023	-0.048229529791336816
osj8m0yvw306t6y74xe9o4qn	1	2	199	20	0	Go	GAL	1	1	0.651	1	0.0	1	0.9679	0.967288980554801	-0.033525364584739474
osj8m0yvw306t6y74xe9o4qn	1	2	203	21	0	Go	GAL	1	1	0.842	1	0.0	1	0.9705	0.9748611151957765	-0.0256292040586993
osj8m0yvw306t6y74xe9o4qn	1	2	206	22	0	Go	GAL	1	1	0.62	1	0.0	1	0.9787	0.9793976630062694	-0.020932806815336536
osj8m0yvw306t6y74xe9o4qn	1	2	211	23	0	Go	GAL	1	1	0.601	1	1.0	0	0.9826	0.9822994427992682	-0.017944524376725567
osj8m0yvw306t6y74xe9o4qn	1	2	215	24	0	Go	GAL	1	1	0.719	1	0.0	1	0.8881	0.8909375815503532	-0.12091860302411214
osj8m0yvw306t6y74xe9o4qn	1	2	219	25	0	Go	GAL	1	1	0.804	1	0.0	1	0.9511	0.9488683251079663	-0.052989253142099964
osj8m0yvw306t6y74xe9o4qn	1	2	224	26	0	Go	GAL	1	1	0.723	1	0.0	1	0.9695	0.9672532266863193	-0.033526705578141455
osj8m0yvw306t6y74xe9o4qn	1	2	228	27	0	Go	GAL	1	1	0.761	1	0.0	1	0.9755	0.9756850371930128	-0.024760071017311196
osj8m0yvw306t6y74xe9o4qn	1	2	229	28	0	Go	GAL	1	1	0.596	1	1.0	0	0.978	0.980307558511985	-0.01999126841231312
osj8m0yvw306t6y74xe9o4qn	1	2	235	29	0	Go	GAL	1	1	0.585	1	0.0	1	0.8756	0.8818735813220226	-0.13204529451479807
osj8m0yvw306t6y74xe9o4qn	1	2	238	30	0	Go	GAL	1	1	0.587	1	0.0	1	0.9447	0.9459910979099383	-0.05614371588902396
osj8m0yvw306t6y74xe9o4qn	1	2	122	1	1	No-Go	NGW	0	1	0.562	0	0.0	0	0.7624	0.7613375201556876	-0.2849365676324981
osj8m0yvw306t6y74xe9o4qn	1	2	125	2	1	No-Go	NGW	0	0		1	0.0	1	0.5471	0.44832255530377135	-0.8383120574651418
osj8m0yvw306t6y74xe9o4qn	1	2	132	3	1	No-Go	NGW	0	0		1	0.0	1	0.3287	0.6760986357884055	-0.42150390256680537
osj8m0yvw306t6y74xe9o4qn	1	2	136	4	1	No-Go	NGW	0	0		1	0.0	1	0.207	0.7942671282561712	-0.2482572057737592
osj8m0yvw306t6y74xe9o4qn	1	2	137	5	1	No-Go	NGW	0	0		1	1.0	0	0.1411	0.8577336938771145	-0.1631038303769595
osj8m0yvw306t6y74xe9o4qn	1	2	141	6	1	No-Go	NGW	0	0		1	0.0	1	0.4393	0.5672701021564567	-0.6065975572427338
osj8m0yvw306t6y74xe9o4qn	1	2	147	7	1	No-Go	NGW	0	0		1	0.0	1	0.2404	0.7596414606261835	-0.2839177513899822
osj8m0yvw306t6y74xe9o4qn	1	2	152	8	1	No-Go	NGW	0	0		1	1.0	0	0.1499	0.8471832153988255	-0.17151178330185762
osj8m0yvw306t6y74xe9o4qn	1	2	155	9	1	No-Go	NGW	0	0		1	0.0	1	0.4464	0.5489103442469172	-0.6590525866797944
osj8m0yvw306t6y74xe9o4qn	1	2	158	10	1	No-Go	NGW	0	0		1	0.0	1	0.2455	0.7539894384580883	-0.29011149877132403
osj8m0yvw306t6y74xe9o4qn	1	2	164	11	1	No-Go	NGW	0	0		1	0.0	1	0.1588	0.8470028128571213	-0.1704232619372146
osj8m0yvw306t6y74xe9o4qn	1	2	165	12	1	No-Go	NGW	0	0		1	0.0	1	0.1091	0.8927048362632147	-0.11607307079856995
osj8m0yvw306t6y74xe9o4qn	1	2	170	13	1	No-Go	NGW	0	0		1	0.0	1	0.0826	0.9180445844055374	-0.08706815041147031
osj8m0yvw306t6y74xe9o4qn	1	2	174	14	1	No-Go	NGW	0	0		1	0.0	1	0.0613	0.9333160204621267	-0.0700291624944442
osj8m0yvw306t6y74xe9o4qn	1	2	177	15	1	No-Go	NGW	0	0		1	1.0	0	0.0609	0.9430721940506108	-0.0593513229416413
osj8m0yvw306t6y74xe9o4qn	1	2	182	16	1	No-Go	NGW	0	0		1	0.0	1	0.2911	0.7154232861849326	-0.3931110871211256
osj8m0yvw306t6y74xe9o4qn	1	2	188	17	1	No-Go	NGW	0	0		1	1.0	0	0.1538	0.8477337122642337	-0.17042563406917513
osj8m0yvw306t6y74xe9o4qn	1	2	191	18	1	No-Go	NGW	0	0		1	0.0	1	0.4439	0.5600723765997307	-0.7198930914536203
osj8m0yvw306t6y74xe9o4qn	1	2	195	19	1	No-Go	NGW	0	0		1	0.0	1	0.2345	0.7690414443867427	-0.27376995738118987
osj8m0yvw306t6y74xe9o4qn	1	2	198	20	1	No-Go	NGW	0	0		1	0.0	1	0.1366	0.8619765785606105	-0.151893158668863
osj8m0yvw306t6y74xe9o4qn	1	2	204	21	1	No-Go	NGW	0	1	0.658	0	0.0	0	0.0956	0.09543944980170929	-2.5050094448797044
osj8m0yvw306t6y74xe9o4qn	1	2	208	22	1	No-Go	NGW	0	0		1	0.0	1	0.0475	0.9477146743284857	-0.05432822534651527
osj8m0yvw306t6y74xe9o4qn	1	2	210	23	1	No-Go	NGW	0	0		1	1.0	0	0.0387	0.9603162973074705	-0.040887693762805696
osj8m0yvw306t6y74xe9o4qn	1	2	214	24	1	No-Go	NGW	0	0		1	0.0	1	0.2019	0.7975058233896886	-0.24960214779905182
osj8m0yvw306t6y74xe9o4qn	1	2	217	25	1	No-Go	NGW	0	0		1	0.0	1	0.0966	0.904059050905399	-0.10284339287301479
osj8m0yvw306t6y74xe9o4qn	1	2	221	26	1	No-Go	NGW	0	0		1	0.0	1	0.0562	0.9406322535774249	-0.06198159729699708
osj8m0yvw306t6y74xe9o4qn	1	2	227	27	1	No-Go	NGW	0	0		1	1.0	0	0.0426	0.9571577609780808	-0.044237381478702084
osj8m0yvw306t6y74xe9o4qn	1	2	230	28	1	No-Go	NGW	0	0		1	0.0	1	0.2124	0.7874428731083312	-0.26551959966218786
osj8m0yvw306t6y74xe9o4qn	1	2	233	29	1	No-Go	NGW	0	0		1	0.0	1	0.1004	0.9007764652914905	-0.10673655216106515
osj8m0yvw306t6y74xe9o4qn	1	2	237	30	1	No-Go	NGW	0	0		1	0.0	1	0.0658	0.9394147282529997	-0.06333989255928651
p5843ltu7lw25o03nbadzsaa	1	1	1	1	0	No-Go	NGAL	0	0		1	0.0	1	0.6546	0.34229389812210853	-1.091006398488874
p5843ltu7lw25o03nbadzsaa	1	1	8	2	0	No-Go	NGAL	0	1	1.4	0	0.0	0	0.5973	0.598982162832772	-0.5186947595569704
p5843ltu7lw25o03nbadzsaa	1	1	12	3	0	No-Go	NGAL	0	1	1.108	0	0.0	0	0.5404	0.5371215096842767	-0.6307093372283543
p5843ltu7lw25o03nbadzsaa	1	1	14	4	0	No-Go	NGAL	0	0		1	0.0	1	0.4815	0.5198624931224669	-0.6648729549574959
p5843ltu7lw25o03nbadzsaa	1	1	19	5	0	No-Go	NGAL	0	0		1	1.0	0	0.4236	0.5760971056918468	-0.5613432565993975
p5843ltu7lw25o03nbadzsaa	1	1	23	6	0	No-Go	NGAL	0	0		1	0.0	1	0.4279	0.5703311504882833	-0.5705589493309671
p5843ltu7lw25o03nbadzsaa	1	1	26	7	0	No-Go	NGAL	0	0		1	0.0	1	0.3823	0.6207921009457456	-0.4851466230918739
p5843ltu7lw25o03nbadzsaa	1	1	29	8	0	No-Go	NGAL	0	0		1	1.0	0	0.3308	0.6644273959596514	-0.4163334874430791
p5843ltu7lw25o03nbadzsaa	1	1	36	9	0	No-Go	NGAL	0	1	0.826	0	0.0	0	0.345	0.3413309557767795	-1.102518699935331
p5843ltu7lw25o03nbadzsaa	1	1	40	10	0	No-Go	NGAL	0	1	0.886	0	0.0	0	0.2991	0.29689170899018846	-1.2519573500232661
p5843ltu7lw25o03nbadzsaa	1	1	43	11	0	No-Go	NGAL	0	1	1.445	0	1.0	1	0.259	0.25953172890911685	-1.3963878689073805
p5843ltu7lw25o03nbadzsaa	1	1	48	12	0	No-Go	NGAL	0	1	1.394	0	0.0	0	0.3253	0.32649243010057105	-1.1459947604205316
p5843ltu7lw25o03nbadzsaa	1	1	49	13	0	No-Go	NGAL	0	0		1	0.0	1	0.2828	0.716688092332411	-0.33855575520976544
p5843ltu7lw25o03nbadzsaa	1	1	56	14	0	No-Go	NGAL	0	1	1.224	0	0.0	0	0.2426	0.24880288174909054	-1.4339068111687112
p5843ltu7lw25o03nbadzsaa	1	1	60	15	0	No-Go	NGAL	0	1	1.413	0	0.0	0	0.2123	0.21609102860135043	-1.585862120152916
p5843ltu7lw25o03nbadzsaa	1	1	61	16	0	No-Go	NGAL	0	0		1	0.0	1	0.1856	0.8108446012319799	-0.21318375692698663
p5843ltu7lw25o03nbadzsaa	1	1	65	17	0	No-Go	NGAL	0	1	0.894	0	1.0	1	0.1664	0.16585924678426717	-1.8719339125146377
p5843ltu7lw25o03nbadzsaa	1	1	71	18	0	No-Go	NGAL	0	1	1.058	0	0.0	0	0.2211	0.2182737668755957	-1.572133930457287
p5843ltu7lw25o03nbadzsaa	1	1	76	19	0	No-Go	NGAL	0	0		1	0.0	1	0.1903	0.8120347133063369	-0.21139868213762839
p5843ltu7lw25o03nbadzsaa	1	1	78	20	0	No-Go	NGAL	0	0		1	0.0	1	0.1699	0.8333595775568807	-0.18505527681795828
p5843ltu7lw25o03nbadzsaa	1	1	83	21	0	No-Go	NGAL	0	1	1.209	0	0.0	0	0.1546	0.14887420663953277	-1.983556376606344
p5843ltu7lw25o03nbadzsaa	1	1	88	22	0	No-Go	NGAL	0	1	0.646	0	1.0	1	0.1313	0.12878040649374875	-2.1410469919134116
p5843ltu7lw25o03nbadzsaa	1	1	92	23	0	No-Go	NGAL	0	1	0.773	0	0.0	0	0.1771	0.1721448106426231	-1.8317410598073045
p5843ltu7lw25o03nbadzsaa	1	1	93	24	0	No-Go	NGAL	0	0		1	0.0	1	0.1512	0.8531685398785339	-0.16120829886621701
p5843ltu7lw25o03nbadzsaa	1	1	100	25	0	No-Go	NGAL	0	0		1	0.0	1	0.1341	0.8678078316966894	-0.14395012825780504
p5843ltu7lw25o03nbadzsaa	1	1	101	26	0	No-Go	NGAL	0	0		1	1.0	0	0.1184	0.880106223031029	-0.12968616212155126
p5843ltu7lw25o03nbadzsaa	1	1	107	27	0	No-Go	NGAL	0	0		1	0.0	1	0.1277	0.8762148874778714	-0.13471839067288266
p5843ltu7lw25o03nbadzsaa	1	1	109	28	0	No-Go	NGAL	0	0		1	0.0	1	0.1141	0.8875051500117548	-0.12147046115753436
p5843ltu7lw25o03nbadzsaa	1	1	115	29	0	No-Go	NGAL	0	1	1.264	0	0.0	0	0.0998	0.1030568660979773	-2.402943647508864
p5843ltu7lw25o03nbadzsaa	1	1	118	30	0	No-Go	NGAL	0	0		1	0.0	1	0.0924	0.9116307480552177	-0.09393154971838209
p5843ltu7lw25o03nbadzsaa	1	1	2	1	1	No-Go	NGW	0	0		1	0.0	1	0.5478	0.4493493485019098	-0.8763973378872878
p5843ltu7lw25o03nbadzsaa	1	1	5	2	1	No-Go	NGW	0	0		1	0.0	1	0.4856	0.5092872796034291	-0.7270844388506462
p5843ltu7lw25o03nbadzsaa	1	1	9	3	1	No-Go	NGW	0	1	0.98	0	0.0	0	0.4336	0.43598884673049587	-0.8959268462921995
p5843ltu7lw25o03nbadzsaa	1	1	16	4	1	No-Go	NGW	0	0		1	0.0	1	0.3844	0.6231054876490028	-0.49953748619478283
p5843ltu7lw25o03nbadzsaa	1	1	20	5	1	No-Go	NGW	0	1	1.108	0	1.0	1	0.3225	0.33077109616790457	-1.190549852091201
p5843ltu7lw25o03nbadzsaa	1	1	24	6	1	No-Go	NGW	0	1	1.19	0	1.0	1	0.7084	0.7100010045635392	-0.3567942165545428
p5843ltu7lw25o03nbadzsaa	1	1	27	7	1	No-Go	NGW	0	1	0.936	0	0.0	0	0.8405	0.8371773514814773	-0.183621043413483
p5843ltu7lw25o03nbadzsaa	1	1	31	8	1	No-Go	NGW	0	0		1	0.0	1	0.7776	0.22648218077592805	-1.579842801951141
p5843ltu7lw25o03nbadzsaa	1	1	33	9	1	No-Go	NGW	0	1	1.345	0	0.0	0	0.7377	0.7395884810369454	-0.31258662818648497
p5843ltu7lw25o03nbadzsaa	1	1	38	10	1	No-Go	NGW	0	1	0.785	0	0.0	0	0.659	0.6609245449778203	-0.4314776414186102
p5843ltu7lw25o03nbadzsaa	1	1	44	11	1	No-Go	NGW	0	1	1.181	0	0.0	0	0.5831	0.5805251218770724	-0.570098039573219
p5843ltu7lw25o03nbadzsaa	1	1	46	12	1	No-Go	NGW	0	1	1.339	0	0.0	0	0.4971	0.5032510150891704	-0.7232419908848119
p5843ltu7lw25o03nbadzsaa	1	1	51	13	1	No-Go	NGW	0	0		1	0.0	1	0.4392	0.5675489698651623	-0.5908092908371063
p5843ltu7lw25o03nbadzsaa	1	1	53	14	1	No-Go	NGW	0	1	1.035	0	0.0	0	0.3908	0.3914065064351428	-0.9927691389999566
p5843ltu7lw25o03nbadzsaa	1	1	57	15	1	No-Go	NGW	0	0		1	1.0	0	0.3344	0.6686365407314196	-0.4175791711060369
p5843ltu7lw25o03nbadzsaa	1	1	63	16	1	No-Go	NGW	0	0		1	1.0	0	0.4152	0.591106733701163	-0.5414902137097242
p5843ltu7lw25o03nbadzsaa	1	1	67	17	1	No-Go	NGW	0	0		1	0.0	1	0.4814	0.5153694352939349	-0.6806425697276448
p5843ltu7lw25o03nbadzsaa	1	1	72	18	1	No-Go	NGW	0	0		1	0.0	1	0.435	0.5700832861963441	-0.5774077767095303
p5843ltu7lw25o03nbadzsaa	1	1	75	19	1	No-Go	NGW	0	0		1	0.0	1	0.3801	0.6178795892781277	-0.4952429585920196
p5843ltu7lw25o03nbadzsaa	1	1	80	20	1	No-Go	NGW	0	0		1	0.0	1	0.3392	0.659263481469908	-0.4286852560811792
p5843ltu7lw25o03nbadzsaa	1	1	82	21	1	No-Go	NGW	0	0		1	1.0	0	0.3099	0.6949532721227133	-0.3742645324596462
p5843ltu7lw25o03nbadzsaa	1	1	85	22	1	No-Go	NGW	0	0		1	0.0	1	0.3845	0.6177319531038382	-0.4935450119958305
p5843ltu7lw25o03nbadzsaa	1	1	89	23	1	No-Go	NGW	0	0		1	0.0	1	0.3474	0.6602328448364458	-0.4253792150162883
p5843ltu7lw25o03nbadzsaa	1	1	96	24	1	No-Go	NGW	0	0		1	0.0	1	0.3099	0.6965539800687957	-0.3705231276138702
p5843ltu7lw25o03nbadzsaa	1	1	97	25	1	No-Go	NGW	0	1	1.342	0	0.0	0	0.2683	0.27240528013375126	-1.3558569367810538
p5843ltu7lw25o03nbadzsaa	1	1	102	26	1	No-Go	NGW	0	0		1	0.0	1	0.2297	0.7725210733873639	-0.26381932636491134
p5843ltu7lw25o03nbadzsaa	1	1	108	27	1	No-Go	NGW	0	0		1	0.0	1	0.2071	0.7958653599804827	-0.23323036469891875
p5843ltu7lw25o03nbadzsaa	1	1	112	28	1	No-Go	NGW	0	0		1	0.0	1	0.1844	0.8156565805960574	-0.20796765879829704
p5843ltu7lw25o03nbadzsaa	1	1	114	29	1	No-Go	NGW	0	0		1	0.0	1	0.1582	0.8325002764958271	-0.18694241074267356
p5843ltu7lw25o03nbadzsaa	1	1	117	30	1	No-Go	NGW	0	0		1	1.0	0	0.1583	0.8468915493619199	-0.16932132507844952
p5843ltu7lw25o03nbadzsaa	1	1	4	1	0	Go	GAL	1	0		0	1.0	1	0.6658	0.34229389812210853	-1.091006398488874
p5843ltu7lw25o03nbadzsaa	1	1	6	2	0	Go	GAL	1	0		0	0.0	0	0.6011	0.40101783716722805	-0.9276604144271048
p5843ltu7lw25o03nbadzsaa	1	1	10	3	0	Go	GAL	1	1	0.949	1	0.0	1	0.5984	0.6044440269121294	-0.5090867228683997
p5843ltu7lw25o03nbadzsaa	1	1	13	4	0	Go	GAL	1	1	0.933	1	0.0	1	0.6614	0.6627362218193812	-0.4163158842393625
p5843ltu7lw25o03nbadzsaa	1	1	18	5	0	Go	GAL	1	0		0	0.0	0	0.7024	0.2886113649397971	-1.2706139918931503
p5843ltu7lw25o03nbadzsaa	1	1	21	6	0	Go	GAL	1	1	0.718	1	1.0	0	0.7126	0.7155005811847084	-0.3393211193414267
p5843ltu7lw25o03nbadzsaa	1	1	25	7	0	Go	GAL	1	1	1.108	1	0.0	1	0.6558	0.6523398585554135	-0.4318812127811946
p5843ltu7lw25o03nbadzsaa	1	1	30	8	0	Go	GAL	1	1	0.886	1	0.0	1	0.7061	0.7036603685050059	-0.35565812950187325
p5843ltu7lw25o03nbadzsaa	1	1	35	9	0	Go	GAL	1	1	0.862	1	0.0	1	0.7362	0.7459503135930263	-0.29681466040685145
p5843ltu7lw25o03nbadzsaa	1	1	39	10	0	Go	GAL	1	1	0.828	1	0.0	1	0.7809	0.7807339327188507	-0.25072340422618694
p5843ltu7lw25o03nbadzsaa	1	1	41	11	0	Go	GAL	1	1	1.085	1	0.0	1	0.808	0.8093664520166782	-0.21420676113855228
p5843ltu7lw25o03nbadzsaa	1	1	45	12	0	Go	GAL	1	1	0.919	1	1.0	0	0.8349	0.8329965519956102	-0.1849822725446975
p5843ltu7lw25o03nbadzsaa	1	1	52	13	0	Go	GAL	1	0		0	0.0	0	0.7795	0.22082990684889328	-1.5426640957240714
p5843ltu7lw25o03nbadzsaa	1	1	54	14	0	Go	GAL	1	1	0.886	1	0.0	1	0.7819	0.7825518546830181	-0.24774313058249395
p5843ltu7lw25o03nbadzsaa	1	1	58	15	0	Go	GAL	1	1	0.895	1	0.0	1	0.8178	0.8120246494114602	-0.21041992163497833
p5843ltu7lw25o03nbadzsaa	1	1	64	16	0	Go	GAL	1	1	0.728	1	0.0	1	0.8434	0.8359813027217051	-0.18104033964518124
p5843ltu7lw25o03nbadzsaa	1	1	66	17	0	Go	GAL	1	1	0.912	1	0.0	1	0.8563	0.8556227584450862	-0.15754438162798828
p5843ltu7lw25o03nbadzsaa	1	1	69	18	0	Go	GAL	1	1	0.886	1	1.0	0	0.8769	0.8718422768400546	-0.13852946928810542
p5843ltu7lw25o03nbadzsaa	1	1	73	19	0	Go	GAL	1	1	0.865	1	0.0	1	0.8208	0.8245617781827357	-0.1949042736351678
p5843ltu7lw25o03nbadzsaa	1	1	79	20	0	Go	GAL	1	0		0	0.0	0	0.8444	0.15293978631866384	-1.9291165638015408
p5843ltu7lw25o03nbadzsaa	1	1	81	21	0	Go	GAL	1	1	1.202	1	1.0	0	0.8476	0.8494246973274847	-0.1648274391578881
p5843ltu7lw25o03nbadzsaa	1	1	87	22	0	Go	GAL	1	0		0	0.0	0	0.801	0.20151498217214234	-1.6475293810009684
p5843ltu7lw25o03nbadzsaa	1	1	91	23	0	Go	GAL	1	1	1.15	1	0.0	1	0.8018	0.8013684469370695	-0.22424353435107464
p5843ltu7lw25o03nbadzsaa	1	1	94	24	0	Go	GAL	1	0		0	0.0	0	0.8274	0.17101489510794962	-1.819420547777285
p5843ltu7lw25o03nbadzsaa	1	1	98	25	0	Go	GAL	1	1	0.785	1	0.0	1	0.8309	0.8313186260912515	-0.18687254800728853
p5843ltu7lw25o03nbadzsaa	1	1	103	26	0	Go	GAL	1	1	0.912	1	0.0	1	0.8574	0.8531154030138627	-0.16059808389094538
p5843ltu7lw25o03nbadzsaa	1	1	106	27	0	Go	GAL	1	1	0.816	1	0.0	1	0.8747	0.870781425372621	-0.13982234643468588
p5843ltu7lw25o03nbadzsaa	1	1	111	28	0	Go	GAL	1	1	0.826	1	1.0	0	0.8854	0.8852490404172538	-0.12312837720720722
p5843ltu7lw25o03nbadzsaa	1	1	113	29	0	Go	GAL	1	1	1.035	1	0.0	1	0.8424	0.8412913683333018	-0.1750103310546113
p5843ltu7lw25o03nbadzsaa	1	1	119	30	0	Go	GAL	1	1	0.8	1	0.0	1	0.8586	0.8616968877719814	-0.15055919703565893
p5843ltu7lw25o03nbadzsaa	1	1	3	1	1	Go	GW	1	0		0	0.0	0	0.5439	0.4493493485019098	-0.8763973378872878
p5843ltu7lw25o03nbadzsaa	1	1	7	2	1	Go	GW	1	0		0	1.0	1	0.615	0.39170479129107694	-1.047111127835225
p5843ltu7lw25o03nbadzsaa	1	1	11	3	1	Go	GW	1	0		0	0.0	0	0.5436	0.454746411554993	-0.8584396337256206
p5843ltu7lw25o03nbadzsaa	1	1	15	4	1	Go	GW	1	1	0.741	1	0.0	1	0.6031	0.6039069118018205	-0.5467060437604238
p5843ltu7lw25o03nbadzsaa	1	1	17	5	1	Go	GW	1	1	0.719	1	0.0	1	0.8764	0.869104836219387	-0.14500971816143707
p5843ltu7lw25o03nbadzsaa	1	1	22	6	1	Go	GW	1	1	0.751	1	0.0	1	0.9325	0.9300609871988145	-0.07412974616516159
p5843ltu7lw25o03nbadzsaa	1	1	28	7	1	Go	GW	1	1	0.686	1	0.0	1	0.9555	0.9510170019470919	-0.051009476582737946
p5843ltu7lw25o03nbadzsaa	1	1	32	8	1	Go	GW	1	1	0.755	1	1.0	0	0.9629	0.9602297305583913	-0.04107006570429727
p5843ltu7lw25o03nbadzsaa	1	1	34	9	1	Go	GW	1	1	0.696	1	0.0	1	0.9354	0.9385631645729511	-0.06428850288684752
p5843ltu7lw25o03nbadzsaa	1	1	37	10	1	Go	GW	1	1	0.758	1	0.0	1	0.9589	0.9566182972052333	-0.044858087424405696
p5843ltu7lw25o03nbadzsaa	1	1	42	11	1	Go	GW	1	1	0.884	1	0.0	1	0.9635	0.9636295782135605	-0.03742510318894933
p5843ltu7lw25o03nbadzsaa	1	1	47	12	1	Go	GW	1	1	0.652	1	0.0	1	0.9691	0.9670708929261967	-0.03380391136137239
p5843ltu7lw25o03nbadzsaa	1	1	50	13	1	Go	GW	1	1	0.814	1	0.0	1	0.9684	0.9689843617691278	-0.031802875537239116
p5843ltu7lw25o03nbadzsaa	1	1	55	14	1	Go	GW	1	1	1.022	1	0.0	1	0.9692	0.970140172541103	-0.03060096351123942
p5843ltu7lw25o03nbadzsaa	1	1	59	15	1	Go	GW	1	1	0.862	1	1.0	0	0.9699	0.9708816901096005	-0.02983387558700925
p5843ltu7lw25o03nbadzsaa	1	1	62	16	1	Go	GW	1	1	0.663	1	0.0	1	0.9485	0.9527155845275671	-0.04920469485141446
p5843ltu7lw25o03nbadzsaa	1	1	68	17	1	Go	GW	1	1	0.887	1	0.0	1	0.9607	0.9643205925888958	-0.0367202895492329
p5843ltu7lw25o03nbadzsaa	1	1	70	18	1	Go	GW	1	1	0.866	1	1.0	0	0.9686	0.9683215499411985	-0.03250997484584024
p5843ltu7lw25o03nbadzsaa	1	1	74	19	1	Go	GW	1	1	0.954	1	0.0	1	0.9504	0.9489790836603299	-0.05323035535151252
p5843ltu7lw25o03nbadzsaa	1	1	77	20	1	Go	GW	1	1	0.789	1	0.0	1	0.9639	0.9628609115904792	-0.038261277276783044
p5843ltu7lw25o03nbadzsaa	1	1	84	21	1	Go	GW	1	1	0.67	1	1.0	0	0.9693	0.9676426869960872	-0.03322120987262069
p5843ltu7lw25o03nbadzsaa	1	1	86	22	1	Go	GW	1	0		0	0.0	0	0.9496	0.05200688103058566	-3.3649321941550463
p5843ltu7lw25o03nbadzsaa	1	1	90	23	1	Go	GW	1	1	1.152	1	0.0	1	0.9563	0.9583599408732009	-0.04309155832311037
p5843ltu7lw25o03nbadzsaa	1	1	95	24	1	Go	GW	1	0		0	0.0	0	0.9712	0.03006408946018916	-3.886494437509105
p5843ltu7lw25o03nbadzsaa	1	1	99	25	1	Go	GW	1	1	1.203	1	0.0	1	0.972	0.9753867017051452	-0.02511940258308622
p5843ltu7lw25o03nbadzsaa	1	1	104	26	1	Go	GW	1	1	1.093	1	1.0	0	0.9762	0.9786721546481555	-0.021716250578541513
p5843ltu7lw25o03nbadzsaa	1	1	105	27	1	Go	GW	1	1	0.863	1	0.0	1	0.9653	0.9657209277753059	-0.03527127823018948
p5843ltu7lw25o03nbadzsaa	1	1	110	28	1	Go	GW	1	1	1.101	1	0.0	1	0.975	0.9753192065024893	-0.025190485813407562
p5843ltu7lw25o03nbadzsaa	1	1	116	29	1	Go	GW	1	1	0.854	1	0.0	1	0.9795	0.9786483260323517	-0.02174154016653814
p5843ltu7lw25o03nbadzsaa	1	1	120	30	1	Go	GW	1	1	1.005	1	0.0	1	0.9782	0.9801505074379465	-0.02019404361449812
p5843ltu7lw25o03nbadzsaa	1	2	122	1	0	No-Go	NGAL	0	1	1.079	0	0.0	0	0.66	0.6577061018778915	-0.42403041082092896
p5843ltu7lw25o03nbadzsaa	1	2	127	2	0	No-Go	NGAL	0	0		1	0.0	1	0.5918	0.40101783716722805	-0.9276604144271048
p5843ltu7lw25o03nbadzsaa	1	2	131	3	0	No-Go	NGAL	0	0		1	0.0	1	0.5378	0.46287849031572326	-0.7821652757196422
p5843ltu7lw25o03nbadzsaa	1	2	136	4	0	No-Go	NGAL	0	0		1	0.0	1	0.4876	0.5198624931224669	-0.6648729549574959
p5843ltu7lw25o03nbadzsaa	1	2	137	5	0	No-Go	NGAL	0	0		1	1.0	0	0.425	0.5711472410421359	-0.569654672782071
p5843ltu7lw25o03nbadzsaa	1	2	141	6	0	No-Go	NGAL	0	0		1	0.0	1	0.4281	0.5649162146402796	-0.5797717378688352
p5843ltu7lw25o03nbadzsaa	1	2	145	7	0	No-Go	NGAL	0	0		1	0.0	1	0.3997	0.6114902606640764	-0.49975958944476156
p5843ltu7lw25o03nbadzsaa	1	2	150	8	0	No-Go	NGAL	0	0		1	1.0	0	0.3489	0.6521727670834787	-0.43447086443182625
p5843ltu7lw25o03nbadzsaa	1	2	153	9	0	No-Go	NGAL	0	0		1	0.0	1	0.3501	0.6459360654438946	-0.44398537702648305
p5843ltu7lw25o03nbadzsaa	1	2	159	10	0	No-Go	NGAL	0	0		1	0.0	1	0.3217	0.6824767374813592	-0.3881061358180501
p5843ltu7lw25o03nbadzsaa	1	2	162	11	0	No-Go	NGAL	0	0		1	1.0	0	0.2832	0.7139473435557138	-0.34228149758241283
p5843ltu7lw25o03nbadzsaa	1	2	168	12	0	No-Go	NGAL	0	0		1	0.0	1	0.2876	0.7078842695676437	-0.35121317166446503
p5843ltu7lw25o03nbadzsaa	1	2	172	13	0	No-Go	NGAL	0	0		1	0.0	1	0.2659	0.7361921914287312	-0.31114092229685125
p5843ltu7lw25o03nbadzsaa	1	2	176	14	0	No-Go	NGAL	0	0		1	0.0	1	0.2303	0.7604225042451305	-0.2781390192077125
p5843ltu7lw25o03nbadzsaa	1	2	177	15	0	No-Go	NGAL	0	0		1	0.0	1	0.2205	0.7812309914999934	-0.2506498682160687
p5843ltu7lw25o03nbadzsaa	1	2	182	16	0	No-Go	NGAL	0	0		1	0.0	1	0.2062	0.7991509469968396	-0.22757908478428285
p5843ltu7lw25o03nbadzsaa	1	2	186	17	0	No-Go	NGAL	0	0		1	1.0	0	0.1805	0.8146251480271026	-0.20809437127104152
p5843ltu7lw25o03nbadzsaa	1	2	192	18	0	No-Go	NGAL	0	0		1	0.0	1	0.1919	0.8093203091339548	-0.21521411537476942
p5843ltu7lw25o03nbadzsaa	1	2	196	19	0	No-Go	NGAL	0	0		1	0.0	1	0.1783	0.8237943522151143	-0.1969953070688631
p5843ltu7lw25o03nbadzsaa	1	2	199	20	0	No-Go	NGAL	0	0		1	0.0	1	0.1664	0.836204670067507	-0.18176099796038553
p5843ltu7lw25o03nbadzsaa	1	2	202	21	0	No-Go	NGAL	0	0		1	0.0	1	0.1478	0.8469251899943603	-0.1688325006831361
p5843ltu7lw25o03nbadzsaa	1	2	207	22	0	No-Go	NGAL	0	0		1	1.0	0	0.1459	0.8562347382589028	-0.15776928420304467
p5843ltu7lw25o03nbadzsaa	1	2	209	23	0	No-Go	NGAL	0	0		1	0.0	1	0.1485	0.8514082520533937	-0.16421248295234678
p5843ltu7lw25o03nbadzsaa	1	2	214	24	0	No-Go	NGAL	0	0		1	0.0	1	0.1386	0.860516188061449	-0.1531322472064854
p5843ltu7lw25o03nbadzsaa	1	2	219	25	0	No-Go	NGAL	0	0		1	0.0	1	0.1359	0.8683278530728409	-0.14388697561865393
p5843ltu7lw25o03nbadzsaa	1	2	224	26	0	No-Go	NGAL	0	0		1	1.0	0	0.1231	0.8751006793700399	-0.13599705317179678
p5843ltu7lw25o03nbadzsaa	1	2	225	27	0	No-Go	NGAL	0	1	1.318	0	0.0	0	0.1255	0.12949568996994215	-2.173865147316169
p5843ltu7lw25o03nbadzsaa	1	2	231	28	0	No-Go	NGAL	0	0		1	0.0	1	0.1085	0.8938581242689221	-0.1145410288398772
p5843ltu7lw25o03nbadzsaa	1	2	233	29	0	No-Go	NGAL	0	0		1	0.0	1	0.1043	0.8996675855700483	-0.10773209959624583
p5843ltu7lw25o03nbadzsaa	1	2	237	30	0	No-Go	NGAL	0	0		1	0.0	1	0.0926	0.9046063833667533	-0.10210289855389562
p5843ltu7lw25o03nbadzsaa	1	2	121	1	0	Go	GAL	1	0		0	1.0	1	0.6505	0.34229389812210853	-1.091006398488874
p5843ltu7lw25o03nbadzsaa	1	2	125	2	0	Go	GAL	1	1	1.031	1	0.0	1	0.5997	0.598982162832772	-0.5186947595569704
p5843ltu7lw25o03nbadzsaa	1	2	130	3	0	Go	GAL	1	1	0.933	1	0.0	1	0.6508	0.6577061018778915	-0.42403041082092896
p5843ltu7lw25o03nbadzsaa	1	2	134	4	0	Go	GAL	1	1	0.846	1	0.0	1	0.6968	0.7068364215320102	-0.3513930142022492
p5843ltu7lw25o03nbadzsaa	1	2	140	5	0	Go	GAL	1	1	1.178	1	0.0	1	0.7455	0.747572981763466	-0.29479003997921066
p5843ltu7lw25o03nbadzsaa	1	2	142	6	0	Go	GAL	1	1	0.691	1	1.0	0	0.777	0.78124336750608	-0.2501707015745671
p5843ltu7lw25o03nbadzsaa	1	2	147	7	0	Go	GAL	1	1	1.094	1	0.0	1	0.7212	0.7204658248748951	-0.33188848264606613
p5843ltu7lw25o03nbadzsaa	1	2	151	8	0	Go	GAL	1	1	1.238	1	0.0	1	0.7643	0.7598552589640833	-0.2777835647014132
p5843ltu7lw25o03nbadzsaa	1	2	154	9	0	Go	GAL	1	0		0	0.0	0	0.7877	0.2079621036256065	-1.6097171870816376
p5843ltu7lw25o03nbadzsaa	1	2	158	10	0	Go	GAL	1	1	1.027	1	0.0	1	0.7878	0.7957555892245409	-0.23102218820293935
p5843ltu7lw25o03nbadzsaa	1	2	164	11	0	Go	GAL	1	1	1.136	1	0.0	1	0.8224	0.8217778465461928	-0.19847950138303536
p5843ltu7lw25o03nbadzsaa	1	2	166	12	0	Go	GAL	1	1	0.852	1	1.0	0	0.846	0.8432206413124681	-0.17239167187818583
p5843ltu7lw25o03nbadzsaa	1	2	170	13	0	Go	GAL	1	1	0.944	1	0.0	1	0.7896	0.7902410886875446	-0.23795721278624662
p5843ltu7lw25o03nbadzsaa	1	2	173	14	0	Go	GAL	1	1	1.159	1	0.0	1	0.8159	0.8182093645605615	-0.20263140885106873
p5843ltu7lw25o03nbadzsaa	1	2	179	15	0	Go	GAL	1	1	0.863	1	0.0	1	0.8405	0.8408773613040689	-0.17499725162947996
p5843ltu7lw25o03nbadzsaa	1	2	184	16	0	Go	GAL	1	1	1.112	1	0.0	1	0.8575	0.8594359611967125	-0.15293101989817756
p5843ltu7lw25o03nbadzsaa	1	2	187	17	0	Go	GAL	1	1	0.783	1	0.0	1	0.8787	0.874757088543133	-0.13506805295308397
p5843ltu7lw25o03nbadzsaa	1	2	189	18	0	Go	GAL	1	1	0.887	1	1.0	0	0.8868	0.8874991302461727	-0.12044843249234216
p5843ltu7lw25o03nbadzsaa	1	2	195	19	0	Go	GAL	1	1	0.661	1	0.0	1	0.845	0.8423720329447749	-0.1737634836702525
p5843ltu7lw25o03nbadzsaa	1	2	200	20	0	Go	GAL	1	1	0.835	1	0.0	1	0.8632	0.8615799292634201	-0.15059837325666695
p5843ltu7lw25o03nbadzsaa	1	2	203	21	0	Go	GAL	1	1	1.001	1	1.0	0	0.8781	0.8771095374757825	-0.13243950998680612
p5843ltu7lw25o03nbadzsaa	1	2	208	22	0	Go	GAL	1	1	0.934	1	0.0	1	0.832	0.8296621727643706	-0.18996033900844397
p5843ltu7lw25o03nbadzsaa	1	2	210	23	0	Go	GAL	1	1	0.779	1	0.0	1	0.8579	0.8516642361708797	-0.16264095606581908
p5843ltu7lw25o03nbadzsaa	1	2	215	24	0	Go	GAL	1	1	0.857	1	0.0	1	0.8724	0.8692651671353413	-0.1416904738302518
p5843ltu7lw25o03nbadzsaa	1	2	220	25	0	Go	GAL	1	1	0.732	1	0.0	1	0.8842	0.8835613201200841	-0.12509578757381182
p5843ltu7lw25o03nbadzsaa	1	2	223	26	0	Go	GAL	1	1	0.774	1	0.0	1	0.8953	0.8953140868789844	-0.11169564140035622
p5843ltu7lw25o03nbadzsaa	1	2	228	27	0	Go	GAL	1	1	0.878	1	0.0	1	0.9068	0.9050729779451291	-0.10072160624208303
p5843ltu7lw25o03nbadzsaa	1	2	232	28	0	Go	GAL	1	1	0.697	1	1.0	0	0.9103	0.9132462598417039	-0.09163244872221399
p5843ltu7lw25o03nbadzsaa	1	2	235	29	0	Go	GAL	1	1	0.814	1	0.0	1	0.8721	0.8738529002756288	-0.1373540913570232
p5843ltu7lw25o03nbadzsaa	1	2	239	30	0	Go	GAL	1	1	0.925	1	0.0	1	0.8863	0.8880855552035537	-0.1204189457710313
p5843ltu7lw25o03nbadzsaa	1	2	123	1	1	No-Go	NGW	0	0		1	0.0	1	0.5536	0.4493493485019098	-0.8763973378872878
p5843ltu7lw25o03nbadzsaa	1	2	126	2	1	No-Go	NGW	0	1	1.159	0	0.0	0	0.4918	0.4907127203965709	-0.7691801644041756
p5843ltu7lw25o03nbadzsaa	1	2	129	3	1	No-Go	NGW	0	0		1	0.0	1	0.4242	0.5697264317156728	-0.5984786568176071
p5843ltu7lw25o03nbadzsaa	1	2	133	4	1	No-Go	NGW	0	0		1	0.0	1	0.3802	0.6231054876490028	-0.49953748619478283
p5843ltu7lw25o03nbadzsaa	1	2	139	5	1	No-Go	NGW	0	1	1.187	0	1.0	1	0.3268	0.33077109616790457	-1.190549852091201
p5843ltu7lw25o03nbadzsaa	1	2	143	6	1	No-Go	NGW	0	1	1.049	0	1.0	1	0.7047	0.7100010045635392	-0.3567942165545428
p5843ltu7lw25o03nbadzsaa	1	2	148	7	1	No-Go	NGW	0	1	1.093	0	0.0	0	0.8391	0.8371773514814773	-0.183621043413483
p5843ltu7lw25o03nbadzsaa	1	2	149	8	1	No-Go	NGW	0	1	0.639	0	0.0	0	0.7759	0.7735178192240719	-0.26553586057939826
p5843ltu7lw25o03nbadzsaa	1	2	156	9	1	No-Go	NGW	0	1	0.91	0	0.0	0	0.7035	0.7011352492746149	-0.36899655604654186
p5843ltu7lw25o03nbadzsaa	1	2	157	10	1	No-Go	NGW	0	0		1	0.0	1	0.6242	0.3750795911938197	-1.0321457091796038
p5843ltu7lw25o03nbadzsaa	1	2	163	11	1	No-Go	NGW	0	1	1.36	0	0.0	0	0.5849	0.5805251218770724	-0.570098039573219
p5843ltu7lw25o03nbadzsaa	1	2	167	12	1	No-Go	NGW	0	1	1.134	0	0.0	0	0.5065	0.5032510150891704	-0.7232419908848119
p5843ltu7lw25o03nbadzsaa	1	2	171	13	1	No-Go	NGW	0	0		1	0.0	1	0.4249	0.5675489698651623	-0.5908092908371063
p5843ltu7lw25o03nbadzsaa	1	2	175	14	1	No-Go	NGW	0	1	0.912	0	0.0	0	0.3899	0.3914065064351428	-0.9927691389999566
p5843ltu7lw25o03nbadzsaa	1	2	178	15	1	No-Go	NGW	0	0		1	1.0	0	0.3256	0.6686365407314196	-0.4175791711060369
p5843ltu7lw25o03nbadzsaa	1	2	183	16	1	No-Go	NGW	0	0		1	1.0	0	0.411	0.591106733701163	-0.5414902137097242
p5843ltu7lw25o03nbadzsaa	1	2	185	17	1	No-Go	NGW	0	1	0.713	0	0.0	0	0.4943	0.48463056470606514	-0.7438587994945065
p5843ltu7lw25o03nbadzsaa	1	2	190	18	1	No-Go	NGW	0	1	0.788	0	0.0	0	0.4294	0.4247062211246578	-0.8811459326280296
p5843ltu7lw25o03nbadzsaa	1	2	194	19	1	No-Go	NGW	0	1	0.799	0	0.0	0	0.3725	0.37163499927955174	-1.0211769786060927
p5843ltu7lw25o03nbadzsaa	1	2	198	20	1	No-Go	NGW	0	1	0.978	0	0.0	0	0.3347	0.32555586744869636	-1.161491596820118
p5843ltu7lw25o03nbadzsaa	1	2	201	21	1	No-Go	NGW	0	0		1	1.0	0	0.2848	0.7139076721956656	-0.34618681325483314
p5843ltu7lw25o03nbadzsaa	1	2	205	22	1	No-Go	NGW	0	0		1	0.0	1	0.3498	0.6541946702351816	-0.4372100951633017
p5843ltu7lw25o03nbadzsaa	1	2	212	23	1	No-Go	NGW	0	0		1	0.0	1	0.2912	0.7076155168816944	-0.35353589882182457
p5843ltu7lw25o03nbadzsaa	1	2	213	24	1	No-Go	NGW	0	0		1	0.0	1	0.2496	0.7510847583340737	-0.292281179694424
p5843ltu7lw25o03nbadzsaa	1	2	218	25	1	No-Go	NGW	0	1	0.791	0	0.0	0	0.2196	0.21370017120688553	-1.6120963344943084
p5843ltu7lw25o03nbadzsaa	1	2	221	26	1	No-Go	NGW	0	1	0.788	0	0.0	0	0.1873	0.1863769858584702	-1.7592652214985345
p5843ltu7lw25o03nbadzsaa	1	2	226	27	1	No-Go	NGW	0	0		1	0.0	1	0.1631	0.8362512511451503	-0.18234443313377666
p5843ltu7lw25o03nbadzsaa	1	2	230	28	1	No-Go	NGW	0	0		1	0.0	1	0.142	0.8593264178112202	-0.1544818036871785
p5843ltu7lw25o03nbadzsaa	1	2	236	29	1	No-Go	NGW	0	0		1	0.0	1	0.121	0.8778759945606173	-0.1326395134968234
p5843ltu7lw25o03nbadzsaa	1	2	238	30	1	No-Go	NGW	0	0		1	1.0	0	0.1078	0.8929245836794174	-0.11526192126725203
p5843ltu7lw25o03nbadzsaa	1	2	124	1	1	Go	GW	1	1	1.042	1	0.0	1	0.5588	0.5506506514980902	-0.6465679498123156
p5843ltu7lw25o03nbadzsaa	1	2	128	2	1	Go	GW	1	1	0.851	1	1.0	0	0.8435	0.8425527811210899	-0.17721318221463453
p5843ltu7lw25o03nbadzsaa	1	2	132	3	1	Go	GW	1	1	0.957	1	0.0	1	0.7833	0.790525217710451	-0.2419658296001402
p5843ltu7lw25o03nbadzsaa	1	2	135	4	1	Go	GW	1	1	1.353	1	0.0	1	0.8969	0.8995141148732401	-0.10874459425970472
p5843ltu7lw25o03nbadzsaa	1	2	138	5	1	Go	GW	1	1	0.711	1	0.0	1	0.9344	0.9336062662205453	-0.07006044615198594
p5843ltu7lw25o03nbadzsaa	1	2	144	6	1	Go	GW	1	1	0.691	1	0.0	1	0.9477	0.9478072452321953	-0.05441518587524627
p5843ltu7lw25o03nbadzsaa	1	2	146	7	1	Go	GW	1	1	0.642	1	0.0	1	0.9545	0.9548072601579377	-0.0468328086798009
p5843ltu7lw25o03nbadzsaa	1	2	152	8	1	Go	GW	1	1	0.743	1	1.0	0	0.9573	0.9586599527535229	-0.042709562456218805
p5843ltu7lw25o03nbadzsaa	1	2	155	9	1	Go	GW	1	1	0.692	1	0.0	1	0.9361	0.9343859690412548	-0.06907910579507168
p5843ltu7lw25o03nbadzsaa	1	2	160	10	1	Go	GW	1	1	0.804	1	0.0	1	0.952	0.9514803244726526	-0.05036470247941662
p5843ltu7lw25o03nbadzsaa	1	2	161	11	1	Go	GW	1	1	0.655	1	0.0	1	0.958	0.9578343896157406	-0.04358033970167863
p5843ltu7lw25o03nbadzsaa	1	2	165	12	1	Go	GW	1	1	0.851	1	0.0	1	0.9617	0.9608862013322601	-0.04035373450444019
p5843ltu7lw25o03nbadzsaa	1	2	169	13	1	Go	GW	1	1	0.677	1	0.0	1	0.965	0.96256380408855	-0.03859315284099077
p5843ltu7lw25o03nbadzsaa	1	2	174	14	1	Go	GW	1	1	0.69	1	0.0	1	0.9644	0.9635722267338886	-0.03754174208728022
p5843ltu7lw25o03nbadzsaa	1	2	180	15	1	Go	GW	1	1	0.643	1	1.0	0	0.9605	0.9642190140018101	-0.036871405249108244
p5843ltu7lw25o03nbadzsaa	1	2	181	16	1	Go	GW	1	1	0.64	1	0.0	1	0.9402	0.9417318637850458	-0.061309189820678976
p5843ltu7lw25o03nbadzsaa	1	2	188	17	1	Go	GW	1	1	0.756	1	0.0	1	0.9568	0.9559524232376588	-0.04565709153163183
p5843ltu7lw25o03nbadzsaa	1	2	191	18	1	Go	GW	1	1	0.605	1	1.0	0	0.9625	0.9607828419167538	-0.04050037729524649
p5843ltu7lw25o03nbadzsaa	1	2	193	19	1	Go	GW	1	1	0.67	1	0.0	1	0.9346	0.9367947515714968	-0.06672372803703076
p5843ltu7lw25o03nbadzsaa	1	2	197	20	1	Go	GW	1	1	0.704	1	0.0	1	0.9549	0.9539341863469283	-0.04781204389806032
p5843ltu7lw25o03nbadzsaa	1	2	204	21	1	Go	GW	1	1	0.709	1	1.0	0	0.9573	0.9597986530138516	-0.04154016846162554
p5843ltu7lw25o03nbadzsaa	1	2	206	22	1	Go	GW	1	1	0.746	1	0.0	1	0.939	0.9353978304843409	-0.0682496929460562
p5843ltu7lw25o03nbadzsaa	1	2	211	23	1	Go	GW	1	1	0.705	1	0.0	1	0.9543	0.9533082164495389	-0.04848189728149354
p5843ltu7lw25o03nbadzsaa	1	2	216	24	1	Go	GW	1	1	0.812	1	0.0	1	0.96	0.9594800132804526	-0.041877785034480954
p5843ltu7lw25o03nbadzsaa	1	2	217	25	1	Go	GW	1	1	0.6	1	0.0	1	0.9606	0.9622327006062822	-0.03896763942829828
p5843ltu7lw25o03nbadzsaa	1	2	222	26	1	Go	GW	1	1	0.61	1	1.0	0	0.9631	0.963640329082377	-0.037491528141181965
p5843ltu7lw25o03nbadzsaa	1	2	227	27	1	Go	GW	1	1	0.666	1	0.0	1	0.9423	0.9408070774067443	-0.06235081727530684
p5843ltu7lw25o03nbadzsaa	1	2	229	28	1	Go	GW	1	1	0.954	1	0.0	1	0.9554	0.9556870851205035	-0.04596077351693581
p5843ltu7lw25o03nbadzsaa	1	2	234	29	1	Go	GW	1	1	0.692	1	0.0	1	0.9583	0.960752863629216	-0.0405464662514922
p5843ltu7lw25o03nbadzsaa	1	2	240	30	1	Go	GW	1	1	0.518	1	0.0	1	0.9653	0.9629923716575433	-0.03818014551072813
p5f3fscxjt1ulrzv5fr3nlhx	1	1	2	1	0	No-Go	NGAL	0	1	0.27	0	1.0	1	0.6172	0.6232944201163966	-0.48206111078736125
p5f3fscxjt1ulrzv5fr3nlhx	1	1	7	2	0	No-Go	NGAL	0	1	0.254	0	0.0	0	0.793	0.8009247444126962	-0.2269002193589081
p5f3fscxjt1ulrzv5fr3nlhx	1	1	11	3	0	No-Go	NGAL	0	1	0.418	0	0.0	0	0.5899	0.5871561385197911	-0.5428084889925802
p5f3fscxjt1ulrzv5fr3nlhx	1	1	16	4	0	No-Go	NGAL	0	0		1	0.0	1	0.3776	0.6272811039536593	-0.47869129496367346
p5f3fscxjt1ulrzv5fr3nlhx	1	1	19	5	0	No-Go	NGAL	0	0		1	0.0	1	0.1964	0.8011378801455022	-0.22891574354672603
p5f3fscxjt1ulrzv5fr3nlhx	1	1	24	6	0	No-Go	NGAL	0	0		1	0.0	1	0.108	0.8911271878568273	-0.11863177332664716
p5f3fscxjt1ulrzv5fr3nlhx	1	1	26	7	0	No-Go	NGAL	0	0		1	1.0	0	0.0603	0.9365990029528449	-0.06700594626561343
p5f3fscxjt1ulrzv5fr3nlhx	1	1	32	8	0	No-Go	NGAL	0	0		1	0.0	1	0.0717	0.9307987807418724	-0.07337145408284874
p5f3fscxjt1ulrzv5fr3nlhx	1	1	36	9	0	No-Go	NGAL	0	0		1	0.0	1	0.0403	0.9574594626586415	-0.04423984275710822
p5f3fscxjt1ulrzv5fr3nlhx	1	1	40	10	0	No-Go	NGAL	0	0		1	0.0	1	0.0265	0.9720875953086894	-0.028685610527462317
p5f3fscxjt1ulrzv5fr3nlhx	1	1	43	11	0	No-Go	NGAL	0	0		1	0.0	1	0.0185	0.9805751090909098	-0.019813928358231706
p5f3fscxjt1ulrzv5fr3nlhx	1	1	48	12	0	No-Go	NGAL	0	0		1	0.0	1	0.0142	0.9857561231107426	-0.014458629015948014
p5f3fscxjt1ulrzv5fr3nlhx	1	1	52	13	0	No-Go	NGAL	0	0		1	0.0	1	0.012	0.989063351899862	-0.011065794165148683
p5f3fscxjt1ulrzv5fr3nlhx	1	1	56	14	0	No-Go	NGAL	0	0		1	1.0	0	0.008	0.9912582114239007	-0.008825809418759918
p5f3fscxjt1ulrzv5fr3nlhx	1	1	58	15	0	No-Go	NGAL	0	0		1	0.0	1	0.0088	0.9900979598838127	-0.010007394657044979
p5f3fscxjt1ulrzv5fr3nlhx	1	1	61	16	0	No-Go	NGAL	0	0		1	0.0	1	0.0083	0.9919795610964993	-0.008091270958375705
p5f3fscxjt1ulrzv5fr3nlhx	1	1	66	17	0	No-Go	NGAL	0	0		1	1.0	0	0.0068	0.9932799070241463	-0.006771136933807273
p5f3fscxjt1ulrzv5fr3nlhx	1	1	69	18	0	No-Go	NGAL	0	0		1	0.0	1	0.0055	0.9922838830926434	-0.007784513101876677
p5f3fscxjt1ulrzv5fr3nlhx	1	1	76	19	0	No-Go	NGAL	0	0		1	0.0	1	0.0074	0.9935217866035401	-0.006527136611021755
p5f3fscxjt1ulrzv5fr3nlhx	1	1	79	20	0	No-Go	NGAL	0	0		1	0.0	1	0.0064	0.9943952344722408	-0.005642270746131027
p5f3fscxjt1ulrzv5fr3nlhx	1	1	82	21	0	No-Go	NGAL	0	0		1	1.0	0	0.0052	0.9950302644143397	-0.005000054492513428
p5f3fscxjt1ulrzv5fr3nlhx	1	1	85	22	0	No-Go	NGAL	0	0		1	0.0	1	0.0049	0.9942279495044589	-0.005814910761741015
p5f3fscxjt1ulrzv5fr3nlhx	1	1	90	23	0	No-Go	NGAL	0	0		1	0.0	1	0.0059	0.9949350974776661	-0.0050979195291918095
p5f3fscxjt1ulrzv5fr3nlhx	1	1	93	24	0	No-Go	NGAL	0	0		1	0.0	1	0.0051	0.9954469642802236	-0.004580143075483737
p5f3fscxjt1ulrzv5fr3nlhx	1	1	98	25	0	No-Go	NGAL	0	0		1	0.0	1	0.0061	0.9958283459581808	-0.004194909834181004
p5f3fscxjt1ulrzv5fr3nlhx	1	1	102	26	0	No-Go	NGAL	0	0		1	1.0	0	0.0056	0.9961186722142156	-0.003901942608739234
p5f3fscxjt1ulrzv5fr3nlhx	1	1	106	27	0	No-Go	NGAL	0	0		1	0.0	1	0.0045	0.9954572068897203	-0.004572754997341134
p5f3fscxjt1ulrzv5fr3nlhx	1	1	110	28	0	No-Go	NGAL	0	0		1	0.0	1	0.0039	0.9958613362970624	-0.00416324395791153
p5f3fscxjt1ulrzv5fr3nlhx	1	1	115	29	0	No-Go	NGAL	0	0		1	0.0	1	0.0034	0.9961590630837651	-0.0038622297952655904
p5f3fscxjt1ulrzv5fr3nlhx	1	1	118	30	0	No-Go	NGAL	0	0		1	0.0	1	0.0044	0.9963846981710929	-0.0036344057039792775
p5f3fscxjt1ulrzv5fr3nlhx	1	1	3	1	1	Go	GW	1	1	0.24	1	0.0	1	0.6961	0.703495904311036	-0.37069087986352844
p5f3fscxjt1ulrzv5fr3nlhx	1	1	8	2	1	Go	GW	1	1	0.502	1	0.0	1	0.9852	0.9838880176546981	-0.016450323925251042
p5f3fscxjt1ulrzv5fr3nlhx	1	1	10	3	1	Go	GW	1	1	0.404	1	1.0	0	0.9963	0.9954507870256537	-0.004578014121141157
p5f3fscxjt1ulrzv5fr3nlhx	1	1	13	4	1	Go	GW	1	1	0.502	1	0.0	1	0.9775	0.9783188323134299	-0.022209334455486993
p5f3fscxjt1ulrzv5fr3nlhx	1	1	18	5	1	Go	GW	1	1	0.523	1	0.0	1	0.9957	0.9951881412785902	-0.004842624790381529
p5f3fscxjt1ulrzv5fr3nlhx	1	1	23	6	1	Go	GW	1	1	0.604	1	0.0	1	0.9972	0.9972510353025634	-0.002760046376446401
p5f3fscxjt1ulrzv5fr3nlhx	1	1	28	7	1	Go	GW	1	1	0.447	1	0.0	1	0.9984	0.9977877658589624	-0.0022200537215783726
p5f3fscxjt1ulrzv5fr3nlhx	1	1	30	8	1	Go	GW	1	1	0.464	1	0.0	1	0.998	0.9979740218721203	-0.0020329318070456677
p5f3fscxjt1ulrzv5fr3nlhx	1	1	35	9	1	Go	GW	1	1	0.475	1	1.0	0	0.999	0.9980495965893491	-0.001957069069711403
p5f3fscxjt1ulrzv5fr3nlhx	1	1	39	10	1	Go	GW	1	1	0.412	1	0.0	1	0.9878	0.9879612783532898	-0.012298507354930014
p5f3fscxjt1ulrzv5fr3nlhx	1	1	42	11	1	Go	GW	1	1	0.425	1	0.0	1	0.9965	0.996556101563647	-0.0034621655514490974
p5f3fscxjt1ulrzv5fr3nlhx	1	1	47	12	1	Go	GW	1	1	0.406	1	0.0	1	0.9974	0.9976390116384809	-0.0023700937420868293
p5f3fscxjt1ulrzv5fr3nlhx	1	1	50	13	1	Go	GW	1	1	0.509	1	0.0	1	0.9978	0.9979352224073127	-0.002072081910660092
p5f3fscxjt1ulrzv5fr3nlhx	1	1	55	14	1	Go	GW	1	1	0.495	1	0.0	1	0.9969	0.9980396694523943	-0.001967110215011865
p5f3fscxjt1ulrzv5fr3nlhx	1	1	60	15	1	Go	GW	1	1	0.416	1	1.0	0	0.9985	0.9980818544365804	-0.0019247433923002424
p5f3fscxjt1ulrzv5fr3nlhx	1	1	64	16	1	Go	GW	1	1	0.294	1	0.0	1	0.9882	0.988080437802016	-0.012178679921123743
p5f3fscxjt1ulrzv5fr3nlhx	1	1	65	17	1	Go	GW	1	1	0.291	1	0.0	1	0.9967	0.9965898570196596	-0.003428284946158678
p5f3fscxjt1ulrzv5fr3nlhx	1	1	70	18	1	Go	GW	1	1	0.337	1	0.0	1	0.9981	0.9976528520357435	-0.0023562217170294392
p5f3fscxjt1ulrzv5fr3nlhx	1	1	75	19	1	Go	GW	1	1	0.39	1	0.0	1	0.9984	0.9979419821786242	-0.002065311860622601
p5f3fscxjt1ulrzv5fr3nlhx	1	1	80	20	1	Go	GW	1	1	0.34	1	1.0	0	0.998	0.998043323308676	-0.0019634525442070697
p5f3fscxjt1ulrzv5fr3nlhx	1	1	81	21	1	Go	GW	1	1	0.507	1	0.0	1	0.9886	0.987903357141673	-0.012359890959896608
p5f3fscxjt1ulrzv5fr3nlhx	1	1	86	22	1	Go	GW	1	1	0.434	1	1.0	0	0.9974	0.9965598030768724	-0.003458576209154406
p5f3fscxjt1ulrzv5fr3nlhx	1	1	89	23	1	Go	GW	1	1	0.362	1	0.0	1	0.981	0.9810323405096988	-0.019534706917515403
p5f3fscxjt1ulrzv5fr3nlhx	1	1	96	24	1	Go	GW	1	1	0.44	1	0.0	1	0.9965	0.995838004422193	-0.004187549358478719
p5f3fscxjt1ulrzv5fr3nlhx	1	1	99	25	1	Go	GW	1	1	0.408	1	0.0	1	0.9981	0.9974518787322697	-0.002558385116906091
p5f3fscxjt1ulrzv5fr3nlhx	1	1	103	26	1	Go	GW	1	1	0.31	1	0.0	1	0.9978	0.997868250788311	-0.002139373132539198
p5f3fscxjt1ulrzv5fr3nlhx	1	1	105	27	1	Go	GW	1	1	0.39	1	1.0	0	0.9986	0.9980117141212826	-0.001995177610993319
p5f3fscxjt1ulrzv5fr3nlhx	1	1	109	28	1	Go	GW	1	1	0.327	1	0.0	1	0.9869	0.9877703156482827	-0.01249501542750418
p5f3fscxjt1ulrzv5fr3nlhx	1	1	116	29	1	Go	GW	1	1	0.332	1	0.0	1	0.9975	0.9965312216435074	-0.0034873374555119897
p5f3fscxjt1ulrzv5fr3nlhx	1	1	120	30	1	Go	GW	1	1	0.508	1	0.0	1	0.9976	0.9976330481250656	-0.0023761137232335603
p5f3fscxjt1ulrzv5fr3nlhx	1	1	1	1	0	Go	GAL	1	1	0.485	1	0.0	1	0.6243	0.6232944201163966	-0.48206111078736125
p5f3fscxjt1ulrzv5fr3nlhx	1	1	5	2	0	Go	GAL	1	1	0.434	1	0.0	1	0.7985	0.8009247444126962	-0.2269002193589081
p5f3fscxjt1ulrzv5fr3nlhx	1	1	9	3	0	Go	GAL	1	1	0.42	1	0.0	1	0.8942	0.8924423200096818	-0.11610875311771247
p5f3fscxjt1ulrzv5fr3nlhx	1	1	15	4	0	Go	GAL	1	1	0.725	1	1.0	0	0.9361	0.938074315415244	-0.06496130054347768
p5f3fscxjt1ulrzv5fr3nlhx	1	1	20	5	0	Go	GAL	1	0		0	0.0	0	0.8196	0.18203284748025123	-1.7603462414394924
p5f3fscxjt1ulrzv5fr3nlhx	1	1	22	6	0	Go	GAL	1	1	0.563	1	0.0	1	0.8282	0.8287561871145853	-0.19035253759221957
p5f3fscxjt1ulrzv5fr3nlhx	1	1	27	7	0	Go	GAL	1	1	0.6	1	0.0	1	0.9081	0.9091310532081633	-0.09648499839503502
p5f3fscxjt1ulrzv5fr3nlhx	1	1	31	8	0	Go	GAL	1	1	0.553	1	0.0	1	0.9462	0.947796717425407	-0.054207611450978466
p5f3fscxjt1ulrzv5fr3nlhx	1	1	33	9	0	Go	GAL	1	0		0	0.0	0	0.9692	0.03241209023912995	-3.6871007862167566
p5f3fscxjt1ulrzv5fr3nlhx	1	1	38	10	0	Go	GAL	1	1	0.509	1	1.0	0	0.9713	0.9695836996802516	-0.03116182614809163
p5f3fscxjt1ulrzv5fr3nlhx	1	1	41	11	0	Go	GAL	1	1	0.556	1	0.0	1	0.8906	0.8958236682631823	-0.11133574719747691
p5f3fscxjt1ulrzv5fr3nlhx	1	1	45	12	0	Go	GAL	1	1	0.48	1	1.0	0	0.9379	0.9430762413429855	-0.05913939526890945
p5f3fscxjt1ulrzv5fr3nlhx	1	1	51	13	0	Go	GAL	1	0		0	0.0	0	0.8241	0.1724353869589709	-1.84633756705974
p5f3fscxjt1ulrzv5fr3nlhx	1	1	53	14	0	Go	GAL	1	1	0.391	1	0.0	1	0.8331	0.8371769697022952	-0.1813250912857285
p5f3fscxjt1ulrzv5fr3nlhx	1	1	57	15	0	Go	GAL	1	1	0.447	1	0.0	1	0.9193	0.9171364725701132	-0.0874497042961698
p5f3fscxjt1ulrzv5fr3nlhx	1	1	63	16	0	Go	GAL	1	1	0.639	1	0.0	1	0.9554	0.9536180178459172	-0.047903873365701004
p5f3fscxjt1ulrzv5fr3nlhx	1	1	68	17	0	Go	GAL	1	1	0.671	1	0.0	1	0.973	0.9716025892183452	-0.029011916362740572
p5f3fscxjt1ulrzv5fr3nlhx	1	1	72	18	0	Go	GAL	1	1	0.528	1	0.0	1	0.984	0.9812356664921214	-0.019051429452912376
p5f3fscxjt1ulrzv5fr3nlhx	1	1	74	19	0	Go	GAL	1	1	0.491	1	0.0	1	0.9844	0.9867781495969059	-0.013372677685260643
p5f3fscxjt1ulrzv5fr3nlhx	1	1	77	20	0	Go	GAL	1	1	0.606	1	1.0	0	0.991	0.9901629138165794	-0.009924565611512386
p5f3fscxjt1ulrzv5fr3nlhx	1	1	83	21	0	Go	GAL	1	1	0.57	1	0.0	1	0.9614	0.9573964551308085	-0.04402069289563553
p5f3fscxjt1ulrzv5fr3nlhx	1	1	88	22	0	Go	GAL	1	0		0	0.0	0	0.9727	0.025635167136073278	-3.9391101180808255
p5f3fscxjt1ulrzv5fr3nlhx	1	1	91	23	0	Go	GAL	1	1	0.553	1	1.0	0	0.9747	0.9758873469590279	-0.024574992061074916
p5f3fscxjt1ulrzv5fr3nlhx	1	1	94	24	0	Go	GAL	1	1	0.661	1	0.0	1	0.9135	0.9110577430800757	-0.09553044760121895
p5f3fscxjt1ulrzv5fr3nlhx	1	1	97	25	0	Go	GAL	1	1	0.824	1	0.0	1	0.9513	0.9531637553085393	-0.04850225140705026
p5f3fscxjt1ulrzv5fr3nlhx	1	1	101	26	0	Go	GAL	1	1	0.749	1	0.0	1	0.9724	0.9723738130206914	-0.02821944810105855
p5f3fscxjt1ulrzv5fr3nlhx	1	1	107	27	0	Go	GAL	1	1	0.674	1	0.0	1	0.9806	0.982128410001982	-0.018133486986361597
p5f3fscxjt1ulrzv5fr3nlhx	1	1	112	28	0	Go	GAL	1	1	0.69	1	1.0	0	0.9864	0.9875529874680585	-0.012581501579988283
p5f3fscxjt1ulrzv5fr3nlhx	1	1	114	29	0	Go	GAL	1	1	0.55	1	0.0	1	0.9511	0.947918342193076	-0.05430169393404286
p5f3fscxjt1ulrzv5fr3nlhx	1	1	117	30	0	Go	GAL	1	0		0	0.0	0	0.9701	0.029804419865744988	-3.8165295311470504
p5f3fscxjt1ulrzv5fr3nlhx	1	1	4	1	1	No-Go	NGW	0	1	0.621	0	0.0	0	0.7073	0.703495904311036	-0.37069087986352844
p5f3fscxjt1ulrzv5fr3nlhx	1	1	6	2	1	No-Go	NGW	0	1	0.397	0	0.0	0	0.4921	0.4968979690648247	-0.7396778149065765
p5f3fscxjt1ulrzv5fr3nlhx	1	1	12	3	1	No-Go	NGW	0	1	0.548	0	0.0	0	0.3169	0.32115194901982536	-1.2115834935700718
p5f3fscxjt1ulrzv5fr3nlhx	1	1	14	4	1	No-Go	NGW	0	1	0.519	0	1.0	1	0.1999	0.20413385667541856	-1.7086161218298883
p5f3fscxjt1ulrzv5fr3nlhx	1	1	17	5	1	No-Go	NGW	0	1	0.753	0	0.0	0	0.9622	0.9593671353777076	-0.04313460895082801
p5f3fscxjt1ulrzv5fr3nlhx	1	1	21	6	1	No-Go	NGW	0	1	0.486	0	0.0	0	0.8826	0.8836713468777294	-0.13015429442999443
p5f3fscxjt1ulrzv5fr3nlhx	1	1	25	7	1	No-Go	NGW	0	1	0.476	0	0.0	0	0.7378	0.7334337125918164	-0.33144086856725324
p5f3fscxjt1ulrzv5fr3nlhx	1	1	29	8	1	No-Go	NGW	0	1	0.565	0	0.0	0	0.5458	0.5347797328769673	-0.6778194455947253
p5f3fscxjt1ulrzv5fr3nlhx	1	1	34	9	1	No-Go	NGW	0	1	0.499	0	1.0	1	0.3459	0.3539630857847164	-1.128798192951475
p5f3fscxjt1ulrzv5fr3nlhx	1	1	37	10	1	No-Go	NGW	0	1	0.517	0	0.0	0	0.9686	0.9672804163605955	-0.03469231965268898
p5f3fscxjt1ulrzv5fr3nlhx	1	1	44	11	1	No-Go	NGW	0	1	0.469	0	0.0	0	0.9006	0.9022099617166958	-0.10901015719893022
p5f3fscxjt1ulrzv5fr3nlhx	1	1	46	12	1	No-Go	NGW	0	1	0.507	0	0.0	0	0.7582	0.7659426535242317	-0.2890774274494678
p5f3fscxjt1ulrzv5fr3nlhx	1	1	49	13	1	No-Go	NGW	0	1	0.663	0	0.0	0	0.5757	0.5745901726577487	-0.6129285142335578
p5f3fscxjt1ulrzv5fr3nlhx	1	1	54	14	1	No-Go	NGW	0	0		1	0.0	1	0.3994	0.6106646306280897	-0.5391779250338853
p5f3fscxjt1ulrzv5fr3nlhx	1	1	59	15	1	No-Go	NGW	0	0		1	1.0	0	0.213	0.7833982082625324	-0.26480796728657074
p5f3fscxjt1ulrzv5fr3nlhx	1	1	62	16	1	No-Go	NGW	0	0		1	0.0	1	0.4213	0.5764409805114291	-0.5982306661318224
p5f3fscxjt1ulrzv5fr3nlhx	1	1	67	17	1	No-Go	NGW	0	1	0.802	0	0.0	0	0.2388	0.23539277331657968	-1.666906017821211
p5f3fscxjt1ulrzv5fr3nlhx	1	1	71	18	1	No-Go	NGW	0	0		1	0.0	1	0.1361	0.860301487196384	-0.15829750143331853
p5f3fscxjt1ulrzv5fr3nlhx	1	1	73	19	1	No-Go	NGW	0	0		1	1.0	0	0.0741	0.9259178849159764	-0.08005842894335556
p5f3fscxjt1ulrzv5fr3nlhx	1	1	78	20	1	No-Go	NGW	0	0		1	0.0	1	0.186	0.8138777597310298	-0.21533358663525387
p5f3fscxjt1ulrzv5fr3nlhx	1	1	84	21	1	No-Go	NGW	0	0		1	0.0	1	0.0915	0.9053354699778774	-0.10328224240164062
p5f3fscxjt1ulrzv5fr3nlhx	1	1	87	22	1	No-Go	NGW	0	0		1	1.0	0	0.0511	0.947982372826374	-0.05498071211832993
p5f3fscxjt1ulrzv5fr3nlhx	1	1	92	23	1	No-Go	NGW	0	0		1	0.0	1	0.1425	0.857471930320136	-0.15920083630668197
p5f3fscxjt1ulrzv5fr3nlhx	1	1	95	24	1	No-Go	NGW	0	0		1	0.0	1	0.0763	0.926527428496143	-0.07853430629118865
p5f3fscxjt1ulrzv5fr3nlhx	1	1	100	25	1	No-Go	NGW	0	0		1	0.0	1	0.041	0.9586767168426843	-0.04314076004222919
p5f3fscxjt1ulrzv5fr3nlhx	1	1	104	26	1	No-Go	NGW	0	0		1	0.0	1	0.0257	0.9748359441733339	-0.02590691503706809
p5f3fscxjt1ulrzv5fr3nlhx	1	1	108	27	1	No-Go	NGW	0	0		1	0.0	1	0.0158	0.9835782109703055	-0.016760493268485253
p5f3fscxjt1ulrzv5fr3nlhx	1	1	111	28	1	No-Go	NGW	0	0		1	0.0	1	0.0113	0.9886207270092786	-0.011549260092981448
p5f3fscxjt1ulrzv5fr3nlhx	1	1	113	29	1	No-Go	NGW	0	0		1	1.0	0	0.0066	0.9916928546983541	-0.008400132197343445
p5f3fscxjt1ulrzv5fr3nlhx	1	1	119	30	1	No-Go	NGW	0	0		1	0.0	1	0.0322	0.967456362716888	-0.033488080542901755
p5f3fscxjt1ulrzv5fr3nlhx	1	2	121	1	1	Go	GW	1	1	0.902	1	0.0	1	0.7033	0.703495904311036	-0.37069087986352844
p5f3fscxjt1ulrzv5fr3nlhx	1	2	128	2	1	Go	GW	1	1	0.534	1	0.0	1	0.9821	0.9838880176546981	-0.016450323925251042
p5f3fscxjt1ulrzv5fr3nlhx	1	2	131	3	1	Go	GW	1	1	0.409	1	1.0	0	0.9948	0.9954507870256537	-0.004578014121141157
p5f3fscxjt1ulrzv5fr3nlhx	1	2	134	4	1	Go	GW	1	1	0.389	1	0.0	1	0.9774	0.9783188323134299	-0.022209334455486993
p5f3fscxjt1ulrzv5fr3nlhx	1	2	138	5	1	Go	GW	1	1	0.32	1	0.0	1	0.9948	0.9951881412785902	-0.004842624790381529
p5f3fscxjt1ulrzv5fr3nlhx	1	2	143	6	1	Go	GW	1	1	0.332	1	0.0	1	0.998	0.9972510353025634	-0.002760046376446401
p5f3fscxjt1ulrzv5fr3nlhx	1	2	148	7	1	Go	GW	1	1	0.348	1	0.0	1	0.9976	0.9977877658589624	-0.0022200537215783726
p5f3fscxjt1ulrzv5fr3nlhx	1	2	150	8	1	Go	GW	1	1	0.316	1	0.0	1	0.9986	0.9979740218721203	-0.0020329318070456677
p5f3fscxjt1ulrzv5fr3nlhx	1	2	155	9	1	Go	GW	1	1	0.364	1	1.0	0	0.9983	0.9980495965893491	-0.001957069069711403
p5f3fscxjt1ulrzv5fr3nlhx	1	2	157	10	1	Go	GW	1	1	0.298	1	0.0	1	0.9882	0.9879612783532898	-0.012298507354930014
p5f3fscxjt1ulrzv5fr3nlhx	1	2	163	11	1	Go	GW	1	1	0.355	1	0.0	1	0.9954	0.996556101563647	-0.0034621655514490974
p5f3fscxjt1ulrzv5fr3nlhx	1	2	168	12	1	Go	GW	1	1	0.455	1	0.0	1	0.9977	0.9976390116384809	-0.0023700937420868293
p5f3fscxjt1ulrzv5fr3nlhx	1	2	170	13	1	Go	GW	1	1	0.473	1	0.0	1	0.9987	0.9979352224073127	-0.002072081910660092
p5f3fscxjt1ulrzv5fr3nlhx	1	2	176	14	1	Go	GW	1	1	0.305	1	0.0	1	0.9984	0.9980396694523943	-0.001967110215011865
p5f3fscxjt1ulrzv5fr3nlhx	1	2	177	15	1	Go	GW	1	1	0.308	1	1.0	0	0.9985	0.9980818544365804	-0.0019247433923002424
p5f3fscxjt1ulrzv5fr3nlhx	1	2	183	16	1	Go	GW	1	1	0.399	1	0.0	1	0.9886	0.988080437802016	-0.012178679921123743
p5f3fscxjt1ulrzv5fr3nlhx	1	2	187	17	1	Go	GW	1	1	0.451	1	0.0	1	0.9971	0.9965898570196596	-0.003428284946158678
p5f3fscxjt1ulrzv5fr3nlhx	1	2	192	18	1	Go	GW	1	1	0.364	1	0.0	1	0.9972	0.9976528520357435	-0.0023562217170294392
p5f3fscxjt1ulrzv5fr3nlhx	1	2	193	19	1	Go	GW	1	1	0.523	1	0.0	1	0.9978	0.9979419821786242	-0.002065311860622601
p5f3fscxjt1ulrzv5fr3nlhx	1	2	199	20	1	Go	GW	1	1	0.429	1	1.0	0	0.9972	0.998043323308676	-0.0019634525442070697
p5f3fscxjt1ulrzv5fr3nlhx	1	2	204	21	1	Go	GW	1	1	0.38	1	0.0	1	0.9867	0.987903357141673	-0.012359890959896608
p5f3fscxjt1ulrzv5fr3nlhx	1	2	205	22	1	Go	GW	1	1	0.371	1	1.0	0	0.9964	0.9965598030768724	-0.003458576209154406
p5f3fscxjt1ulrzv5fr3nlhx	1	2	211	23	1	Go	GW	1	1	0.369	1	0.0	1	0.9836	0.9810323405096988	-0.019534706917515403
p5f3fscxjt1ulrzv5fr3nlhx	1	2	214	24	1	Go	GW	1	1	0.339	1	0.0	1	0.9952	0.995838004422193	-0.004187549358478719
p5f3fscxjt1ulrzv5fr3nlhx	1	2	217	25	1	Go	GW	1	1	0.294	1	0.0	1	0.9979	0.9974518787322697	-0.002558385116906091
p5f3fscxjt1ulrzv5fr3nlhx	1	2	224	26	1	Go	GW	1	1	0.374	1	0.0	1	0.9977	0.997868250788311	-0.002139373132539198
p5f3fscxjt1ulrzv5fr3nlhx	1	2	228	27	1	Go	GW	1	1	0.384	1	1.0	0	0.9986	0.9980117141212826	-0.001995177610993319
p5f3fscxjt1ulrzv5fr3nlhx	1	2	229	28	1	Go	GW	1	1	0.306	1	0.0	1	0.9875	0.9877703156482827	-0.01249501542750418
p5f3fscxjt1ulrzv5fr3nlhx	1	2	235	29	1	Go	GW	1	1	0.612	1	0.0	1	0.9972	0.9965312216435074	-0.0034873374555119897
p5f3fscxjt1ulrzv5fr3nlhx	1	2	240	30	1	Go	GW	1	1	0.461	1	0.0	1	0.9978	0.9976330481250656	-0.0023761137232335603
p5f3fscxjt1ulrzv5fr3nlhx	1	2	122	1	1	No-Go	NGW	0	1	0.721	0	0.0	0	0.7048	0.703495904311036	-0.37069087986352844
p5f3fscxjt1ulrzv5fr3nlhx	1	2	126	2	1	No-Go	NGW	0	0		1	0.0	1	0.5001	0.5031020309351754	-0.7255249280962964
p5f3fscxjt1ulrzv5fr3nlhx	1	2	132	3	1	No-Go	NGW	0	0		1	0.0	1	0.2886	0.7099315676241726	-0.357735797075124
p5f3fscxjt1ulrzv5fr3nlhx	1	2	133	4	1	No-Go	NGW	0	0		1	1.0	0	0.1644	0.8348217234337968	-0.18704355828503963
p5f3fscxjt1ulrzv5fr3nlhx	1	2	139	5	1	No-Go	NGW	0	0		1	0.0	1	0.3774	0.6171959006301854	-0.5065909246381249
p5f3fscxjt1ulrzv5fr3nlhx	1	2	142	6	1	No-Go	NGW	0	0		1	0.0	1	0.2103	0.7839658486019891	-0.2519786793511933
p5f3fscxjt1ulrzv5fr3nlhx	1	2	145	7	1	No-Go	NGW	0	0		1	0.0	1	0.1212	0.8760884475499991	-0.13593969956949506
p5f3fscxjt1ulrzv5fr3nlhx	1	2	151	8	1	No-Go	NGW	0	0		1	0.0	1	0.0723	0.9248221828150159	-0.07980984344953414
p5f3fscxjt1ulrzv5fr3nlhx	1	2	156	9	1	No-Go	NGW	0	0		1	1.0	0	0.0502	0.9513865578650086	-0.05063907100038157
p5f3fscxjt1ulrzv5fr3nlhx	1	2	159	10	1	No-Go	NGW	0	0		1	0.0	1	0.1691	0.8343344695296857	-0.18776729222137675
p5f3fscxjt1ulrzv5fr3nlhx	1	2	161	11	1	No-Go	NGW	0	0		1	0.0	1	0.0915	0.9048440340369829	-0.10221169392106673
p5f3fscxjt1ulrzv5fr3nlhx	1	2	167	12	1	No-Go	NGW	0	0		1	0.0	1	0.0572	0.9412367077279016	-0.06154175654427525
p5f3fscxjt1ulrzv5fr3nlhx	1	2	169	13	1	No-Go	NGW	0	0		1	0.0	1	0.0388	0.9610315716561701	-0.04024943658616303
p5f3fscxjt1ulrzv5fr3nlhx	1	2	175	14	1	No-Go	NGW	0	0		1	0.0	1	0.0254	0.9724740900581954	-0.028196701427490763
p5f3fscxjt1ulrzv5fr3nlhx	1	2	178	15	1	No-Go	NGW	0	0		1	1.0	0	0.0213	0.9794649849459888	-0.020926266955448563
p5f3fscxjt1ulrzv5fr3nlhx	1	2	182	16	1	No-Go	NGW	0	0		1	0.0	1	0.0907	0.9111768073580108	-0.09671361190097984
p5f3fscxjt1ulrzv5fr3nlhx	1	2	185	17	1	No-Go	NGW	0	0		1	0.0	1	0.0549	0.9460756156260844	-0.056586848753479614
p5f3fscxjt1ulrzv5fr3nlhx	1	2	190	18	1	No-Go	NGW	0	0		1	0.0	1	0.0321	0.9643945689752748	-0.036767255395615824
p5f3fscxjt1ulrzv5fr3nlhx	1	2	194	19	1	No-Go	NGW	0	0		1	1.0	0	0.025	0.974759870207404	-0.025842520354389102
p5f3fscxjt1ulrzv5fr3nlhx	1	2	198	20	1	No-Go	NGW	0	0		1	0.0	1	0.1028	0.8941800856415993	-0.11827548343715351
p5f3fscxjt1ulrzv5fr3nlhx	1	2	201	21	1	No-Go	NGW	0	0		1	0.0	1	0.0622	0.9378368892382228	-0.06590016418672984
p5f3fscxjt1ulrzv5fr3nlhx	1	2	206	22	1	No-Go	NGW	0	0		1	1.0	0	0.0432	0.9601242173621906	-0.04137532844723538
p5f3fscxjt1ulrzv5fr3nlhx	1	2	209	23	1	No-Go	NGW	0	0		1	0.0	1	0.1488	0.8514097649227368	-0.17384604022472566
p5f3fscxjt1ulrzv5fr3nlhx	1	2	216	24	1	No-Go	NGW	0	0		1	0.0	1	0.0865	0.9162410145133101	-0.09048440419018504
p5f3fscxjt1ulrzv5fr3nlhx	1	2	220	25	1	No-Go	NGW	0	0		1	0.0	1	0.0519	0.9486917182403768	-0.053727764626620385
p5f3fscxjt1ulrzv5fr3nlhx	1	2	221	26	1	No-Go	NGW	0	0		1	0.0	1	0.0345	0.9658816556714975	-0.035201074991861536
p5f3fscxjt1ulrzv5fr3nlhx	1	2	225	27	1	No-Go	NGW	0	0		1	0.0	1	0.025	0.9756737889043823	-0.02489528393159352
p5f3fscxjt1ulrzv5fr3nlhx	1	2	231	28	1	No-Go	NGW	0	0		1	0.0	1	0.0181	0.9816232719057678	-0.018715343601424878
p5f3fscxjt1ulrzv5fr3nlhx	1	2	234	29	1	No-Go	NGW	0	0		1	1.0	0	0.0148	0.9854367975659456	-0.014785689996661269
p5f3fscxjt1ulrzv5fr3nlhx	1	2	239	30	1	No-Go	NGW	0	0		1	0.0	1	0.0707	0.9298527807844977	-0.0761435198792803
p5f3fscxjt1ulrzv5fr3nlhx	1	2	124	1	0	No-Go	NGAL	0	0		1	1.0	0	0.6228	0.3767055798836033	-1.0017552143745099
p5f3fscxjt1ulrzv5fr3nlhx	1	2	125	2	0	No-Go	NGAL	0	1	0.56	0	0.0	0	0.6351	0.6405572089270896	-0.45423738894565824
p5f3fscxjt1ulrzv5fr3nlhx	1	2	130	3	0	No-Go	NGAL	0	0		1	0.0	1	0.4098	0.5804310443613788	-0.5566190679676059
p5f3fscxjt1ulrzv5fr3nlhx	1	2	136	4	0	No-Go	NGAL	0	0		1	0.0	1	0.2279	0.7721380869094399	-0.26621890698926054
p5f3fscxjt1ulrzv5fr3nlhx	1	2	137	5	0	No-Go	NGAL	0	0		1	0.0	1	0.1272	0.8749725512255285	-0.1373079982095473
p5f3fscxjt1ulrzv5fr3nlhx	1	2	144	6	0	No-Go	NGAL	0	0		1	0.0	1	0.0754	0.9273683028815587	-0.07711744172893525
p5f3fscxjt1ulrzv5fr3nlhx	1	2	146	7	0	No-Go	NGAL	0	0		1	1.0	0	0.0459	0.9549207232983737	-0.046927835160312535
p5f3fscxjt1ulrzv5fr3nlhx	1	2	149	8	0	No-Go	NGAL	0	0		1	0.0	1	0.0493	0.9503263927165025	-0.05185563906781341
p5f3fscxjt1ulrzv5fr3nlhx	1	2	154	9	0	No-Go	NGAL	0	0		1	0.0	1	0.0326	0.9676356533540181	-0.0333444271071104
p5f3fscxjt1ulrzv5fr3nlhx	1	2	158	10	0	No-Go	NGAL	0	0		1	0.0	1	0.0226	0.9775994757367331	-0.02288981820970706
p5f3fscxjt1ulrzv5fr3nlhx	1	2	164	11	0	No-Go	NGAL	0	0		1	0.0	1	0.0148	0.9836410351331634	-0.01662803481750278
p5f3fscxjt1ulrzv5fr3nlhx	1	2	166	12	0	No-Go	NGAL	0	0		1	0.0	1	0.0127	0.9874761044901456	-0.012685626069936253
p5f3fscxjt1ulrzv5fr3nlhx	1	2	171	13	0	No-Go	NGAL	0	0		1	0.0	1	0.0099	0.9900094524690132	-0.01009599708602355
p5f3fscxjt1ulrzv5fr3nlhx	1	2	174	14	0	No-Go	NGAL	0	0		1	1.0	0	0.009	0.9917415091759451	-0.008332467105123226
p5f3fscxjt1ulrzv5fr3nlhx	1	2	180	15	0	No-Go	NGAL	0	0		1	0.0	1	0.0087	0.990576060471703	-0.009519869768330011
p5f3fscxjt1ulrzv5fr3nlhx	1	2	181	16	0	No-Go	NGAL	0	0		1	0.0	1	0.0075	0.9921584926664564	-0.007909749294345013
p5f3fscxjt1ulrzv5fr3nlhx	1	2	186	17	0	No-Go	NGAL	0	0		1	1.0	0	0.0065	0.9932722543421696	-0.006779590699283004
p5f3fscxjt1ulrzv5fr3nlhx	1	2	189	18	0	No-Go	NGAL	0	1	0.302	0	0.0	0	0.0073	0.007780998069947266	-5.509278710316452
p5f3fscxjt1ulrzv5fr3nlhx	1	2	195	19	0	No-Go	NGAL	0	0		1	0.0	1	0.0041	0.9961266273753645	-0.003893500428454763
p5f3fscxjt1ulrzv5fr3nlhx	1	2	197	20	0	No-Go	NGAL	0	0		1	0.0	1	0.0038	0.996692986179872	-0.0033218319717667785
p5f3fscxjt1ulrzv5fr3nlhx	1	2	202	21	0	No-Go	NGAL	0	0		1	1.0	0	0.0027	0.9970971965714631	-0.0029144562640739963
p5f3fscxjt1ulrzv5fr3nlhx	1	2	207	22	0	No-Go	NGAL	0	0		1	0.0	1	0.003	0.9966240533052504	-0.0033926087531157257
p5f3fscxjt1ulrzv5fr3nlhx	1	2	210	23	0	No-Go	NGAL	0	0		1	0.0	1	0.0033	0.9970645660448371	-0.0029478998986558597
p5f3fscxjt1ulrzv5fr3nlhx	1	2	215	24	0	No-Go	NGAL	0	0		1	0.0	1	0.0036	0.9973793356233455	-0.0026307061052308904
p5f3fscxjt1ulrzv5fr3nlhx	1	2	218	25	0	No-Go	NGAL	0	0		1	0.0	1	0.002	0.997611873345809	-0.002396621009965703
p5f3fscxjt1ulrzv5fr3nlhx	1	2	222	26	0	No-Go	NGAL	0	0		1	1.0	0	0.0025	0.9977878170176108	-0.002219630209479509
p5f3fscxjt1ulrzv5fr3nlhx	1	2	226	27	0	No-Go	NGAL	0	0		1	0.0	1	0.0027	0.9974122848696989	-0.002598501196339915
p5f3fscxjt1ulrzv5fr3nlhx	1	2	230	28	0	No-Go	NGAL	0	0		1	0.0	1	0.0023	0.9976510332075305	-0.002357743508523121
p5f3fscxjt1ulrzv5fr3nlhx	1	2	233	29	0	No-Go	NGAL	0	0		1	0.0	1	0.0029	0.9978262887881317	-0.002181266472537257
p5f3fscxjt1ulrzv5fr3nlhx	1	2	237	30	0	No-Go	NGAL	0	0		1	0.0	1	0.002	0.997958795338683	-0.002047948610505667
p5f3fscxjt1ulrzv5fr3nlhx	1	2	123	1	0	Go	GAL	1	1	0.706	1	0.0	1	0.6231	0.6232944201163966	-0.48206111078736125
p5f3fscxjt1ulrzv5fr3nlhx	1	2	127	2	0	Go	GAL	1	1	0.628	1	0.0	1	0.8036	0.8009247444126962	-0.2269002193589081
p5f3fscxjt1ulrzv5fr3nlhx	1	2	129	3	0	Go	GAL	1	1	0.48	1	0.0	1	0.8892	0.8924423200096818	-0.11610875311771247
p5f3fscxjt1ulrzv5fr3nlhx	1	2	135	4	0	Go	GAL	1	1	0.383	1	1.0	0	0.9337	0.938074315415244	-0.06496130054347768
p5f3fscxjt1ulrzv5fr3nlhx	1	2	140	5	0	Go	GAL	1	1	0.366	1	0.0	1	0.8192	0.8179671525197487	-0.20372831293034713
p5f3fscxjt1ulrzv5fr3nlhx	1	2	141	6	0	Go	GAL	1	1	0.299	1	0.0	1	0.9073	0.9030239129253974	-0.10332110799809784
p5f3fscxjt1ulrzv5fr3nlhx	1	2	147	7	0	Go	GAL	1	1	0.409	1	0.0	1	0.9434	0.944206375090746	-0.058052933210135486
p5f3fscxjt1ulrzv5fr3nlhx	1	2	152	8	0	Go	GAL	1	1	0.387	1	0.0	1	0.9642	0.9653325902426725	-0.03560182545079892
p5f3fscxjt1ulrzv5fr3nlhx	1	2	153	9	0	Go	GAL	1	1	0.297	1	0.0	1	0.9807	0.9769218797603882	-0.023515583780098676
p5f3fscxjt1ulrzv5fr3nlhx	1	2	160	10	0	Go	GAL	1	1	0.385	1	1.0	0	0.983	0.9836820556211889	-0.01654607484491171
p5f3fscxjt1ulrzv5fr3nlhx	1	2	162	11	0	Go	GAL	1	1	0.439	1	0.0	1	0.9383	0.9342912059868933	-0.06884016974728281
p5f3fscxjt1ulrzv5fr3nlhx	1	2	165	12	0	Go	GAL	1	1	0.404	1	1.0	0	0.9586	0.9613795966066833	-0.039696407677487056
p5f3fscxjt1ulrzv5fr3nlhx	1	2	172	13	0	Go	GAL	1	1	0.477	1	0.0	1	0.8641	0.8668228023944788	-0.14729523051832583
p5f3fscxjt1ulrzv5fr3nlhx	1	2	173	14	0	Go	GAL	1	1	0.299	1	0.0	1	0.929	0.9297902327980544	-0.07365715545579432
p5f3fscxjt1ulrzv5fr3nlhx	1	2	179	15	0	Go	GAL	1	1	0.359	1	0.0	1	0.9607	0.9590726687980977	-0.04211762845359042
p5f3fscxjt1ulrzv5fr3nlhx	1	2	184	16	0	Go	GAL	1	1	0.422	1	0.0	1	0.9756	0.9739044155719115	-0.026605981868365915
p5f3fscxjt1ulrzv5fr3nlhx	1	2	188	17	0	Go	GAL	1	1	0.428	1	0.0	1	0.9834	0.9820833067755768	-0.018171709946392608
p5f3fscxjt1ulrzv5fr3nlhx	1	2	191	18	0	Go	GAL	1	1	0.377	1	0.0	1	0.9889	0.9869231058807297	-0.013220359397112942
p5f3fscxjt1ulrzv5fr3nlhx	1	2	196	19	0	Go	GAL	1	1	0.41	1	0.0	1	0.9903	0.9899561185246214	-0.010132839248100933
p5f3fscxjt1ulrzv5fr3nlhx	1	2	200	20	0	Go	GAL	1	1	0.359	1	1.0	0	0.9912	0.9919480623746302	-0.008111816651818125
p5f3fscxjt1ulrzv5fr3nlhx	1	2	203	21	0	Go	GAL	1	1	0.369	1	0.0	1	0.9577	0.9610543520144089	-0.04038346622971377
p5f3fscxjt1ulrzv5fr3nlhx	1	2	208	22	0	Go	GAL	1	1	0.396	1	0.0	1	0.9759	0.9758116086529586	-0.024695177909835497
p5f3fscxjt1ulrzv5fr3nlhx	1	2	212	23	0	Go	GAL	1	1	0.428	1	1.0	0	0.9844	0.983521281855405	-0.01671529480379277
p5f3fscxjt1ulrzv5fr3nlhx	1	2	213	24	0	Go	GAL	1	1	0.422	1	0.0	1	0.9328	0.9295516232237738	-0.07535310808533445
p5f3fscxjt1ulrzv5fr3nlhx	1	2	219	25	0	Go	GAL	1	1	0.394	1	0.0	1	0.9588	0.9605327314981612	-0.0407826629399478
p5f3fscxjt1ulrzv5fr3nlhx	1	2	223	26	0	Go	GAL	1	1	0.376	1	0.0	1	0.9727	0.9753280500296129	-0.025177025019144365
p5f3fscxjt1ulrzv5fr3nlhx	1	2	227	27	0	Go	GAL	1	1	0.436	1	0.0	1	0.9836	0.9831789234782363	-0.01706234334036101
p5f3fscxjt1ulrzv5fr3nlhx	1	2	232	28	0	Go	GAL	1	1	0.385	1	1.0	0	0.9877	0.9877218912799631	-0.012412051357365278
p5f3fscxjt1ulrzv5fr3nlhx	1	2	236	29	0	Go	GAL	1	1	0.547	1	0.0	1	0.9424	0.9443965610726227	-0.05855041394792857
p5f3fscxjt1ulrzv5fr3nlhx	1	2	238	30	0	Go	GAL	1	1	0.449	1	0.0	1	0.968	0.9675899352888202	-0.033308658907611324
qhwl1mwjpvnd9ju8e7yz68b2	1	1	2	1	0	No-Go	NGAL	0	0		1	0.0	1	0.6347	0.3705933866105344	-1.0122735986989022
qhwl1mwjpvnd9ju8e7yz68b2	1	1	5	2	0	No-Go	NGAL	0	1	0.911	0	0.0	0	0.5529	0.5524411790093512	-0.6114522941977729
qhwl1mwjpvnd9ju8e7yz68b2	1	1	11	3	0	No-Go	NGAL	0	0		1	1.0	0	0.4798	0.5239895248377477	-0.6845472293162934
qhwl1mwjpvnd9ju8e7yz68b2	1	1	16	4	0	No-Go	NGAL	0	1	1.216	0	0.0	0	0.5023	0.5053331582561166	-0.7072448362800097
qhwl1mwjpvnd9ju8e7yz68b2	1	1	18	5	0	No-Go	NGAL	0	1	0.734	0	0.0	0	0.4552	0.4515869225674329	-0.8430425752747926
qhwl1mwjpvnd9ju8e7yz68b2	1	1	21	6	0	No-Go	NGAL	0	1	1.119	0	0.0	0	0.4143	0.41124778382834637	-0.9495629630753177
qhwl1mwjpvnd9ju8e7yz68b2	1	1	27	7	0	No-Go	NGAL	0	1	0.823	0	0.0	0	0.3792	0.3784575861168184	-1.0365121898375322
qhwl1mwjpvnd9ju8e7yz68b2	1	1	29	8	0	No-Go	NGAL	0	1	1.031	0	0.0	0	0.3444	0.35050544006293005	-1.1118743448093296
qhwl1mwjpvnd9ju8e7yz68b2	1	1	35	9	0	No-Go	NGAL	0	0		1	0.0	1	0.3247	0.6739636714972587	-0.4069921897132166
qhwl1mwjpvnd9ju8e7yz68b2	1	1	38	10	0	No-Go	NGAL	0	1	0.789	0	1.0	1	0.2731	0.27390246157827497	-1.4363958827202015
qhwl1mwjpvnd9ju8e7yz68b2	1	1	41	11	0	No-Go	NGAL	0	0		1	0.0	1	0.3834	0.6172070895263277	-0.4937767651954113
qhwl1mwjpvnd9ju8e7yz68b2	1	1	46	12	0	No-Go	NGAL	0	1	0.85	0	0.0	0	0.3363	0.3378977277892815	-1.1206505447006312
qhwl1mwjpvnd9ju8e7yz68b2	1	1	52	13	0	No-Go	NGAL	0	1	0.698	0	1.0	1	0.2805	0.2786864486321567	-1.340039767867076
qhwl1mwjpvnd9ju8e7yz68b2	1	1	56	14	0	No-Go	NGAL	0	0		1	0.0	1	0.3671	0.6256566289679804	-0.48190985233909267
qhwl1mwjpvnd9ju8e7yz68b2	1	1	58	15	0	No-Go	NGAL	0	0		1	0.0	1	0.3341	0.6602113382299738	-0.427599105942836
qhwl1mwjpvnd9ju8e7yz68b2	1	1	63	16	0	No-Go	NGAL	0	1	0.614	0	0.0	0	0.3131	0.3126514860787049	-1.2184619331940767
qhwl1mwjpvnd9ju8e7yz68b2	1	1	68	17	0	No-Go	NGAL	0	0		1	1.0	0	0.2426	0.7549592157950905	-0.2870437786495207
qhwl1mwjpvnd9ju8e7yz68b2	1	1	71	18	0	No-Go	NGAL	0	1	0.736	0	0.0	0	0.2811	0.2764664663538109	-1.3401605193888313
qhwl1mwjpvnd9ju8e7yz68b2	1	1	74	19	0	No-Go	NGAL	0	1	0.528	0	0.0	0	0.2343	0.2351050089915912	-1.5092130262383883
qhwl1mwjpvnd9ju8e7yz68b2	1	1	77	20	0	No-Go	NGAL	0	0		1	0.0	1	0.2066	0.7914280061822349	-0.23941240164785688
qhwl1mwjpvnd9ju8e7yz68b2	1	1	82	21	0	No-Go	NGAL	0	1	0.672	0	1.0	1	0.1786	0.17994615386857996	-1.8025183424399385
qhwl1mwjpvnd9ju8e7yz68b2	1	1	85	22	0	No-Go	NGAL	0	1	0.459	0	0.0	0	0.2699	0.26977078328359055	-1.4132418706092118
qhwl1mwjpvnd9ju8e7yz68b2	1	1	89	23	0	No-Go	NGAL	0	0		1	0.0	1	0.2055	0.7888923232206516	-0.2413726757116659
qhwl1mwjpvnd9ju8e7yz68b2	1	1	95	24	0	No-Go	NGAL	0	0		1	0.0	1	0.1939	0.8103712596340469	-0.21407361048817108
qhwl1mwjpvnd9ju8e7yz68b2	1	1	98	25	0	No-Go	NGAL	0	0		1	0.0	1	0.1771	0.8263303459730933	-0.19439964255323874
qhwl1mwjpvnd9ju8e7yz68b2	1	1	104	26	0	No-Go	NGAL	0	0		1	1.0	0	0.1699	0.8391285815548283	-0.17896093726865048
qhwl1mwjpvnd9ju8e7yz68b2	1	1	106	27	0	No-Go	NGAL	0	1	0.646	0	0.0	0	0.1953	0.18974658034009265	-1.8232906911008224
qhwl1mwjpvnd9ju8e7yz68b2	1	1	109	28	0	No-Go	NGAL	0	1	0.728	0	0.0	0	0.1561	0.15969022805433353	-1.9785525537013968
qhwl1mwjpvnd9ju8e7yz68b2	1	1	115	29	0	No-Go	NGAL	0	0		1	0.0	1	0.1409	0.8585800975537612	-0.15744399644452564
qhwl1mwjpvnd9ju8e7yz68b2	1	1	117	30	0	No-Go	NGAL	0	1	0.764	0	0.0	0	0.1171	0.12121288346290043	-2.243231054519411
qhwl1mwjpvnd9ju8e7yz68b2	1	1	1	1	1	Go	GW	1	0		0	0.0	0	0.5086	0.49673965174575785	-0.7376743162149847
qhwl1mwjpvnd9ju8e7yz68b2	1	1	8	2	1	Go	GW	1	1	0.808	1	0.0	1	0.5788	0.5763194657769101	-0.6051181553389121
qhwl1mwjpvnd9ju8e7yz68b2	1	1	12	3	1	Go	GW	1	1	0.684	1	0.0	1	0.779	0.7763135691722849	-0.2718604194209189
qhwl1mwjpvnd9ju8e7yz68b2	1	1	15	4	1	Go	GW	1	1	0.688	1	0.0	1	0.8638	0.8619696480456219	-0.1554228138017423
qhwl1mwjpvnd9ju8e7yz68b2	1	1	20	5	1	Go	GW	1	1	0.674	1	1.0	0	0.9045	0.9041400436510499	-0.1038573712704862
qhwl1mwjpvnd9ju8e7yz68b2	1	1	23	6	1	Go	GW	1	1	0.903	1	0.0	1	0.8437	0.8390769203458378	-0.18445376456893844
qhwl1mwjpvnd9ju8e7yz68b2	1	1	26	7	1	Go	GW	1	1	0.7	1	0.0	1	0.9135	0.9100771529635051	-0.0967260709032848
qhwl1mwjpvnd9ju8e7yz68b2	1	1	30	8	1	Go	GW	1	1	0.607	1	0.0	1	0.9357	0.9322867747152397	-0.07175978864211993
qhwl1mwjpvnd9ju8e7yz68b2	1	1	36	9	1	Go	GW	1	1	0.779	1	0.0	1	0.9443	0.9436476216781955	-0.05934848166785838
qhwl1mwjpvnd9ju8e7yz68b2	1	1	37	10	1	Go	GW	1	1	0.645	1	1.0	0	0.9476	0.9503227063102886	-0.05221634252069637
qhwl1mwjpvnd9ju8e7yz68b2	1	1	44	11	1	Go	GW	1	1	0.55	1	0.0	1	0.8962	0.8936830715413158	-0.12534651185208662
qhwl1mwjpvnd9ju8e7yz68b2	1	1	48	12	1	Go	GW	1	1	0.671	1	0.0	1	0.9377	0.941734578538133	-0.0621941577249274
qhwl1mwjpvnd9ju8e7yz68b2	1	1	49	13	1	Go	GW	1	1	0.753	1	0.0	1	0.952	0.9518146504200429	-0.050917864447644505
qhwl1mwjpvnd9ju8e7yz68b2	1	1	54	14	1	Go	GW	1	1	0.641	1	1.0	0	0.9556	0.9562497080177125	-0.04613871415618652
qhwl1mwjpvnd9ju8e7yz68b2	1	1	57	15	1	Go	GW	1	1	0.761	1	0.0	1	0.9002	0.9007532866483462	-0.11874348082844914
qhwl1mwjpvnd9ju8e7yz68b2	1	1	62	16	1	Go	GW	1	1	0.632	1	0.0	1	0.9475	0.946744439640991	-0.05711300791122658
qhwl1mwjpvnd9ju8e7yz68b2	1	1	66	17	1	Go	GW	1	1	0.607	1	0.0	1	0.9521	0.9553284760488001	-0.04735187454553761
qhwl1mwjpvnd9ju8e7yz68b2	1	1	72	18	1	Go	GW	1	1	1.351	1	0.0	1	0.9591	0.9587536586853203	-0.0436105401598321
qhwl1mwjpvnd9ju8e7yz68b2	1	1	73	19	1	Go	GW	1	1	0.584	1	1.0	0	0.9615	0.9605682644237579	-0.04167784016583825
qhwl1mwjpvnd9ju8e7yz68b2	1	1	78	20	1	Go	GW	1	1	0.61	1	0.0	1	0.9074	0.9061980612986277	-0.11313370396131538
qhwl1mwjpvnd9ju8e7yz68b2	1	1	81	21	1	Go	GW	1	1	0.476	1	1.0	0	0.9518	0.950183192904315	-0.053592986362665684
qhwl1mwjpvnd9ju8e7yz68b2	1	1	87	22	1	Go	GW	1	1	0.593	1	0.0	1	0.8944	0.8929585408637162	-0.131845936988076
qhwl1mwjpvnd9ju8e7yz68b2	1	1	92	23	1	Go	GW	1	1	0.543	1	0.0	1	0.9466	0.9462314378517324	-0.058162551947742475
qhwl1mwjpvnd9ju8e7yz68b2	1	1	96	24	1	Go	GW	1	1	0.508	1	0.0	1	0.9541	0.9558454853552372	-0.04699693482793736
qhwl1mwjpvnd9ju8e7yz68b2	1	1	100	25	1	Go	GW	1	1	0.5	1	0.0	1	0.9593	0.9594225068296535	-0.043013588896626286
qhwl1mwjpvnd9ju8e7yz68b2	1	1	103	26	1	Go	GW	1	1	0.603	1	0.0	1	0.9658	0.9611913852248765	-0.04109442604333751
qhwl1mwjpvnd9ju8e7yz68b2	1	1	107	27	1	Go	GW	1	1	0.623	1	1.0	0	0.9616	0.9622123047520501	-0.04000745440718913
qhwl1mwjpvnd9ju8e7yz68b2	1	1	111	28	1	Go	GW	1	1	0.516	1	0.0	1	0.9095	0.9082843671945189	-0.11103778290856055
qhwl1mwjpvnd9ju8e7yz68b2	1	1	116	29	1	Go	GW	1	1	0.496	1	0.0	1	0.9532	0.9515898170585988	-0.05217784714075357
qhwl1mwjpvnd9ju8e7yz68b2	1	1	120	30	1	Go	GW	1	1	0.505	1	0.0	1	0.9565	0.9587288916946076	-0.043917200500974765
qhwl1mwjpvnd9ju8e7yz68b2	1	1	3	1	1	No-Go	NGW	0	1	1.108	0	0.0	0	0.508	0.5032603482542422	-0.72523861662095
qhwl1mwjpvnd9ju8e7yz68b2	1	1	7	2	1	No-Go	NGW	0	1	0.467	0	0.0	0	0.4218	0.4247688402583997	-0.8861075647028733
qhwl1mwjpvnd9ju8e7yz68b2	1	1	9	3	1	No-Go	NGW	0	0		1	0.0	1	0.3824	0.6278160361924207	-0.4780058020295251
qhwl1mwjpvnd9ju8e7yz68b2	1	1	14	4	1	No-Go	NGW	0	0		1	0.0	1	0.3012	0.6945501242813038	-0.3797110850373969
qhwl1mwjpvnd9ju8e7yz68b2	1	1	19	5	1	No-Go	NGW	0	0		1	1.0	0	0.2686	0.7358640260364757	-0.3209812981469552
qhwl1mwjpvnd9ju8e7yz68b2	1	1	24	6	1	No-Go	NGW	0	0		1	0.0	1	0.357	0.6443252134275378	-0.4507525606805371
qhwl1mwjpvnd9ju8e7yz68b2	1	1	25	7	1	No-Go	NGW	0	0		1	1.0	0	0.2811	0.7145173653257649	-0.3465898885969517
qhwl1mwjpvnd9ju8e7yz68b2	1	1	32	8	1	No-Go	NGW	0	0		1	0.0	1	0.3698	0.6258223261921552	-0.4831543611676739
qhwl1mwjpvnd9ju8e7yz68b2	1	1	33	9	1	No-Go	NGW	0	0		1	0.0	1	0.3042	0.7050469880325316	-0.3593759863631245
qhwl1mwjpvnd9ju8e7yz68b2	1	1	39	10	1	No-Go	NGW	0	0		1	0.0	1	0.2527	0.7492327185342357	-0.29887301457743093
qhwl1mwjpvnd9ju8e7yz68b2	1	1	42	11	1	No-Go	NGW	0	0		1	0.0	1	0.2208	0.7793912683180392	-0.2580944791774441
qhwl1mwjpvnd9ju8e7yz68b2	1	1	45	12	1	No-Go	NGW	0	0		1	0.0	1	0.2012	0.8024664829396082	-0.22726389574770964
qhwl1mwjpvnd9ju8e7yz68b2	1	1	51	13	1	No-Go	NGW	0	0		1	0.0	1	0.1741	0.8211930865726398	-0.20269322730028863
qhwl1mwjpvnd9ju8e7yz68b2	1	1	53	14	1	No-Go	NGW	0	0		1	0.0	1	0.1598	0.8368862546502714	-0.18253972828435291
qhwl1mwjpvnd9ju8e7yz68b2	1	1	60	15	1	No-Go	NGW	0	0		1	1.0	0	0.1423	0.8502851290640326	-0.16571180551206124
qhwl1mwjpvnd9ju8e7yz68b2	1	1	61	16	1	No-Go	NGW	0	0		1	0.0	1	0.2396	0.7663499068750995	-0.278829624559435
qhwl1mwjpvnd9ju8e7yz68b2	1	1	67	17	1	No-Go	NGW	0	0		1	0.0	1	0.1844	0.8158564563729526	-0.20705201115613667
qhwl1mwjpvnd9ju8e7yz68b2	1	1	69	18	1	No-Go	NGW	0	0		1	0.0	1	0.1598	0.8416448855691521	-0.17516515430363155
qhwl1mwjpvnd9ju8e7yz68b2	1	1	76	19	1	No-Go	NGW	0	0		1	0.0	1	0.1369	0.858588639788525	-0.15483893980840754
qhwl1mwjpvnd9ju8e7yz68b2	1	1	80	20	1	No-Go	NGW	0	0		1	1.0	0	0.127	0.8712228920228651	-0.13990765569007804
qhwl1mwjpvnd9ju8e7yz68b2	1	1	84	21	1	No-Go	NGW	0	0		1	0.0	1	0.2098	0.7894244838104671	-0.2533667039820632
qhwl1mwjpvnd9ju8e7yz68b2	1	1	88	22	1	No-Go	NGW	0	0		1	0.0	1	0.1584	0.8376871106839404	-0.18105722290883963
qhwl1mwjpvnd9ju8e7yz68b2	1	1	90	23	1	No-Go	NGW	0	0		1	0.0	1	0.1357	0.8615944120385711	-0.15144860069329522
qhwl1mwjpvnd9ju8e7yz68b2	1	1	94	24	1	No-Go	NGW	0	0		1	1.0	0	0.1182	0.8765749795116174	-0.13373468384219828
qhwl1mwjpvnd9ju8e7yz68b2	1	1	99	25	1	No-Go	NGW	0	0		1	0.0	1	0.2017	0.7953654586315094	-0.24948079240495413
qhwl1mwjpvnd9ju8e7yz68b2	1	1	101	26	1	No-Go	NGW	0	0		1	0.0	1	0.1558	0.8447758556276532	-0.17347909449313056
qhwl1mwjpvnd9ju8e7yz68b2	1	1	105	27	1	No-Go	NGW	0	0		1	0.0	1	0.1324	0.8686899174493258	-0.1435269296748858
qhwl1mwjpvnd9ju8e7yz68b2	1	1	112	28	1	No-Go	NGW	0	0		1	1.0	0	0.1176	0.8832811628134714	-0.12623300277529992
qhwl1mwjpvnd9ju8e7yz68b2	1	1	113	29	1	No-Go	NGW	0	0		1	0.0	1	0.2042	0.8029135156599759	-0.24199995796577517
qhwl1mwjpvnd9ju8e7yz68b2	1	1	118	30	1	No-Go	NGW	0	0		1	0.0	1	0.1539	0.8517959360317975	-0.16587303715544804
qhwl1mwjpvnd9ju8e7yz68b2	1	1	4	1	0	Go	GAL	1	1	1.007	1	0.0	1	0.6318	0.6294066133894656	-0.46939870876264594
qhwl1mwjpvnd9ju8e7yz68b2	1	1	6	2	0	Go	GAL	1	1	0.48	1	1.0	0	0.6954	0.6968538774894029	-0.37140089140215676
qhwl1mwjpvnd9ju8e7yz68b2	1	1	10	3	0	Go	GAL	1	0		0	0.0	0	0.6168	0.3937423836264516	-0.9530159702736747
qhwl1mwjpvnd9ju8e7yz68b2	1	1	13	4	0	Go	GAL	1	0		0	0.0	0	0.632	0.37197184114929643	-1.0039203339873817
qhwl1mwjpvnd9ju8e7yz68b2	1	1	17	5	0	Go	GAL	1	0		0	0.0	0	0.647	0.3566420258030854	-1.0511506864211124
qhwl1mwjpvnd9ju8e7yz68b2	1	1	22	6	0	Go	GAL	1	1	0.518	1	1.0	0	0.6558	0.6550693979032719	-0.4301605613681766
qhwl1mwjpvnd9ju8e7yz68b2	1	1	28	7	0	Go	GAL	1	0		0	0.0	0	0.5845	0.4082000492526878	-0.9087670038771946
qhwl1mwjpvnd9ju8e7yz68b2	1	1	31	8	0	Go	GAL	1	1	0.727	1	0.0	1	0.6059	0.6026260045034003	-0.5126615393718257
qhwl1mwjpvnd9ju8e7yz68b2	1	1	34	9	0	Go	GAL	1	1	0.881	1	0.0	1	0.7017	0.6926709394567799	-0.38428202872255496
qhwl1mwjpvnd9ju8e7yz68b2	1	1	40	10	0	Go	GAL	1	1	0.655	1	0.0	1	0.742	0.7400386964050598	-0.3198521413327426
qhwl1mwjpvnd9ju8e7yz68b2	1	1	43	11	0	Go	GAL	1	1	0.605	1	0.0	1	0.7738	0.7725897432103132	-0.2746788390451207
qhwl1mwjpvnd9ju8e7yz68b2	1	1	47	12	0	Go	GAL	1	1	0.59	1	0.0	1	0.7969	0.7979315556373953	-0.23957908371055656
qhwl1mwjpvnd9ju8e7yz68b2	1	1	50	13	0	Go	GAL	1	1	0.734	1	1.0	0	0.8163	0.8188058963906607	-0.21111206221836112
qhwl1mwjpvnd9ju8e7yz68b2	1	1	55	14	0	Go	GAL	1	1	1.167	1	0.0	1	0.7509	0.7524269066564231	-0.290059292273297
qhwl1mwjpvnd9ju8e7yz68b2	1	1	59	15	0	Go	GAL	1	1	0.716	1	0.0	1	0.797	0.7979927163532575	-0.23357136723917313
qhwl1mwjpvnd9ju8e7yz68b2	1	1	64	16	0	Go	GAL	1	1	0.512	1	0.0	1	0.8234	0.8244368140927236	-0.20075361039693573
qhwl1mwjpvnd9ju8e7yz68b2	1	1	65	17	0	Go	GAL	1	1	0.583	1	1.0	0	0.843	0.8437543560831551	-0.17653558988187207
qhwl1mwjpvnd9ju8e7yz68b2	1	1	70	18	0	Go	GAL	1	1	0.635	1	0.0	1	0.7833	0.7788721951147143	-0.25357561750110286
qhwl1mwjpvnd9ju8e7yz68b2	1	1	75	19	0	Go	GAL	1	1	0.617	1	0.0	1	0.8228	0.8226571980970142	-0.199876623945558
qhwl1mwjpvnd9ju8e7yz68b2	1	1	79	20	0	Go	GAL	1	0		0	0.0	0	0.8423	0.15332446191772744	-2.0569792935261777
qhwl1mwjpvnd9ju8e7yz68b2	1	1	83	21	0	Go	GAL	1	1	0.912	1	1.0	0	0.8561	0.8504794951182596	-0.16693030823810132
qhwl1mwjpvnd9ju8e7yz68b2	1	1	86	22	0	Go	GAL	1	0		0	0.0	0	0.7921	0.2122717954550484	-1.5958743048276771
qhwl1mwjpvnd9ju8e7yz68b2	1	1	91	23	0	Go	GAL	1	1	0.984	1	0.0	1	0.7882	0.7932591231960275	-0.23490837832203693
qhwl1mwjpvnd9ju8e7yz68b2	1	1	93	24	0	Go	GAL	1	0		0	0.0	0	0.8388	0.1636276692550163	-1.9318726406593805
qhwl1mwjpvnd9ju8e7yz68b2	1	1	97	25	0	Go	GAL	1	1	0.574	1	0.0	1	0.8456	0.8399279935107549	-0.1786352480109695
qhwl1mwjpvnd9ju8e7yz68b2	1	1	102	26	0	Go	GAL	1	1	0.568	1	0.0	1	0.8623	0.8622062442485204	-0.15253919795759618
qhwl1mwjpvnd9ju8e7yz68b2	1	1	108	27	0	Go	GAL	1	1	0.566	1	1.0	0	0.8781	0.877730391905858	-0.1342170481780938
qhwl1mwjpvnd9ju8e7yz68b2	1	1	110	28	0	Go	GAL	1	0		0	0.0	0	0.8184	0.1781389017567076	-1.7873311628427604
qhwl1mwjpvnd9ju8e7yz68b2	1	1	114	29	0	Go	GAL	1	0		0	0.0	0	0.8264	0.17423352513869603	-1.814096771515111
qhwl1mwjpvnd9ju8e7yz68b2	1	1	119	30	0	Go	GAL	1	1	0.859	1	0.0	1	0.8242	0.8292586499124858	-0.19012885637981997
qhwl1mwjpvnd9ju8e7yz68b2	1	2	123	1	0	Go	GAL	1	0		0	0.0	0	0.6271	0.3705933866105344	-1.0122735986989022
qhwl1mwjpvnd9ju8e7yz68b2	1	2	125	2	0	Go	GAL	1	0		0	1.0	1	0.6538	0.3503633682062557	-1.0772234714892226
qhwl1mwjpvnd9ju8e7yz68b2	1	2	131	3	0	Go	GAL	1	0		0	0.0	0	0.5648	0.43474479457200715	-0.8494577958100793
qhwl1mwjpvnd9ju8e7yz68b2	1	2	136	4	0	Go	GAL	1	0		0	0.0	0	0.5946	0.40586209826138886	-0.9164469409087644
qhwl1mwjpvnd9ju8e7yz68b2	1	2	137	5	0	Go	GAL	1	1	0.423	1	0.0	1	0.6174	0.6139646752659119	-0.49671284402693194
qhwl1mwjpvnd9ju8e7yz68b2	1	2	144	6	0	Go	GAL	1	1	0.564	1	1.0	0	0.682	0.6808152593732252	-0.398976561119215
qhwl1mwjpvnd9ju8e7yz68b2	1	2	145	7	0	Go	GAL	1	0		0	0.0	0	0.5901	0.4085352940698813	-0.9123478351636799
qhwl1mwjpvnd9ju8e7yz68b2	1	2	150	8	0	Go	GAL	1	0		0	0.0	0	0.6094	0.39241074970772355	-0.9594087932983612
qhwl1mwjpvnd9ju8e7yz68b2	1	2	155	9	0	Go	GAL	1	1	0.705	1	0.0	1	0.6179	0.6205282083335856	-0.4869278712637843
qhwl1mwjpvnd9ju8e7yz68b2	1	2	157	10	0	Go	GAL	1	1	0.688	1	0.0	1	0.6897	0.6935513677142433	-0.3826644482302416
qhwl1mwjpvnd9ju8e7yz68b2	1	2	161	11	0	Go	GAL	1	1	0.538	1	0.0	1	0.7289	0.7360486704941276	-0.3235077327153844
qhwl1mwjpvnd9ju8e7yz68b2	1	2	165	12	0	Go	GAL	1	1	0.548	1	0.0	1	0.7658	0.76661500527643	-0.28060493376718404
qhwl1mwjpvnd9ju8e7yz68b2	1	2	169	13	0	Go	GAL	1	1	1.392	1	1.0	0	0.795	0.7908799897274689	-0.24682182458339766
qhwl1mwjpvnd9ju8e7yz68b2	1	2	176	14	0	Go	GAL	1	1	0.869	1	0.0	1	0.7221	0.7129718026423724	-0.3448212301878125
qhwl1mwjpvnd9ju8e7yz68b2	1	2	180	15	0	Go	GAL	1	0		0	0.0	0	0.7644	0.23398642921140508	-1.579474192109032
qhwl1mwjpvnd9ju8e7yz68b2	1	2	182	16	0	Go	GAL	1	1	1.2	1	0.0	1	0.7737	0.772877324816675	-0.2666858805420566
qhwl1mwjpvnd9ju8e7yz68b2	1	2	186	17	0	Go	GAL	1	1	1.107	1	1.0	0	0.7987	0.8024811798919825	-0.2289009905151615
qhwl1mwjpvnd9ju8e7yz68b2	1	2	190	18	0	Go	GAL	1	1	0.864	1	0.0	1	0.7227	0.7280770188545567	-0.32323635965904535
qhwl1mwjpvnd9ju8e7yz68b2	1	2	193	19	0	Go	GAL	1	0		0	0.0	0	0.7925	0.2181559770500266	-1.6450320397630063
qhwl1mwjpvnd9ju8e7yz68b2	1	2	200	20	0	Go	GAL	1	1	0.883	1	0.0	1	0.787	0.7877748258359554	-0.245833770319199
qhwl1mwjpvnd9ju8e7yz68b2	1	2	202	21	0	Go	GAL	1	1	1.163	1	1.0	0	0.8225	0.8166689591800806	-0.20983649434807664
qhwl1mwjpvnd9ju8e7yz68b2	1	2	205	22	0	Go	GAL	1	1	0.987	1	0.0	1	0.7543	0.7458720750483622	-0.29863811966221737
qhwl1mwjpvnd9ju8e7yz68b2	1	2	212	23	0	Go	GAL	1	0		0	0.0	0	0.8014	0.20270956300496867	-1.7216954385705159
qhwl1mwjpvnd9ju8e7yz68b2	1	2	216	24	0	Go	GAL	1	0		0	0.0	0	0.8009	0.19760531582793137	-1.763258899481634
qhwl1mwjpvnd9ju8e7yz68b2	1	2	217	25	0	Go	GAL	1	1	1.059	1	0.0	1	0.8067	0.8069086583610758	-0.22105085887453568
qhwl1mwjpvnd9ju8e7yz68b2	1	2	221	26	0	Go	GAL	1	1	1.237	1	0.0	1	0.8382	0.8334279070085395	-0.18866265739445742
qhwl1mwjpvnd9ju8e7yz68b2	1	2	226	27	0	Go	GAL	1	1	0.671	1	1.0	0	0.8545	0.8521485903058194	-0.1656605728680353
qhwl1mwjpvnd9ju8e7yz68b2	1	2	229	28	0	Go	GAL	1	1	0.948	1	0.0	1	0.7849	0.7891799218510398	-0.24123728859936422
qhwl1mwjpvnd9ju8e7yz68b2	1	2	233	29	0	Go	GAL	1	1	0.855	1	0.0	1	0.8347	0.8311998752174109	-0.18938061659809358
qhwl1mwjpvnd9ju8e7yz68b2	1	2	239	30	0	Go	GAL	1	1	0.986	1	0.0	1	0.8545	0.8540647765170787	-0.16217489161289367
qhwl1mwjpvnd9ju8e7yz68b2	1	2	121	1	1	No-Go	NGW	0	0		1	0.0	1	0.5041	0.49673965174575785	-0.7376743162149847
qhwl1mwjpvnd9ju8e7yz68b2	1	2	128	2	1	No-Go	NGW	0	0		1	0.0	1	0.4213	0.5752311597416003	-0.5688063758846811
qhwl1mwjpvnd9ju8e7yz68b2	1	2	129	3	1	No-Go	NGW	0	1	0.918	0	0.0	0	0.3712	0.37218396380757934	-1.0240366362844888
qhwl1mwjpvnd9ju8e7yz68b2	1	2	134	4	1	No-Go	NGW	0	0		1	0.0	1	0.3035	0.6945501242813038	-0.3797110850373969
qhwl1mwjpvnd9ju8e7yz68b2	1	2	138	5	1	No-Go	NGW	0	0		1	1.0	0	0.2689	0.7281750836994645	-0.3298770149067975
qhwl1mwjpvnd9ju8e7yz68b2	1	2	143	6	1	No-Go	NGW	0	1	0.671	0	0.0	0	0.3783	0.3751112611158297	-1.0242044648685624
qhwl1mwjpvnd9ju8e7yz68b2	1	2	148	7	1	No-Go	NGW	0	0		1	1.0	0	0.3244	0.6751796185621435	-0.4029714255413757
qhwl1mwjpvnd9ju8e7yz68b2	1	2	151	8	1	No-Go	NGW	0	1	0.533	0	0.0	0	0.399	0.3996353764165836	-0.9751089670375002
qhwl1mwjpvnd9ju8e7yz68b2	1	2	153	9	1	No-Go	NGW	0	1	0.657	0	0.0	0	0.3523	0.36050804441018297	-1.0833767562990424
qhwl1mwjpvnd9ju8e7yz68b2	1	2	158	10	1	No-Go	NGW	0	1	0.503	0	0.0	0	0.3245	0.3301370107872796	-1.183428906004875
qhwl1mwjpvnd9ju8e7yz68b2	1	2	163	11	1	No-Go	NGW	0	1	0.681	0	0.0	0	0.3033	0.3055333982019322	-1.2781419858645284
qhwl1mwjpvnd9ju8e7yz68b2	1	2	166	12	1	No-Go	NGW	0	1	0.556	0	0.0	0	0.2819	0.2850005610572452	-1.3694837424049695
qhwl1mwjpvnd9ju8e7yz68b2	1	2	171	13	1	No-Go	NGW	0	0		1	0.0	1	0.2712	0.7324747622560721	-0.3383930679183775
qhwl1mwjpvnd9ju8e7yz68b2	1	2	173	14	1	No-Go	NGW	0	1	1.322	0	0.0	0	0.1855	0.19039184065584866	-1.7286753703442432
qhwl1mwjpvnd9ju8e7yz68b2	1	2	178	15	1	No-Go	NGW	0	1	1.064	0	1.0	1	0.1802	0.1770719032739457	-1.8106426638878024
qhwl1mwjpvnd9ju8e7yz68b2	1	2	183	16	1	No-Go	NGW	0	1	0.811	0	0.0	0	0.4938	0.4942332057132801	-0.8084496667727278
qhwl1mwjpvnd9ju8e7yz68b2	1	2	188	17	1	No-Go	NGW	0	0		1	0.0	1	0.3887	0.6062677065868729	-0.5254849420056378
qhwl1mwjpvnd9ju8e7yz68b2	1	2	189	18	1	No-Go	NGW	0	0		1	0.0	1	0.3409	0.6664429391179681	-0.42214613369885945
qhwl1mwjpvnd9ju8e7yz68b2	1	2	195	19	1	No-Go	NGW	0	0		1	0.0	1	0.2911	0.7064264802072127	-0.36069541124634497
qhwl1mwjpvnd9ju8e7yz68b2	1	2	199	20	1	No-Go	NGW	0	0		1	1.0	0	0.2663	0.7358764131840003	-0.3175433007625375
qhwl1mwjpvnd9ju8e7yz68b2	1	2	203	21	1	No-Go	NGW	0	0		1	0.0	1	0.3782	0.6233517660603882	-0.5191222464082701
qhwl1mwjpvnd9ju8e7yz68b2	1	2	208	22	1	No-Go	NGW	0	0		1	0.0	1	0.3077	0.6933082728086414	-0.3817427056643616
qhwl1mwjpvnd9ju8e7yz68b2	1	2	209	23	1	No-Go	NGW	0	0		1	0.0	1	0.2681	0.7347170826957823	-0.31905951654576703
qhwl1mwjpvnd9ju8e7yz68b2	1	2	213	24	1	No-Go	NGW	0	0		1	1.0	0	0.2352	0.762732709585349	-0.2796544764245294
qhwl1mwjpvnd9ju8e7yz68b2	1	2	218	25	1	No-Go	NGW	0	0		1	0.0	1	0.3466	0.6522100501812054	-0.48346591942238576
qhwl1mwjpvnd9ju8e7yz68b2	1	2	223	26	1	No-Go	NGW	0	0		1	0.0	1	0.2816	0.7196671912406382	-0.3459644766272251
qhwl1mwjpvnd9ju8e7yz68b2	1	2	227	27	1	No-Go	NGW	0	0		1	0.0	1	0.2394	0.758519029982561	-0.2870289250866505
qhwl1mwjpvnd9ju8e7yz68b2	1	2	231	28	1	No-Go	NGW	0	0		1	1.0	0	0.2195	0.7840834916904692	-0.2516105114385231
qhwl1mwjpvnd9ju8e7yz68b2	1	2	236	29	1	No-Go	NGW	0	0		1	0.0	1	0.332	0.6751540488773964	-0.45630637877033386
qhwl1mwjpvnd9ju8e7yz68b2	1	2	238	30	1	No-Go	NGW	0	1	0.805	0	0.0	0	0.2536	0.2597460463753077	-1.5108149573867857
qhwl1mwjpvnd9ju8e7yz68b2	1	2	124	1	1	Go	GW	1	0		0	0.0	0	0.5163	0.49673965174575785	-0.7376743162149847
qhwl1mwjpvnd9ju8e7yz68b2	1	2	126	2	1	Go	GW	1	0		0	0.0	0	0.5821	0.42368053422308993	-0.9782549623382523
qhwl1mwjpvnd9ju8e7yz68b2	1	2	130	3	1	Go	GW	1	1	1.037	1	0.0	1	0.6251	0.623274796663753	-0.5261499506980417
qhwl1mwjpvnd9ju8e7yz68b2	1	2	135	4	1	Go	GW	1	1	0.724	1	0.0	1	0.8038	0.8060411589557914	-0.23249818760141944
qhwl1mwjpvnd9ju8e7yz68b2	1	2	140	5	1	Go	GW	1	1	0.456	1	1.0	0	0.8829	0.8828271829422071	-0.13070101100510165
qhwl1mwjpvnd9ju8e7yz68b2	1	2	142	6	1	Go	GW	1	1	0.431	1	0.0	1	0.8242	0.8247094388119376	-0.19878154590369046
qhwl1mwjpvnd9ju8e7yz68b2	1	2	147	7	1	Go	GW	1	1	0.917	1	0.0	1	0.9012	0.9043862914754898	-0.10371192551515243
qhwl1mwjpvnd9ju8e7yz68b2	1	2	149	8	1	Go	GW	1	1	0.514	1	0.0	1	0.9363	0.9327960407833967	-0.07127606582959432
qhwl1mwjpvnd9ju8e7yz68b2	1	2	154	9	1	Go	GW	1	1	0.486	1	0.0	1	0.9449	0.9474963919286132	-0.055000168634340284
qhwl1mwjpvnd9ju8e7yz68b2	1	2	159	10	1	Go	GW	1	1	0.464	1	1.0	0	0.9579	0.9560015945564708	-0.045815131631935464
qhwl1mwjpvnd9ju8e7yz68b2	1	2	164	11	1	Go	GW	1	1	0.464	1	0.0	1	0.9099	0.9102304725783635	-0.10077896532569768
qhwl1mwjpvnd9ju8e7yz68b2	1	2	168	12	1	Go	GW	1	1	1.075	1	0.0	1	0.9507	0.9506535629015518	-0.05180959505251115
qhwl1mwjpvnd9ju8e7yz68b2	1	2	170	13	1	Go	GW	1	1	0.736	1	0.0	1	0.9598	0.9599401965130868	-0.04174327804394559
qhwl1mwjpvnd9ju8e7yz68b2	1	2	174	14	1	Go	GW	1	1	1.368	1	1.0	0	0.9644	0.9643327881281996	-0.037091407037539575
qhwl1mwjpvnd9ju8e7yz68b2	1	2	177	15	1	Go	GW	1	1	1.055	1	0.0	1	0.9199	0.9201730713963465	-0.09085818580820787
qhwl1mwjpvnd9ju8e7yz68b2	1	2	184	16	1	Go	GW	1	1	0.783	1	0.0	1	0.9594	0.9572946953466442	-0.044932712255105804
qhwl1mwjpvnd9ju8e7yz68b2	1	2	187	17	1	Go	GW	1	1	0.968	1	0.0	1	0.9631	0.9644379560246321	-0.03711407164169109
qhwl1mwjpvnd9ju8e7yz68b2	1	2	192	18	1	Go	GW	1	1	0.95	1	0.0	1	0.9662	0.967454990995458	-0.03390228964166056
qhwl1mwjpvnd9ju8e7yz68b2	1	2	196	19	1	Go	GW	1	1	0.787	1	1.0	0	0.9714	0.969120800800068	-0.03215881937963841
qhwl1mwjpvnd9ju8e7yz68b2	1	2	198	20	1	Go	GW	1	1	1.018	1	0.0	1	0.9267	0.9261972979549115	-0.08471764397240397
qhwl1mwjpvnd9ju8e7yz68b2	1	2	204	21	1	Go	GW	1	1	1.205	1	1.0	0	0.9592	0.9611414537216165	-0.040993488882374286
qhwl1mwjpvnd9ju8e7yz68b2	1	2	207	22	1	Go	GW	1	0		0	0.0	0	0.9118	0.08462663152546906	-5.069136552665481
qhwl1mwjpvnd9ju8e7yz68b2	1	2	211	23	1	Go	GW	1	1	1.301	1	0.0	1	0.9305	0.9275753011281215	-0.08279502520548798
qhwl1mwjpvnd9ju8e7yz68b2	1	2	214	24	1	Go	GW	1	1	1.118	1	0.0	1	0.9638	0.9647073512832117	-0.03704302289761758
qhwl1mwjpvnd9ju8e7yz68b2	1	2	219	25	1	Go	GW	1	1	0.97	1	0.0	1	0.9704	0.971132643223798	-0.030008356312261543
qhwl1mwjpvnd9ju8e7yz68b2	1	2	224	26	1	Go	GW	1	1	0.857	1	0.0	1	0.9697	0.9735828402395368	-0.027394045071513343
qhwl1mwjpvnd9ju8e7yz68b2	1	2	225	27	1	Go	GW	1	1	0.864	1	1.0	0	0.9735	0.9748300673421513	-0.026083677783525463
qhwl1mwjpvnd9ju8e7yz68b2	1	2	230	28	1	Go	GW	1	1	0.7	1	0.0	1	0.9369	0.9378539378604995	-0.07029339605094898
qhwl1mwjpvnd9ju8e7yz68b2	1	2	234	29	1	Go	GW	1	1	0.717	1	0.0	1	0.9661	0.9680878691413239	-0.03342689871575468
qhwl1mwjpvnd9ju8e7yz68b2	1	2	237	30	1	Go	GW	1	1	0.926	1	0.0	1	0.9728	0.9729610604570116	-0.028103553988897988
qhwl1mwjpvnd9ju8e7yz68b2	1	2	122	1	0	No-Go	NGAL	0	1	0.904	0	0.0	0	0.6276	0.6294066133894656	-0.46939870876264594
qhwl1mwjpvnd9ju8e7yz68b2	1	2	127	2	0	No-Go	NGAL	0	0		1	0.0	1	0.5546	0.44755882099064886	-0.8254903182739796
qhwl1mwjpvnd9ju8e7yz68b2	1	2	132	3	0	No-Go	NGAL	0	1	1.067	0	1.0	1	0.4822	0.47601047516225226	-0.8200691124090769
qhwl1mwjpvnd9ju8e7yz68b2	1	2	133	4	0	No-Go	NGAL	0	1	0.681	0	0.0	0	0.5801	0.5765655375423555	-0.5585989858906815
qhwl1mwjpvnd9ju8e7yz68b2	1	2	139	5	0	No-Go	NGAL	0	1	1.122	0	0.0	0	0.4825	0.48763943360949263	-0.7728124139696817
qhwl1mwjpvnd9ju8e7yz68b2	1	2	146	7	0	No-Go	NGAL	0	0		1	0.0	1	0.3906	0.6096346759081148	-0.5284414213220471
qhwl1mwjpvnd9ju8e7yz68b2	1	2	152	8	0	No-Go	NGAL	0	1	0.208	0	0.0	0	0.3479	0.34497330424234185	-1.2706807195316907
qhwl1mwjpvnd9ju8e7yz68b2	1	2	156	9	0	No-Go	NGAL	0	0		1	0.0	1	0.3031	0.6857750614235336	-0.4048831211216256
qhwl1mwjpvnd9ju8e7yz68b2	1	2	160	10	0	No-Go	NGAL	0	0		1	1.0	0	0.28	0.7182244925527996	-0.3549962995885183
qhwl1mwjpvnd9ju8e7yz68b2	1	2	162	11	0	No-Go	NGAL	0	1	0.95	0	0.0	0	0.3071	0.30448107511606876	-1.3064678311934432
qhwl1mwjpvnd9ju8e7yz68b2	1	2	167	12	0	No-Go	NGAL	0	0		1	0.0	1	0.2808	0.7209062609337249	-0.34159624175864284
qhwl1mwjpvnd9ju8e7yz68b2	1	2	172	13	0	No-Go	NGAL	0	0		1	1.0	0	0.24	0.7573648691415852	-0.29207463578419607
qhwl1mwjpvnd9ju8e7yz68b2	1	2	175	14	0	No-Go	NGAL	0	0		1	0.0	1	0.2707	0.735433412064736	-0.3186538153526621
qhwl1mwjpvnd9ju8e7yz68b2	1	2	179	15	0	No-Go	NGAL	0	0		1	0.0	1	0.2253	0.7727677495661597	-0.2686556817266749
qhwl1mwjpvnd9ju8e7yz68b2	1	2	181	16	0	No-Go	NGAL	0	0		1	0.0	1	0.1938	0.797077455231672	-0.2366122876073768
qhwl1mwjpvnd9ju8e7yz68b2	1	2	185	17	0	No-Go	NGAL	0	0		1	1.0	0	0.1818	0.8158741891390582	-0.211794617301919
qhwl1mwjpvnd9ju8e7yz68b2	1	2	191	18	0	No-Go	NGAL	0	0		1	0.0	1	0.2037	0.7950539275168514	-0.236465513085857
qhwl1mwjpvnd9ju8e7yz68b2	1	2	194	19	0	No-Go	NGAL	0	0		1	0.0	1	0.18	0.8218065539360676	-0.2021808043424525
qhwl1mwjpvnd9ju8e7yz68b2	1	2	197	20	0	No-Go	NGAL	0	0		1	0.0	1	0.1578	0.8392562441655793	-0.18047972157136968
qhwl1mwjpvnd9ju8e7yz68b2	1	2	201	21	0	No-Go	NGAL	0	0		1	1.0	0	0.1403	0.852773156267312	-0.1637234843064806
qhwl1mwjpvnd9ju8e7yz68b2	1	2	206	22	0	No-Go	NGAL	0	0		1	0.0	1	0.1642	0.8325122583378294	-0.18840916314902342
qhwl1mwjpvnd9ju8e7yz68b2	1	2	210	23	0	No-Go	NGAL	0	0		1	0.0	1	0.1424	0.8547126259739382	-0.16039233044997042
qhwl1mwjpvnd9ju8e7yz68b2	1	2	215	24	0	No-Go	NGAL	0	0		1	0.0	1	0.1302	0.868372340379485	-0.14413346512721606
qhwl1mwjpvnd9ju8e7yz68b2	1	2	220	25	0	No-Go	NGAL	0	0		1	0.0	1	0.1183	0.87863301483149	-0.13201604698100533
qhwl1mwjpvnd9ju8e7yz68b2	1	2	222	26	0	No-Go	NGAL	0	0		1	1.0	0	0.114	0.8870159920153048	-0.12219799017651947
qhwl1mwjpvnd9ju8e7yz68b2	1	2	228	27	0	No-Go	NGAL	0	0		1	0.0	1	0.1319	0.8674271931082554	-0.14661291651121283
qhwl1mwjpvnd9ju8e7yz68b2	1	2	232	28	0	No-Go	NGAL	0	0		1	0.0	1	0.1171	0.8852615041691004	-0.12407284160770506
qhwl1mwjpvnd9ju8e7yz68b2	1	2	235	29	0	No-Go	NGAL	0	0		1	0.0	1	0.1038	0.8954163659415498	-0.11235053122591836
qhwl1mwjpvnd9ju8e7yz68b2	1	2	240	30	0	No-Go	NGAL	0	0		1	0.0	1	0.0988	0.9027018989097041	-0.10408317513578656
qoxp3z22sxf0oiq3tg13tfjw	1	2	121	1	0	No-Go	NGAL	0	1	0.582	0	0.0	0	0.566	0.57403156116296	-0.5633622662000521
qoxp3z22sxf0oiq3tg13tfjw	1	2	127	2	0	No-Go	NGAL	0	0		1	0.0	1	0.4937	0.505245210473402	-0.6955852930499864
qoxp3z22sxf0oiq3tg13tfjw	1	2	130	3	0	No-Go	NGAL	0	0		1	0.0	1	0.4152	0.583038824507322	-0.553941595426565
qoxp3z22sxf0oiq3tg13tfjw	1	2	135	4	0	No-Go	NGAL	0	1	0.613	0	1.0	1	0.3475	0.35343303602306075	-1.1015845149770425
qoxp3z22sxf0oiq3tg13tfjw	1	2	138	5	0	No-Go	NGAL	0	0		1	0.0	1	0.4401	0.5631378295536444	-0.5843244779893516
qoxp3z22sxf0oiq3tg13tfjw	1	2	143	6	0	No-Go	NGAL	0	0		1	0.0	1	0.3831	0.62161385803288	-0.48438759060028186
qoxp3z22sxf0oiq3tg13tfjw	1	2	148	7	0	No-Go	NGAL	0	0		1	1.0	0	0.3192	0.6710995149928616	-0.4065591017297298
qoxp3z22sxf0oiq3tg13tfjw	1	2	152	8	0	No-Go	NGAL	0	0		1	0.0	1	0.3436	0.6557981648276922	-0.4313107293874522
qoxp3z22sxf0oiq3tg13tfjw	1	2	156	9	0	No-Go	NGAL	0	0		1	0.0	1	0.2917	0.7027445001066389	-0.35977584689361786
qoxp3z22sxf0oiq3tg13tfjw	1	2	159	10	0	No-Go	NGAL	0	0		1	0.0	1	0.2569	0.7409288739979222	-0.3059510105718323
qoxp3z22sxf0oiq3tg13tfjw	1	2	164	11	0	No-Go	NGAL	0	0		1	1.0	0	0.2248	0.7723214606762525	-0.2638726673491935
qoxp3z22sxf0oiq3tg13tfjw	1	2	167	12	0	No-Go	NGAL	0	0		1	0.0	1	0.2389	0.7577426760724442	-0.2888323531966891
qoxp3z22sxf0oiq3tg13tfjw	1	2	171	13	0	No-Go	NGAL	0	1	0.895	0	0.0	0	0.2127	0.2111783564050158	-1.6484740593275613
qoxp3z22sxf0oiq3tg13tfjw	1	2	175	14	0	No-Go	NGAL	0	1	0.448	0	0.0	0	0.1576	0.16200216909135506	-1.9316689437474135
qoxp3z22sxf0oiq3tg13tfjw	1	2	178	15	0	No-Go	NGAL	0	1	0.345	0	0.0	0	0.1304	0.12876912527288228	-2.199637905357796
qoxp3z22sxf0oiq3tg13tfjw	1	2	184	16	0	No-Go	NGAL	0	0		1	0.0	1	0.105	0.8950818692470625	-0.1133703643381663
qoxp3z22sxf0oiq3tg13tfjw	1	2	188	17	0	No-Go	NGAL	0	0		1	0.0	1	0.0858	0.9087728063068246	-0.09768680186064815
qoxp3z22sxf0oiq3tg13tfjw	1	2	190	18	0	No-Go	NGAL	0	0		1	0.0	1	0.0771	0.9197168787596407	-0.08535255217203865
qoxp3z22sxf0oiq3tg13tfjw	1	2	194	19	0	No-Go	NGAL	0	0		1	1.0	0	0.0753	0.9286266763236212	-0.07544431159403023
qoxp3z22sxf0oiq3tg13tfjw	1	2	199	20	0	No-Go	NGAL	0	0		1	0.0	1	0.077	0.9220872118048493	-0.08334603855933723
qoxp3z22sxf0oiq3tg13tfjw	1	2	204	21	0	No-Go	NGAL	0	0		1	1.0	0	0.0673	0.9319578484585134	-0.07198636010593161
qoxp3z22sxf0oiq3tg13tfjw	1	2	207	22	0	No-Go	NGAL	0	0		1	0.0	1	0.0753	0.9251409475230219	-0.08075322082359081
qoxp3z22sxf0oiq3tg13tfjw	1	2	212	23	0	No-Go	NGAL	0	0		1	0.0	1	0.064	0.9353731858440005	-0.06850849569803263
qoxp3z22sxf0oiq3tg13tfjw	1	2	214	24	0	No-Go	NGAL	0	0		1	0.0	1	0.0594	0.942642283924517	-0.06037394605956095
qoxp3z22sxf0oiq3tg13tfjw	1	2	217	25	0	No-Go	NGAL	0	0		1	0.0	1	0.0539	0.9482327447493055	-0.054263739752359694
qoxp3z22sxf0oiq3tg13tfjw	1	2	224	26	0	No-Go	NGAL	0	0		1	0.0	1	0.0466	0.9527078531858358	-0.04943841191881844
qoxp3z22sxf0oiq3tg13tfjw	1	2	228	27	0	No-Go	NGAL	0	0		1	0.0	1	0.0449	0.9563750271763022	-0.0455225331699717
qoxp3z22sxf0oiq3tg13tfjw	1	2	231	28	0	No-Go	NGAL	0	0		1	0.0	1	0.0411	0.9594271865809875	-0.04228852687969367
qoxp3z22sxf0oiq3tg13tfjw	1	2	234	29	0	No-Go	NGAL	0	0		1	1.0	0	0.0367	0.9619963373752564	-0.039583887868051885
qoxp3z22sxf0oiq3tg13tfjw	1	2	239	30	0	No-Go	NGAL	0	0		1	0.0	1	0.0448	0.9561463531949385	-0.04680491815749788
qoxp3z22sxf0oiq3tg13tfjw	1	2	124	1	1	No-Go	NGW	0	1	0.394	0	0.0	0	0.8117	0.8070614068709902	-0.23685139667465777
qoxp3z22sxf0oiq3tg13tfjw	1	2	128	2	1	No-Go	NGW	0	1	0.363	0	1.0	1	0.7663	0.7611201204563417	-0.30412445768821134
qoxp3z22sxf0oiq3tg13tfjw	1	2	131	3	1	No-Go	NGW	0	1	0.318	0	0.0	0	0.9523	0.9544867321156846	-0.04734296475376919
qoxp3z22sxf0oiq3tg13tfjw	1	2	133	4	1	No-Go	NGW	0	1	0.296	0	0.0	0	0.9339	0.934055854135694	-0.0692236434209998
qoxp3z22sxf0oiq3tg13tfjw	1	2	140	5	1	No-Go	NGW	0	1	0.413	0	0.0	0	0.9121	0.9076945472685407	-0.0983137253559406
qoxp3z22sxf0oiq3tg13tfjw	1	2	141	6	1	No-Go	NGW	0	1	0.374	0	0.0	0	0.8784	0.8760339353723336	-0.13466141276901797
qoxp3z22sxf0oiq3tg13tfjw	1	2	146	7	1	No-Go	NGW	0	1	0.245	0	0.0	0	0.847	0.8397784305107827	-0.17838170270238146
qoxp3z22sxf0oiq3tg13tfjw	1	2	149	8	1	No-Go	NGW	0	1	0.487	0	0.0	0	0.798	0.7997522131576433	-0.22967655241016835
qoxp3z22sxf0oiq3tg13tfjw	1	2	154	9	1	No-Go	NGW	0	0		1	0.0	1	0.7641	0.24303007329389	-1.5208049521566653
qoxp3z22sxf0oiq3tg13tfjw	1	2	158	10	1	No-Go	NGW	0	1	0.308	0	1.0	1	0.6902	0.6941887122990273	-0.3836920334314921
qoxp3z22sxf0oiq3tg13tfjw	1	2	161	11	1	No-Go	NGW	0	1	0.279	0	0.0	0	0.9352	0.9359340769837363	-0.0675895718602773
qoxp3z22sxf0oiq3tg13tfjw	1	2	166	12	1	No-Go	NGW	0	1	0.259	0	0.0	0	0.9133	0.907034431781369	-0.09986623500128144
qoxp3z22sxf0oiq3tg13tfjw	1	2	173	14	1	No-Go	NGW	0	1	0.215	0	1.0	1	0.8274	0.8316892223980329	-0.19132509758064922
qoxp3z22sxf0oiq3tg13tfjw	1	2	179	15	1	No-Go	NGW	0	1	0.416	0	0.0	0	0.9556	0.9564424819712097	-0.04538161128168425
qoxp3z22sxf0oiq3tg13tfjw	1	2	182	16	1	No-Go	NGW	0	1	0.319	0	0.0	0	0.9369	0.9335401318050778	-0.07050353341594683
qoxp3z22sxf0oiq3tg13tfjw	1	2	186	17	1	No-Go	NGW	0	1	1.06	0	0.0	0	0.9025	0.9046256373595365	-0.10387489526035154
qoxp3z22sxf0oiq3tg13tfjw	1	2	189	18	1	No-Go	NGW	0	1	0.246	0	1.0	1	0.8718	0.8709700192838223	-0.1447587766197477
qoxp3z22sxf0oiq3tg13tfjw	1	2	195	19	1	No-Go	NGW	0	1	0.204	0	0.0	0	0.9641	0.9641396207342288	-0.03720153536481971
qoxp3z22sxf0oiq3tg13tfjw	1	2	198	20	1	No-Go	NGW	0	1	0.567	0	0.0	0	0.9449	0.9435720760229468	-0.05970608776427821
qoxp3z22sxf0oiq3tg13tfjw	1	2	203	21	1	No-Go	NGW	0	1	0.47	0	1.0	1	0.9159	0.9173424355322395	-0.08995941012944969
qoxp3z22sxf0oiq3tg13tfjw	1	2	206	22	1	No-Go	NGW	0	1	0.272	0	0.0	0	0.9694	0.9729976866393597	-0.027836435881415694
qoxp3z22sxf0oiq3tg13tfjw	1	2	211	23	1	No-Go	NGW	0	1	0.336	0	0.0	0	0.951	0.9554118406077068	-0.04694665451575567
qoxp3z22sxf0oiq3tg13tfjw	1	2	215	24	1	No-Go	NGW	0	1	0.733	0	0.0	0	0.9312	0.932442840618436	-0.07330784977413819
qoxp3z22sxf0oiq3tg13tfjw	1	2	218	25	1	No-Go	NGW	0	0		1	0.0	1	0.9038	0.0947858226117862	-3.069833462827335
qoxp3z22sxf0oiq3tg13tfjw	1	2	221	26	1	No-Go	NGW	0	1	0.691	0	0.0	0	0.8819	0.8775550668816835	-0.14338327716266713
qoxp3z22sxf0oiq3tg13tfjw	1	2	226	27	1	No-Go	NGW	0	0		1	1.0	0	0.8419	0.1600679251875611	-2.516941492823976
qoxp3z22sxf0oiq3tg13tfjw	1	2	229	28	1	No-Go	NGW	0	1	1.243	0	0.0	0	0.8932	0.8914572611965512	-0.12067537370820543
qoxp3z22sxf0oiq3tg13tfjw	1	2	235	29	1	No-Go	NGW	0	1	0.296	0	0.0	0	0.8597	0.8598130493490298	-0.1605892583237494
qoxp3z22sxf0oiq3tg13tfjw	1	2	238	30	1	No-Go	NGW	0	1	0.584	0	0.0	0	0.8268	0.82488526118767	-0.20745027669391028
qoxp3z22sxf0oiq3tg13tfjw	1	2	123	1	1	Go	GW	1	1	0.371	1	0.0	1	0.8139	0.8070614068709902	-0.23685139667465777
qoxp3z22sxf0oiq3tg13tfjw	1	2	126	2	1	Go	GW	1	1	0.247	1	0.0	1	0.9633	0.9612572894213585	-0.04007525526520041
qoxp3z22sxf0oiq3tg13tfjw	1	2	132	3	1	Go	GW	1	1	0.247	1	0.0	1	0.9862	0.9847058881508266	-0.015502569549309035
qoxp3z22sxf0oiq3tg13tfjw	1	2	134	4	1	Go	GW	1	1	0.318	1	0.0	1	0.9921	0.9910671091807948	-0.009010097536058276
qoxp3z22sxf0oiq3tg13tfjw	1	2	139	5	1	Go	GW	1	1	0.284	1	1.0	0	0.9937	0.9933944948582623	-0.006655294403660394
qoxp3z22sxf0oiq3tg13tfjw	1	2	142	6	1	Go	GW	1	1	0.288	1	0.0	1	0.9884	0.9868856060190903	-0.0133605179527099
qoxp3z22sxf0oiq3tg13tfjw	1	2	160	10	1	Go	GW	1	1	0.363	1	1.0	0	0.9931	0.9951268487530497	-0.0049125608092667385
qoxp3z22sxf0oiq3tg13tfjw	1	2	163	11	1	Go	GW	1	1	0.342	1	0.0	1	0.988	0.9893903163528619	-0.010839237814933265
qoxp3z22sxf0oiq3tg13tfjw	1	2	165	12	1	Go	GW	1	1	0.242	1	0.0	1	0.993	0.9935602134399515	-0.006511639259455367
qoxp3z22sxf0oiq3tg13tfjw	1	2	170	13	1	Go	GW	1	1	0.227	1	0.0	1	0.9943	0.9946759110403031	-0.005373121783362033
qoxp3z22sxf0oiq3tg13tfjw	1	2	174	14	1	Go	GW	1	1	0.212	1	1.0	0	0.9954	0.9951218148515154	-0.004920033991061476
qoxp3z22sxf0oiq3tg13tfjw	1	2	180	15	1	Go	GW	1	1	0.332	1	0.0	1	0.9895	0.9893397418120614	-0.010900344891038555
qoxp3z22sxf0oiq3tg13tfjw	1	2	181	16	1	Go	GW	1	1	0.367	1	0.0	1	0.9945	0.993593720520251	-0.006480057929220155
qoxp3z22sxf0oiq3tg13tfjw	1	2	187	17	1	Go	GW	1	1	0.257	1	0.0	1	0.9962	0.994711352381215	-0.005338350892393608
qoxp3z22sxf0oiq3tg13tfjw	1	2	191	18	1	Go	GW	1	1	0.476	1	0.0	1	0.9942	0.9951502239141657	-0.004891930868555021
qoxp3z22sxf0oiq3tg13tfjw	1	2	193	19	1	Go	GW	1	1	0.312	1	1.0	0	0.9954	0.9953547982536138	-0.004684336384255138
qoxp3z22sxf0oiq3tg13tfjw	1	2	197	20	1	Go	GW	1	1	0.351	1	0.0	1	0.9891	0.9897191271373397	-0.01051086762205669
qoxp3z22sxf0oiq3tg13tfjw	1	2	201	21	1	Go	GW	1	1	0.204	1	0.0	1	0.9942	0.9937528311488019	-0.0063188686582664085
qoxp3z22sxf0oiq3tg13tfjw	1	2	205	22	1	Go	GW	1	1	0.285	1	0.0	1	0.995	0.9947969861215422	-0.005251962063305548
qoxp3z22sxf0oiq3tg13tfjw	1	2	209	23	1	Go	GW	1	1	0.204	1	0.0	1	0.9953	0.9952017657245559	-0.00484005411654446
qoxp3z22sxf0oiq3tg13tfjw	1	2	216	24	1	Go	GW	1	1	1.01	1	1.0	0	0.9958	0.9953879882930674	-0.0046509821974060304
qoxp3z22sxf0oiq3tg13tfjw	1	2	219	25	1	Go	GW	1	1	1.165	1	0.0	1	0.9887	0.9897692091818928	-0.010460369125757398
qoxp3z22sxf0oiq3tg13tfjw	1	2	222	26	1	Go	GW	1	1	0.587	1	0.0	1	0.9949	0.9937821419484594	-0.00628939778483148
qoxp3z22sxf0oiq3tg13tfjw	1	2	225	27	1	Go	GW	1	1	0.425	1	0.0	1	0.9951	0.9948160020733436	-0.005232875588063682
qoxp3z22sxf0oiq3tg13tfjw	1	2	232	28	1	Go	GW	1	1	0.203	1	0.0	1	0.9951	0.9952148306030402	-0.004826955859154105
qoxp3z22sxf0oiq3tg13tfjw	1	2	236	29	1	Go	GW	1	1	0.333	1	0.0	1	0.9963	0.9953973158127836	-0.004641638589568989
qoxp3z22sxf0oiq3tg13tfjw	1	2	240	30	1	Go	GW	1	1	0.34	1	1.0	0	0.9961	0.9954902020360521	-0.0045474623786877265
qoxp3z22sxf0oiq3tg13tfjw	1	2	122	1	0	Go	GAL	1	1	0.48	1	0.0	1	0.5761	0.57403156116296	-0.5633622662000521
qoxp3z22sxf0oiq3tg13tfjw	1	2	125	2	0	Go	GAL	1	1	0.524	1	1.0	0	0.6412	0.649066339262796	-0.4401227143803335
qoxp3z22sxf0oiq3tg13tfjw	1	2	129	3	0	Go	GAL	1	1	0.668	1	0.0	1	0.5574	0.5633968737066004	-0.5837769929618712
qoxp3z22sxf0oiq3tg13tfjw	1	2	136	4	0	Go	GAL	1	0		0	0.0	0	0.6359	0.35802806751639027	-1.0516169156180966
qoxp3z22sxf0oiq3tg13tfjw	1	2	137	5	0	Go	GAL	1	1	0.402	1	0.0	1	0.6523	0.6513762839266622	-0.4364754332603505
qoxp3z22sxf0oiq3tg13tfjw	1	2	144	6	0	Go	GAL	1	1	0.616	1	0.0	1	0.715	0.7111189063606793	-0.348642094526646
qoxp3z22sxf0oiq3tg13tfjw	1	2	145	7	0	Go	GAL	1	0		0	0.0	0	0.7616	0.24191099112296843	-1.49396714296048
qoxp3z22sxf0oiq3tg13tfjw	1	2	150	8	0	Go	GAL	1	1	0.696	1	1.0	0	0.7595	0.7637170138708934	-0.27675223014874684
qoxp3z22sxf0oiq3tg13tfjw	1	2	155	9	0	Go	GAL	1	1	0.711	1	0.0	1	0.6878	0.68555718538639	-0.38294242289873287
qoxp3z22sxf0oiq3tg13tfjw	1	2	157	10	0	Go	GAL	1	0		0	0.0	0	0.7453	0.2572823575685037	-1.405202322491176
qoxp3z22sxf0oiq3tg13tfjw	1	2	162	11	0	Go	GAL	1	1	0.685	1	0.0	1	0.7495	0.7483360471097583	-0.2957475321949959
qoxp3z22sxf0oiq3tg13tfjw	1	2	168	12	0	Go	GAL	1	0		0	1.0	1	0.7888	0.20946388825771678	-1.6475403411549008
qoxp3z22sxf0oiq3tg13tfjw	1	2	169	13	0	Go	GAL	1	0		0	0.0	0	0.729	0.2691589599956914	-1.347900400600007
qoxp3z22sxf0oiq3tg13tfjw	1	2	176	14	0	Go	GAL	1	1	0.278	1	0.0	1	0.7403	0.7392665300902506	-0.3072181256848922
qoxp3z22sxf0oiq3tg13tfjw	1	2	177	15	0	Go	GAL	1	1	0.758	1	0.0	1	0.7768	0.7785596925907993	-0.25470034958129883
qoxp3z22sxf0oiq3tg13tfjw	1	2	183	16	0	Go	GAL	1	1	0.739	1	0.0	1	0.8092	0.8101006739862273	-0.2142308218915953
qoxp3z22sxf0oiq3tg13tfjw	1	2	185	17	0	Go	GAL	1	0		0	0.0	0	0.8361	0.16433970837912368	-1.8837818537141187
qoxp3z22sxf0oiq3tg13tfjw	1	2	192	18	0	Go	GAL	1	1	0.423	1	0.0	1	0.838	0.8404667639562866	-0.1769121559373235
qoxp3z22sxf0oiq3tg13tfjw	1	2	196	19	0	Go	GAL	1	1	0.502	1	1.0	0	0.8579	0.8609715012172381	-0.1522028955276894
qoxp3z22sxf0oiq3tg13tfjw	1	2	200	20	0	Go	GAL	1	1	0.802	1	0.0	1	0.791	0.7931120735948692	-0.23722384445970449
qoxp3z22sxf0oiq3tg13tfjw	1	2	202	21	0	Go	GAL	1	1	0.373	1	0.0	1	0.8275	0.8281766337744931	-0.19158271015850584
qoxp3z22sxf0oiq3tg13tfjw	1	2	208	22	0	Go	GAL	1	1	1.163	1	0.0	1	0.8554	0.8538577495518798	-0.16038592951011485
qoxp3z22sxf0oiq3tg13tfjw	1	2	210	23	0	Go	GAL	1	1	0.477	1	0.0	1	0.8718	0.8736050485355867	-0.13714937088223517
qoxp3z22sxf0oiq3tg13tfjw	1	2	213	24	0	Go	GAL	1	1	0.717	1	1.0	0	0.8935	0.8892265559815432	-0.1191661791325206
qoxp3z22sxf0oiq3tg13tfjw	1	2	220	25	0	Go	GAL	1	0		0	0.0	0	0.8277	0.1725233677855091	-1.8944397220695155
qoxp3z22sxf0oiq3tg13tfjw	1	2	223	26	0	Go	GAL	1	1	0.973	1	0.0	1	0.8372	0.833454424711025	-0.18823861972082512
qoxp3z22sxf0oiq3tg13tfjw	1	2	227	27	0	Go	GAL	1	1	1.082	1	0.0	1	0.865	0.8623135663521593	-0.15124541719871507
qoxp3z22sxf0oiq3tg13tfjw	1	2	230	28	0	Go	GAL	1	1	0.485	1	0.0	1	0.877	0.882751960728036	-0.12695189657976655
qoxp3z22sxf0oiq3tg13tfjw	1	2	233	29	0	Go	GAL	1	1	1.013	1	1.0	0	0.8976	0.8981516188173447	-0.10923483396235223
qoxp3z22sxf0oiq3tg13tfjw	1	2	237	30	0	Go	GAL	1	0		0	0.0	0	0.8399	0.16011259379217493	-2.0152784484079542
qoxp3z22sxf0oiq3tg13tfjw	1	1	3	1	1	Go	GW	1	1	0.911	1	0.0	1	0.8092	0.8070614068709902	-0.23685139667465777
qoxp3z22sxf0oiq3tg13tfjw	1	1	5	2	1	Go	GW	1	1	0.415	1	0.0	1	0.9607	0.9612572894213585	-0.04007525526520041
qoxp3z22sxf0oiq3tg13tfjw	1	1	9	3	1	Go	GW	1	1	0.611	1	0.0	1	0.9849	0.9847058881508266	-0.015502569549309035
qoxp3z22sxf0oiq3tg13tfjw	1	1	13	4	1	Go	GW	1	1	0.285	1	0.0	1	0.9918	0.9910671091807948	-0.009010097536058276
qoxp3z22sxf0oiq3tg13tfjw	1	1	19	5	1	Go	GW	1	1	0.278	1	1.0	0	0.993	0.9933944948582623	-0.006655294403660394
qoxp3z22sxf0oiq3tg13tfjw	1	1	23	6	1	Go	GW	1	1	0.344	1	0.0	1	0.988	0.9868856060190903	-0.0133605179527099
qoxp3z22sxf0oiq3tg13tfjw	1	1	27	7	1	Go	GW	1	1	0.297	1	0.0	1	0.9904	0.9924169213700436	-0.007660977530418342
qoxp3z22sxf0oiq3tg13tfjw	1	1	29	8	1	Go	GW	1	1	0.522	1	0.0	1	0.9944	0.9940783945929569	-0.005972953378533126
qoxp3z22sxf0oiq3tg13tfjw	1	1	33	9	1	Go	GW	1	1	0.209	1	0.0	1	0.9943	0.994781403367827	-0.0052614198426146255
qoxp3z22sxf0oiq3tg13tfjw	1	1	37	10	1	Go	GW	1	1	0.24	1	1.0	0	0.9958	0.9951268487530497	-0.0049125608092667385
qoxp3z22sxf0oiq3tg13tfjw	1	1	41	11	1	Go	GW	1	1	0.335	1	0.0	1	0.9878	0.9893903163528619	-0.010839237814933265
qoxp3z22sxf0oiq3tg13tfjw	1	1	47	12	1	Go	GW	1	1	0.305	1	0.0	1	0.9933	0.9935602134399515	-0.006511639259455367
qoxp3z22sxf0oiq3tg13tfjw	1	1	51	13	1	Go	GW	1	1	0.52	1	0.0	1	0.995	0.9946759110403031	-0.005373121783362033
qoxp3z22sxf0oiq3tg13tfjw	1	1	54	14	1	Go	GW	1	1	0.277	1	1.0	0	0.9959	0.9951218148515154	-0.004920033991061476
qoxp3z22sxf0oiq3tg13tfjw	1	1	58	15	1	Go	GW	1	1	0.329	1	0.0	1	0.9891	0.9893397418120614	-0.010900344891038555
qoxp3z22sxf0oiq3tg13tfjw	1	1	64	16	1	Go	GW	1	1	0.704	1	0.0	1	0.9932	0.993593720520251	-0.006480057929220155
qoxp3z22sxf0oiq3tg13tfjw	1	1	68	17	1	Go	GW	1	1	1.391	1	0.0	1	0.9952	0.994711352381215	-0.005338350892393608
qoxp3z22sxf0oiq3tg13tfjw	1	1	69	18	1	Go	GW	1	1	0.405	1	0.0	1	0.9941	0.9951502239141657	-0.004891930868555021
qoxp3z22sxf0oiq3tg13tfjw	1	1	73	19	1	Go	GW	1	1	0.51	1	1.0	0	0.9966	0.9953547982536138	-0.004684336384255138
qoxp3z22sxf0oiq3tg13tfjw	1	1	78	20	1	Go	GW	1	1	0.452	1	0.0	1	0.9916	0.9897191271373397	-0.01051086762205669
qoxp3z22sxf0oiq3tg13tfjw	1	1	83	21	1	Go	GW	1	1	0.33	1	0.0	1	0.994	0.9937528311488019	-0.0063188686582664085
qoxp3z22sxf0oiq3tg13tfjw	1	1	85	22	1	Go	GW	1	1	0.274	1	0.0	1	0.9948	0.9947969861215422	-0.005251962063305548
qoxp3z22sxf0oiq3tg13tfjw	1	1	89	23	1	Go	GW	1	1	0.557	1	0.0	1	0.9947	0.9952017657245559	-0.00484005411654446
qoxp3z22sxf0oiq3tg13tfjw	1	1	93	24	1	Go	GW	1	1	0.313	1	1.0	0	0.996	0.9953879882930674	-0.0046509821974060304
qoxp3z22sxf0oiq3tg13tfjw	1	1	99	25	1	Go	GW	1	1	0.26	1	0.0	1	0.9894	0.9897692091818928	-0.010460369125757398
qoxp3z22sxf0oiq3tg13tfjw	1	1	102	26	1	Go	GW	1	1	0.216	1	0.0	1	0.9926	0.9937821419484594	-0.00628939778483148
qoxp3z22sxf0oiq3tg13tfjw	1	1	107	27	1	Go	GW	1	1	0.77	1	0.0	1	0.9956	0.9948160020733436	-0.005232875588063682
qoxp3z22sxf0oiq3tg13tfjw	1	1	110	28	1	Go	GW	1	1	0.36	1	0.0	1	0.9948	0.9952148306030402	-0.004826955859154105
qoxp3z22sxf0oiq3tg13tfjw	1	1	113	29	1	Go	GW	1	1	0.787	1	0.0	1	0.9966	0.9953973158127836	-0.004641638589568989
qoxp3z22sxf0oiq3tg13tfjw	1	1	4	1	1	No-Go	NGW	0	1	0.532	0	0.0	0	0.8037	0.8070614068709902	-0.23685139667465777
qoxp3z22sxf0oiq3tg13tfjw	1	1	6	2	1	No-Go	NGW	0	1	0.295	0	1.0	1	0.7555	0.7611201204563417	-0.30412445768821134
qoxp3z22sxf0oiq3tg13tfjw	1	1	12	3	1	No-Go	NGW	0	1	0.474	0	0.0	0	0.9533	0.9544867321156846	-0.04734296475376919
qoxp3z22sxf0oiq3tg13tfjw	1	1	15	4	1	No-Go	NGW	0	1	0.299	0	0.0	0	0.9366	0.934055854135694	-0.0692236434209998
qoxp3z22sxf0oiq3tg13tfjw	1	1	20	5	1	No-Go	NGW	0	1	0.276	0	0.0	0	0.9048	0.9076945472685407	-0.0983137253559406
qoxp3z22sxf0oiq3tg13tfjw	1	1	21	6	1	No-Go	NGW	0	1	0.201	0	0.0	0	0.8704	0.8760339353723336	-0.13466141276901797
qoxp3z22sxf0oiq3tg13tfjw	1	1	25	7	1	No-Go	NGW	0	1	0.295	0	0.0	0	0.8359	0.8397784305107827	-0.17838170270238146
qoxp3z22sxf0oiq3tg13tfjw	1	1	30	8	1	No-Go	NGW	0	1	0.492	0	0.0	0	0.8004	0.7997522131576433	-0.22967655241016835
qoxp3z22sxf0oiq3tg13tfjw	1	1	34	9	1	No-Go	NGW	0	1	0.247	0	0.0	0	0.7619	0.75696992670611	-0.2887095017542896
qoxp3z22sxf0oiq3tg13tfjw	1	1	38	10	1	No-Go	NGW	0	1	0.343	0	1.0	1	0.7076	0.7125973576331818	-0.35549191806659214
qoxp3z22sxf0oiq3tg13tfjw	1	1	44	11	1	No-Go	NGW	0	1	0.344	0	0.0	0	0.9436	0.9447499969124489	-0.05809721339614058
qoxp3z22sxf0oiq3tg13tfjw	1	1	48	12	1	No-Go	NGW	0	1	0.308	0	0.0	0	0.925	0.9218414562569671	-0.08317317398253955
qoxp3z22sxf0oiq3tg13tfjw	1	1	52	13	1	No-Go	NGW	0	1	0.376	0	0.0	0	0.8936	0.8934179677778051	-0.11538415046838411
qoxp3z22sxf0oiq3tg13tfjw	1	1	53	14	1	No-Go	NGW	0	1	0.309	0	1.0	1	0.8636	0.8602651799078734	-0.1546383569798869
qoxp3z22sxf0oiq3tg13tfjw	1	1	60	15	1	No-Go	NGW	0	1	0.492	0	0.0	0	0.9613	0.9649483890029947	-0.0363317638894271
qoxp3z22sxf0oiq3tg13tfjw	1	1	62	16	1	No-Go	NGW	0	1	0.953	0	0.0	0	0.9503	0.9479096378749736	-0.054537928389585634
qoxp3z22sxf0oiq3tg13tfjw	1	1	66	17	1	No-Go	NGW	0	1	0.976	0	0.0	0	0.9239	0.9259131893835706	-0.07875848062257901
qoxp3z22sxf0oiq3tg13tfjw	1	1	70	18	1	No-Go	NGW	0	1	0.644	0	1.0	1	0.902	0.8994580561015584	-0.10895057365273321
qoxp3z22sxf0oiq3tg13tfjw	1	1	76	19	1	No-Go	NGW	0	1	0.331	0	0.0	0	0.9702	0.9723471599520792	-0.028494762902451065
qoxp3z22sxf0oiq3tg13tfjw	1	1	79	20	1	No-Go	NGW	0	1	0.358	0	0.0	0	0.9596	0.9575389183793526	-0.04421460636059878
qoxp3z22sxf0oiq3tg13tfjw	1	1	81	21	1	No-Go	NGW	0	1	0.33	0	1.0	1	0.9388	0.9381511676572605	-0.06543019701732683
qoxp3z22sxf0oiq3tg13tfjw	1	1	88	22	1	No-Go	NGW	0	1	0.293	0	0.0	0	0.9818	0.9797873484934962	-0.020693151754245093
qoxp3z22sxf0oiq3tg13tfjw	1	1	92	23	1	No-Go	NGW	0	1	0.494	0	0.0	0	0.968	0.9674735182289683	-0.033662631713788776
qoxp3z22sxf0oiq3tg13tfjw	1	1	95	24	1	No-Go	NGW	0	1	0.549	0	0.0	0	0.9535	0.9509352177749113	-0.051623792338834754
qoxp3z22sxf0oiq3tg13tfjw	1	1	97	25	1	No-Go	NGW	0	1	0.454	0	0.0	0	0.9303	0.9305732387141016	-0.0744961595741477
qoxp3z22sxf0oiq3tg13tfjw	1	1	104	26	1	No-Go	NGW	0	1	0.257	0	0.0	0	0.9059	0.9066305714002736	-0.10237264641343233
qoxp3z22sxf0oiq3tg13tfjw	1	1	108	27	1	No-Go	NGW	0	1	0.229	0	1.0	1	0.8811	0.8792653810890968	-0.13556113632747596
qoxp3z22sxf0oiq3tg13tfjw	1	1	111	28	1	No-Go	NGW	0	1	0.323	0	0.0	0	0.9703	0.9716603223962069	-0.02925591954522257
qoxp3z22sxf0oiq3tg13tfjw	1	1	115	29	1	No-Go	NGW	0	1	0.331	0	0.0	0	0.9566	0.9563113283036546	-0.04566243201347681
qoxp3z22sxf0oiq3tg13tfjw	1	1	118	30	1	No-Go	NGW	0	1	0.271	0	0.0	0	0.9376	0.9364878423134598	-0.0675694165683512
qoxp3z22sxf0oiq3tg13tfjw	1	1	2	1	0	Go	GAL	1	1	0.718	1	0.0	1	0.5757	0.57403156116296	-0.5633622662000521
qoxp3z22sxf0oiq3tg13tfjw	1	1	8	2	0	Go	GAL	1	1	1.389	1	1.0	0	0.6503	0.649066339262796	-0.4401227143803335
qoxp3z22sxf0oiq3tg13tfjw	1	1	11	3	0	Go	GAL	1	0		0	0.0	0	0.5641	0.43660312629339953	-0.8441528420854663
qoxp3z22sxf0oiq3tg13tfjw	1	1	16	4	0	Go	GAL	1	1	0.436	1	0.0	1	0.5771	0.5739543960348161	-0.5626274833447635
qoxp3z22sxf0oiq3tg13tfjw	1	1	24	6	0	Go	GAL	1	0		0	0.0	0	0.7172	0.28888109363932074	-1.2953399528639258
qoxp3z22sxf0oiq3tg13tfjw	1	1	28	7	0	Go	GAL	1	0		0	0.0	0	0.7213	0.2823657854779688	-1.3325473871185967
qoxp3z22sxf0oiq3tg13tfjw	1	1	32	8	0	Go	GAL	1	1	0.56	1	1.0	0	0.7165	0.723179378470448	-0.333260142988997
qoxp3z22sxf0oiq3tg13tfjw	1	1	35	9	0	Go	GAL	1	0		0	0.0	0	0.644	0.35653290281236616	-1.0539581461658745
qoxp3z22sxf0oiq3tg13tfjw	1	1	39	10	0	Go	GAL	1	1	0.894	1	0.0	1	0.6442	0.6499865793855268	-0.43816304908783443
qoxp3z22sxf0oiq3tg13tfjw	1	1	43	11	0	Go	GAL	1	1	0.536	1	0.0	1	0.7247	0.7142308896024987	-0.34465992302854503
qoxp3z22sxf0oiq3tg13tfjw	1	1	45	12	0	Go	GAL	1	1	0.995	1	1.0	0	0.7623	0.7630519848771417	-0.27771067075605754
qoxp3z22sxf0oiq3tg13tfjw	1	1	50	13	0	Go	GAL	1	0		0	0.0	0	0.6883	0.31242639003564915	-1.1917686342020546
qoxp3z22sxf0oiq3tg13tfjw	1	1	56	14	0	Go	GAL	1	1	0.798	1	0.0	1	0.6835	0.6931411104225212	-0.3725584983601452
qoxp3z22sxf0oiq3tg13tfjw	1	1	57	15	0	Go	GAL	1	1	0.396	1	0.0	1	0.7486	0.7500223331332481	-0.2940048575190177
qoxp3z22sxf0oiq3tg13tfjw	1	1	63	16	0	Go	GAL	1	1	0.636	1	0.0	1	0.7868	0.7926912564242056	-0.23796934910418177
qoxp3z22sxf0oiq3tg13tfjw	1	1	67	17	0	Go	GAL	1	1	1.342	1	0.0	1	0.8245	0.8258967560277625	-0.1959131472481515
qoxp3z22sxf0oiq3tg13tfjw	1	1	71	18	0	Go	GAL	1	1	0.842	1	0.0	1	0.8532	0.8522393845506214	-0.1635500792287498
qoxp3z22sxf0oiq3tg13tfjw	1	1	74	19	0	Go	GAL	1	1	0.464	1	1.0	0	0.8726	0.8733894801858152	-0.138235323124893
qoxp3z22sxf0oiq3tg13tfjw	1	1	77	20	0	Go	GAL	1	1	0.927	1	0.0	1	0.8225	0.8164967573931159	-0.20586089698119375
qoxp3z22sxf0oiq3tg13tfjw	1	1	84	21	0	Go	GAL	1	1	0.663	1	0.0	1	0.8475	0.8490247948903263	-0.1661733065747755
qoxp3z22sxf0oiq3tg13tfjw	1	1	87	22	0	Go	GAL	1	1	0.683	1	0.0	1	0.8714	0.8728367469222138	-0.1381424504769246
qoxp3z22sxf0oiq3tg13tfjw	1	1	91	23	0	Go	GAL	1	1	0.984	1	0.0	1	0.8898	0.8911795784835879	-0.11699077936137774
qoxp3z22sxf0oiq3tg13tfjw	1	1	96	24	0	Go	GAL	1	1	0.839	1	1.0	0	0.9086	0.9056915411635451	-0.1005320551835988
qoxp3z22sxf0oiq3tg13tfjw	1	1	98	25	0	Go	GAL	1	1	0.332	1	0.0	1	0.8517	0.8560749253185751	-0.1584908663284223
qoxp3z22sxf0oiq3tg13tfjw	1	1	103	26	0	Go	GAL	1	0		0	0.0	0	0.8844	0.11823996246851802	-2.241026049165012
qoxp3z22sxf0oiq3tg13tfjw	1	1	105	27	0	Go	GAL	1	1	0.413	1	0.0	1	0.8858	0.8844218119277666	-0.12462322190085638
qoxp3z22sxf0oiq3tg13tfjw	1	1	116	29	0	Go	GAL	1	1	0.588	1	1.0	0	0.9158	0.9156109995391498	-0.08937105422507358
qoxp3z22sxf0oiq3tg13tfjw	1	1	117	30	0	Go	GAL	1	1	0.542	1	0.0	1	0.861	0.8689146415749148	-0.14400266887232038
qoxp3z22sxf0oiq3tg13tfjw	1	1	1	1	0	No-Go	NGAL	0	0		1	0.0	1	0.5819	0.42596843883704016	-0.868276394655214
qoxp3z22sxf0oiq3tg13tfjw	1	1	7	2	0	No-Go	NGAL	0	0		1	0.0	1	0.4945	0.505245210473402	-0.6955852930499864
qoxp3z22sxf0oiq3tg13tfjw	1	1	10	3	0	No-Go	NGAL	0	0		1	0.0	1	0.4286	0.5733171624451502	-0.5683251488057811
qoxp3z22sxf0oiq3tg13tfjw	1	1	14	4	0	No-Go	NGAL	0	0		1	1.0	0	0.37	0.6310940761978209	-0.47072024849328314
qoxp3z22sxf0oiq3tg13tfjw	1	1	26	7	0	No-Go	NGAL	0	0		1	1.0	0	0.2654	0.7409057137580494	-0.30859989768808055
qoxp3z22sxf0oiq3tg13tfjw	1	1	31	8	0	No-Go	NGAL	0	0		1	0.0	1	0.2645	0.7310063918452469	-0.3217987581199858
qoxp3z22sxf0oiq3tg13tfjw	1	1	36	9	0	No-Go	NGAL	0	0		1	0.0	1	0.2265	0.775997076170765	-0.2607153617121779
qoxp3z22sxf0oiq3tg13tfjw	1	1	40	10	0	No-Go	NGAL	0	0		1	0.0	1	0.1853	0.8104726353171708	-0.21607165854790786
qoxp3z22sxf0oiq3tg13tfjw	1	1	42	11	0	No-Go	NGAL	0	0		1	1.0	0	0.1591	0.8377968325390813	-0.18176978474750213
qoxp3z22sxf0oiq3tg13tfjw	1	1	46	12	0	No-Go	NGAL	0	0		1	0.0	1	0.1738	0.8289085033162134	-0.1926379672994794
qoxp3z22sxf0oiq3tg13tfjw	1	1	49	13	0	No-Go	NGAL	0	0		1	0.0	1	0.1442	0.8543037925703011	-0.16131648383984698
qoxp3z22sxf0oiq3tg13tfjw	1	1	55	14	0	No-Go	NGAL	0	0		1	0.0	1	0.1244	0.8740412674496755	-0.1377261250439565
qoxp3z22sxf0oiq3tg13tfjw	1	1	59	15	0	No-Go	NGAL	0	0		1	0.0	1	0.1082	0.8898569712051488	-0.11921441015358084
qoxp3z22sxf0oiq3tg13tfjw	1	1	61	16	0	No-Go	NGAL	0	0		1	0.0	1	0.0965	0.9027382836324945	-0.10440244923706825
qoxp3z22sxf0oiq3tg13tfjw	1	1	65	17	0	No-Go	NGAL	0	0		1	0.0	1	0.0861	0.9133417651007297	-0.09239833687448065
qoxp3z22sxf0oiq3tg13tfjw	1	1	72	18	0	No-Go	NGAL	0	0		1	0.0	1	0.078	0.9221403352891806	-0.08257374090713855
qoxp3z22sxf0oiq3tg13tfjw	1	1	75	19	0	No-Go	NGAL	0	0		1	1.0	0	0.071	0.9294895792335975	-0.07446663572428802
qoxp3z22sxf0oiq3tg13tfjw	1	1	80	20	0	No-Go	NGAL	0	1	0.868	0	0.0	0	0.0789	0.07765436178618973	-2.843449045002528
qoxp3z22sxf0oiq3tg13tfjw	1	1	82	21	0	No-Go	NGAL	0	0		1	1.0	0	0.0666	0.9369209148962684	-0.06699797835564036
qoxp3z22sxf0oiq3tg13tfjw	1	1	86	22	0	No-Go	NGAL	0	0		1	0.0	1	0.0705	0.9304345126447066	-0.07570746088779251
qoxp3z22sxf0oiq3tg13tfjw	1	1	90	23	0	No-Go	NGAL	0	0		1	0.0	1	0.061	0.940544512185326	-0.0630304981350898
qoxp3z22sxf0oiq3tg13tfjw	1	1	94	24	0	No-Go	NGAL	0	0		1	0.0	1	0.0524	0.9473343072390645	-0.055364297818977504
qoxp3z22sxf0oiq3tg13tfjw	1	1	100	25	0	No-Go	NGAL	0	0		1	0.0	1	0.0447	0.9524120711264051	-0.04980732453856961
qoxp3z22sxf0oiq3tg13tfjw	1	1	101	26	0	No-Go	NGAL	0	0		1	0.0	1	0.0446	0.9564186154511751	-0.04549166287485323
qoxp3z22sxf0oiq3tg13tfjw	1	1	106	27	0	No-Go	NGAL	0	1	0.214	0	0.0	0	0.0425	0.04032350630304185	-3.671648589162305
qoxp3z22sxf0oiq3tg13tfjw	1	1	112	28	0	No-Go	NGAL	0	0		1	0.0	1	0.0323	0.9665361118476021	-0.03471106640659085
qoxp3z22sxf0oiq3tg13tfjw	1	1	114	29	0	No-Go	NGAL	0	0		1	1.0	0	0.0346	0.9687755420902755	-0.03235882835005405
qz9a56zl60mfwv7umkwwph2d	1	1	4	1	0	No-Go	NGAL	0	1	0.78	0	0.0	0	0.5464	0.5510910616138109	-0.60763977156217
qz9a56zl60mfwv7umkwwph2d	1	1	6	2	0	No-Go	NGAL	0	1	0.527	0	0.0	0	0.3726	0.38113927206583365	-0.9912465956581544
qz9a56zl60mfwv7umkwwph2d	1	1	11	3	0	No-Go	NGAL	0	0		1	1.0	0	0.2467	0.7512397809394963	-0.29224632893678226
qz9a56zl60mfwv7umkwwph2d	1	1	16	4	0	No-Go	NGAL	0	0		1	0.0	1	0.2761	0.727609647170952	-0.3248481776900671
qz9a56zl60mfwv7umkwwph2d	1	1	18	5	0	No-Go	NGAL	0	1	1.447	0	0.0	0	0.159	0.1598591051156232	-1.9584319890495494
qz9a56zl60mfwv7umkwwph2d	1	1	23	6	0	No-Go	NGAL	0	0		1	1.0	0	0.1014	0.9008008057361973	-0.10668275518602281
qz9a56zl60mfwv7umkwwph2d	1	1	27	7	0	No-Go	NGAL	0	0		1	0.0	1	0.1087	0.8886616865474327	-0.12068770894314422
qz9a56zl60mfwv7umkwwph2d	1	1	32	8	0	No-Go	NGAL	0	0		1	0.0	1	0.0593	0.936068385444253	-0.06735542636953282
qz9a56zl60mfwv7umkwwph2d	1	1	36	9	0	No-Go	NGAL	0	0		1	0.0	1	0.0384	0.9620464212443931	-0.03930054322110753
qz9a56zl60mfwv7umkwwph2d	1	1	39	10	0	No-Go	NGAL	0	0		1	0.0	1	0.023	0.9766415681184005	-0.023924246516115293
qz9a56zl60mfwv7umkwwph2d	1	1	42	11	0	No-Go	NGAL	0	0		1	0.0	1	0.0152	0.985104568994108	-0.015147949782254233
qz9a56zl60mfwv7umkwwph2d	1	1	46	12	0	No-Go	NGAL	0	0		1	0.0	1	0.0116	0.9901744306411426	-0.009944812165014083
qz9a56zl60mfwv7umkwwph2d	1	1	50	13	0	No-Go	NGAL	0	0		1	0.0	1	0.0058	0.9933087333215571	-0.006750649451865172
qz9a56zl60mfwv7umkwwph2d	1	1	55	14	0	No-Go	NGAL	0	0		1	0.0	1	0.0047	0.9953046740467946	-0.004726434054993592
qz9a56zl60mfwv7umkwwph2d	1	1	57	15	0	No-Go	NGAL	0	0		1	1.0	0	0.0027	0.9966112051941496	-0.0034059048904675395
qz9a56zl60mfwv7umkwwph2d	1	1	61	16	0	No-Go	NGAL	0	0		1	0.0	1	0.0042	0.9959685762789859	-0.004054712369328236
qz9a56zl60mfwv7umkwwph2d	1	1	66	17	0	No-Go	NGAL	0	0		1	0.0	1	0.0032	0.9970550526599378	-0.0029580797528213497
qz9a56zl60mfwv7umkwwph2d	1	1	69	18	0	No-Go	NGAL	0	0		1	0.0	1	0.0027	0.9977920189190458	-0.0022157459910164697
qz9a56zl60mfwv7umkwwph2d	1	1	73	19	0	No-Go	NGAL	0	0		1	1.0	0	0.0014	0.9983036514834183	-0.0017011569896816404
qz9a56zl60mfwv7umkwwph2d	1	1	77	20	0	No-Go	NGAL	0	0		1	0.0	1	0.0028	0.9979507680440849	-0.0020560630984589384
qz9a56zl60mfwv7umkwwph2d	1	1	82	21	0	No-Go	NGAL	0	0		1	0.0	1	0.0016	0.9984159681191164	-0.0015883266962773385
qz9a56zl60mfwv7umkwwph2d	1	1	87	22	0	No-Go	NGAL	0	0		1	0.0	1	0.0015	0.9987472896604973	-0.0012555360090945541
qz9a56zl60mfwv7umkwwph2d	1	1	90	23	0	No-Go	NGAL	0	0		1	0.0	1	0.0006	0.9989880026006067	-0.0010139394213707347
qz9a56zl60mfwv7umkwwph2d	1	1	96	24	0	No-Go	NGAL	0	0		1	1.0	0	0.0008	0.999166098879916	-0.000835292684393008
qz9a56zl60mfwv7umkwwph2d	1	1	97	25	0	No-Go	NGAL	0	0		1	0.0	1	0.0008	0.9989755569998713	-0.001026526031215501
qz9a56zl60mfwv7umkwwph2d	1	1	101	26	0	No-Go	NGAL	0	0		1	0.0	1	0.0008	0.9991572114354688	-0.0008442748013674929
qz9a56zl60mfwv7umkwwph2d	1	1	106	27	0	No-Go	NGAL	0	0		1	0.0	1	0.001	0.9992934644347284	-0.0007076395495979895
qz9a56zl60mfwv7umkwwph2d	1	1	112	28	0	No-Go	NGAL	0	0		1	1.0	0	0.0005	0.9993973439556884	-0.0006035069045553806
qz9a56zl60mfwv7umkwwph2d	1	1	114	29	0	No-Go	NGAL	0	0		1	0.0	1	0.0005	0.9992512414130913	-0.0007500835912958281
qz9a56zl60mfwv7umkwwph2d	1	1	119	30	0	No-Go	NGAL	0	0		1	0.0	1	0.0009	0.9993657487192595	-0.0006352485280636145
qz9a56zl60mfwv7umkwwph2d	1	1	2	1	0	Go	GAL	1	0		0	0.0	0	0.5485	0.44890893838618906	-0.8182924777718146
qz9a56zl60mfwv7umkwwph2d	1	1	5	2	0	Go	GAL	1	1	0.474	1	0.0	1	0.5807	0.5818589741577305	-0.5513394723824836
qz9a56zl60mfwv7umkwwph2d	1	1	10	3	0	Go	GAL	1	1	0.474	1	0.0	1	0.7287	0.734151098636273	-0.31502056820633123
qz9a56zl60mfwv7umkwwph2d	1	1	15	4	0	Go	GAL	1	1	0.492	1	0.0	1	0.8373	0.8360902037924166	-0.18254256053481538
qz9a56zl60mfwv7umkwwph2d	1	1	19	5	0	Go	GAL	1	1	0.498	1	1.0	0	0.8978	0.8986425691761495	-0.1087691659412696
qz9a56zl60mfwv7umkwwph2d	1	1	21	6	0	Go	GAL	1	1	0.574	1	0.0	1	0.8017	0.7959479894471426	-0.23168864588782423
qz9a56zl60mfwv7umkwwph2d	1	1	25	7	0	Go	GAL	1	1	0.706	1	0.0	1	0.876	0.8752748290334641	-0.13521982271173796
qz9a56zl60mfwv7umkwwph2d	1	1	29	8	0	Go	GAL	1	1	0.971	1	0.0	1	0.9204	0.9225338421533923	-0.0817249746708019
qz9a56zl60mfwv7umkwwph2d	1	1	34	9	0	Go	GAL	1	1	0.633	1	1.0	0	0.9497	0.9505891698707796	-0.05125453707673251
qz9a56zl60mfwv7umkwwph2d	1	1	37	10	0	Go	GAL	1	1	0.885	1	0.0	1	0.8883	0.888768726838082	-0.11938267947955222
qz9a56zl60mfwv7umkwwph2d	1	1	41	11	0	Go	GAL	1	1	0.876	1	0.0	1	0.9313	0.9311365048904477	-0.07212466330459594
qz9a56zl60mfwv7umkwwph2d	1	1	48	12	0	Go	GAL	1	1	0.828	1	0.0	1	0.9569	0.9560160779327154	-0.04539983855013262
qz9a56zl60mfwv7umkwwph2d	1	1	51	13	0	Go	GAL	1	1	0.575	1	0.0	1	0.9729	0.9709594680489395	-0.029700504603948456
qz9a56zl60mfwv7umkwwph2d	1	1	54	14	0	Go	GAL	1	1	0.66	1	0.0	1	0.9816	0.9801911274789967	-0.020136845630317632
qz9a56zl60mfwv7umkwwph2d	1	1	58	15	0	Go	GAL	1	1	0.68	1	1.0	0	0.9856	0.9860617881393431	-0.01411117933033141
qz9a56zl60mfwv7umkwwph2d	1	1	63	16	0	Go	GAL	1	1	0.693	1	0.0	1	0.9607	0.9633885377209286	-0.03765394013309398
qz9a56zl60mfwv7umkwwph2d	1	1	65	17	0	Go	GAL	1	1	0.451	1	1.0	0	0.975	0.9757473367931973	-0.024730273902854788
qz9a56zl60mfwv7umkwwph2d	1	1	70	18	0	Go	GAL	1	1	0.675	1	0.0	1	0.9411	0.9384679005448059	-0.06465638211456778
qz9a56zl60mfwv7umkwwph2d	1	1	75	19	0	Go	GAL	1	1	0.483	1	0.0	1	0.9619	0.9612756772949393	-0.03993064834991607
qz9a56zl60mfwv7umkwwph2d	1	1	79	20	0	Go	GAL	1	1	0.546	1	0.0	1	0.9721	0.9745908628789701	-0.02594449662562365
qz9a56zl60mfwv7umkwwph2d	1	1	81	21	0	Go	GAL	1	1	0.521	1	0.0	1	0.9819	0.9826664994428397	-0.01759624068425851
qz9a56zl60mfwv7umkwwph2d	1	1	86	22	0	Go	GAL	1	1	0.483	1	0.0	1	0.9865	0.9877508318197169	-0.01238885411508704
qz9a56zl60mfwv7umkwwph2d	1	1	91	23	0	Go	GAL	1	1	0.569	1	0.0	1	0.9905	0.9910625782816985	-0.00901690140172128
qz9a56zl60mfwv7umkwwph2d	1	1	95	24	0	Go	GAL	1	1	0.448	1	0.0	1	0.9941	0.9932864529234883	-0.006761566021996983
qz9a56zl60mfwv7umkwwph2d	1	1	98	25	0	Go	GAL	1	1	0.566	1	1.0	0	0.9949	0.994821082217164	-0.005209549568785981
qz9a56zl60mfwv7umkwwph2d	1	1	102	26	0	Go	GAL	1	1	0.457	1	0.0	1	0.9838	0.9843654673636368	-0.015920434571476363
qz9a56zl60mfwv7umkwwph2d	1	1	105	27	0	Go	GAL	1	1	0.625	1	0.0	1	0.9918	0.9889966305238012	-0.01114364240229687
qz9a56zl60mfwv7umkwwph2d	1	1	111	28	0	Go	GAL	1	1	0.583	1	0.0	1	0.9921	0.991963034405418	-0.008114165311684702
qz9a56zl60mfwv7umkwwph2d	1	1	115	29	0	Go	GAL	1	1	0.485	1	1.0	0	0.9951	0.9939374542922291	-0.006108650237805132
qz9a56zl60mfwv7umkwwph2d	1	1	120	30	0	Go	GAL	1	1	0.532	1	0.0	1	0.9814	0.981511031270505	-0.01896124798445708
qz9a56zl60mfwv7umkwwph2d	1	1	1	1	1	No-Go	NGW	0	0		1	0.0	1	0.6138	0.3868716381101599	-1.0107723891944138
qz9a56zl60mfwv7umkwwph2d	1	1	7	2	1	No-Go	NGW	0	0		1	1.0	0	0.4397	0.5533216452514451	-0.6238954458066011
qz9a56zl60mfwv7umkwwph2d	1	1	12	3	1	No-Go	NGW	0	1	1.328	0	0.0	0	0.6301	0.6272059151335266	-0.49027942200159913
qz9a56zl60mfwv7umkwwph2d	1	1	14	4	1	No-Go	NGW	0	1	0.779	0	0.0	0	0.4596	0.4615770721941235	-0.819986513368692
qz9a56zl60mfwv7umkwwph2d	1	1	20	5	1	No-Go	NGW	0	0		1	0.0	1	0.3164	0.682833587920327	-0.399243112424102
qz9a56zl60mfwv7umkwwph2d	1	1	24	6	1	No-Go	NGW	0	0		1	0.0	1	0.1919	0.8077119679510488	-0.22225327859402372
qz9a56zl60mfwv7umkwwph2d	1	1	26	7	1	No-Go	NGW	0	0		1	1.0	0	0.1156	0.8843904834028464	-0.12700414358407278
qz9a56zl60mfwv7umkwwph2d	1	1	30	8	1	No-Go	NGW	0	0		1	0.0	1	0.2133	0.7823144042226536	-0.255059395002
qz9a56zl60mfwv7umkwwph2d	1	1	35	9	1	No-Go	NGW	0	0		1	0.0	1	0.1322	0.869852721744253	-0.14398814207030064
qz9a56zl60mfwv7umkwwph2d	1	1	40	10	1	No-Go	NGW	0	0		1	0.0	1	0.079	0.9212010917604008	-0.08422786976365176
qz9a56zl60mfwv7umkwwph2d	1	1	44	11	1	No-Go	NGW	0	0		1	0.0	1	0.0473	0.9510569924813539	-0.051201665314952384
qz9a56zl60mfwv7umkwwph2d	1	1	45	12	1	No-Go	NGW	0	0		1	0.0	1	0.0311	0.9686694804539622	-0.03232611828644298
qz9a56zl60mfwv7umkwwph2d	1	1	52	13	1	No-Go	NGW	0	0		1	0.0	1	0.022	0.9793085452339874	-0.021155513266249922
qz9a56zl60mfwv7umkwwph2d	1	1	56	14	1	No-Go	NGW	0	0		1	1.0	0	0.0125	0.9859096586800011	-0.014318606015658509
qz9a56zl60mfwv7umkwwph2d	1	1	59	15	1	No-Go	NGW	0	0		1	0.0	1	0.0308	0.965717967960147	-0.03534154227781345
qz9a56zl60mfwv7umkwwph2d	1	1	62	16	1	No-Go	NGW	0	0		1	0.0	1	0.0222	0.977729826282584	-0.022750834820210376
qz9a56zl60mfwv7umkwwph2d	1	1	68	17	1	No-Go	NGW	0	0		1	0.0	1	0.0144	0.9850120249531821	-0.015221810668121028
qz9a56zl60mfwv7umkwwph2d	1	1	71	18	1	No-Go	NGW	0	0		1	0.0	1	0.0098	0.9895769919268455	-0.010543958579389848
qz9a56zl60mfwv7umkwwph2d	1	1	76	19	1	No-Go	NGW	0	0		1	0.0	1	0.0066	0.9925282426241409	-0.00753794699954176
qz9a56zl60mfwv7umkwwph2d	1	1	80	20	1	No-Go	NGW	0	0		1	1.0	0	0.0054	0.9944908192545042	-0.005547380909533336
qz9a56zl60mfwv7umkwwph2d	1	1	84	21	1	No-Go	NGW	0	0		1	0.0	1	0.0157	0.9849293220826226	-0.015320300311621217
qz9a56zl60mfwv7umkwwph2d	1	1	88	22	1	No-Go	NGW	0	0		1	0.0	1	0.0119	0.9896489895155819	-0.010473660148366214
qz9a56zl60mfwv7umkwwph2d	1	1	92	23	1	No-Go	NGW	0	0		1	1.0	0	0.0068	0.9926303513791106	-0.007435506411246831
qz9a56zl60mfwv7umkwwph2d	1	1	94	24	1	No-Go	NGW	0	0		1	0.0	1	0.0185	0.9797843734911433	-0.02070429007638862
qz9a56zl60mfwv7umkwwph2d	1	1	99	25	1	No-Go	NGW	0	0		1	0.0	1	0.011	0.9866274770704567	-0.013584162130108834
qz9a56zl60mfwv7umkwwph2d	1	1	104	26	1	No-Go	NGW	0	0		1	0.0	1	0.0091	0.9907649925782156	-0.00933946213946931
qz9a56zl60mfwv7umkwwph2d	1	1	108	27	1	No-Go	NGW	0	0		1	0.0	1	0.0048	0.9933817574198832	-0.006674761223946048
qz9a56zl60mfwv7umkwwph2d	1	1	109	28	1	No-Go	NGW	0	0		1	1.0	0	0.005	0.9951007499438791	-0.004932137802707522
qz9a56zl60mfwv7umkwwph2d	1	1	113	29	1	No-Go	NGW	0	0		1	0.0	1	0.0157	0.9858399251397135	-0.014436660240554148
qz9a56zl60mfwv7umkwwph2d	1	1	117	30	1	No-Go	NGW	0	0		1	0.0	1	0.0105	0.9903761722193559	-0.009749932066808548
qz9a56zl60mfwv7umkwwph2d	1	1	3	1	1	Go	GW	1	1	0.994	1	0.0	1	0.6148	0.6131283618898402	-0.5141831650503889
qz9a56zl60mfwv7umkwwph2d	1	1	8	2	1	Go	GW	1	1	0.583	1	1.0	0	0.9352	0.9350214631627223	-0.06894089984640699
qz9a56zl60mfwv7umkwwph2d	1	1	9	3	1	Go	GW	1	0		0	0.0	0	0.8625	0.13628106666662548	-2.1803241481162163
qz9a56zl60mfwv7umkwwph2d	1	1	13	4	1	Go	GW	1	1	0.755	1	0.0	1	0.9229	0.923787261762301	-0.08122689637429842
qz9a56zl60mfwv7umkwwph2d	1	1	17	5	1	Go	GW	1	1	0.485	1	0.0	1	0.9848	0.9848541963924132	-0.01547995082199475
qz9a56zl60mfwv7umkwwph2d	1	1	22	6	1	Go	GW	1	1	0.45	1	1.0	0	0.9953	0.9953426354681989	-0.0047037468943025035
qz9a56zl60mfwv7umkwwph2d	1	1	28	7	1	Go	GW	1	1	0.507	1	0.0	1	0.9878	0.988174751818926	-0.012029447845768398
qz9a56zl60mfwv7umkwwph2d	1	1	31	8	1	Go	GW	1	1	0.672	1	0.0	1	0.9961	0.996193819007212	-0.00383770505697527
qz9a56zl60mfwv7umkwwph2d	1	1	33	9	1	Go	GW	1	1	0.507	1	0.0	1	0.9987	0.9983196478218057	-0.0016882556722277616
qz9a56zl60mfwv7umkwwph2d	1	1	38	10	1	Go	GW	1	1	0.491	1	0.0	1	0.999	0.9990677092893467	-0.0009351073773001327
qz9a56zl60mfwv7umkwwph2d	1	1	43	11	1	Go	GW	1	1	0.401	1	0.0	1	0.9991	0.999384234954415	-0.000617113741126395
qz9a56zl60mfwv7umkwwph2d	1	1	47	12	1	Go	GW	1	1	0.377	1	0.0	1	0.9999	0.9995368984647234	-0.0004639281221252046
qz9a56zl60mfwv7umkwwph2d	1	1	49	13	1	Go	GW	1	1	0.476	1	1.0	0	0.9995	0.9996180045498313	-0.0003826054619533018
qz9a56zl60mfwv7umkwwph2d	1	1	53	14	1	Go	GW	1	1	0.506	1	0.0	1	0.9988	0.9985553126468356	-0.0014532883737686836
qz9a56zl60mfwv7umkwwph2d	1	1	60	15	1	Go	GW	1	1	0.408	1	0.0	1	0.9992	0.9992416456548113	-0.0007604339474650789
qz9a56zl60mfwv7umkwwph2d	1	1	64	16	1	Go	GW	1	1	0.475	1	0.0	1	0.9996	0.9994814797422823	-0.0005195669359849554
qz9a56zl60mfwv7umkwwph2d	1	1	67	17	1	Go	GW	1	1	0.426	1	0.0	1	0.9996	0.9995929266762174	-0.0004077756318668735
qz9a56zl60mfwv7umkwwph2d	1	1	72	18	1	Go	GW	1	1	0.597	1	0.0	1	0.9998	0.999652123384695	-0.00034843152243822155
qz9a56zl60mfwv7umkwwph2d	1	1	74	19	1	Go	GW	1	1	0.417	1	1.0	0	0.9996	0.9996862471183383	-0.0003142355819197619
qz9a56zl60mfwv7umkwwph2d	1	1	78	20	1	Go	GW	1	1	0.498	1	0.0	1	0.9987	0.9987352931111338	-0.0012727792941275768
qz9a56zl60mfwv7umkwwph2d	1	1	83	21	1	Go	GW	1	1	0.456	1	1.0	0	0.9992	0.9993314994179547	-0.000670359255842357
qz9a56zl60mfwv7umkwwph2d	1	1	85	22	1	Go	GW	1	1	0.478	1	0.0	1	0.9976	0.997509560216884	-0.0025160906264280205
qz9a56zl60mfwv7umkwwph2d	1	1	89	23	1	Go	GW	1	1	0.481	1	0.0	1	0.9989	0.9989703576581381	-0.001033454612931371
qz9a56zl60mfwv7umkwwph2d	1	1	93	24	1	Go	GW	1	1	0.385	1	0.0	1	0.9995	0.9993772360428844	-0.0006242409099775712
qz9a56zl60mfwv7umkwwph2d	1	1	100	25	1	Go	GW	1	1	0.494	1	0.0	1	0.9997	0.9995443098724274	-0.0004565471521281956
qz9a56zl60mfwv7umkwwph2d	1	1	103	26	1	Go	GW	1	1	0.442	1	0.0	1	0.9997	0.9996267015670696	-0.0003739219383374558
qz9a56zl60mfwv7umkwwph2d	1	1	107	27	1	Go	GW	1	1	0.355	1	0.0	1	0.9998	0.9996719478267087	-0.0003285695310270288
qz9a56zl60mfwv7umkwwph2d	1	1	110	28	1	Go	GW	1	1	0.528	1	1.0	0	0.9996	0.999698618025858	-0.00030184521025030086
qz9a56zl60mfwv7umkwwph2d	1	1	116	29	1	Go	GW	1	1	0.658	1	0.0	1	0.9984	0.9987709226307939	-0.0012369791211292453
qz9a56zl60mfwv7umkwwph2d	1	1	118	30	1	Go	GW	1	1	0.455	1	0.0	1	0.999	0.9993485107547665	-0.0006533093986268757
qz9a56zl60mfwv7umkwwph2d	1	2	122	1	1	Go	GW	1	1	0.299	1	0.0	1	0.6153	0.6131283618898402	-0.5141831650503889
qz9a56zl60mfwv7umkwwph2d	1	2	128	2	1	Go	GW	1	1	0.549	1	1.0	0	0.9356	0.9350214631627223	-0.06894089984640699
qz9a56zl60mfwv7umkwwph2d	1	2	129	3	1	Go	GW	1	1	0.465	1	0.0	1	0.8688	0.8637189333333745	-0.15097125464234656
qz9a56zl60mfwv7umkwwph2d	1	2	136	4	1	Go	GW	1	1	0.525	1	0.0	1	0.972	0.9722731239809864	-0.028677636236279277
qz9a56zl60mfwv7umkwwph2d	1	2	138	5	1	Go	GW	1	1	0.492	1	0.0	1	0.9919	0.9914603249437376	-0.008668104532716244
qz9a56zl60mfwv7umkwwph2d	1	2	144	6	1	Go	GW	1	1	0.518	1	1.0	0	0.9952	0.9964013168413732	-0.0036272719377337093
qz9a56zl60mfwv7umkwwph2d	1	2	148	7	1	Go	GW	1	1	0.484	1	0.0	1	0.9883	0.9896110527883771	-0.010567581059649013
qz9a56zl60mfwv7umkwwph2d	1	2	151	8	1	Go	GW	1	1	0.458	1	0.0	1	0.9966	0.995979845351101	-0.004053675764389314
qz9a56zl60mfwv7umkwwph2d	1	2	155	9	1	Go	GW	1	1	0.485	1	0.0	1	0.9975	0.9979166861294936	-0.0020942112271473494
qz9a56zl60mfwv7umkwwph2d	1	2	160	10	1	Go	GW	1	1	0.398	1	0.0	1	0.9985	0.9986784512399707	-0.0013266380834651237
qz9a56zl60mfwv7umkwwph2d	1	2	163	11	1	Go	GW	1	1	0.388	1	0.0	1	0.9994	0.9990296513819107	-0.0009734936893819611
qz9a56zl60mfwv7umkwwph2d	1	2	165	12	1	Go	GW	1	1	0.43	1	0.0	1	0.9991	0.9992104924167352	-0.0007918722385658213
qz9a56zl60mfwv7umkwwph2d	1	2	169	13	1	Go	GW	1	1	0.372	1	1.0	0	0.999	0.9993114560027818	-0.0006905519017630643
qz9a56zl60mfwv7umkwwph2d	1	2	174	14	1	Go	GW	1	1	0.604	1	0.0	1	0.9964	0.9972174932689631	-0.0028210870260027975
qz9a56zl60mfwv7umkwwph2d	1	2	179	15	1	Go	GW	1	1	0.449	1	0.0	1	0.9983	0.9985617842219561	-0.0014458996347235563
qz9a56zl60mfwv7umkwwph2d	1	2	181	16	1	Go	GW	1	1	0.471	1	0.0	1	0.9991	0.9990081887045088	-0.0009956359744504395
qz9a56zl60mfwv7umkwwph2d	1	2	187	17	1	Go	GW	1	1	0.451	1	0.0	1	0.9989	0.9992110773365721	-0.0007915468216860167
qz9a56zl60mfwv7umkwwph2d	1	2	191	18	1	Go	GW	1	1	0.434	1	0.0	1	0.9989	0.9993174674975431	-0.000684660018628821
qz9a56zl60mfwv7umkwwph2d	1	2	196	19	1	Go	GW	1	1	0.512	1	1.0	0	0.9986	0.999378220993921	-0.0006236683957070813
qz9a56zl60mfwv7umkwwph2d	1	2	198	20	1	Go	GW	1	1	0.504	1	0.0	1	0.9976	0.997389918099012	-0.0026486126203949826
qz9a56zl60mfwv7umkwwph2d	1	2	204	21	1	Go	GW	1	1	0.392	1	1.0	0	0.9985	0.998655470738974	-0.00135198672905956
qz9a56zl60mfwv7umkwwph2d	1	2	207	22	1	Go	GW	1	1	0.709	1	0.0	1	0.9954	0.9948393145194768	-0.0052803616815217495
qz9a56zl60mfwv7umkwwph2d	1	2	209	23	1	Go	GW	1	1	0.545	1	0.0	1	0.9981	0.9979287472994178	-0.0020863809670868677
qz9a56zl60mfwv7umkwwph2d	1	2	216	24	1	Go	GW	1	1	0.443	1	0.0	1	0.9992	0.9987582095415121	-0.0012474467681181656
qz9a56zl60mfwv7umkwwph2d	1	2	218	25	1	Go	GW	1	1	0.456	1	0.0	1	0.9988	0.999091490131239	-0.0009117961182861204
qz9a56zl60mfwv7umkwwph2d	1	2	221	26	1	Go	GW	1	1	0.409	1	0.0	1	0.9996	0.9992534422288935	-0.0007489797423482928
qz9a56zl60mfwv7umkwwph2d	1	2	226	27	1	Go	GW	1	1	0.527	1	0.0	1	0.9995	0.9993413629401763	-0.0006606749799625259
qz9a56zl60mfwv7umkwwph2d	1	2	230	28	1	Go	GW	1	1	0.346	1	1.0	0	0.9995	0.999392680179624	-0.0006091655737363467
qz9a56zl60mfwv7umkwwph2d	1	2	233	29	1	Go	GW	1	1	0.597	1	0.0	1	0.9972	0.9974342831816224	-0.0026036634140977366
qz9a56zl60mfwv7umkwwph2d	1	2	239	30	1	Go	GW	1	1	0.387	1	0.0	1	0.9992	0.9986748092831749	-0.001332562944073385
qz9a56zl60mfwv7umkwwph2d	1	2	121	1	1	No-Go	NGW	0	1	0.477	0	0.0	0	0.6074	0.6131283618898402	-0.5141831650503889
qz9a56zl60mfwv7umkwwph2d	1	2	125	2	1	No-Go	NGW	0	1	0.388	0	1.0	1	0.4396	0.44667835474855494	-0.8564944810304264
qz9a56zl60mfwv7umkwwph2d	1	2	132	3	1	No-Go	NGW	0	1	0.478	0	0.0	0	0.8934	0.9004057730841285	-0.10861240647921597
qz9a56zl60mfwv7umkwwph2d	1	2	134	4	1	No-Go	NGW	0	1	0.42	0	0.0	0	0.8135	0.8046214676925482	-0.2258992431752225
qz9a56zl60mfwv7umkwwph2d	1	2	137	5	1	No-Go	NGW	0	1	0.379	0	0.0	0	0.6648	0.6612664990214268	-0.4315752941839222
qz9a56zl60mfwv7umkwwph2d	1	2	141	6	1	No-Go	NGW	0	1	0.459	0	0.0	0	0.4955	0.4941177429643343	-0.7413737651737372
qz9a56zl60mfwv7umkwwph2d	1	2	145	7	1	No-Go	NGW	0	1	0.337	0	1.0	1	0.3387	0.34184893675091055	-1.1408672151125807
qz9a56zl60mfwv7umkwwph2d	1	2	150	8	1	No-Go	NGW	0	1	0.334	0	0.0	0	0.8568	0.8622007130698693	-0.15875838467889547
qz9a56zl60mfwv7umkwwph2d	1	2	156	9	1	No-Go	NGW	0	1	0.523	0	0.0	0	0.7508	0.7490930805527439	-0.311962837538199
qz9a56zl60mfwv7umkwwph2d	1	2	159	10	1	No-Go	NGW	0	0		1	0.0	1	0.5962	0.40346515547646017	-1.005349306115984
qz9a56zl60mfwv7umkwwph2d	1	2	161	11	1	No-Go	NGW	0	0		1	0.0	1	0.4294	0.5667289318259604	-0.6190810711627888
qz9a56zl60mfwv7umkwwph2d	1	2	166	12	1	No-Go	NGW	0	0		1	0.0	1	0.2953	0.7043196430978512	-0.3763648973787931
qz9a56zl60mfwv7umkwwph2d	1	2	171	13	1	No-Go	NGW	0	0		1	0.0	1	0.1983	0.8043307406995827	-0.23037738421758922
qz9a56zl60mfwv7umkwwph2d	1	2	173	14	1	No-Go	NGW	0	0		1	1.0	0	0.13	0.8712787710658904	-0.14390673274889448
qz9a56zl60mfwv7umkwwph2d	1	2	178	15	1	No-Go	NGW	0	0		1	0.0	1	0.2559	0.7425537609882971	-0.3157341144306916
qz9a56zl60mfwv7umkwwph2d	1	2	182	16	1	No-Go	NGW	0	0		1	0.0	1	0.1678	0.831686155827483	-0.1928473739551039
qz9a56zl60mfwv7umkwwph2d	1	2	186	17	1	No-Go	NGW	0	0		1	0.0	1	0.1146	0.8897172881657136	-0.12097991658933921
qz9a56zl60mfwv7umkwwph2d	1	2	190	18	1	No-Go	NGW	0	0		1	0.0	1	0.0711	0.9265838825110472	-0.07830094515229016
qz9a56zl60mfwv7umkwwph2d	1	2	193	19	1	No-Go	NGW	0	0		1	0.0	1	0.0481	0.9500044274101037	-0.052343314010118186
qz9a56zl60mfwv7umkwwph2d	1	2	199	20	1	No-Go	NGW	0	0		1	1.0	0	0.0358	0.9650699558538448	-0.036119971096805176
qz9a56zl60mfwv7umkwwph2d	1	2	201	21	1	No-Go	NGW	0	0		1	0.0	1	0.0914	0.911994801645706	-0.09489516877294835
qz9a56zl60mfwv7umkwwph2d	1	2	206	22	1	No-Go	NGW	0	0		1	0.0	1	0.0554	0.941280245435989	-0.06185338399457106
qz9a56zl60mfwv7umkwwph2d	1	2	211	23	1	No-Go	NGW	0	0		1	1.0	0	0.0386	0.9596893331063444	-0.04184298052135731
qz9a56zl60mfwv7umkwwph2d	1	2	215	24	1	No-Go	NGW	0	1	0.508	0	0.0	0	0.1046	0.10150580981732406	-2.619565585684849
qz9a56zl60mfwv7umkwwph2d	1	2	217	25	1	No-Go	NGW	0	0		1	0.0	1	0.0548	0.9460881568442423	-0.05656149149092715
qz9a56zl60mfwv7umkwwph2d	1	2	224	26	1	No-Go	NGW	0	0		1	0.0	1	0.0372	0.9651205550948696	-0.036014159757880686
qz9a56zl60mfwv7umkwwph2d	1	2	228	27	1	No-Go	NGW	0	0		1	0.0	1	0.021	0.9765726284022894	-0.02396298662690667
qz9a56zl60mfwv7umkwwph2d	1	2	231	28	1	No-Go	NGW	0	0		1	1.0	0	0.0163	0.9837051207398053	-0.016568268962996187
qz9a56zl60mfwv7umkwwph2d	1	2	235	29	1	No-Go	NGW	0	0		1	0.0	1	0.0439	0.9566106867180988	-0.045261260994506586
qz9a56zl60mfwv7umkwwph2d	1	2	237	30	1	No-Go	NGW	0	0		1	0.0	1	0.0268	0.9716402404215639	-0.02916563185811999
qz9a56zl60mfwv7umkwwph2d	1	2	124	1	0	Go	GAL	1	1	0.499	1	0.0	1	0.545	0.5510910616138109	-0.60763977156217
qz9a56zl60mfwv7umkwwph2d	1	2	126	2	0	Go	GAL	1	1	0.662	1	0.0	1	0.7152	0.7091415549025303	-0.35079150847094825
qz9a56zl60mfwv7umkwwph2d	1	2	130	3	0	Go	GAL	1	0		0	0.0	0	0.8212	0.18153321966857297	-1.7958698188046642
qz9a56zl60mfwv7umkwwph2d	1	2	135	4	0	Go	GAL	1	0		0	0.0	0	0.8429	0.1639097962075833	-1.904719474244625
qz9a56zl60mfwv7umkwwph2d	1	2	139	5	0	Go	GAL	1	0		0	1.0	1	0.8506	0.14816169930335862	-2.0159221995379806
qz9a56zl60mfwv7umkwwph2d	1	2	143	6	0	Go	GAL	1	0		0	0.0	0	0.7437	0.25783138730813515	-1.3988274988650102
qz9a56zl60mfwv7umkwwph2d	1	2	147	7	0	Go	GAL	1	0		0	0.0	0	0.7688	0.23391342135294912	-1.505948022921455
qz9a56zl60mfwv7umkwwph2d	1	2	152	8	0	Go	GAL	1	0		0	0.0	0	0.7902	0.21225638715777528	-1.616755370004619
qz9a56zl60mfwv7umkwwph2d	1	2	153	9	0	Go	GAL	1	0		0	1.0	1	0.8066	0.1927181077614772	-1.7308280073021598
qz9a56zl60mfwv7umkwwph2d	1	2	158	10	0	Go	GAL	1	0		0	0.0	0	0.6815	0.31800805187408365	-1.1858318148827467
qz9a56zl60mfwv7umkwwph2d	1	2	164	11	0	Go	GAL	1	0		0	0.0	0	0.7121	0.290307221118627	-1.2921368288445094
qz9a56zl60mfwv7umkwwph2d	1	2	167	12	0	Go	GAL	1	0		0	0.0	0	0.7398	0.26491610570892954	-1.4030776195826167
qz9a56zl60mfwv7umkwwph2d	1	2	170	13	0	Go	GAL	1	1	0.499	1	0.0	1	0.7566	0.7582479404955011	-0.285510508009271
qz9a56zl60mfwv7umkwwph2d	1	2	176	14	0	Go	GAL	1	1	0.42	1	0.0	1	0.851	0.8458759437017453	-0.17158577060183927
qz9a56zl60mfwv7umkwwph2d	1	2	180	15	0	Go	GAL	1	1	0.523	1	1.0	0	0.8968	0.9012152951034633	-0.10608367842802634
qz9a56zl60mfwv7umkwwph2d	1	2	183	16	0	Go	GAL	1	1	0.41	1	0.0	1	0.7888	0.7915540993135658	-0.24061925040972942
qz9a56zl60mfwv7umkwwph2d	1	2	185	17	0	Go	GAL	1	1	0.607	1	1.0	0	0.8663	0.868109771499686	-0.14449768928894977
qz9a56zl60mfwv7umkwwph2d	1	2	189	18	0	Go	GAL	1	1	0.588	1	0.0	1	0.735	0.7361746013168222	-0.3193659171099804
qz9a56zl60mfwv7umkwwph2d	1	2	194	19	0	Go	GAL	1	1	0.502	1	0.0	1	0.834	0.8332289250998168	-0.18736576501680152
qz9a56zl60mfwv7umkwwph2d	1	2	200	20	0	Go	GAL	1	1	0.513	1	0.0	1	0.8915	0.8943917530675303	-0.1137837110603924
qz9a56zl60mfwv7umkwwph2d	1	2	202	21	0	Go	GAL	1	1	0.522	1	0.0	1	0.9324	0.931745748230418	-0.07175746073695631
qz9a56zl60mfwv7umkwwph2d	1	2	208	22	0	Go	GAL	1	1	0.515	1	0.0	1	0.9549	0.9546320906416499	-0.04698452645329378
qz9a56zl60mfwv7umkwwph2d	1	2	210	23	0	Go	GAL	1	1	0.492	1	0.0	1	0.9672	0.9689135648298539	-0.031886358156802394
qz9a56zl60mfwv7umkwwph2d	1	2	214	24	0	Go	GAL	1	1	0.492	1	0.0	1	0.9799	0.9780424851983655	-0.022380236765446277
qz9a56zl60mfwv7umkwwph2d	1	2	219	25	0	Go	GAL	1	1	0.466	1	1.0	0	0.9818	0.9840289393360823	-0.01620886355677231
qz9a56zl60mfwv7umkwwph2d	1	2	223	26	0	Go	GAL	1	1	0.462	1	0.0	1	0.9571	0.9554200920146099	-0.04650550468245876
qz9a56zl60mfwv7umkwwph2d	1	2	225	27	0	Go	GAL	1	1	0.487	1	0.0	1	0.9716	0.9697234577870762	-0.031163412599042102
qz9a56zl60mfwv7umkwwph2d	1	2	229	28	0	Go	GAL	1	1	0.518	1	0.0	1	0.9791	0.97871065338011	-0.021742578491138573
qz9a56zl60mfwv7umkwwph2d	1	2	236	29	0	Go	GAL	1	1	0.47	1	1.0	0	0.9851	0.9845353285709644	-0.015716357394444356
qz9a56zl60mfwv7umkwwph2d	1	2	240	30	0	Go	GAL	1	1	0.427	1	0.0	1	0.961	0.9554578544076893	-0.047009482296548416
qz9a56zl60mfwv7umkwwph2d	1	2	123	1	0	No-Go	NGAL	0	1	0.469	0	0.0	0	0.5479	0.5510910616138109	-0.60763977156217
qz9a56zl60mfwv7umkwwph2d	1	2	127	2	0	No-Go	NGAL	0	0		1	0.0	1	0.3834	0.6188607279341664	-0.48956138382963477
qz9a56zl60mfwv7umkwwph2d	1	2	131	3	0	No-Go	NGAL	0	0		1	1.0	0	0.2444	0.7620099639906021	-0.2780634976591043
qz9a56zl60mfwv7umkwwph2d	1	2	133	4	0	No-Go	NGAL	0	1	0.736	0	0.0	0	0.2689	0.26288658896397016	-1.3949075044756227
qz9a56zl60mfwv7umkwwph2d	1	2	140	5	0	No-Go	NGAL	0	0		1	0.0	1	0.164	0.8374407413696292	-0.18155426304509006
qz9a56zl60mfwv7umkwwph2d	1	2	142	6	0	No-Go	NGAL	0	0		1	1.0	0	0.0949	0.9042896854748996	-0.10278909511862082
qz9a56zl60mfwv7umkwwph2d	1	2	146	7	0	No-Go	NGAL	0	0		1	0.0	1	0.1045	0.8916960821028596	-0.11727296319404606
qz9a56zl60mfwv7umkwwph2d	1	2	149	8	0	No-Go	NGAL	0	0		1	0.0	1	0.068	0.9351245905988262	-0.06838428026498966
qz9a56zl60mfwv7umkwwph2d	1	2	154	9	0	No-Go	NGAL	0	0		1	0.0	1	0.0386	0.959971393040823	-0.041489362252868506
qz9a56zl60mfwv7umkwwph2d	1	2	157	10	0	No-Go	NGAL	0	0		1	0.0	1	0.0253	0.9744879857863754	-0.026157419934340224
qz9a56zl60mfwv7umkwwph2d	1	2	162	11	0	No-Go	NGAL	0	0		1	0.0	1	0.0171	0.9832034698324056	-0.017098325110576046
qz9a56zl60mfwv7umkwwph2d	1	2	168	12	0	No-Go	NGAL	0	0		1	0.0	1	0.0118	0.9885889444321881	-0.011560027014880275
qz9a56zl60mfwv7umkwwph2d	1	2	172	13	0	No-Go	NGAL	0	0		1	0.0	1	0.0083	0.9920123113630128	-0.008065150452803859
qz9a56zl60mfwv7umkwwph2d	1	2	175	14	0	No-Go	NGAL	0	0		1	0.0	1	0.0049	0.9942479676497605	-0.005794392835939834
qz9a56zl60mfwv7umkwwph2d	1	2	177	15	0	No-Go	NGAL	0	0		1	1.0	0	0.0041	0.9957454749060298	-0.0042788587328913726
qz9a56zl60mfwv7umkwwph2d	1	2	184	16	0	No-Go	NGAL	0	0		1	0.0	1	0.0058	0.9949053935265528	-0.005128272099070056
qz9a56zl60mfwv7umkwwph2d	1	2	188	17	0	No-Go	NGAL	0	0		1	0.0	1	0.0046	0.9961939742010578	-0.0038258175166400437
qz9a56zl60mfwv7umkwwph2d	1	2	192	18	0	No-Go	NGAL	0	0		1	0.0	1	0.004	0.9970848067575083	-0.0029274058026014767
qz9a56zl60mfwv7umkwwph2d	1	2	195	19	0	No-Go	NGAL	0	0		1	1.0	0	0.0023	0.9977142503769515	-0.0022936494435914245
qz9a56zl60mfwv7umkwwph2d	1	2	197	20	0	No-Go	NGAL	0	0		1	0.0	1	0.0024	0.9972207515051774	-0.0027907087725740345
qz9a56zl60mfwv7umkwwph2d	1	2	203	21	0	No-Go	NGAL	0	0		1	0.0	1	0.0023	0.9978122025577532	-0.002195288970583164
qz9a56zl60mfwv7umkwwph2d	1	2	205	22	0	No-Go	NGAL	0	0		1	0.0	1	0.0023	0.9982395265453806	-0.0017656009969189831
qz9a56zl60mfwv7umkwwph2d	1	2	212	23	0	No-Go	NGAL	0	0		1	0.0	1	0.0013	0.9985541828923553	-0.0014494825008645918
qz9a56zl60mfwv7umkwwph2d	1	2	213	24	0	No-Go	NGAL	0	0		1	1.0	0	0.001	0.9987899277640571	-0.0012128013600472855
qz9a56zl60mfwv7umkwwph2d	1	2	220	25	0	No-Go	NGAL	0	0		1	0.0	1	0.0013	0.9985045855951452	-0.0014995893454722703
qz9a56zl60mfwv7umkwwph2d	1	2	222	26	0	No-Go	NGAL	0	0		1	0.0	1	0.0009	0.9987532876673325	-0.0012497794263601368
qz9a56zl60mfwv7umkwwph2d	1	2	227	27	0	No-Go	NGAL	0	0		1	0.0	1	0.0016	0.9989416139011992	-0.0010607304161920805
qz9a56zl60mfwv7umkwwph2d	1	2	232	28	0	No-Go	NGAL	0	0		1	1.0	0	0.0012	0.9990864928423192	-0.0009153636971770179
qz9a56zl60mfwv7umkwwph2d	1	2	234	29	0	No-Go	NGAL	0	0		1	0.0	1	0.001	0.9988589833677759	-0.0011439648983549275
qz9a56zl60mfwv7umkwwph2d	1	2	238	30	0	No-Go	NGAL	0	0		1	0.0	1	0.0011	0.9990240781595235	-0.0009781803402664645
rci3lcophxwhturxe4bx1cj9	1	2	122	1	0	Go	GAL	1	1	0.621	1	1.0	0	0.603	0.5982716524408914	-0.5207068461432982
rci3lcophxwhturxe4bx1cj9	1	2	127	2	0	Go	GAL	1	0		0	0.0	0	0.5364	0.45649827022965594	-0.7959509864753627
rci3lcophxwhturxe4bx1cj9	1	2	131	3	0	Go	GAL	1	1	0.78	1	0.0	1	0.5596	0.5542424206230807	-0.5968478554268734
rci3lcophxwhturxe4bx1cj9	1	2	134	4	0	Go	GAL	1	1	0.803	1	0.0	1	0.6188	0.6146737197561272	-0.4959613693735574
rci3lcophxwhturxe4bx1cj9	1	2	137	5	0	Go	GAL	1	1	0.694	1	0.0	1	0.6632	0.6617068150645011	-0.423821279904701
rci3lcophxwhturxe4bx1cj9	1	2	144	6	0	Go	GAL	1	1	1.039	1	1.0	0	0.6965	0.7005856956853252	-0.36629078402515747
rci3lcophxwhturxe4bx1cj9	1	2	145	7	0	Go	GAL	1	0		0	0.0	0	0.6504	0.35508423242554954	-1.0574863786045894
rci3lcophxwhturxe4bx1cj9	1	2	151	8	0	Go	GAL	1	0		0	0.0	0	0.6528	0.34637689314859704	-1.086858530490282
rci3lcophxwhturxe4bx1cj9	1	2	155	9	0	Go	GAL	1	0		0	0.0	0	0.6638	0.33851268529958073	-1.1158845663046562
rci3lcophxwhturxe4bx1cj9	1	2	160	10	0	Go	GAL	1	1	0.926	1	0.0	1	0.6677	0.6687216186792176	-0.4102152603635879
rci3lcophxwhturxe4bx1cj9	1	2	161	11	0	Go	GAL	1	1	0.897	1	0.0	1	0.7161	0.7114431435291891	-0.34972662721107983
rci3lcophxwhturxe4bx1cj9	1	2	166	12	0	Go	GAL	1	0		0	0.0	0	0.7485	0.2542931101644533	-1.5014766344424246
rci3lcophxwhturxe4bx1cj9	1	2	172	13	0	Go	GAL	1	1	0.735	1	0.0	1	0.7462	0.7509662219610586	-0.2953785216359963
rci3lcophxwhturxe4bx1cj9	1	2	176	14	0	Go	GAL	1	1	0.775	1	1.0	0	0.7698	0.7793805026970625	-0.2571065198145887
rci3lcophxwhturxe4bx1cj9	1	2	179	15	0	Go	GAL	1	1	1.046	1	0.0	1	0.7387	0.7331959499849621	-0.3159869029488686
rci3lcophxwhturxe4bx1cj9	1	2	183	16	0	Go	GAL	1	1	0.647	1	0.0	1	0.7707	0.7681308238265581	-0.27002457907150385
rci3lcophxwhturxe4bx1cj9	1	2	188	17	0	Go	GAL	1	0		0	0.0	0	0.7989	0.20415769348875087	-1.7196467797686255
rci3lcophxwhturxe4bx1cj9	1	2	192	18	0	Go	GAL	1	1	0.656	1	0.0	1	0.8005	0.8001664598745909	-0.22886811463252665
rci3lcophxwhturxe4bx1cj9	1	2	196	19	0	Go	GAL	1	1	0.609	1	0.0	1	0.8227	0.8229365391247769	-0.20003613758800287
rci3lcophxwhturxe4bx1cj9	1	2	197	20	0	Go	GAL	1	1	0.662	1	1.0	0	0.8423	0.8424411146201611	-0.17580870947566735
rci3lcophxwhturxe4bx1cj9	1	2	202	21	0	Go	GAL	1	1	0.462	1	0.0	1	0.8071	0.8032478068795086	-0.22255032059658533
rci3lcophxwhturxe4bx1cj9	1	2	207	22	0	Go	GAL	1	0		0	0.0	0	0.8253	0.17062117227401646	-1.8612228622427716
rci3lcophxwhturxe4bx1cj9	1	2	216	24	0	Go	GAL	1	1	0.633	1	0.0	1	0.8554	0.8529806071075469	-0.16227664758759272
rci3lcophxwhturxe4bx1cj9	1	2	217	25	0	Go	GAL	1	1	0.347	1	1.0	0	0.8726	0.8694568485077805	-0.1427211666484009
rci3lcophxwhturxe4bx1cj9	1	2	224	26	0	Go	GAL	1	1	0.492	1	0.0	1	0.8308	0.8337809075282027	-0.18446371563166494
rci3lcophxwhturxe4bx1cj9	1	2	226	27	0	Go	GAL	1	1	0.899	1	0.0	1	0.8582	0.8566778529933239	-0.15715603826504068
rci3lcophxwhturxe4bx1cj9	1	2	231	28	0	Go	GAL	1	1	0.749	1	0.0	1	0.8703	0.8739902317351108	-0.13693978257722111
rci3lcophxwhturxe4bx1cj9	1	2	235	29	0	Go	GAL	1	1	0.468	1	1.0	0	0.888	0.888099382559078	-0.12065006315222436
rci3lcophxwhturxe4bx1cj9	1	2	238	30	0	Go	GAL	1	1	0.736	1	0.0	1	0.8536	0.8547621812250629	-0.15930263181560447
rci3lcophxwhturxe4bx1cj9	1	2	123	1	0	No-Go	NGAL	0	1	0.808	0	0.0	0	0.5998	0.5982716524408914	-0.5207068461432982
rci3lcophxwhturxe4bx1cj9	1	2	128	2	0	No-Go	NGAL	0	1	0.579	0	0.0	0	0.544	0.543501729770344	-0.6186325549369482
rci3lcophxwhturxe4bx1cj9	1	2	130	3	0	No-Go	NGAL	0	1	1.081	0	0.0	0	0.4938	0.4949920952290201	-0.7177574278544624
rci3lcophxwhturxe4bx1cj9	1	2	136	4	0	No-Go	NGAL	0	0		1	1.0	0	0.4454	0.5482777183641885	-0.6122409419540175
rci3lcophxwhturxe4bx1cj9	1	2	139	5	0	No-Go	NGAL	0	0		1	0.0	1	0.4652	0.53789363094689	-0.6294791811312068
rci3lcophxwhturxe4bx1cj9	1	2	141	6	0	No-Go	NGAL	0	0		1	0.0	1	0.4125	0.5931247179094095	-0.5361971463578583
rci3lcophxwhturxe4bx1cj9	1	2	146	7	0	No-Go	NGAL	0	0		1	0.0	1	0.3684	0.6378663838574803	-0.46437684512081256
rci3lcophxwhturxe4bx1cj9	1	2	152	8	0	No-Go	NGAL	0	0		1	0.0	1	0.323	0.6759808558079606	-0.40529806607542324
rci3lcophxwhturxe4bx1cj9	1	2	153	9	0	No-Go	NGAL	0	0		1	1.0	0	0.285	0.7092586029083631	-0.35552243126353583
rci3lcophxwhturxe4bx1cj9	1	2	157	10	0	No-Go	NGAL	0	0		1	0.0	1	0.3049	0.699215472753542	-0.3681737133372038
rci3lcophxwhturxe4bx1cj9	1	2	164	11	0	No-Go	NGAL	0	0		1	0.0	1	0.2704	0.7312703852645782	-0.32246119453737987
rci3lcophxwhturxe4bx1cj9	1	2	167	12	0	No-Go	NGAL	0	0		1	0.0	1	0.2436	0.7588624039033176	-0.28413967653549577
rci3lcophxwhturxe4bx1cj9	1	2	169	13	0	No-Go	NGAL	0	0		1	0.0	1	0.214	0.7830300706578013	-0.2514853517106482
rci3lcophxwhturxe4bx1cj9	1	2	173	14	0	No-Go	NGAL	0	0		1	0.0	1	0.1975	0.8043467671573336	-0.22345089548101588
rci3lcophxwhturxe4bx1cj9	1	2	180	15	0	No-Go	NGAL	0	0		1	1.0	0	0.1749	0.8232050896619101	-0.19927355464713953
rci3lcophxwhturxe4bx1cj9	1	2	182	16	0	No-Go	NGAL	0	1	0.778	0	0.0	0	0.189	0.18514540459313822	-1.7777202201224915
rci3lcophxwhturxe4bx1cj9	1	2	185	17	0	No-Go	NGAL	0	0		1	0.0	1	0.1651	0.8367999687761598	-0.1819954306409184
rci3lcophxwhturxe4bx1cj9	1	2	189	18	0	No-Go	NGAL	0	0		1	0.0	1	0.1442	0.854002756610015	-0.16106039762787852
rci3lcophxwhturxe4bx1cj9	1	2	193	19	0	No-Go	NGAL	0	0		1	1.0	0	0.1355	0.8685109125170694	-0.14371934896206806
rci3lcophxwhturxe4bx1cj9	1	2	199	20	0	No-Go	NGAL	0	0		1	0.0	1	0.1334	0.8613011426736217	-0.1521420326363201
rci3lcophxwhturxe4bx1cj9	1	2	203	21	0	No-Go	NGAL	0	0		1	0.0	1	0.126	0.8760937001610393	-0.13458506531023223
rci3lcophxwhturxe4bx1cj9	1	2	208	22	0	No-Go	NGAL	0	0		1	1.0	0	0.1186	0.8882577693155654	-0.12045552133755728
rci3lcophxwhturxe4bx1cj9	1	2	209	23	0	No-Go	NGAL	0	0		1	0.0	1	0.1239	0.8813999718549544	-0.12853627154150538
rci3lcophxwhturxe4bx1cj9	1	2	213	24	0	No-Go	NGAL	0	0		1	0.0	1	0.1031	0.894023972309037	-0.11378960178105063
rci3lcophxwhturxe4bx1cj9	1	2	220	25	0	No-Go	NGAL	0	0		1	0.0	1	0.0951	0.9042095574267056	-0.10219813067891798
rci3lcophxwhturxe4bx1cj9	1	2	223	26	0	No-Go	NGAL	0	0		1	0.0	1	0.0894	0.9128075299715074	-0.09254412098881565
rci3lcophxwhturxe4bx1cj9	1	2	228	27	0	No-Go	NGAL	0	0		1	0.0	1	0.0837	0.9202182863967133	-0.08431245965220152
rci3lcophxwhturxe4bx1cj9	1	2	230	28	0	No-Go	NGAL	0	0		1	0.0	1	0.0711	0.926678002243921	-0.07720578566721198
rci3lcophxwhturxe4bx1cj9	1	2	234	29	0	No-Go	NGAL	0	0		1	0.0	1	0.0703	0.9323477335700603	-0.07102237420843907
rci3lcophxwhturxe4bx1cj9	1	2	240	30	0	No-Go	NGAL	0	0		1	1.0	0	0.0615	0.9373475486356462	-0.06561265182299768
rci3lcophxwhturxe4bx1cj9	1	2	124	1	1	Go	GW	1	1	0.713	1	0.0	1	0.5019	0.4965997311896068	-0.7436378545447417
rci3lcophxwhturxe4bx1cj9	1	2	125	2	1	Go	GW	1	1	0.515	1	0.0	1	0.6919	0.6935615610163318	-0.38585173753800994
rci3lcophxwhturxe4bx1cj9	1	2	129	3	1	Go	GW	1	1	0.751	1	0.0	1	0.8156	0.8059769981029787	-0.22392840900953864
rci3lcophxwhturxe4bx1cj9	1	2	135	4	1	Go	GW	1	1	0.582	1	1.0	0	0.8714	0.8719590246589353	-0.14067721795715024
rci3lcophxwhturxe4bx1cj9	1	2	140	5	1	Go	GW	1	1	0.527	1	0.0	1	0.8314	0.8289995590425367	-0.19363584411620535
rci3lcophxwhturxe4bx1cj9	1	2	142	6	1	Go	GW	1	1	0.48	1	0.0	1	0.8986	0.8928734930680313	-0.11596021306223599
rci3lcophxwhturxe4bx1cj9	1	2	147	7	1	Go	GW	1	1	0.397	1	1.0	0	0.9245	0.9245588918451955	-0.08015796685294345
rci3lcophxwhturxe4bx1cj9	1	2	150	8	1	Go	GW	1	1	0.641	1	0.0	1	0.8846	0.8896510343496997	-0.12416430739352163
rci3lcophxwhturxe4bx1cj9	1	2	156	9	1	Go	GW	1	1	0.477	1	0.0	1	0.927	0.9296194307110603	-0.0751193958580937
rci3lcophxwhturxe4bx1cj9	1	2	159	10	1	Go	GW	1	1	0.636	1	0.0	1	0.9502	0.9472542625251194	-0.055699700215368235
rci3lcophxwhturxe4bx1cj9	1	2	162	11	1	Go	GW	1	1	0.476	1	0.0	1	0.9556	0.9573577357007979	-0.044897748245536044
rci3lcophxwhturxe4bx1cj9	1	2	165	12	1	Go	GW	1	1	0.482	1	0.0	1	0.9615	0.9636821680272748	-0.03825889724669122
rci3lcophxwhturxe4bx1cj9	1	2	171	13	1	Go	GW	1	1	0.479	1	0.0	1	0.9684	0.9678411250190662	-0.03394912040634685
rci3lcophxwhturxe4bx1cj9	1	2	175	14	1	Go	GW	1	1	0.584	1	1.0	0	0.9696	0.9706724093698411	-0.031042873930485472
rci3lcophxwhturxe4bx1cj9	1	2	178	15	1	Go	GW	1	1	0.523	1	0.0	1	0.946	0.945596034740767	-0.06445057528328345
rci3lcophxwhturxe4bx1cj9	1	2	181	16	1	Go	GW	1	1	0.371	1	0.0	1	0.9655	0.964611603706994	-0.03828216223508042
rci3lcophxwhturxe4bx1cj9	1	2	186	17	1	Go	GW	1	1	0.543	1	1.0	0	0.9699	0.9701588405849633	-0.03191296838664777
rci3lcophxwhturxe4bx1cj9	1	2	191	18	1	Go	GW	1	1	0.696	1	0.0	1	0.9439	0.9446329479196789	-0.06670209270299167
rci3lcophxwhturxe4bx1cj9	1	2	195	19	1	Go	GW	1	1	0.437	1	0.0	1	0.9678	0.9649479485705955	-0.03818562270025663
rci3lcophxwhturxe4bx1cj9	1	2	200	20	1	Go	GW	1	1	0.44	1	0.0	1	0.9699	0.9706738584446394	-0.031487535041264975
rci3lcophxwhturxe4bx1cj9	1	2	201	21	1	Go	GW	1	1	0.358	1	0.0	1	0.9748	0.9733133245811956	-0.02855917174525766
rci3lcophxwhturxe4bx1cj9	1	2	205	22	1	Go	GW	1	1	0.328	1	0.0	1	0.9764	0.9748207887895228	-0.026937843199962556
rci3lcophxwhturxe4bx1cj9	1	2	210	23	1	Go	GW	1	1	0.313	1	0.0	1	0.9728	0.9757887197340191	-0.025917950523794142
rci3lcophxwhturxe4bx1cj9	1	2	214	24	1	Go	GW	1	1	0.512	1	0.0	1	0.976	0.9764556437237534	-0.025225108581637897
rci3lcophxwhturxe4bx1cj9	1	2	219	25	1	Go	GW	1	1	0.448	1	1.0	0	0.9773	0.9769367774165654	-0.02473031064589816
rci3lcophxwhturxe4bx1cj9	1	2	222	26	1	Go	GW	1	1	0.424	1	0.0	1	0.9544	0.9534929910850751	-0.056640311087095045
rci3lcophxwhturxe4bx1cj9	1	2	225	27	1	Go	GW	1	1	0.883	1	0.0	1	0.9702	0.9703109113633885	-0.03256377779384394
rci3lcophxwhturxe4bx1cj9	1	2	232	28	1	Go	GW	1	1	0.388	1	1.0	0	0.9746	0.9743645797549825	-0.02769633018219406
rci3lcophxwhturxe4bx1cj9	1	2	233	29	1	Go	GW	1	1	0.675	1	0.0	1	0.9476	0.9499470783092369	-0.06149126581448042
rci3lcophxwhturxe4bx1cj9	1	2	237	30	1	Go	GW	1	1	0.358	1	0.0	1	0.9668	0.968843938598887	-0.03429269497773605
rci3lcophxwhturxe4bx1cj9	1	2	121	1	1	No-Go	NGW	0	1	0.703	0	0.0	0	0.5027	0.4965997311896068	-0.7436378545447417
rci3lcophxwhturxe4bx1cj9	1	2	126	2	1	No-Go	NGW	0	0		1	0.0	1	0.442	0.5578573410349362	-0.6077294989760164
rci3lcophxwhturxe4bx1cj9	1	2	132	3	1	No-Go	NGW	0	0		1	0.0	1	0.3865	0.6116993350458342	-0.5083454624998135
rci3lcophxwhturxe4bx1cj9	1	2	133	4	1	No-Go	NGW	0	0		1	1.0	0	0.3428	0.6560224428953152	-0.43556337628595715
rci3lcophxwhturxe4bx1cj9	1	2	138	5	1	No-Go	NGW	0	0		1	0.0	1	0.4011	0.5925450768887324	-0.5457647065154246
rci3lcophxwhturxe4bx1cj9	1	2	143	6	1	No-Go	NGW	0	1	1.01	0	0.0	0	0.3587	0.3561089909642291	-1.0791781895233188
rci3lcophxwhturxe4bx1cj9	1	2	148	7	1	No-Go	NGW	0	0		1	0.0	1	0.3137	0.6865658435913872	-0.3871888730865671
rci3lcophxwhturxe4bx1cj9	1	2	149	8	1	No-Go	NGW	0	0		1	0.0	1	0.2698	0.7247591351281946	-0.3314656246254075
rci3lcophxwhturxe4bx1cj9	1	2	154	9	1	No-Go	NGW	0	0		1	1.0	0	0.2463	0.7563351645109718	-0.28728925632914915
rci3lcophxwhturxe4bx1cj9	1	2	158	10	1	No-Go	NGW	0	0		1	0.0	1	0.301	0.6995806791018901	-0.36918586894264266
rci3lcophxwhturxe4bx1cj9	1	2	163	11	1	No-Go	NGW	0	0		1	0.0	1	0.2618	0.7405423361104644	-0.30796391440223714
rci3lcophxwhturxe4bx1cj9	1	2	168	12	1	No-Go	NGW	0	0		1	0.0	1	0.2292	0.7723502111906771	-0.2645354348132906
rci3lcophxwhturxe4bx1cj9	1	2	170	13	1	No-Go	NGW	0	0		1	0.0	1	0.1957	0.7983836815453271	-0.230327448081518
rci3lcophxwhturxe4bx1cj9	1	2	174	14	1	No-Go	NGW	0	0		1	1.0	0	0.1773	0.8203317714991896	-0.20230302077745144
rci3lcophxwhturxe4bx1cj9	1	2	177	15	1	No-Go	NGW	0	0		1	0.0	1	0.2389	0.7688058810666083	-0.27310930019623914
rci3lcophxwhturxe4bx1cj9	1	2	184	16	1	No-Go	NGW	0	0		1	0.0	1	0.2005	0.8012446992818875	-0.2267625782334368
rci3lcophxwhturxe4bx1cj9	1	2	187	17	1	No-Go	NGW	0	0		1	0.0	1	0.1766	0.8257322335182671	-0.19532930556464936
rci3lcophxwhturxe4bx1cj9	1	2	190	18	1	No-Go	NGW	0	0		1	1.0	0	0.1544	0.8453979417822634	-0.17107358720880503
rci3lcophxwhturxe4bx1cj9	1	2	194	19	1	No-Go	NGW	0	0		1	0.0	1	0.1981	0.7965913663397388	-0.23926800530424455
rci3lcophxwhturxe4bx1cj9	1	2	198	20	1	No-Go	NGW	0	0		1	0.0	1	0.1688	0.8264726273665374	-0.1957228619207779
rci3lcophxwhturxe4bx1cj9	1	2	204	21	1	No-Go	NGW	0	0		1	0.0	1	0.1502	0.8483849029221585	-0.1678763896003679
rci3lcophxwhturxe4bx1cj9	1	2	206	22	1	No-Go	NGW	0	0		1	0.0	1	0.1346	0.8656047283861684	-0.14704032559407673
rci3lcophxwhturxe4bx1cj9	1	2	211	23	1	No-Go	NGW	0	0		1	1.0	0	0.1193	0.879715841002635	-0.13043427293481358
rci3lcophxwhturxe4bx1cj9	1	2	215	24	1	No-Go	NGW	0	0		1	0.0	1	0.1631	0.8353000208516865	-0.19209115145467429
rci3lcophxwhturxe4bx1cj9	1	2	218	25	1	No-Go	NGW	0	0		1	0.0	1	0.1326	0.8600279330091382	-0.1559082792465705
rci3lcophxwhturxe4bx1cj9	1	2	221	26	1	No-Go	NGW	0	0		1	1.0	0	0.1229	0.8776510581916036	-0.13379622869192143
rci3lcophxwhturxe4bx1cj9	1	2	227	27	1	No-Go	NGW	0	0		1	0.0	1	0.1663	0.8332636944543712	-0.1995730052477973
rci3lcophxwhturxe4bx1cj9	1	2	229	28	1	No-Go	NGW	0	0		1	0.0	1	0.1389	0.8600330342838058	-0.15744235816783322
rci3lcophxwhturxe4bx1cj9	1	2	236	29	1	No-Go	NGW	0	0		1	0.0	1	0.117	0.8786597854873351	-0.13331898041056042
rci3lcophxwhturxe4bx1cj9	1	2	239	30	1	No-Go	NGW	0	0		1	0.0	1	0.104	0.8926874045740644	-0.11641210069136258
rci3lcophxwhturxe4bx1cj9	1	1	2	1	0	Go	GAL	1	0		0	1.0	1	0.5942	0.40172834755910863	-0.9285995874561455
rci3lcophxwhturxe4bx1cj9	1	1	7	2	0	Go	GAL	1	0		0	0.0	0	0.5458	0.45649827022965594	-0.7959509864753627
rci3lcophxwhturxe4bx1cj9	1	1	10	3	0	Go	GAL	1	0		0	0.0	0	0.5703	0.4437122461589429	-0.8230432632792581
rci3lcophxwhturxe4bx1cj9	1	1	15	4	0	Go	GAL	1	1	0.521	1	0.0	1	0.5605	0.5676022817160371	-0.5734726251758082
rci3lcophxwhturxe4bx1cj9	1	1	19	5	0	Go	GAL	1	0		0	0.0	0	0.6266	0.3796568169801302	-1.003038046038119
rci3lcophxwhturxe4bx1cj9	1	1	22	6	0	Go	GAL	1	1	0.829	1	1.0	0	0.6281	0.6293245550919849	-0.47370706407930185
rci3lcophxwhturxe4bx1cj9	1	1	25	7	0	Go	GAL	1	1	0.302	1	0.0	1	0.5712	0.5708160399926305	-0.5677079373353057
rci3lcophxwhturxe4bx1cj9	1	1	29	8	0	Go	GAL	1	0		0	0.0	0	0.6214	0.37465041128957915	-1.0199164790933382
rci3lcophxwhturxe4bx1cj9	1	1	35	9	0	Go	GAL	1	1	0.546	1	0.0	1	0.6413	0.6337075171333189	-0.46663759943949656
rci3lcophxwhturxe4bx1cj9	1	1	38	10	0	Go	GAL	1	1	1.127	1	0.0	1	0.6785	0.6763968257382197	-0.4018138855706047
rci3lcophxwhturxe4bx1cj9	1	1	41	11	0	Go	GAL	1	1	0.405	1	0.0	1	0.7079	0.7123761170539239	-0.34906093961338697
rci3lcophxwhturxe4bx1cj9	1	1	46	12	0	Go	GAL	1	1	0.557	1	0.0	1	0.7496	0.7434641669648031	-0.3049996760830666
rci3lcophxwhturxe4bx1cj9	1	1	49	13	0	Go	GAL	1	1	0.523	1	0.0	1	0.7704	0.7706308245931749	-0.2677326078508946
rci3lcophxwhturxe4bx1cj9	1	1	56	14	0	Go	GAL	1	1	0.487	1	1.0	0	0.7932	0.7944948892128496	-0.23598151115223626
rci3lcophxwhturxe4bx1cj9	1	1	58	15	0	Go	GAL	1	1	0.45	1	0.0	1	0.7537	0.7447478122433482	-0.2989435053722172
rci3lcophxwhturxe4bx1cj9	1	1	62	16	0	Go	GAL	1	1	0.488	1	0.0	1	0.7732	0.7773543342019057	-0.256033300494048
rci3lcophxwhturxe4bx1cj9	1	1	68	17	0	Go	GAL	1	1	0.646	1	0.0	1	0.8008	0.8030534836537028	-0.22327467167971807
rci3lcophxwhturxe4bx1cj9	1	1	71	18	0	Go	GAL	1	1	0.479	1	0.0	1	0.8249	0.8244792296753738	-0.19649252993290023
rci3lcophxwhturxe4bx1cj9	1	1	75	19	0	Go	GAL	1	1	0.364	1	0.0	1	0.8378	0.8427878987454498	-0.17403148287309086
rci3lcophxwhturxe4bx1cj9	1	1	80	20	0	Go	GAL	1	1	0.858	1	1.0	0	0.8538	0.8586251049565264	-0.15495053300391845
rci3lcophxwhturxe4bx1cj9	1	1	84	21	0	Go	GAL	1	0		0	0.0	0	0.8169	0.18428109707203838	-1.7556018267959117
rci3lcophxwhturxe4bx1cj9	1	1	86	22	0	Go	GAL	1	1	0.526	1	0.0	1	0.8202	0.8211910691605917	-0.20022364663645664
rci3lcophxwhturxe4bx1cj9	1	1	91	23	0	Go	GAL	1	0		0	0.0	0	0.8502	0.15496323454812078	-1.9377677814945908
rci3lcophxwhturxe4bx1cj9	1	1	95	24	0	Go	GAL	1	1	1.111	1	0.0	1	0.8451	0.8491952875273784	-0.16589076798693225
rci3lcophxwhturxe4bx1cj9	1	1	99	25	0	Go	GAL	1	0		0	1.0	1	0.8694	0.13331795004316532	-2.113119649495027
rci3lcophxwhturxe4bx1cj9	1	1	103	26	0	Go	GAL	1	1	0.93	1	0.0	1	0.8323	0.8374562499337755	-0.18010548566922727
rci3lcophxwhturxe4bx1cj9	1	1	106	27	0	Go	GAL	1	1	0.553	1	0.0	1	0.8491	0.8546144626320172	-0.1594016643133481
rci3lcophxwhturxe4bx1cj9	1	1	112	28	0	Go	GAL	1	1	0.784	1	0.0	1	0.8726	0.8688770096806344	-0.14259220716591778
rci3lcophxwhturxe4bx1cj9	1	1	113	29	0	Go	GAL	1	1	0.459	1	1.0	0	0.8848	0.8809961037338451	-0.12856024191364124
rci3lcophxwhturxe4bx1cj9	1	1	119	30	0	Go	GAL	1	1	0.828	1	0.0	1	0.8363	0.8353326484924172	-0.1913823152526071
rci3lcophxwhturxe4bx1cj9	1	1	1	1	0	No-Go	NGAL	0	0		1	0.0	1	0.5958	0.40172834755910863	-0.9285995874561455
rci3lcophxwhturxe4bx1cj9	1	1	6	2	0	No-Go	NGAL	0	1	0.503	0	0.0	0	0.5452	0.543501729770344	-0.6186325549369482
rci3lcophxwhturxe4bx1cj9	1	1	9	3	0	No-Go	NGAL	0	0		1	0.0	1	0.495	0.5119758186394835	-0.6843391652867644
rci3lcophxwhturxe4bx1cj9	1	1	16	4	0	No-Go	NGAL	0	1	0.299	0	1.0	1	0.441	0.4407008067902855	-0.8598118288876937
rci3lcophxwhturxe4bx1cj9	1	1	18	5	0	No-Go	NGAL	0	1	1.152	0	0.0	0	0.5081	0.5022455857742643	-0.698834569595411
rci3lcophxwhturxe4bx1cj9	1	1	23	6	0	No-Go	NGAL	0	0		1	0.0	1	0.4471	0.5548963262650762	-0.6029665768918132
rci3lcophxwhturxe4bx1cj9	1	1	26	7	0	No-Go	NGAL	0	0		1	0.0	1	0.4002	0.59674173984652	-0.529543340488149
rci3lcophxwhturxe4bx1cj9	1	1	31	8	0	No-Go	NGAL	0	0		1	0.0	1	0.3688	0.6340317866373318	-0.46742823385140125
rci3lcophxwhturxe4bx1cj9	1	1	33	9	0	No-Go	NGAL	0	0		1	1.0	0	0.3301	0.6675183413020717	-0.41426071278295296
rci3lcophxwhturxe4bx1cj9	1	1	39	10	0	No-Go	NGAL	0	1	0.412	0	0.0	0	0.3516	0.3453057668209097	-1.0952213408714533
rci3lcophxwhturxe4bx1cj9	1	1	43	11	0	No-Go	NGAL	0	1	0.631	0	0.0	0	0.305	0.30325044822784375	-1.2496787563090188
rci3lcophxwhturxe4bx1cj9	1	1	45	12	0	No-Go	NGAL	0	0		1	0.0	1	0.2688	0.7314337834411417	-0.3211685224705903
rci3lcophxwhturxe4bx1cj9	1	1	51	13	0	No-Go	NGAL	0	0		1	0.0	1	0.2419	0.7597456349443898	-0.2822897748339621
rci3lcophxwhturxe4bx1cj9	1	1	55	14	0	No-Go	NGAL	0	0		1	0.0	1	0.2115	0.7841015200088446	-0.24965836015196857
rci3lcophxwhturxe4bx1cj9	1	1	59	15	0	No-Go	NGAL	0	0		1	1.0	0	0.1981	0.8054060573458464	-0.2218140308731105
rci3lcophxwhturxe4bx1cj9	1	1	61	16	0	No-Go	NGAL	0	1	0.48	0	0.0	0	0.202	0.20346463163334425	-1.674673991964134
rci3lcophxwhturxe4bx1cj9	1	1	67	17	0	No-Go	NGAL	0	1	0.673	0	0.0	0	0.1819	0.17947748099084915	-1.8188326424925123
rci3lcophxwhturxe4bx1cj9	1	1	70	18	0	No-Go	NGAL	0	0		1	0.0	1	0.152	0.8408062569227175	-0.1772141081622066
rci3lcophxwhturxe4bx1cj9	1	1	73	19	0	No-Go	NGAL	0	0		1	1.0	0	0.1356	0.8582512420249615	-0.15609521831922912
rci3lcophxwhturxe4bx1cj9	1	1	77	20	0	No-Go	NGAL	0	1	0.605	0	0.0	0	0.1482	0.14905856296626513	-2.0191355045140305
rci3lcophxwhturxe4bx1cj9	1	1	82	21	0	No-Go	NGAL	0	0		1	0.0	1	0.1297	0.8672256616217362	-0.14543104869941692
rci3lcophxwhturxe4bx1cj9	1	1	85	22	0	No-Go	NGAL	0	0		1	1.0	0	0.1173	0.8826384953549481	-0.12717978945696137
rci3lcophxwhturxe4bx1cj9	1	1	89	23	0	No-Go	NGAL	0	1	0.798	0	0.0	0	0.1287	0.12406690522254915	-2.2245532592369814
rci3lcophxwhturxe4bx1cj9	1	1	93	24	0	No-Go	NGAL	0	0		1	0.0	1	0.1104	0.888958392751366	-0.12023616364818095
rci3lcophxwhturxe4bx1cj9	1	1	97	25	0	No-Go	NGAL	0	1	0.837	0	0.0	0	0.1007	0.09759152792319092	-2.483554568905159
rci3lcophxwhturxe4bx1cj9	1	1	104	26	0	No-Go	NGAL	0	0		1	0.0	1	0.0925	0.9124750572339292	-0.09317958366274706
rci3lcophxwhturxe4bx1cj9	1	1	108	27	0	No-Go	NGAL	0	1	0.85	0	0.0	0	0.0809	0.07802512600448222	-2.732894155331937
rci3lcophxwhturxe4bx1cj9	1	1	109	28	0	No-Go	NGAL	0	0		1	0.0	1	0.0695	0.9297824436967945	-0.07395507087596184
rci3lcophxwhturxe4bx1cj9	1	1	115	29	0	No-Go	NGAL	0	1	0.947	0	0.0	0	0.0646	0.06317298998340576	-2.975235357347516
rci3lcophxwhturxe4bx1cj9	1	1	120	30	0	No-Go	NGAL	0	0		1	1.0	0	0.0607	0.942898640650513	-0.05968066850560193
rci3lcophxwhturxe4bx1cj9	1	1	3	1	1	No-Go	NGW	0	1	0.752	0	0.0	0	0.4942	0.4965997311896068	-0.7436378545447417
rci3lcophxwhturxe4bx1cj9	1	1	5	2	1	No-Go	NGW	0	0		1	0.0	1	0.434	0.5578573410349362	-0.6077294989760164
rci3lcophxwhturxe4bx1cj9	1	1	12	3	1	No-Go	NGW	0	0		1	0.0	1	0.3923	0.6116993350458342	-0.5083454624998135
rci3lcophxwhturxe4bx1cj9	1	1	13	4	1	No-Go	NGW	0	0		1	1.0	0	0.342	0.6560224428953152	-0.43556337628595715
rci3lcophxwhturxe4bx1cj9	1	1	17	5	1	No-Go	NGW	0	0		1	0.0	1	0.4186	0.5925450768887324	-0.5457647065154246
rci3lcophxwhturxe4bx1cj9	1	1	21	6	1	No-Go	NGW	0	1	0.933	0	0.0	0	0.3547	0.3561089909642291	-1.0791781895233188
rci3lcophxwhturxe4bx1cj9	1	1	28	7	1	No-Go	NGW	0	0		1	0.0	1	0.3099	0.6865658435913872	-0.3871888730865671
rci3lcophxwhturxe4bx1cj9	1	1	32	8	1	No-Go	NGW	0	1	0.392	0	0.0	0	0.2802	0.2752408648718053	-1.3584295098273467
rci3lcophxwhturxe4bx1cj9	1	1	34	9	1	No-Go	NGW	0	1	0.631	0	1.0	1	0.2394	0.24274722355783898	-1.497519641106981
rci3lcophxwhturxe4bx1cj9	1	1	37	10	1	No-Go	NGW	0	1	0.461	0	0.0	0	0.4715	0.4728913344154189	-0.7891223916595658
rci3lcophxwhturxe4bx1cj9	1	1	47	12	1	No-Go	NGW	0	0		1	0.0	1	0.3487	0.6473424140679503	-0.4466197933925655
rci3lcophxwhturxe4bx1cj9	1	1	50	13	1	No-Go	NGW	0	0		1	0.0	1	0.3185	0.6843555921275042	-0.38913718522838353
rci3lcophxwhturxe4bx1cj9	1	1	53	14	1	No-Go	NGW	0	1	0.767	0	1.0	1	0.2917	0.2835630330418264	-1.3123976735923857
rci3lcophxwhturxe4bx1cj9	1	1	57	15	1	No-Go	NGW	0	1	0.587	0	0.0	0	0.4811	0.48729849188700547	-0.7622894474338289
rci3lcophxwhturxe4bx1cj9	1	1	63	16	1	No-Go	NGW	0	1	0.639	0	0.0	0	0.4141	0.41655304897555445	-0.922867279761261
rci3lcophxwhturxe4bx1cj9	1	1	65	17	1	No-Go	NGW	0	1	0.519	0	0.0	0	0.3643	0.3602506804025493	-1.0935808082878151
rci3lcophxwhturxe4bx1cj9	1	1	69	18	1	No-Go	NGW	0	1	0.567	0	1.0	1	0.3139	0.3142249221873086	-1.2580691995685727
rci3lcophxwhturxe4bx1cj9	1	1	76	19	1	No-Go	NGW	0	0		1	0.0	1	0.5251	0.48092515569859196	-0.7937248997049927
rci3lcophxwhturxe4bx1cj9	1	1	78	20	1	No-Go	NGW	0	1	0.66	0	0.0	0	0.4839	0.4845258826589179	-0.7837190782132301
rci3lcophxwhturxe4bx1cj9	1	1	83	21	1	No-Go	NGW	0	0		1	0.0	1	0.408	0.5853192382063694	-0.5757966127139693
rci3lcophxwhturxe4bx1cj9	1	1	88	22	1	No-Go	NGW	0	0		1	0.0	1	0.3771	0.616647720194272	-0.5178808481625907
rci3lcophxwhturxe4bx1cj9	1	1	90	23	1	No-Go	NGW	0	0		1	1.0	0	0.3602	0.6455069297765533	-0.46722361862535133
rci3lcophxwhturxe4bx1cj9	1	1	94	24	1	No-Go	NGW	0	0		1	0.0	1	0.4336	0.5703218803311393	-0.6076659538622612
rci3lcophxwhturxe4bx1cj9	1	1	100	25	1	No-Go	NGW	0	1	0.629	0	0.0	0	0.3873	0.3883209788934964	-1.0296686998388749
rci3lcophxwhturxe4bx1cj9	1	1	101	26	1	No-Go	NGW	0	0		1	1.0	0	0.326	0.6677978142131769	-0.4269613291696078
rci3lcophxwhturxe4bx1cj9	1	1	105	27	1	No-Go	NGW	0	1	0.563	0	0.0	0	0.4012	0.3992071932972575	-1.0036113779496079
rci3lcophxwhturxe4bx1cj9	1	1	111	28	1	No-Go	NGW	0	0		1	0.0	1	0.3454	0.6508715835937323	-0.45437843977409736
rci3lcophxwhturxe4bx1cj9	1	1	116	29	1	No-Go	NGW	0	0		1	0.0	1	0.3036	0.6935847650310346	-0.38480092391811627
rci3lcophxwhturxe4bx1cj9	1	1	117	30	1	No-Go	NGW	0	0		1	0.0	1	0.2746	0.726628372260536	-0.33607125042098135
rci3lcophxwhturxe4bx1cj9	1	1	4	1	1	Go	GW	1	1	0.62	1	0.0	1	0.5019	0.4965997311896068	-0.7436378545447417
rci3lcophxwhturxe4bx1cj9	1	1	8	2	1	Go	GW	1	1	0.638	1	0.0	1	0.6954	0.6935615610163318	-0.38585173753800994
rci3lcophxwhturxe4bx1cj9	1	1	11	3	1	Go	GW	1	1	0.321	1	0.0	1	0.8002	0.8059769981029787	-0.22392840900953864
rci3lcophxwhturxe4bx1cj9	1	1	14	4	1	Go	GW	1	1	0.498	1	1.0	0	0.8751	0.8719590246589353	-0.14067721795715024
rci3lcophxwhturxe4bx1cj9	1	1	20	5	1	Go	GW	1	0		0	0.0	0	0.8275	0.1710004409574633	-1.9073726602753254
rci3lcophxwhturxe4bx1cj9	1	1	24	6	1	Go	GW	1	1	0.446	1	0.0	1	0.8652	0.8588112350097045	-0.15583361523922162
rci3lcophxwhturxe4bx1cj9	1	1	27	7	1	Go	GW	1	1	0.364	1	1.0	0	0.9073	0.9119352928621872	-0.09418088978803642
rci3lcophxwhturxe4bx1cj9	1	1	30	8	1	Go	GW	1	0		0	0.0	0	0.8819	0.11971325994538722	-2.327191778737216
rci3lcophxwhturxe4bx1cj9	1	1	36	9	1	Go	GW	1	0		0	0.0	0	0.9036	0.10046228166020386	-2.5018166606475174
rci3lcophxwhturxe4bx1cj9	1	1	40	10	1	Go	GW	1	1	0.28	1	0.0	1	0.9084	0.9139256897667379	-0.09182266052596652
rci3lcophxwhturxe4bx1cj9	1	1	44	11	1	Go	GW	1	1	0.841	1	0.0	1	0.9469	0.9470798196018755	-0.05530020612574125
rci3lcophxwhturxe4bx1cj9	1	1	48	12	1	Go	GW	1	1	0.608	1	0.0	1	0.9617	0.9629768887725808	-0.038273078022406114
rci3lcophxwhturxe4bx1cj9	1	1	52	13	1	Go	GW	1	1	1.104	1	0.0	1	0.9683	0.9721994055544492	-0.0285582694279306
rci3lcophxwhturxe4bx1cj9	1	1	54	14	1	Go	GW	1	1	0.63	1	1.0	0	0.9781	0.9779162445354744	-0.02261082062159459
rci3lcophxwhturxe4bx1cj9	1	1	60	15	1	Go	GW	1	1	0.475	1	0.0	1	0.9687	0.9645945161123158	-0.03715584276773263
rci3lcophxwhturxe4bx1cj9	1	1	64	16	1	Go	GW	1	1	0.553	1	0.0	1	0.9765	0.976657234986131	-0.02400943423244791
rci3lcophxwhturxe4bx1cj9	1	1	66	17	1	Go	GW	1	1	0.493	1	1.0	0	0.9818	0.9814117783846683	-0.01904963637301685
rci3lcophxwhturxe4bx1cj9	1	1	72	18	1	Go	GW	1	1	0.463	1	0.0	1	0.9682	0.9686177557036036	-0.03318223678690543
rci3lcophxwhturxe4bx1cj9	1	1	74	19	1	Go	GW	1	1	0.434	1	0.0	1	0.9789	0.9797018762820793	-0.020920199972199082
rci3lcophxwhturxe4bx1cj9	1	1	79	20	1	Go	GW	1	1	0.458	1	0.0	1	0.9853	0.9835669421710646	-0.016865426102068294
rci3lcophxwhturxe4bx1cj9	1	1	81	21	1	Go	GW	1	1	0.392	1	0.0	1	0.9859	0.9856693751634894	-0.014691333872427858
rci3lcophxwhturxe4bx1cj9	1	1	87	22	1	Go	GW	1	1	0.414	1	0.0	1	0.9881	0.9869937053169999	-0.01333325408340559
rci3lcophxwhturxe4bx1cj9	1	1	92	23	1	Go	GW	1	1	0.491	1	0.0	1	0.9888	0.9878908952726079	-0.012418420357484488
rci3lcophxwhturxe4bx1cj9	1	1	96	24	1	Go	GW	1	1	0.72	1	0.0	1	0.9888	0.9885260541666797	-0.011773453878417757
rci3lcophxwhturxe4bx1cj9	1	1	98	25	1	Go	GW	1	1	0.548	1	1.0	0	0.988	0.9889895761546994	-0.011304259281326631
rci3lcophxwhturxe4bx1cj9	1	1	102	26	1	Go	GW	1	1	0.526	1	0.0	1	0.9786	0.9784059912438701	-0.023076219620542304
rci3lcophxwhturxe4bx1cj9	1	1	107	27	1	Go	GW	1	1	0.692	1	0.0	1	0.9844	0.9860042312378536	-0.014489001473638399
rci3lcophxwhturxe4bx1cj9	1	1	110	28	1	Go	GW	1	1	0.677	1	1.0	0	0.9884	0.9879493329735218	-0.012416114282243066
rci3lcophxwhturxe4bx1cj9	1	1	114	29	1	Go	GW	1	1	0.593	1	0.0	1	0.9744	0.9767949068528198	-0.024918400087253777
rci3lcophxwhturxe4bx1cj9	1	1	118	30	1	Go	GW	1	1	0.761	1	0.0	1	0.9879	0.9854124605040594	-0.015134533632751575
rl9qohmfkxokqsrwgf3e6uvz	1	2	123	1	1	Go	GW	1	1	0.472	1	0.0	1	0.4921	0.497215446139837	-0.7518270807534047
rl9qohmfkxokqsrwgf3e6uvz	1	2	125	2	1	Go	GW	1	1	1.322	1	0.0	1	0.9367	0.9371621575181027	-0.06932960536416133
rl9qohmfkxokqsrwgf3e6uvz	1	2	129	3	1	Go	GW	1	1	0.617	1	0.0	1	0.9854	0.9843007901875371	-0.016365789414837666
rl9qohmfkxokqsrwgf3e6uvz	1	2	136	4	1	Go	GW	1	1	0.472	1	1.0	0	0.9948	0.9940306901948723	-0.006088521017168517
rl9qohmfkxokqsrwgf3e6uvz	1	2	138	5	1	Go	GW	1	1	0.581	1	0.0	1	0.9832	0.9805101438881401	-0.02041976291224068
rl9qohmfkxokqsrwgf3e6uvz	1	2	142	6	1	Go	GW	1	1	0.521	1	0.0	1	0.9934	0.9933043033214044	-0.006849278876365202
rl9qohmfkxokqsrwgf3e6uvz	1	2	145	7	1	Go	GW	1	1	0.4	1	0.0	1	0.9964	0.9967107426055091	-0.0033295391202773222
rl9qohmfkxokqsrwgf3e6uvz	1	2	150	8	1	Go	GW	1	1	0.318	1	1.0	0	0.9975	0.9979594397920418	-0.002055372224587498
rl9qohmfkxokqsrwgf3e6uvz	1	2	156	9	1	Go	GW	1	1	0.454	1	0.0	1	0.9931	0.9914690273278906	-0.008758977795788216
rl9qohmfkxokqsrwgf3e6uvz	1	2	158	10	1	Go	GW	1	1	0.41	1	0.0	1	0.9966	0.9965707445546274	-0.0034688509405972736
rl9qohmfkxokqsrwgf3e6uvz	1	2	162	11	1	Go	GW	1	1	0.427	1	0.0	1	0.9984	0.9979607797202372	-0.002053447691257964
rl9qohmfkxokqsrwgf3e6uvz	1	2	165	12	1	Go	GW	1	1	0.44	1	0.0	1	0.9987	0.9985184196913774	-0.0014890111357655296
rl9qohmfkxokqsrwgf3e6uvz	1	2	172	13	1	Go	GW	1	1	0.449	1	1.0	0	0.9992	0.9987829872099213	-0.0012221404758660415
rl9qohmfkxokqsrwgf3e6uvz	1	2	174	14	1	Go	GW	1	1	0.408	1	0.0	1	0.9946	0.9942023558405132	-0.005925283094993705
rl9qohmfkxokqsrwgf3e6uvz	1	2	180	15	1	Go	GW	1	1	0.478	1	0.0	1	0.9977	0.9975670407727008	-0.002451924336711479
rl9qohmfkxokqsrwgf3e6uvz	1	2	182	16	1	Go	GW	1	1	0.418	1	0.0	1	0.9986	0.9984098489570371	-0.0015984146619434977
rl9qohmfkxokqsrwgf3e6uvz	1	2	187	17	1	Go	GW	1	1	0.428	1	0.0	1	0.9982	0.9987472174134022	-0.001258159717393026
rl9qohmfkxokqsrwgf3e6uvz	1	2	189	18	1	Go	GW	1	1	0.408	1	1.0	0	0.9994	0.9989099777560028	-0.0010943481816111473
rl9qohmfkxokqsrwgf3e6uvz	1	2	194	19	1	Go	GW	1	1	0.382	1	0.0	1	0.9944	0.9946390889748529	-0.005479201436206079
rl9qohmfkxokqsrwgf3e6uvz	1	2	200	20	1	Go	GW	1	1	0.512	1	0.0	1	0.9981	0.9977611894015377	-0.002255188595474919
rl9qohmfkxokqsrwgf3e6uvz	1	2	202	21	1	Go	GW	1	1	0.496	1	0.0	1	0.9982	0.9985095147657536	-0.0014978592076714716
rl9qohmfkxokqsrwgf3e6uvz	1	2	207	22	1	Go	GW	1	1	0.457	1	0.0	1	0.999	0.9988032898169106	-0.0012017366612545502
rl9qohmfkxokqsrwgf3e6uvz	1	2	209	23	1	Go	GW	1	1	0.43	1	1.0	0	0.9985	0.9989436938702653	-0.0010604792567693246
rl9qohmfkxokqsrwgf3e6uvz	1	2	213	24	1	Go	GW	1	1	0.506	1	0.0	1	0.9943	0.9947558157356742	-0.00536063025320674
rl9qohmfkxokqsrwgf3e6uvz	1	2	217	25	1	Go	GW	1	1	0.514	1	0.0	1	0.9975	0.997818634679517	-0.002197137461104865
rl9qohmfkxokqsrwgf3e6uvz	1	2	224	26	1	Go	GW	1	1	0.364	1	0.0	1	0.9989	0.9985411255674613	-0.0014660201129730367
rl9qohmfkxokqsrwgf3e6uvz	1	2	226	27	1	Go	GW	1	1	0.489	1	0.0	1	0.9988	0.9988220543180248	-0.001182875797859166
rl9qohmfkxokqsrwgf3e6uvz	1	2	230	28	1	Go	GW	1	1	0.479	1	0.0	1	0.9993	0.9989554826122176	-0.0010486461533348785
rl9qohmfkxokqsrwgf3e6uvz	1	2	234	29	1	Go	GW	1	1	0.694	1	1.0	0	0.9994	0.9990266233513027	-0.0009771602642423358
rl9qohmfkxokqsrwgf3e6uvz	1	2	237	30	1	Go	GW	1	1	0.485	1	0.0	1	0.996	0.9951125835189268	-0.004994738948506577
rl9qohmfkxokqsrwgf3e6uvz	1	2	122	1	0	No-Go	NGAL	0	0		1	0.0	1	0.6515	0.3488228809402476	-1.0820131948959533
rl9qohmfkxokqsrwgf3e6uvz	1	2	127	2	0	No-Go	NGAL	0	0		1	0.0	1	0.4735	0.5295489909144296	-0.6546894200323322
rl9qohmfkxokqsrwgf3e6uvz	1	2	132	3	0	No-Go	NGAL	0	0		1	1.0	0	0.3141	0.6836938173347449	-0.3946204616246138
rl9qohmfkxokqsrwgf3e6uvz	1	2	135	4	0	No-Go	NGAL	0	0		1	0.0	1	0.3482	0.6523935459336404	-0.44012461029137695
rl9qohmfkxokqsrwgf3e6uvz	1	2	137	5	0	No-Go	NGAL	0	0		1	0.0	1	0.2179	0.7733910519342834	-0.26541183770379073
rl9qohmfkxokqsrwgf3e6uvz	1	2	144	6	0	No-Go	NGAL	0	0		1	1.0	0	0.147	0.8526576520652975	-0.1644569434136847
rl9qohmfkxokqsrwgf3e6uvz	1	2	147	7	0	No-Go	NGAL	0	0		1	0.0	1	0.1688	0.8321838160578496	-0.18969334949502897
rl9qohmfkxokqsrwgf3e6uvz	1	2	151	8	0	No-Go	NGAL	0	0		1	0.0	1	0.1023	0.890871072522145	-0.11860507478233177
rl9qohmfkxokqsrwgf3e6uvz	1	2	154	9	0	No-Go	NGAL	0	0		1	0.0	1	0.0754	0.9272813813778563	-0.07715975894986615
rl9qohmfkxokqsrwgf3e6uvz	1	2	159	10	0	No-Go	NGAL	0	0		1	0.0	1	0.0503	0.9501300030083406	-0.05208880745822068
rl9qohmfkxokqsrwgf3e6uvz	1	2	161	11	0	No-Go	NGAL	0	0		1	0.0	1	0.0296	0.9647798241118402	-0.036393176566047215
rl9qohmfkxokqsrwgf3e6uvz	1	2	167	12	0	No-Go	NGAL	0	0		1	0.0	1	0.0255	0.9744033139697164	-0.026250279017237154
rl9qohmfkxokqsrwgf3e6uvz	1	2	170	13	0	No-Go	NGAL	0	0		1	1.0	0	0.0186	0.9808805092730003	-0.019502447260085248
rl9qohmfkxokqsrwgf3e6uvz	1	2	173	14	0	No-Go	NGAL	0	0		1	0.0	1	0.0243	0.9773040241903649	-0.02319836522387567
rl9qohmfkxokqsrwgf3e6uvz	1	2	179	15	0	No-Go	NGAL	0	0		1	0.0	1	0.0183	0.9830423190551751	-0.017248075795335344
rl9qohmfkxokqsrwgf3e6uvz	1	2	184	16	0	No-Go	NGAL	0	0		1	1.0	0	0.0149	0.9869452086835249	-0.013235167555424783
rl9qohmfkxokqsrwgf3e6uvz	1	2	185	17	0	No-Go	NGAL	0	0		1	0.0	1	0.0182	0.9836603036443412	-0.016675489748551705
rl9qohmfkxokqsrwgf3e6uvz	1	2	192	18	0	No-Go	NGAL	0	0		1	0.0	1	0.0106	0.9876171007564389	-0.012559563509211912
rl9qohmfkxokqsrwgf3e6uvz	1	2	193	19	0	No-Go	NGAL	0	0		1	0.0	1	0.0108	0.9902748634816416	-0.009834466075838906
rl9qohmfkxokqsrwgf3e6uvz	1	2	197	20	0	No-Go	NGAL	0	0		1	0.0	1	0.0055	0.9921357416594044	-0.00793859788797329
rl9qohmfkxokqsrwgf3e6uvz	1	2	201	21	0	No-Go	NGAL	0	0		1	0.0	1	0.0065	0.99348051470438	-0.006573487898937211
rl9qohmfkxokqsrwgf3e6uvz	1	2	208	22	0	No-Go	NGAL	0	0		1	0.0	1	0.0062	0.9944770472031575	-0.005564268805538126
rl9qohmfkxokqsrwgf3e6uvz	1	2	210	23	0	No-Go	NGAL	0	0		1	0.0	1	0.0044	0.9952310241754115	-0.004801968857987854
rl9qohmfkxokqsrwgf3e6uvz	1	2	216	24	0	No-Go	NGAL	0	0		1	1.0	0	0.0034	0.9958116560172801	-0.004215659996028643
rl9qohmfkxokqsrwgf3e6uvz	1	2	219	25	0	No-Go	NGAL	0	0		1	0.0	1	0.0056	0.9946129010353787	-0.005438402630865905
rl9qohmfkxokqsrwgf3e6uvz	1	2	221	26	0	No-Go	NGAL	0	0		1	0.0	1	0.0047	0.9954158063775674	-0.004620322583116238
rl9qohmfkxokqsrwgf3e6uvz	1	2	227	27	0	No-Go	NGAL	0	0		1	0.0	1	0.0047	0.9959998468156522	-0.004028428289825469
rl9qohmfkxokqsrwgf3e6uvz	1	2	232	28	0	No-Go	NGAL	0	0		1	0.0	1	0.0034	0.996440579944449	-0.0035829301672732658
rl9qohmfkxokqsrwgf3e6uvz	1	2	235	29	0	No-Go	NGAL	0	0		1	1.0	0	0.0035	0.9967819503640769	-0.0032383924866167166
rl9qohmfkxokqsrwgf3e6uvz	1	2	238	30	0	No-Go	NGAL	0	0		1	0.0	1	0.0048	0.995641795975557	-0.004407736650409999
rl9qohmfkxokqsrwgf3e6uvz	1	2	124	1	1	No-Go	NGW	0	0		1	0.0	1	0.4917	0.5027845538601631	-0.738625828230737
rl9qohmfkxokqsrwgf3e6uvz	1	2	126	2	1	No-Go	NGW	0	0		1	0.0	1	0.3248	0.67663545504318	-0.40841824957725076
rl9qohmfkxokqsrwgf3e6uvz	1	2	130	3	1	No-Go	NGW	0	0		1	0.0	1	0.1973	0.800550587909278	-0.23003901109000252
rl9qohmfkxokqsrwgf3e6uvz	1	2	133	4	1	No-Go	NGW	0	0		1	1.0	0	0.1226	0.877588407010085	-0.1340467625106527
rl9qohmfkxokqsrwgf3e6uvz	1	2	140	5	1	No-Go	NGW	0	0		1	0.0	1	0.2537	0.7417353117420248	-0.31000004774818174
rl9qohmfkxokqsrwgf3e6uvz	1	2	143	6	1	No-Go	NGW	0	0		1	1.0	0	0.1538	0.8437242000294786	-0.17424436329291818
rl9qohmfkxokqsrwgf3e6uvz	1	2	148	7	1	No-Go	NGW	0	0		1	0.0	1	0.314	0.686589137493533	-0.3970120641340196
rl9qohmfkxokqsrwgf3e6uvz	1	2	149	8	1	No-Go	NGW	0	0		1	0.0	1	0.1875	0.8101103200240275	-0.2166787160143891
rl9qohmfkxokqsrwgf3e6uvz	1	2	153	9	1	No-Go	NGW	0	0		1	0.0	1	0.1129	0.8852855351687138	-0.1243085857615933
rl9qohmfkxokqsrwgf3e6uvz	1	2	157	10	1	No-Go	NGW	0	0		1	0.0	1	0.0712	0.9288866310649755	-0.07491765420508234
rl9qohmfkxokqsrwgf3e6uvz	1	2	163	11	1	No-Go	NGW	0	0		1	0.0	1	0.0471	0.9543651121703961	-0.047279554220218886
rl9qohmfkxokqsrwgf3e6uvz	1	2	168	12	1	No-Go	NGW	0	0		1	0.0	1	0.0319	0.9696445332480945	-0.031122070670779847
rl9qohmfkxokqsrwgf3e6uvz	1	2	171	13	1	No-Go	NGW	0	0		1	0.0	1	0.0212	0.9790943423027556	-0.021288008684300735
rl9qohmfkxokqsrwgf3e6uvz	1	2	175	14	1	No-Go	NGW	0	0		1	1.0	0	0.016	0.9851222816324094	-0.015080736360022232
rl9qohmfkxokqsrwgf3e6uvz	1	2	177	15	1	No-Go	NGW	0	0		1	0.0	1	0.0467	0.9554653387681614	-0.046298271109413064
rl9qohmfkxokqsrwgf3e6uvz	1	2	183	16	1	No-Go	NGW	0	0		1	0.0	1	0.0288	0.9710518879704608	-0.029672760763329368
rl9qohmfkxokqsrwgf3e6uvz	1	2	188	17	1	No-Go	NGW	0	0		1	0.0	1	0.0211	0.9802976822142726	-0.020046771196589614
rl9qohmfkxokqsrwgf3e6uvz	1	2	190	18	1	No-Go	NGW	0	0		1	0.0	1	0.0135	0.9860423844876041	-0.0141384709756067
rl9qohmfkxokqsrwgf3e6uvz	1	2	196	19	1	No-Go	NGW	0	0		1	1.0	0	0.0092	0.9897576583261274	-0.010345002792550994
rl9qohmfkxokqsrwgf3e6uvz	1	2	198	20	1	No-Go	NGW	0	0		1	0.0	1	0.0315	0.9658842817019917	-0.035601768944642335
rl9qohmfkxokqsrwgf3e6uvz	1	2	203	21	1	No-Go	NGW	0	0		1	0.0	1	0.0233	0.9777662103746224	-0.022783324292530313
rl9qohmfkxokqsrwgf3e6uvz	1	2	205	22	1	No-Go	NGW	0	0		1	0.0	1	0.0144	0.9847143620043162	-0.015537357323958152
rl9qohmfkxokqsrwgf3e6uvz	1	2	211	23	1	No-Go	NGW	0	0		1	1.0	0	0.0113	0.9890126988712762	-0.01111931500615498
rl9qohmfkxokqsrwgf3e6uvz	1	2	214	24	1	No-Go	NGW	0	0		1	0.0	1	0.0354	0.962226414459791	-0.04007236250602545
rl9qohmfkxokqsrwgf3e6uvz	1	2	220	25	1	No-Go	NGW	0	0		1	0.0	1	0.0233	0.9760244416555037	-0.02472677145149042
rl9qohmfkxokqsrwgf3e6uvz	1	2	223	26	1	No-Go	NGW	0	0		1	0.0	1	0.0151	0.9838398684188866	-0.01647662373368962
rl9qohmfkxokqsrwgf3e6uvz	1	2	225	27	1	No-Go	NGW	0	0		1	0.0	1	0.0102	0.9885465189367338	-0.011610577251497403
rl9qohmfkxokqsrwgf3e6uvz	1	2	229	28	1	No-Go	NGW	0	0		1	1.0	0	0.0089	0.9915370987759577	-0.00855036971669258
rl9qohmfkxokqsrwgf3e6uvz	1	2	236	29	1	No-Go	NGW	0	0		1	0.0	1	0.031	0.9693294211152693	-0.03235771707616778
rl9qohmfkxokqsrwgf3e6uvz	1	2	240	30	1	No-Go	NGW	0	0		1	0.0	1	0.0194	0.9802698552417889	-0.020302422775795328
rl9qohmfkxokqsrwgf3e6uvz	1	2	121	1	0	Go	GAL	1	1	0.456	1	0.0	1	0.6513	0.6511771190597525	-0.43692765808059797
rl9qohmfkxokqsrwgf3e6uvz	1	2	128	2	0	Go	GAL	1	1	0.397	1	0.0	1	0.793	0.7948032089660899	-0.23454031122845206
rl9qohmfkxokqsrwgf3e6uvz	1	2	131	3	0	Go	GAL	1	1	0.505	1	0.0	1	0.883	0.8796742203947542	-0.13105448907513956
rl9qohmfkxokqsrwgf3e6uvz	1	2	134	4	0	Go	GAL	1	1	0.513	1	0.0	1	0.9277	0.9276390009344028	-0.07661639496158952
rl9qohmfkxokqsrwgf3e6uvz	1	2	139	5	0	Go	GAL	1	1	0.414	1	1.0	0	0.9555	0.9549841632945836	-0.04682756212588665
rl9qohmfkxokqsrwgf3e6uvz	1	2	141	6	0	Go	GAL	1	1	0.456	1	0.0	1	0.8986	0.8962486662018601	-0.11107897157629272
rl9qohmfkxokqsrwgf3e6uvz	1	2	146	7	0	Go	GAL	1	1	0.447	1	0.0	1	0.934	0.9381443631108479	-0.06471488945329498
rl9qohmfkxokqsrwgf3e6uvz	1	2	152	8	0	Go	GAL	1	1	0.386	1	0.0	1	0.9628	0.9615261053403338	-0.03969954091251878
rl9qohmfkxokqsrwgf3e6uvz	1	2	155	9	0	Go	GAL	1	1	0.389	1	1.0	0	0.9732	0.9750880086584699	-0.025477164011339353
rl9qohmfkxokqsrwgf3e6uvz	1	2	160	10	0	Go	GAL	1	1	0.42	1	0.0	1	0.9382	0.93722533183677	-0.06552123046672148
rl9qohmfkxokqsrwgf3e6uvz	1	2	164	11	0	Go	GAL	1	1	0.46	1	0.0	1	0.9621	0.9617709386296294	-0.03933090535642032
rl9qohmfkxokqsrwgf3e6uvz	1	2	166	12	0	Go	GAL	1	1	0.444	1	0.0	1	0.9764	0.9755488138604577	-0.024946917789018967
rl9qohmfkxokqsrwgf3e6uvz	1	2	169	13	0	Go	GAL	1	1	0.469	1	1.0	0	0.9843	0.9836807380826118	-0.016560917552489885
rl9qohmfkxokqsrwgf3e6uvz	1	2	176	14	0	Go	GAL	1	1	0.464	1	0.0	1	0.9546	0.9557919830950825	-0.0456763528126954
rl9qohmfkxokqsrwgf3e6uvz	1	2	178	15	0	Go	GAL	1	1	0.444	1	0.0	1	0.9705	0.9726906046482753	-0.027891797151521916
rl9qohmfkxokqsrwgf3e6uvz	1	2	181	16	0	Go	GAL	1	1	0.472	1	1.0	0	0.9818	0.9822014942360602	-0.018065602734217773
rl9qohmfkxokqsrwgf3e6uvz	1	2	186	17	0	Go	GAL	1	1	0.405	1	0.0	1	0.9514	0.950689589083643	-0.05129622066304398
rl9qohmfkxokqsrwgf3e6uvz	1	2	191	18	0	Go	GAL	1	1	0.464	1	0.0	1	0.9723	0.9703253673233705	-0.030370925321503407
rl9qohmfkxokqsrwgf3e6uvz	1	2	195	19	0	Go	GAL	1	1	0.471	1	0.0	1	0.9813	0.9810172020750036	-0.01928213893051393
rl9qohmfkxokqsrwgf3e6uvz	1	2	199	20	0	Go	GAL	1	1	0.44	1	0.0	1	0.9868	0.9872351897036802	-0.012910152196399023
rl9qohmfkxokqsrwgf3e6uvz	1	2	204	21	0	Go	GAL	1	1	0.461	1	0.0	1	0.9904	0.9910508476633387	-0.009026045107428268
rl9qohmfkxokqsrwgf3e6uvz	1	2	206	22	0	Go	GAL	1	1	0.437	1	0.0	1	0.9927	0.9934970969815157	-0.006546429675819448
rl9qohmfkxokqsrwgf3e6uvz	1	2	212	23	0	Go	GAL	1	1	0.444	1	0.0	1	0.995	0.995123706908348	-0.004902383641339352
rl9qohmfkxokqsrwgf3e6uvz	1	2	215	24	0	Go	GAL	1	1	0.436	1	0.0	1	0.9965	0.9962394388532455	-0.003777013251759454
rl9qohmfkxokqsrwgf3e6uvz	1	2	218	25	0	Go	GAL	1	1	0.441	1	1.0	0	0.9965	0.9970256015811654	-0.0029852629502107667
rl9qohmfkxokqsrwgf3e6uvz	1	2	222	26	0	Go	GAL	1	1	0.387	1	0.0	1	0.9897	0.9898837261926524	-0.01023849147927742
rl9qohmfkxokqsrwgf3e6uvz	1	2	228	27	0	Go	GAL	1	1	0.46	1	0.0	1	0.9934	0.9929647013373498	-0.0070925512846028846
rl9qohmfkxokqsrwgf3e6uvz	1	2	231	28	0	Go	GAL	1	1	0.437	1	0.0	1	0.994	0.994867974291557	-0.0051631731410011145
rl9qohmfkxokqsrwgf3e6uvz	1	2	233	29	0	Go	GAL	1	1	0.415	1	0.0	1	0.997	0.9961120182991039	-0.003906606967905391
rl9qohmfkxokqsrwgf3e6uvz	1	2	239	30	0	Go	GAL	1	1	0.446	1	1.0	0	0.9979	0.9969604234507027	-0.0030515167774787734
rl9qohmfkxokqsrwgf3e6uvz	1	1	4	1	0	No-Go	NGAL	0	1	0.45	0	0.0	0	0.6578	0.6511771190597525	-0.43692765808059797
rl9qohmfkxokqsrwgf3e6uvz	1	1	5	2	0	No-Go	NGAL	0	0		1	0.0	1	0.4606	0.5295489909144296	-0.6546894200323322
rl9qohmfkxokqsrwgf3e6uvz	1	1	12	3	0	No-Go	NGAL	0	1	0.713	0	1.0	1	0.308	0.30152675479104707	-1.2952089819644086
rl9qohmfkxokqsrwgf3e6uvz	1	1	14	4	0	No-Go	NGAL	0	1	0.488	0	0.0	0	0.4863	0.48925931079749335	-0.7348037675671542
rl9qohmfkxokqsrwgf3e6uvz	1	1	19	5	0	No-Go	NGAL	0	1	1.074	0	0.0	0	0.3166	0.3145941870436093	-1.2359269536871016
rl9qohmfkxokqsrwgf3e6uvz	1	1	24	6	0	No-Go	NGAL	0	1	1.285	0	1.0	1	0.1941	0.1956883983199026	-1.8235863307942668
rl9qohmfkxokqsrwgf3e6uvz	1	1	28	7	0	No-Go	NGAL	0	1	0.889	0	0.0	0	0.3604	0.3576779047150364	-1.0725623733653722
rl9qohmfkxokqsrwgf3e6uvz	1	1	32	8	0	No-Go	NGAL	0	0		1	0.0	1	0.2219	0.7782618528227897	-0.2599568842384898
rl9qohmfkxokqsrwgf3e6uvz	1	1	35	9	0	No-Go	NGAL	0	0		1	0.0	1	0.1401	0.8668110724227986	-0.14827493881571735
rl9qohmfkxokqsrwgf3e6uvz	1	1	37	10	0	No-Go	NGAL	0	0		1	0.0	1	0.0859	0.9182629784768899	-0.08807972501136115
rl9qohmfkxokqsrwgf3e6uvz	1	1	42	11	0	No-Go	NGAL	0	0		1	0.0	1	0.0515	0.9483083624133227	-0.05451721314411754
rl9qohmfkxokqsrwgf3e6uvz	1	1	47	12	0	No-Go	NGAL	0	0		1	0.0	1	0.032	0.9662418902956026	-0.03508674372382336
rl9qohmfkxokqsrwgf3e6uvz	1	1	51	13	0	No-Go	NGAL	0	0		1	1.0	0	0.0218	0.9772429867394143	-0.02341429791923432
rl9qohmfkxokqsrwgf3e6uvz	1	1	53	14	0	No-Go	NGAL	0	0		1	0.0	1	0.0262	0.9745177440473575	-0.026212896826866432
rl9qohmfkxokqsrwgf3e6uvz	1	1	60	15	0	No-Go	NGAL	0	0		1	0.0	1	0.018	0.9825513393957425	-0.01782240967593745
rl9qohmfkxokqsrwgf3e6uvz	1	1	64	16	0	No-Go	NGAL	0	0		1	1.0	0	0.011	0.9876676634134954	-0.012533189022616393
rl9qohmfkxokqsrwgf3e6uvz	1	1	68	17	0	No-Go	NGAL	0	1	0.755	0	0.0	0	0.0135	0.014198500090230192	-4.878656908975453
rl9qohmfkxokqsrwgf3e6uvz	1	1	71	18	0	No-Go	NGAL	0	0		1	0.0	1	0.009	0.9917626507902391	-0.008333906491573033
rl9qohmfkxokqsrwgf3e6uvz	1	1	75	19	0	No-Go	NGAL	0	0		1	0.0	1	0.0045	0.9941146304002872	-0.0059385739038357805
rl9qohmfkxokqsrwgf3e6uvz	1	1	80	20	0	No-Go	NGAL	0	0		1	0.0	1	0.0039	0.9956638005093548	-0.00436699164869206
rl9qohmfkxokqsrwgf3e6uvz	1	1	82	21	0	No-Go	NGAL	0	0		1	0.0	1	0.0027	0.9967165971202979	-0.0033020171295441597
rl9qohmfkxokqsrwgf3e6uvz	1	1	86	22	0	No-Go	NGAL	0	0		1	0.0	1	0.0035	0.9974512104331312	-0.0025605089273425816
rl9qohmfkxokqsrwgf3e6uvz	1	1	90	23	0	No-Go	NGAL	0	0		1	0.0	1	0.003	0.997975753995089	-0.002031916726389479
rl9qohmfkxokqsrwgf3e6uvz	1	1	95	24	0	No-Go	NGAL	0	0		1	1.0	0	0.0018	0.9983580503971516	-0.0016471625358931662
rl9qohmfkxokqsrwgf3e6uvz	1	1	100	25	0	No-Go	NGAL	0	0		1	0.0	1	0.0022	0.9980854027758637	-0.001920861985806382
rl9qohmfkxokqsrwgf3e6uvz	1	1	102	26	0	No-Go	NGAL	0	0		1	0.0	1	0.0017	0.9984511209728324	-0.001553157950463474
rl9qohmfkxokqsrwgf3e6uvz	1	1	108	27	0	No-Go	NGAL	0	0		1	0.0	1	0.0009	0.9987182680948817	-0.0012847895796565057
rl9qohmfkxokqsrwgf3e6uvz	1	1	109	28	0	No-Go	NGAL	0	0		1	0.0	1	0.0004	0.9989180942466053	-0.0010841774727878616
rl9qohmfkxokqsrwgf3e6uvz	1	1	116	29	0	No-Go	NGAL	0	0		1	1.0	0	0.0003	0.9990704746229356	-0.0009312734731742981
rl9qohmfkxokqsrwgf3e6uvz	1	1	117	30	0	No-Go	NGAL	0	0		1	0.0	1	0.0007	0.9988738059700805	-0.001128613783025855
rl9qohmfkxokqsrwgf3e6uvz	1	1	2	1	1	Go	GW	1	1	0.538	1	0.0	1	0.4976	0.497215446139837	-0.7518270807534047
rl9qohmfkxokqsrwgf3e6uvz	1	1	8	2	1	Go	GW	1	1	0.594	1	0.0	1	0.9367	0.9371621575181027	-0.06932960536416133
rl9qohmfkxokqsrwgf3e6uvz	1	1	9	3	1	Go	GW	1	1	0.596	1	0.0	1	0.9827	0.9843007901875371	-0.016365789414837666
rl9qohmfkxokqsrwgf3e6uvz	1	1	13	4	1	Go	GW	1	1	0.701	1	1.0	0	0.9935	0.9940306901948723	-0.006088521017168517
rl9qohmfkxokqsrwgf3e6uvz	1	1	17	5	1	Go	GW	1	1	0.553	1	0.0	1	0.98	0.9805101438881401	-0.02041976291224068
rl9qohmfkxokqsrwgf3e6uvz	1	1	22	6	1	Go	GW	1	1	0.495	1	0.0	1	0.9949	0.9933043033214044	-0.006849278876365202
rl9qohmfkxokqsrwgf3e6uvz	1	1	26	7	1	Go	GW	1	1	0.506	1	0.0	1	0.9954	0.9967107426055091	-0.0033295391202773222
rl9qohmfkxokqsrwgf3e6uvz	1	1	29	8	1	Go	GW	1	1	0.536	1	1.0	0	0.9978	0.9979594397920418	-0.002055372224587498
rl9qohmfkxokqsrwgf3e6uvz	1	1	33	9	1	Go	GW	1	1	0.386	1	0.0	1	0.9904	0.9914690273278906	-0.008758977795788216
rl9qohmfkxokqsrwgf3e6uvz	1	1	38	10	1	Go	GW	1	1	0.486	1	0.0	1	0.997	0.9965707445546274	-0.0034688509405972736
rl9qohmfkxokqsrwgf3e6uvz	1	1	44	11	1	Go	GW	1	1	0.459	1	0.0	1	0.9985	0.9979607797202372	-0.002053447691257964
rl9qohmfkxokqsrwgf3e6uvz	1	1	46	12	1	Go	GW	1	1	0.506	1	0.0	1	0.9984	0.9985184196913774	-0.0014890111357655296
rl9qohmfkxokqsrwgf3e6uvz	1	1	52	13	1	Go	GW	1	1	0.495	1	1.0	0	0.9985	0.9987829872099213	-0.0012221404758660415
rl9qohmfkxokqsrwgf3e6uvz	1	1	56	14	1	Go	GW	1	1	0.569	1	0.0	1	0.994	0.9942023558405132	-0.005925283094993705
rl9qohmfkxokqsrwgf3e6uvz	1	1	58	15	1	Go	GW	1	1	0.529	1	0.0	1	0.9973	0.9975670407727008	-0.002451924336711479
rl9qohmfkxokqsrwgf3e6uvz	1	1	63	16	1	Go	GW	1	1	0.504	1	0.0	1	0.999	0.9984098489570371	-0.0015984146619434977
rl9qohmfkxokqsrwgf3e6uvz	1	1	67	17	1	Go	GW	1	1	0.41	1	0.0	1	0.9988	0.9987472174134022	-0.001258159717393026
rl9qohmfkxokqsrwgf3e6uvz	1	1	69	18	1	Go	GW	1	1	0.478	1	1.0	0	0.9992	0.9989099777560028	-0.0010943481816111473
rl9qohmfkxokqsrwgf3e6uvz	1	1	74	19	1	Go	GW	1	1	0.459	1	0.0	1	0.9952	0.9946390889748529	-0.005479201436206079
rl9qohmfkxokqsrwgf3e6uvz	1	1	79	20	1	Go	GW	1	1	0.519	1	0.0	1	0.9977	0.9977611894015377	-0.002255188595474919
rl9qohmfkxokqsrwgf3e6uvz	1	1	81	21	1	Go	GW	1	1	0.456	1	0.0	1	0.999	0.9985095147657536	-0.0014978592076714716
rl9qohmfkxokqsrwgf3e6uvz	1	1	87	22	1	Go	GW	1	1	0.331	1	0.0	1	0.9987	0.9988032898169106	-0.0012017366612545502
rl9qohmfkxokqsrwgf3e6uvz	1	1	89	23	1	Go	GW	1	1	0.474	1	1.0	0	0.9989	0.9989436938702653	-0.0010604792567693246
rl9qohmfkxokqsrwgf3e6uvz	1	1	96	24	1	Go	GW	1	1	0.501	1	0.0	1	0.9943	0.9947558157356742	-0.00536063025320674
rl9qohmfkxokqsrwgf3e6uvz	1	1	98	25	1	Go	GW	1	1	0.45	1	0.0	1	0.9979	0.997818634679517	-0.002197137461104865
rl9qohmfkxokqsrwgf3e6uvz	1	1	103	26	1	Go	GW	1	1	0.471	1	0.0	1	0.9983	0.9985411255674613	-0.0014660201129730367
rl9qohmfkxokqsrwgf3e6uvz	1	1	107	27	1	Go	GW	1	1	0.436	1	0.0	1	0.9992	0.9988220543180248	-0.001182875797859166
rl9qohmfkxokqsrwgf3e6uvz	1	1	111	28	1	Go	GW	1	1	0.479	1	0.0	1	0.9993	0.9989554826122176	-0.0010486461533348785
rl9qohmfkxokqsrwgf3e6uvz	1	1	114	29	1	Go	GW	1	1	0.435	1	1.0	0	0.9984	0.9990266233513027	-0.0009771602642423358
rl9qohmfkxokqsrwgf3e6uvz	1	1	120	30	1	Go	GW	1	1	0.408	1	0.0	1	0.9952	0.9951125835189268	-0.004994738948506577
rl9qohmfkxokqsrwgf3e6uvz	1	1	1	1	1	No-Go	NGW	0	1	0.605	0	0.0	0	0.4978	0.497215446139837	-0.7518270807534047
rl9qohmfkxokqsrwgf3e6uvz	1	1	7	2	1	No-Go	NGW	0	0		1	0.0	1	0.3218	0.67663545504318	-0.40841824957725076
rl9qohmfkxokqsrwgf3e6uvz	1	1	11	3	1	No-Go	NGW	0	0		1	0.0	1	0.192	0.8114416180285661	-0.21630172362810263
rl9qohmfkxokqsrwgf3e6uvz	1	1	16	4	1	No-Go	NGW	0	0		1	1.0	0	0.1059	0.8902819720945572	-0.11951725986750134
rl9qohmfkxokqsrwgf3e6uvz	1	1	20	5	1	No-Go	NGW	0	0		1	0.0	1	0.2162	0.77802393443948	-0.25937354007483915
rl9qohmfkxokqsrwgf3e6uvz	1	1	23	6	1	No-Go	NGW	0	0		1	1.0	0	0.1288	0.8725663478067547	-0.13990491081795933
rl9qohmfkxokqsrwgf3e6uvz	1	1	27	7	1	No-Go	NGW	0	0		1	0.0	1	0.2511	0.7477381701370099	-0.301169806321299
rl9qohmfkxokqsrwgf3e6uvz	1	1	30	8	1	No-Go	NGW	0	0		1	0.0	1	0.143	0.856086237181057	-0.15939207292089155
rl9qohmfkxokqsrwgf3e6uvz	1	1	34	9	1	No-Go	NGW	0	0		1	0.0	1	0.0859	0.9163878701789088	-0.08912393496121124
rl9qohmfkxokqsrwgf3e6uvz	1	1	39	10	1	No-Go	NGW	0	0		1	0.0	1	0.0498	0.9496526889821177	-0.05250490498687061
rl9qohmfkxokqsrwgf3e6uvz	1	1	43	11	1	No-Go	NGW	0	0		1	0.0	1	0.0297	0.9684756135557232	-0.03243864571800376
rl9qohmfkxokqsrwgf3e6uvz	1	1	48	12	1	No-Go	NGW	0	0		1	0.0	1	0.0199	0.9794975978847127	-0.020917495008169276
rl9qohmfkxokqsrwgf3e6uvz	1	1	50	13	1	No-Go	NGW	0	0		1	0.0	1	0.0136	0.9861820825620551	-0.014018410746307082
rl9qohmfkxokqsrwgf3e6uvz	1	1	55	14	1	No-Go	NGW	0	0		1	1.0	0	0.0079	0.9903734413112699	-0.009729057035316954
rl9qohmfkxokqsrwgf3e6uvz	1	1	59	15	1	No-Go	NGW	0	0		1	0.0	1	0.0293	0.9735101166899464	-0.027071329116702313
rl9qohmfkxokqsrwgf3e6uvz	1	1	62	16	1	No-Go	NGW	0	1	0.727	0	0.0	0	0.0173	0.01710308378377074	-4.441873446027626
rl9qohmfkxokqsrwgf3e6uvz	1	1	66	17	1	No-Go	NGW	0	0		1	0.0	1	0.0083	0.9907149041440476	-0.009372289807395772
rl9qohmfkxokqsrwgf3e6uvz	1	1	70	18	1	No-Go	NGW	0	0		1	0.0	1	0.0058	0.9936991237129762	-0.006344503466651735
rl9qohmfkxokqsrwgf3e6uvz	1	1	73	19	1	No-Go	NGW	0	0		1	1.0	0	0.0049	0.9955636322206323	-0.004459618393094169
rl9qohmfkxokqsrwgf3e6uvz	1	1	78	20	1	No-Go	NGW	0	0		1	0.0	1	0.0118	0.9873561304887684	-0.012795640774470582
rl9qohmfkxokqsrwgf3e6uvz	1	1	84	21	1	No-Go	NGW	0	0		1	0.0	1	0.0083	0.9918621297249476	-0.00820374982458857
rl9qohmfkxokqsrwgf3e6uvz	1	1	85	22	1	No-Go	NGW	0	0		1	0.0	1	0.0048	0.9944845453528849	-0.005547900649458433
rl9qohmfkxokqsrwgf3e6uvz	1	1	91	23	1	No-Go	NGW	0	0		1	1.0	0	0.0039	0.9961034277718717	-0.003913948128215418
rl9qohmfkxokqsrwgf3e6uvz	1	1	94	24	1	No-Go	NGW	0	0		1	0.0	1	0.0107	0.9883332341706593	-0.01180896791591034
rl9qohmfkxokqsrwgf3e6uvz	1	1	97	25	1	No-Go	NGW	0	0		1	0.0	1	0.0072	0.9925551111289076	-0.007502799939093387
rl9qohmfkxokqsrwgf3e6uvz	1	1	104	26	1	No-Go	NGW	0	0		1	0.0	1	0.0048	0.9949662733065961	-0.005061496342003544
rl9qohmfkxokqsrwgf3e6uvz	1	1	105	27	1	No-Go	NGW	0	0		1	0.0	1	0.0044	0.9964393491998773	-0.0035754071814261255
rl9qohmfkxokqsrwgf3e6uvz	1	1	112	28	1	No-Go	NGW	0	0		1	1.0	0	0.0031	0.9973858204057428	-0.002622637083201933
rl9qohmfkxokqsrwgf3e6uvz	1	1	115	29	1	No-Go	NGW	0	0		1	0.0	1	0.0093	0.9916934911179344	-0.008388727505934038
rl9qohmfkxokqsrwgf3e6uvz	1	1	119	30	1	No-Go	NGW	0	0		1	0.0	1	0.0058	0.9945652431390687	-0.005469320492788015
rl9qohmfkxokqsrwgf3e6uvz	1	1	3	1	0	Go	GAL	1	1	0.676	1	0.0	1	0.6532	0.6511771190597525	-0.43692765808059797
rl9qohmfkxokqsrwgf3e6uvz	1	1	6	2	0	Go	GAL	1	1	0.574	1	0.0	1	0.7936	0.7948032089660899	-0.23454031122845206
rl9qohmfkxokqsrwgf3e6uvz	1	1	10	3	0	Go	GAL	1	1	0.708	1	0.0	1	0.8795	0.8796742203947542	-0.13105448907513956
rl9qohmfkxokqsrwgf3e6uvz	1	1	15	4	0	Go	GAL	1	1	0.519	1	0.0	1	0.9257	0.9276390009344028	-0.07661639496158952
rl9qohmfkxokqsrwgf3e6uvz	1	1	18	5	0	Go	GAL	1	1	0.435	1	1.0	0	0.9505	0.9549841632945836	-0.04682756212588665
rl9qohmfkxokqsrwgf3e6uvz	1	1	21	6	0	Go	GAL	1	1	0.7	1	0.0	1	0.898	0.8962486662018601	-0.11107897157629272
rl9qohmfkxokqsrwgf3e6uvz	1	1	25	7	0	Go	GAL	1	0		0	0.0	0	0.938	0.06185563688915215	-2.9900302528679537
rl9qohmfkxokqsrwgf3e6uvz	1	1	31	8	0	Go	GAL	1	1	0.61	1	0.0	1	0.9438	0.9434993447153772	-0.05904483851835931
rl9qohmfkxokqsrwgf3e6uvz	1	1	36	9	0	Go	GAL	1	1	0.594	1	1.0	0	0.9679	0.9647310365923726	-0.03637277116334527
rl9qohmfkxokqsrwgf3e6uvz	1	1	40	10	0	Go	GAL	1	1	0.598	1	0.0	1	0.913	0.9161322548051754	-0.08877424425043191
rl9qohmfkxokqsrwgf3e6uvz	1	1	41	11	0	Go	GAL	1	1	0.657	1	0.0	1	0.952	0.9501354033354737	-0.05175796938895681
rl9qohmfkxokqsrwgf3e6uvz	1	1	45	12	0	Go	GAL	1	1	0.551	1	0.0	1	0.9681	0.9688789117336253	-0.0319399632456222
rl9qohmfkxokqsrwgf3e6uvz	1	1	49	13	0	Go	GAL	1	1	0.452	1	1.0	0	0.981	0.9797175611890063	-0.02066642797300011
rl9qohmfkxokqsrwgf3e6uvz	1	1	54	14	0	Go	GAL	1	1	0.719	1	0.0	1	0.9518	0.9480161626766676	-0.05398011267004112
rl9qohmfkxokqsrwgf3e6uvz	1	1	57	15	0	Go	GAL	1	1	0.708	1	0.0	1	0.9717	0.9682600901980457	-0.03253969474137271
rl9qohmfkxokqsrwgf3e6uvz	1	1	61	16	0	Go	GAL	1	1	0.492	1	1.0	0	0.9786	0.9795941665978648	-0.020768549812066914
rl9qohmfkxokqsrwgf3e6uvz	1	1	65	17	0	Go	GAL	1	1	0.604	1	0.0	1	0.9443	0.946368950081189	-0.05584315867466279
rl9qohmfkxokqsrwgf3e6uvz	1	1	72	18	0	Go	GAL	1	1	0.593	1	0.0	1	0.9661	0.9678052983855763	-0.03301201624935937
rl9qohmfkxokqsrwgf3e6uvz	1	1	76	19	0	Go	GAL	1	1	0.395	1	0.0	1	0.9799	0.979526966549968	-0.020829516169959685
rl9qohmfkxokqsrwgf3e6uvz	1	1	77	20	0	Go	GAL	1	1	0.783	1	0.0	1	0.9876	0.9863422063952119	-0.0138304619051007
rl9qohmfkxokqsrwgf3e6uvz	1	1	83	21	0	Go	GAL	1	1	0.42	1	0.0	1	0.9903	0.9905111626590338	-0.009579193707430069
rl9qohmfkxokqsrwgf3e6uvz	1	1	88	22	0	Go	GAL	1	1	0.556	1	0.0	1	0.9942	0.9931710420374981	-0.0068793080979475335
rl9qohmfkxokqsrwgf3e6uvz	1	1	92	23	0	Go	GAL	1	1	0.488	1	0.0	1	0.9939	0.9949295890173205	-0.005100034111482129
rl9qohmfkxokqsrwgf3e6uvz	1	1	93	24	0	Go	GAL	1	1	0.46	1	0.0	1	0.9955	0.9961283834888515	-0.0038899166777327954
rl9qohmfkxokqsrwgf3e6uvz	1	1	99	25	0	Go	GAL	1	1	0.546	1	1.0	0	0.9961	0.9969677289980067	-0.003044096086460765
rl9qohmfkxokqsrwgf3e6uvz	1	1	101	26	0	Go	GAL	1	1	0.47	1	0.0	1	0.9896	0.990169230287268	-0.009940432856235462
rl9qohmfkxokqsrwgf3e6uvz	1	1	106	27	0	Go	GAL	1	1	0.462	1	0.0	1	0.9932	0.9931470182706069	-0.006906513459666069
rl9qohmfkxokqsrwgf3e6uvz	1	1	110	28	0	Go	GAL	1	1	0.428	1	0.0	1	0.9949	0.9950038526815402	-0.0050257603821855495
rl9qohmfkxokqsrwgf3e6uvz	1	1	113	29	0	Go	GAL	1	1	0.394	1	0.0	1	0.9958	0.9962236537976263	-0.0037941406960724576
rl9qohmfkxokqsrwgf3e6uvz	1	1	118	30	0	Go	GAL	1	1	0.698	1	1.0	0	0.9965	0.9970575330862834	-0.0029538558518529046
sfnb1wv4zqbp2g1pgpri2b6n	1	2	123	1	1	Go	GW	1	1	0.508	1	0.0	1	0.6614	0.6586362256099745	-0.44349196330911866
sfnb1wv4zqbp2g1pgpri2b6n	1	2	128	2	1	Go	GW	1	1	0.584	1	0.0	1	0.9689	0.9670470863242075	-0.03401416821717481
sfnb1wv4zqbp2g1pgpri2b6n	1	2	131	3	1	Go	GW	1	1	0.582	1	0.0	1	0.9917	0.9925118541696049	-0.007559325165723362
sfnb1wv4zqbp2g1pgpri2b6n	1	2	136	4	1	Go	GW	1	1	0.538	1	1.0	0	0.9971	0.9970168235725155	-0.0029957813045951263
sfnb1wv4zqbp2g1pgpri2b6n	1	2	140	5	1	Go	GW	1	1	0.436	1	0.0	1	0.9959	0.9955648571820357	-0.004460776406223288
sfnb1wv4zqbp2g1pgpri2b6n	1	2	143	6	1	Go	GW	1	1	0.718	1	0.0	1	0.9978	0.997833243644286	-0.002173957655060574
sfnb1wv4zqbp2g1pgpri2b6n	1	2	148	7	1	Go	GW	1	1	0.45	1	0.0	1	0.9989	0.9985670309774035	-0.0014366411163157207
sfnb1wv4zqbp2g1pgpri2b6n	1	2	149	8	1	Go	GW	1	1	0.357	1	0.0	1	0.9986	0.9988651511459333	-0.0011375067370537832
sfnb1wv4zqbp2g1pgpri2b6n	1	2	156	9	1	Go	GW	1	1	0.64	1	0.0	1	0.9996	0.9990049533265556	-0.000997330881392173
sfnb1wv4zqbp2g1pgpri2b6n	1	2	158	10	1	Go	GW	1	1	0.54	1	1.0	0	0.9991	0.9990772606654522	-0.0009248624234553435
sfnb1wv4zqbp2g1pgpri2b6n	1	2	162	11	1	Go	GW	1	1	0.402	1	0.0	1	0.9978	0.9985144962582755	-0.0014909491661659017
sfnb1wv4zqbp2g1pgpri2b6n	1	2	168	12	1	Go	GW	1	1	0.382	1	1.0	0	0.9991	0.9988862427602493	-0.001116793792407644
sfnb1wv4zqbp2g1pgpri2b6n	1	2	170	13	1	Go	GW	1	1	0.497	1	0.0	1	0.999	0.9982158280139442	-0.0017918948001773873
sfnb1wv4zqbp2g1pgpri2b6n	1	2	174	14	1	Go	GW	1	1	0.554	1	0.0	1	0.9988	0.9987786029746619	-0.0012249633549390744
sfnb1wv4zqbp2g1pgpri2b6n	1	2	178	15	1	Go	GW	1	1	0.496	1	0.0	1	0.9992	0.998981939520552	-0.0010206502520913475
sfnb1wv4zqbp2g1pgpri2b6n	1	2	181	16	1	Go	GW	1	1	0.625	1	1.0	0	0.9994	0.9990733833564996	-0.000928860623182975
sfnb1wv4zqbp2g1pgpri2b6n	1	2	185	17	1	Go	GW	1	1	0.342	1	0.0	1	0.9987	0.9985038897949442	-0.0015018865044258063
sfnb1wv4zqbp2g1pgpri2b6n	1	2	190	18	1	Go	GW	1	1	0.447	1	0.0	1	0.9991	0.998889925536573	-0.0011131901047460742
sfnb1wv4zqbp2g1pgpri2b6n	1	2	193	19	1	Go	GW	1	1	0.391	1	0.0	1	0.9993	0.9990353969183088	-0.0009670301251634434
sfnb1wv4zqbp2g1pgpri2b6n	1	2	200	20	1	Go	GW	1	1	0.75	1	0.0	1	0.999	0.9991020757366257	-0.000900097596925055
sfnb1wv4zqbp2g1pgpri2b6n	1	2	203	21	1	Go	GW	1	1	0.508	1	1.0	0	0.999	0.9991360030155787	-0.0008660613143590009
sfnb1wv4zqbp2g1pgpri2b6n	1	2	207	22	1	Go	GW	1	1	0.356	1	0.0	1	0.9986	0.9985997728184264	-0.0014055731489160431
sfnb1wv4zqbp2g1pgpri2b6n	1	2	209	23	1	Go	GW	1	1	0.586	1	0.0	1	0.9988	0.9989346153972845	-0.0010683658652546181
sfnb1wv4zqbp2g1pgpri2b6n	1	2	213	24	1	Go	GW	1	1	0.407	1	0.0	1	0.9991	0.9990594514768969	-0.0009429193317959421
sfnb1wv4zqbp2g1pgpri2b6n	1	2	217	25	1	Go	GW	1	1	0.415	1	0.0	1	0.9987	0.9991161195893481	-0.0008860267541625717
sfnb1wv4zqbp2g1pgpri2b6n	1	2	224	26	1	Go	GW	1	1	0.451	1	0.0	1	0.9988	0.999144659582022	-0.0008573907265170186
sfnb1wv4zqbp2g1pgpri2b6n	1	2	228	27	1	Go	GW	1	1	0.42	1	0.0	1	0.9992	0.9991600669445124	-0.0008419383983972283
sfnb1wv4zqbp2g1pgpri2b6n	1	2	229	28	1	Go	GW	1	1	0.479	1	1.0	0	0.9994	0.9991688291698781	-0.0008331537448970142
sfnb1wv4zqbp2g1pgpri2b6n	1	2	233	29	1	Go	GW	1	1	0.433	1	0.0	1	0.999	0.9986501458345222	-0.0013550054355636733
sfnb1wv4zqbp2g1pgpri2b6n	1	2	237	30	1	Go	GW	1	1	0.43	1	0.0	1	0.9986	0.9989597007902501	-0.0010432131946419873
sfnb1wv4zqbp2g1pgpri2b6n	1	2	122	1	0	No-Go	NGAL	0	1	0.616	0	0.0	0	0.6421	0.6435841801889653	-0.44572780238638027
sfnb1wv4zqbp2g1pgpri2b6n	1	2	127	2	0	No-Go	NGAL	0	0		1	1.0	0	0.5899	0.41335305949612655	-0.8963042437343969
sfnb1wv4zqbp2g1pgpri2b6n	1	2	130	3	0	No-Go	NGAL	0	0		1	0.0	1	0.5869	0.4125813425242902	-0.8981876757011447
sfnb1wv4zqbp2g1pgpri2b6n	1	2	133	4	0	No-Go	NGAL	0	0		1	0.0	1	0.5224	0.4720213564918441	-0.7614892324402325
sfnb1wv4zqbp2g1pgpri2b6n	1	2	138	5	0	No-Go	NGAL	0	0		1	0.0	1	0.4712	0.5300524117065276	-0.6443964384716453
sfnb1wv4zqbp2g1pgpri2b6n	1	2	141	6	0	No-Go	NGAL	0	0		1	0.0	1	0.4145	0.5850971020805235	-0.544807474963029
sfnb1wv4zqbp2g1pgpri2b6n	1	2	147	7	0	No-Go	NGAL	0	1	0.809	0	1.0	1	0.3587	0.36396315284679936	-1.0362995063298814
sfnb1wv4zqbp2g1pgpri2b6n	1	2	150	8	0	No-Go	NGAL	0	0		1	0.0	1	0.4225	0.577105007661984	-0.5584373576940456
sfnb1wv4zqbp2g1pgpri2b6n	1	2	153	9	0	No-Go	NGAL	0	0		1	0.0	1	0.3747	0.6267259733150047	-0.4752008470896703
sfnb1wv4zqbp2g1pgpri2b6n	1	2	159	10	0	No-Go	NGAL	0	0		1	0.0	1	0.3234	0.6720133697688161	-0.40468476008790893
sfnb1wv4zqbp2g1pgpri2b6n	1	2	163	11	0	No-Go	NGAL	0	0		1	0.0	1	0.2932	0.7127023556737264	-0.34513639671317614
sfnb1wv4zqbp2g1pgpri2b6n	1	2	167	12	0	No-Go	NGAL	0	0		1	0.0	1	0.2553	0.7488102945252365	-0.2949541588592849
sfnb1wv4zqbp2g1pgpri2b6n	1	2	171	13	0	No-Go	NGAL	0	0		1	1.0	0	0.2238	0.7805501868795757	-0.2527091741153622
sfnb1wv4zqbp2g1pgpri2b6n	1	2	175	14	0	No-Go	NGAL	0	0		1	0.0	1	0.2239	0.7798967425793855	-0.25354850138604607
sfnb1wv4zqbp2g1pgpri2b6n	1	2	179	15	0	No-Go	NGAL	0	0		1	0.0	1	0.1888	0.8076877524225682	-0.21785525501188283
sfnb1wv4zqbp2g1pgpri2b6n	1	2	183	16	0	No-Go	NGAL	0	0		1	0.0	1	0.1667	0.8318248211423909	-0.18779432750599612
sfnb1wv4zqbp2g1pgpri2b6n	1	2	187	17	0	No-Go	NGAL	0	0		1	0.0	1	0.1449	0.852716538919078	-0.16244533467627534
sfnb1wv4zqbp2g1pgpri2b6n	1	2	192	18	0	No-Go	NGAL	0	0		1	1.0	0	0.1327	0.8707614199466116	-0.1410318757039484
sfnb1wv4zqbp2g1pgpri2b6n	1	2	196	19	0	No-Go	NGAL	0	0		1	0.0	1	0.1318	0.8703153251841722	-0.1415487331424205
sfnb1wv4zqbp2g1pgpri2b6n	1	2	197	20	0	No-Go	NGAL	0	0		1	0.0	1	0.1102	0.8859484644106586	-0.12333979416096445
sfnb1wv4zqbp2g1pgpri2b6n	1	2	204	21	0	No-Go	NGAL	0	0		1	1.0	0	0.1005	0.8994348694958159	-0.10788709227325997
sfnb1wv4zqbp2g1pgpri2b6n	1	2	205	22	0	No-Go	NGAL	0	0		1	0.0	1	0.0994	0.8990696408356007	-0.10829768584233826
sfnb1wv4zqbp2g1pgpri2b6n	1	2	212	23	0	No-Go	NGAL	0	0		1	0.0	1	0.0845	0.9107611578669559	-0.09508595692635664
sfnb1wv4zqbp2g1pgpri2b6n	1	2	216	24	0	No-Go	NGAL	0	0		1	0.0	1	0.0799	0.9208618458253244	-0.08381173858920339
sfnb1wv4zqbp2g1pgpri2b6n	1	2	220	25	0	No-Go	NGAL	0	0		1	0.0	1	0.0707	0.929600641174299	-0.07416163716549294
sfnb1wv4zqbp2g1pgpri2b6n	1	2	222	26	0	No-Go	NGAL	0	0		1	0.0	1	0.0633	0.9371744258316387	-0.06587590656628861
sfnb1wv4zqbp2g1pgpri2b6n	1	2	227	27	0	No-Go	NGAL	0	0		1	0.0	1	0.0549	0.9437516383338538	-0.05873912115015497
sfnb1wv4zqbp2g1pgpri2b6n	1	2	231	28	0	No-Go	NGAL	0	0		1	0.0	1	0.0517	0.9494758828893639	-0.052572398094975
sfnb1wv4zqbp2g1pgpri2b6n	1	2	236	29	0	No-Go	NGAL	0	0		1	1.0	0	0.0472	0.9544693257565541	-0.04722695716922401
sfnb1wv4zqbp2g1pgpri2b6n	1	2	239	30	0	No-Go	NGAL	0	0		1	0.0	1	0.0471	0.9542854777775949	-0.047421977046539485
sfnb1wv4zqbp2g1pgpri2b6n	1	2	121	1	0	Go	GAL	1	1	0.925	1	1.0	0	0.652	0.6435841801889653	-0.44572780238638027
sfnb1wv4zqbp2g1pgpri2b6n	1	2	126	2	0	Go	GAL	1	1	0.735	1	0.0	1	0.5801	0.5866469405038734	-0.5396556863436897
sfnb1wv4zqbp2g1pgpri2b6n	1	2	132	3	0	Go	GAL	1	0		0	0.0	0	0.6427	0.35446722095398625	-1.0540817479570377
sfnb1wv4zqbp2g1pgpri2b6n	1	2	135	4	0	Go	GAL	1	1	0.627	1	0.0	1	0.6454	0.6462596633084493	-0.4415524964814373
sfnb1wv4zqbp2g1pgpri2b6n	1	2	137	5	0	Go	GAL	1	1	0.596	1	0.0	1	0.7002	0.698903706615478	-0.3625031126053166
sfnb1wv4zqbp2g1pgpri2b6n	1	2	144	6	0	Go	GAL	1	1	0.436	1	1.0	0	0.7399	0.7449289576863196	-0.29818331817348254
sfnb1wv4zqbp2g1pgpri2b6n	1	2	146	7	0	Go	GAL	1	1	0.477	1	0.0	1	0.6917	0.6934975001553941	-0.3702359286457386
sfnb1wv4zqbp2g1pgpri2b6n	1	2	151	8	0	Go	GAL	1	1	0.851	1	0.0	1	0.7437	0.7402907370384963	-0.3043888604081446
sfnb1wv4zqbp2g1pgpri2b6n	1	2	154	9	0	Go	GAL	1	1	0.37	1	0.0	1	0.7825	0.7805599112946322	-0.2509466684418104
sfnb1wv4zqbp2g1pgpri2b6n	1	2	157	10	0	Go	GAL	1	1	0.987	1	0.0	1	0.825	0.8147708131895153	-0.20760770532612113
sfnb1wv4zqbp2g1pgpri2b6n	1	2	161	11	0	Go	GAL	1	1	0.719	1	0.0	1	0.8427	0.8435806717865969	-0.17244333584023325
sfnb1wv4zqbp2g1pgpri2b6n	1	2	165	12	0	Go	GAL	1	1	0.645	1	0.0	1	0.8724	0.8677072506744913	-0.14386561414481305
sfnb1wv4zqbp2g1pgpri2b6n	1	2	172	13	0	Go	GAL	1	1	0.617	1	1.0	0	0.8925	0.8878488614453507	-0.12058366656179904
sfnb1wv4zqbp2g1pgpri2b6n	1	2	173	14	0	Go	GAL	1	1	0.571	1	0.0	1	0.8586	0.8567124149780496	-0.15661696856080934
sfnb1wv4zqbp2g1pgpri2b6n	1	2	177	15	0	Go	GAL	1	1	0.701	1	0.0	1	0.8812	0.8787618781066574	-0.13089084415432353
sfnb1wv4zqbp2g1pgpri2b6n	1	2	182	16	0	Go	GAL	1	1	0.749	1	0.0	1	0.8987	0.897132587638978	-0.10992388633171155
sfnb1wv4zqbp2g1pgpri2b6n	1	2	188	17	0	Go	GAL	1	1	0.402	1	0.0	1	0.9104	0.9124317813467491	-0.09277551854241306
sfnb1wv4zqbp2g1pgpri2b6n	1	2	189	18	0	Go	GAL	1	1	0.572	1	1.0	0	0.9278	0.9251829533012454	-0.07869569293191163
sfnb1wv4zqbp2g1pgpri2b6n	1	2	194	19	0	Go	GAL	1	1	0.658	1	0.0	1	0.9036	0.9022310881913425	-0.10407570414914108
sfnb1wv4zqbp2g1pgpri2b6n	1	2	198	20	0	Go	GAL	1	1	0.479	1	0.0	1	0.9105	0.9167461014221526	-0.08791314580519484
sfnb1wv4zqbp2g1pgpri2b6n	1	2	202	21	0	Go	GAL	1	1	0.747	1	0.0	1	0.9289	0.9288323047676246	-0.07464376188489395
sfnb1wv4zqbp2g1pgpri2b6n	1	2	208	22	0	Go	GAL	1	1	0.687	1	0.0	1	0.935	0.9389164404859326	-0.06370184360868249
sfnb1wv4zqbp2g1pgpri2b6n	1	2	210	23	0	Go	GAL	1	1	0.583	1	1.0	0	0.9438	0.9473520251880844	-0.0546386017348246
sfnb1wv4zqbp2g1pgpri2b6n	1	2	214	24	0	Go	GAL	1	1	0.614	1	0.0	1	0.9248	0.9299805098810995	-0.07334156732158545
sfnb1wv4zqbp2g1pgpri2b6n	1	2	219	25	0	Go	GAL	1	1	0.821	1	0.0	1	0.9396	0.9399252774701743	-0.06257498192630202
sfnb1wv4zqbp2g1pgpri2b6n	1	2	223	26	0	Go	GAL	1	1	0.747	1	1.0	0	0.9501	0.9482343196760278	-0.053666092657891566
sfnb1wv4zqbp2g1pgpri2b6n	1	2	226	27	0	Go	GAL	1	1	0.857	1	0.0	1	0.9321	0.9309864329851882	-0.07222301554713481
sfnb1wv4zqbp2g1pgpri2b6n	1	2	230	28	0	Go	GAL	1	1	0.766	1	0.0	1	0.9438	0.9408114542898244	-0.0616005328816802
sfnb1wv4zqbp2g1pgpri2b6n	1	2	235	29	0	Go	GAL	1	1	0.644	1	0.0	1	0.9519	0.9490113565466461	-0.05282040781823875
sfnb1wv4zqbp2g1pgpri2b6n	1	2	238	30	0	Go	GAL	1	1	0.389	1	0.0	1	0.9548	0.9558780353660875	-0.04552707864441146
sfnb1wv4zqbp2g1pgpri2b6n	1	2	124	1	1	No-Go	NGW	0	1	0.568	0	0.0	0	0.6656	0.6586362256099745	-0.44349196330911866
sfnb1wv4zqbp2g1pgpri2b6n	1	2	125	2	1	No-Go	NGW	0	1	0.449	0	0.0	0	0.6001	0.6047312699855183	-0.5372294465570935
sfnb1wv4zqbp2g1pgpri2b6n	1	2	129	3	1	No-Go	NGW	0	1	0.625	0	0.0	0	0.5423	0.550219699650713	-0.6421005001601832
sfnb1wv4zqbp2g1pgpri2b6n	1	2	134	4	1	No-Go	NGW	0	1	0.461	0	1.0	1	0.4966	0.4965698762171691	-0.7573022935413428
sfnb1wv4zqbp2g1pgpri2b6n	1	2	139	5	1	No-Go	NGW	0	1	0.574	0	0.0	0	0.9496	0.9503274788395889	-0.05218554278927441
sfnb1wv4zqbp2g1pgpri2b6n	1	2	142	6	1	No-Go	NGW	0	1	0.603	0	1.0	1	0.9366	0.9343537090378325	-0.06979503863559404
sfnb1wv4zqbp2g1pgpri2b6n	1	2	145	7	1	No-Go	NGW	0	1	0.509	0	0.0	0	0.9885	0.9879661769767838	-0.012231482356527597
sfnb1wv4zqbp2g1pgpri2b6n	1	2	152	8	1	No-Go	NGW	0	1	0.433	0	0.0	0	0.9849	0.9831928471739382	-0.017157219683308165
sfnb1wv4zqbp2g1pgpri2b6n	1	2	155	9	1	No-Go	NGW	0	1	0.462	0	0.0	0	0.9763	0.9766955500689237	-0.023926781902182722
sfnb1wv4zqbp2g1pgpri2b6n	1	2	160	10	1	No-Go	NGW	0	1	0.392	0	0.0	0	0.9683	0.9679703026854877	-0.03313658602211977
sfnb1wv4zqbp2g1pgpri2b6n	1	2	164	11	1	No-Go	NGW	0	1	0.293	0	0.0	0	0.9578	0.9564372395022847	-0.04552410457241517
sfnb1wv4zqbp2g1pgpri2b6n	1	2	166	12	1	No-Go	NGW	0	1	0.496	0	0.0	0	0.9428	0.9414696268390257	-0.06197550943340451
sfnb1wv4zqbp2g1pgpri2b6n	1	2	169	13	1	No-Go	NGW	0	1	0.371	0	0.0	0	0.9216	0.9224462980467433	-0.08352026475372523
sfnb1wv4zqbp2g1pgpri2b6n	1	2	176	14	1	No-Go	NGW	0	1	0.494	0	0.0	0	0.8986	0.8988273155390836	-0.11130662190437164
sfnb1wv4zqbp2g1pgpri2b6n	1	2	180	15	1	No-Go	NGW	0	1	0.402	0	1.0	1	0.8687	0.8702442331387381	-0.14655272778872855
sfnb1wv4zqbp2g1pgpri2b6n	1	2	184	16	1	No-Go	NGW	0	1	0.652	0	0.0	0	0.9792	0.9815114557405635	-0.018987090003068172
sfnb1wv4zqbp2g1pgpri2b6n	1	2	186	17	1	No-Go	NGW	0	1	0.387	0	1.0	1	0.974	0.9744260358437102	-0.026459484688405407
sfnb1wv4zqbp2g1pgpri2b6n	1	2	191	18	1	No-Go	NGW	0	1	0.391	0	0.0	0	0.994	0.9933946655345706	-0.006683162790979863
sfnb1wv4zqbp2g1pgpri2b6n	1	2	195	19	1	No-Go	NGW	0	1	0.506	0	0.0	0	0.9905	0.9904940808332072	-0.00965022662602762
sfnb1wv4zqbp2g1pgpri2b6n	1	2	199	20	1	No-Go	NGW	0	1	0.403	0	0.0	0	0.9878	0.9864279737092263	-0.01384185394493463
sfnb1wv4zqbp2g1pgpri2b6n	1	2	201	21	1	No-Go	NGW	0	1	0.462	0	1.0	1	0.9809	0.9808076576797176	-0.01969834750402865
sfnb1wv4zqbp2g1pgpri2b6n	1	2	206	22	1	No-Go	NGW	0	1	0.472	0	0.0	0	0.9943	0.9946567249034882	-0.005395013594225892
sfnb1wv4zqbp2g1pgpri2b6n	1	2	211	23	1	No-Go	NGW	0	1	0.461	0	0.0	0	0.9911	0.9921860869656246	-0.007913607093152131
sfnb1wv4zqbp2g1pgpri2b6n	1	2	215	24	1	No-Go	NGW	0	1	0.433	0	0.0	0	0.989	0.9886771030690493	-0.01151694358874866
sfnb1wv4zqbp2g1pgpri2b6n	1	2	218	25	1	No-Go	NGW	0	1	0.511	0	0.0	0	0.981	0.9837687866497019	-0.016609685459672344
sfnb1wv4zqbp2g1pgpri2b6n	1	2	221	26	1	No-Go	NGW	0	1	0.387	0	0.0	0	0.9738	0.9770206365958362	-0.02371301679730626
sfnb1wv4zqbp2g1pgpri2b6n	1	2	225	27	1	No-Go	NGW	0	1	0.432	0	0.0	0	0.9703	0.967920965248192	-0.033481574307008884
sfnb1wv4zqbp2g1pgpri2b6n	1	2	232	28	1	No-Go	NGW	0	1	0.429	0	0.0	0	0.9547	0.9559113796690591	-0.04671476014489245
sfnb1wv4zqbp2g1pgpri2b6n	1	2	234	29	1	No-Go	NGW	0	1	0.449	0	1.0	1	0.94	0.9404305932510232	-0.06435763914453911
sfnb1wv4zqbp2g1pgpri2b6n	1	2	240	30	1	No-Go	NGW	0	1	0.446	0	0.0	0	0.9885	0.9898062085915457	-0.010373667539752416
sfnb1wv4zqbp2g1pgpri2b6n	1	1	2	1	1	Go	GW	1	0		0	0.0	0	0.6628	0.3413637743900256	-1.1709967521257036
sfnb1wv4zqbp2g1pgpri2b6n	1	1	8	2	1	Go	GW	1	0		0	0.0	0	0.7066	0.2913255942709233	-1.3473815279271495
sfnb1wv4zqbp2g1pgpri2b6n	1	1	9	3	1	Go	GW	1	0		0	0.0	0	0.7538	0.24748891475675583	-1.5299154311869219
sfnb1wv4zqbp2g1pgpri2b6n	1	1	14	4	1	Go	GW	1	1	1.47	1	1.0	0	0.7846	0.7903117489810695	-0.24649814003812565
sfnb1wv4zqbp2g1pgpri2b6n	1	1	20	5	1	Go	GW	1	1	1.122	1	0.0	1	0.7521	0.7495657568225195	-0.30321617599875167
sfnb1wv4zqbp2g1pgpri2b6n	1	1	24	6	1	Go	GW	1	1	1.435	1	0.0	1	0.9791	0.9799018296696533	-0.020538460619006833
sfnb1wv4zqbp2g1pgpri2b6n	1	1	28	7	1	Go	GW	1	1	0.903	1	0.0	1	0.9958	0.995662407701476	-0.0043654109723172616
sfnb1wv4zqbp2g1pgpri2b6n	1	1	32	8	1	Go	GW	1	1	0.745	1	0.0	1	0.9988	0.9983404723928495	-0.0016640730411343623
sfnb1wv4zqbp2g1pgpri2b6n	1	1	36	9	1	Go	GW	1	1	0.76	1	0.0	1	0.9988	0.9990728332045197	-0.000928709648757662
sfnb1wv4zqbp2g1pgpri2b6n	1	1	40	10	1	Go	GW	1	1	1.109	1	1.0	0	0.9993	0.9993381614448462	-0.0006627274088612575
sfnb1wv4zqbp2g1pgpri2b6n	1	1	43	11	1	Go	GW	1	1	0.854	1	0.0	1	0.9992	0.9989742591359411	-0.0010277601435491146
sfnb1wv4zqbp2g1pgpri2b6n	1	1	45	12	1	Go	GW	1	1	0.702	1	1.0	0	0.9993	0.9993115100238857	-0.0006895071573448431
sfnb1wv4zqbp2g1pgpri2b6n	1	1	51	13	1	Go	GW	1	1	0.61	1	0.0	1	0.9986	0.998925912705468	-0.0010764678824732661
sfnb1wv4zqbp2g1pgpri2b6n	1	1	53	14	1	Go	GW	1	1	0.79	1	0.0	1	0.9997	0.9993022216030409	-0.0006988635909939289
sfnb1wv4zqbp2g1pgpri2b6n	1	1	58	15	1	Go	GW	1	0		0	0.0	0	0.9992	0.0005568816054687776	-9.356325408811728
sfnb1wv4zqbp2g1pgpri2b6n	1	1	61	16	1	Go	GW	1	1	0.578	1	1.0	0	0.9995	0.9995459646672074	-0.0004545537464438392
sfnb1wv4zqbp2g1pgpri2b6n	1	1	66	17	1	Go	GW	1	1	0.615	1	0.0	1	0.9989	0.9992844628345556	-0.000716769661449458
sfnb1wv4zqbp2g1pgpri2b6n	1	1	71	18	1	Go	GW	1	1	0.806	1	0.0	1	0.9999	0.9994956525265046	-0.000504987606956754
sfnb1wv4zqbp2g1pgpri2b6n	1	1	75	19	1	Go	GW	1	1	0.479	1	0.0	1	0.9997	0.9995772848509742	-0.0004231941534844891
sfnb1wv4zqbp2g1pgpri2b6n	1	1	79	20	1	Go	GW	1	1	0.613	1	0.0	1	0.9997	0.9996154130524827	-0.00038500477693969725
sfnb1wv4zqbp2g1pgpri2b6n	1	1	81	21	1	Go	GW	1	1	0.478	1	1.0	0	0.9996	0.9996351684126698	-0.0003652223721545217
sfnb1wv4zqbp2g1pgpri2b6n	1	1	85	22	1	Go	GW	1	1	0.519	1	0.0	1	0.9996	0.9994179044488714	-0.0005830482656833974
sfnb1wv4zqbp2g1pgpri2b6n	1	1	89	23	1	Go	GW	1	1	0.417	1	0.0	1	0.9994	0.9995558655781211	-0.0004446862208992181
sfnb1wv4zqbp2g1pgpri2b6n	1	1	94	24	1	Go	GW	1	1	0.54	1	0.0	1	0.9997	0.9996088160022683	-0.00039162582258927344
sfnb1wv4zqbp2g1pgpri2b6n	1	1	98	25	1	Go	GW	1	1	0.477	1	0.0	1	1.0	0.9996334012226149	-0.0003669986461349443
sfnb1wv4zqbp2g1pgpri2b6n	1	1	103	26	1	Go	GW	1	1	0.506	1	0.0	1	0.9996	0.9996460416256531	-0.0003543397395113086
sfnb1wv4zqbp2g1pgpri2b6n	1	1	107	27	1	Go	GW	1	1	0.598	1	0.0	1	0.9996	0.9996530033264455	-0.0003473691282814273
sfnb1wv4zqbp2g1pgpri2b6n	1	1	110	28	1	Go	GW	1	1	0.601	1	1.0	0	0.9997	0.999657041202757	-0.0003433266849161352
sfnb1wv4zqbp2g1pgpri2b6n	1	1	114	29	1	Go	GW	1	1	0.523	1	0.0	1	0.9998	0.9994507082615426	-0.0005501945546875766
sfnb1wv4zqbp2g1pgpri2b6n	1	1	117	30	1	Go	GW	1	1	0.466	1	0.0	1	0.9998	0.9995729906082829	-0.00042754194206313316
sfnb1wv4zqbp2g1pgpri2b6n	1	1	1	1	1	No-Go	NGW	0	1	0.686	0	0.0	0	0.6577	0.6586362256099745	-0.44349196330911866
sfnb1wv4zqbp2g1pgpri2b6n	1	1	7	2	1	No-Go	NGW	0	0		1	0.0	1	0.609	0.3952687300144818	-1.008996545815589
sfnb1wv4zqbp2g1pgpri2b6n	1	1	10	3	1	No-Go	NGW	0	1	0.85	0	0.0	0	0.5447	0.5481843000569506	-0.6462104917674669
sfnb1wv4zqbp2g1pgpri2b6n	1	1	16	4	1	No-Go	NGW	0	1	1.246	0	1.0	1	0.4931	0.49254866184659324	-0.7664935932757547
sfnb1wv4zqbp2g1pgpri2b6n	1	1	19	5	1	No-Go	NGW	0	1	0.986	0	0.0	0	0.9468	0.9459234756930728	-0.056937956932829645
sfnb1wv4zqbp2g1pgpri2b6n	1	1	21	6	1	No-Go	NGW	0	1	1.032	0	1.0	1	0.924	0.928167670343238	-0.07662780561004812
sfnb1wv4zqbp2g1pgpri2b6n	1	1	25	7	1	No-Go	NGW	0	1	1.075	0	0.0	0	0.9868	0.9862599038371161	-0.013981563637407574
sfnb1wv4zqbp2g1pgpri2b6n	1	1	30	8	1	No-Go	NGW	0	1	0.955	0	0.0	0	0.9816	0.9806827248698752	-0.01975448116948877
sfnb1wv4zqbp2g1pgpri2b6n	1	1	33	9	1	No-Go	NGW	0	1	1.218	0	0.0	0	0.9733	0.9730574295645265	-0.02773759550176516
sfnb1wv4zqbp2g1pgpri2b6n	1	1	39	10	1	No-Go	NGW	0	1	0.82	0	0.0	0	0.9642	0.9627884538106799	-0.03865724127541431
sfnb1wv4zqbp2g1pgpri2b6n	1	1	42	11	1	No-Go	NGW	0	1	0.7	0	0.0	0	0.9481	0.9492046462892473	-0.05340998080864741
sfnb1wv4zqbp2g1pgpri2b6n	1	1	46	12	1	No-Go	NGW	0	1	0.645	0	0.0	0	0.9317	0.931606663794896	-0.07306723805955821
sfnb1wv4zqbp2g1pgpri2b6n	1	1	50	13	1	No-Go	NGW	0	1	0.585	0	0.0	0	0.9114	0.9093444882640892	-0.09886048800289453
sfnb1wv4zqbp2g1pgpri2b6n	1	1	54	14	1	No-Go	NGW	0	1	0.549	0	0.0	0	0.8773	0.8819193908830446	-0.13213901742723144
sfnb1wv4zqbp2g1pgpri2b6n	1	1	57	15	1	No-Go	NGW	0	1	0.611	0	1.0	1	0.8468	0.8490917944718811	-0.17429446176540567
sfnb1wv4zqbp2g1pgpri2b6n	1	1	64	16	1	No-Go	NGW	0	1	0.528	0	0.0	0	0.9799	0.9778893580024466	-0.022791199828551677
sfnb1wv4zqbp2g1pgpri2b6n	1	1	68	17	1	No-Go	NGW	0	1	0.567	0	1.0	1	0.9687	0.9693009130665666	-0.03193215919041463
sfnb1wv4zqbp2g1pgpri2b6n	1	1	70	18	1	No-Go	NGW	0	1	0.553	0	0.0	0	0.9925	0.9919706134449782	-0.00813715978474454
sfnb1wv4zqbp2g1pgpri2b6n	1	1	76	19	1	No-Go	NGW	0	1	0.494	0	0.0	0	0.9884	0.9883841479226763	-0.011821038519456534
sfnb1wv4zqbp2g1pgpri2b6n	1	1	78	20	1	No-Go	NGW	0	1	0.537	0	0.0	0	0.9826	0.9833443828892269	-0.017048914546524532
sfnb1wv4zqbp2g1pgpri2b6n	1	1	84	21	1	No-Go	NGW	0	1	0.536	0	1.0	1	0.9772	0.9763734884093359	-0.024380482576386534
sfnb1wv4zqbp2g1pgpri2b6n	1	1	88	22	1	No-Go	NGW	0	1	0.409	0	0.0	0	0.9927	0.9933947605678987	-0.0066799604069752725
sfnb1wv4zqbp2g1pgpri2b6n	1	1	91	23	1	No-Go	NGW	0	1	0.447	0	0.0	0	0.9914	0.9902961729444559	-0.009851908616956931
sfnb1wv4zqbp2g1pgpri2b6n	1	1	96	24	1	No-Go	NGW	0	1	0.414	0	0.0	0	0.9856	0.9858876553908527	-0.014407836708941302
sfnb1wv4zqbp2g1pgpri2b6n	1	1	99	25	1	No-Go	NGW	0	1	0.525	0	0.0	0	0.9787	0.9797210937025129	-0.020867314537379594
sfnb1wv4zqbp2g1pgpri2b6n	1	1	102	26	1	No-Go	NGW	0	1	0.645	0	0.0	0	0.9695	0.9712612833187538	-0.02989757784429844
sfnb1wv4zqbp2g1pgpri2b6n	1	1	108	27	1	No-Go	NGW	0	1	0.658	0	0.0	0	0.9618	0.9599071666767465	-0.04233172595711415
sfnb1wv4zqbp2g1pgpri2b6n	1	1	109	28	1	No-Go	NGW	0	1	0.6	0	0.0	0	0.9483	0.9450361044374816	-0.05917680633681381
sfnb1wv4zqbp2g1pgpri2b6n	1	1	113	29	1	No-Go	NGW	0	1	0.478	0	1.0	1	0.9264	0.9260715622929707	-0.08160453853335492
sfnb1wv4zqbp2g1pgpri2b6n	1	1	119	30	1	No-Go	NGW	0	1	0.524	0	0.0	0	0.9854	0.9872490052482322	-0.01302298534599891
sfnb1wv4zqbp2g1pgpri2b6n	1	1	4	1	0	Go	GAL	1	0		0	1.0	1	0.6447	0.3564158198110346	-1.0483229636641036
sfnb1wv4zqbp2g1pgpri2b6n	1	1	6	2	0	Go	GAL	1	0		0	0.0	0	0.584	0.41335305949612655	-0.8963042437343969
sfnb1wv4zqbp2g1pgpri2b6n	1	1	12	3	0	Go	GAL	1	1	1.067	1	0.0	1	0.5951	0.5874444540108147	-0.5382632318953723
sfnb1wv4zqbp2g1pgpri2b6n	1	1	13	4	0	Go	GAL	1	1	1.061	1	0.0	1	0.6457	0.6443372040896038	-0.4445376126270371
sfnb1wv4zqbp2g1pgpri2b6n	1	1	17	5	0	Go	GAL	1	0		0	0.0	0	0.6917	0.304560726036776	-1.2115113721806163
sfnb1wv4zqbp2g1pgpri2b6n	1	1	22	6	0	Go	GAL	1	1	1.082	1	1.0	0	0.6948	0.6961297278822585	-0.3664479934804053
sfnb1wv4zqbp2g1pgpri2b6n	1	1	26	7	0	Go	GAL	1	0		0	0.0	0	0.6446	0.3607067813448007	-1.0357221215404178
sfnb1wv4zqbp2g1pgpri2b6n	1	1	29	8	0	Go	GAL	1	0		0	0.0	0	0.6424	0.3599530739605538	-1.0378772647754517
sfnb1wv4zqbp2g1pgpri2b6n	1	1	34	9	0	Go	GAL	1	1	1.243	1	0.0	1	0.64	0.640798139507292	-0.4500461005384728
sfnb1wv4zqbp2g1pgpri2b6n	1	1	38	10	0	Go	GAL	1	1	0.851	1	0.0	1	0.6871	0.6924101161597399	-0.3717773337630757
sfnb1wv4zqbp2g1pgpri2b6n	1	1	44	11	0	Go	GAL	1	1	0.973	1	0.0	1	0.7352	0.7378237037424861	-0.30768539798201244
sfnb1wv4zqbp2g1pgpri2b6n	1	1	47	12	0	Go	GAL	1	1	0.902	1	0.0	1	0.7782	0.7771170535511467	-0.25532268074176945
sfnb1wv4zqbp2g1pgpri2b6n	1	1	52	13	0	Go	GAL	1	1	1.067	1	1.0	0	0.8097	0.8107018119951163	-0.2125772882733256
sfnb1wv4zqbp2g1pgpri2b6n	1	1	55	14	0	Go	GAL	1	0		0	0.0	0	0.7648	0.23491035439782781	-1.4823882717718941
sfnb1wv4zqbp2g1pgpri2b6n	1	1	60	15	0	Go	GAL	1	0		0	0.0	0	0.7571	0.23433658786085743	-1.4850530962798594
sfnb1wv4zqbp2g1pgpri2b6n	1	1	62	16	0	Go	GAL	1	1	0.705	1	0.0	1	0.7658	0.766234147016112	-0.26938370569491593
sfnb1wv4zqbp2g1pgpri2b6n	1	1	67	17	0	Go	GAL	1	1	0.481	1	0.0	1	0.8013	0.8015604092920962	-0.2238904303006283
sfnb1wv4zqbp2g1pgpri2b6n	1	1	72	18	0	Go	GAL	1	1	0.915	1	1.0	0	0.8247	0.8315408142431728	-0.186786935791453
sfnb1wv4zqbp2g1pgpri2b6n	1	1	74	19	0	Go	GAL	1	1	0.506	1	0.0	1	0.7901	0.7889991812119426	-0.23969660869113085
sfnb1wv4zqbp2g1pgpri2b6n	1	1	77	20	0	Go	GAL	1	1	0.478	1	0.0	1	0.8232	0.8209967724259859	-0.19956349227154274
sfnb1wv4zqbp2g1pgpri2b6n	1	1	83	21	0	Go	GAL	1	1	0.865	1	0.0	1	0.8502	0.8480174806781415	-0.16684092638190812
sfnb1wv4zqbp2g1pgpri2b6n	1	1	87	22	0	Go	GAL	1	1	0.51	1	0.0	1	0.87	0.8707274300236552	-0.14010732907479154
sfnb1wv4zqbp2g1pgpri2b6n	1	1	92	23	0	Go	GAL	1	1	0.347	1	1.0	0	0.8851	0.8897660840867231	-0.11820737372384846
sfnb1wv4zqbp2g1pgpri2b6n	1	1	93	24	0	Go	GAL	1	1	0.489	1	0.0	1	0.8596	0.8578663167550505	-0.15505535983163055
sfnb1wv4zqbp2g1pgpri2b6n	1	1	100	25	0	Go	GAL	1	1	0.987	1	0.0	1	0.8768	0.8790713970167082	-0.13036514929507753
sfnb1wv4zqbp2g1pgpri2b6n	1	1	101	26	0	Go	GAL	1	1	0.645	1	1.0	0	0.9055	0.8968198899856709	-0.11013897196226767
sfnb1wv4zqbp2g1pgpri2b6n	1	1	106	27	0	Go	GAL	1	1	0.735	1	0.0	1	0.8649	0.8663212867855591	-0.14508335764278493
sfnb1wv4zqbp2g1pgpri2b6n	1	1	111	28	0	Go	GAL	1	1	0.945	1	0.0	1	0.8876	0.8862250074569612	-0.12211387332625562
sfnb1wv4zqbp2g1pgpri2b6n	1	1	115	29	0	Go	GAL	1	1	0.96	1	0.0	1	0.9046	0.9028633010175232	-0.10329695092790746
sfnb1wv4zqbp2g1pgpri2b6n	1	1	120	30	0	Go	GAL	1	1	0.48	1	0.0	1	0.9112	0.9167753056122965	-0.08782165804298359
sfnb1wv4zqbp2g1pgpri2b6n	1	1	3	1	0	No-Go	NGAL	0	0		1	0.0	1	0.6393	0.3564158198110346	-1.0483229636641036
sfnb1wv4zqbp2g1pgpri2b6n	1	1	5	2	0	No-Go	NGAL	0	1	1.476	0	1.0	1	0.5801	0.5866469405038734	-0.5396556863436897
sfnb1wv4zqbp2g1pgpri2b6n	1	1	11	3	0	No-Go	NGAL	0	1	1.397	0	0.0	0	0.6469	0.6435841801889653	-0.44572780238638027
sfnb1wv4zqbp2g1pgpri2b6n	1	1	15	4	0	No-Go	NGAL	0	0		1	0.0	1	0.5828	0.41543030627676625	-0.8911791378653222
sfnb1wv4zqbp2g1pgpri2b6n	1	1	18	5	0	No-Go	NGAL	0	1	1.167	0	0.0	0	0.5285	0.5272127450254681	-0.6488132396557951
sfnb1wv4zqbp2g1pgpri2b6n	1	1	23	6	0	No-Go	NGAL	0	0		1	0.0	1	0.47	0.5328299115863209	-0.6391951565255312
sfnb1wv4zqbp2g1pgpri2b6n	1	1	27	7	0	No-Go	NGAL	0	1	1.214	0	1.0	1	0.418	0.41224057201374964	-0.9046500917737522
sfnb1wv4zqbp2g1pgpri2b6n	1	1	31	8	0	No-Go	NGAL	0	0		1	0.0	1	0.4883	0.5264579523997479	-0.6511622637458954
sfnb1wv4zqbp2g1pgpri2b6n	1	1	35	9	0	No-Go	NGAL	0	0		1	0.0	1	0.4204	0.5796878281090706	-0.5539963038181787
sfnb1wv4zqbp2g1pgpri2b6n	1	1	37	10	0	No-Go	NGAL	0	1	1.105	0	0.0	0	0.3718	0.37083910740904824	-1.0156195023085426
sfnb1wv4zqbp2g1pgpri2b6n	1	1	41	11	0	No-Go	NGAL	0	0		1	0.0	1	0.3159	0.6826669905560742	-0.38908112298436415
sfnb1wv4zqbp2g1pgpri2b6n	1	1	48	12	0	No-Go	NGAL	0	1	0.914	0	0.0	0	0.2789	0.2761767307974213	-1.3335365420069252
sfnb1wv4zqbp2g1pgpri2b6n	1	1	49	13	0	No-Go	NGAL	0	0		1	1.0	0	0.2317	0.766590601476653	-0.2715542931529146
sfnb1wv4zqbp2g1pgpri2b6n	1	1	56	14	0	No-Go	NGAL	0	0		1	0.0	1	0.2319	0.7659484155183822	-0.27239544071279764
sfnb1wv4zqbp2g1pgpri2b6n	1	1	59	15	0	No-Go	NGAL	0	0		1	0.0	1	0.2011	0.7980026730816584	-0.23059134024953945
sfnb1wv4zqbp2g1pgpri2b6n	1	1	63	16	0	No-Go	NGAL	0	0		1	0.0	1	0.1743	0.8256052709636879	-0.19583991903023729
sfnb1wv4zqbp2g1pgpri2b6n	1	1	65	17	0	No-Go	NGAL	0	0		1	0.0	1	0.1455	0.8492603245940412	-0.16692378821208256
sfnb1wv4zqbp2g1pgpri2b6n	1	1	69	18	0	No-Go	NGAL	0	0		1	1.0	0	0.1284	0.8694713082049277	-0.14282337607849596
sfnb1wv4zqbp2g1pgpri2b6n	1	1	73	19	0	No-Go	NGAL	0	1	0.556	0	0.0	0	0.1255	0.1309552483686286	-2.167704785760603
sfnb1wv4zqbp2g1pgpri2b6n	1	1	80	20	0	No-Go	NGAL	0	1	0.478	0	0.0	0	0.1043	0.10872639168623946	-2.3854931069808587
sfnb1wv4zqbp2g1pgpri2b6n	1	1	82	21	0	No-Go	NGAL	0	0		1	1.0	0	0.0882	0.909412850647599	-0.09689247203728099
sfnb1wv4zqbp2g1pgpri2b6n	1	1	86	22	0	No-Go	NGAL	0	1	0.496	0	0.0	0	0.0892	0.09089113897350216	-2.5970105930386995
sfnb1wv4zqbp2g1pgpri2b6n	1	1	90	23	0	No-Go	NGAL	0	0		1	0.0	1	0.0758	0.923966683381254	-0.08063180621096544
sfnb1wv4zqbp2g1pgpri2b6n	1	1	95	24	0	No-Go	NGAL	0	0		1	0.0	1	0.0638	0.9344165181170698	-0.06909464038530193
sfnb1wv4zqbp2g1pgpri2b6n	1	1	97	25	0	No-Go	NGAL	0	0		1	0.0	1	0.0579	0.9432169920946022	-0.05948495319482668
sfnb1wv4zqbp2g1pgpri2b6n	1	1	104	26	0	No-Go	NGAL	0	0		1	0.0	1	0.0507	0.9506469609380658	-0.051448404039223586
sfnb1wv4zqbp2g1pgpri2b6n	1	1	105	27	0	No-Go	NGAL	0	0		1	0.0	1	0.0439	0.9569373557982992	-0.044700059791669265
sfnb1wv4zqbp2g1pgpri2b6n	1	1	112	28	0	No-Go	NGAL	0	0		1	0.0	1	0.0378	0.9622788969132137	-0.03901032775760065
sfnb1wv4zqbp2g1pgpri2b6n	1	1	116	29	0	No-Go	NGAL	0	0		1	1.0	0	0.0313	0.9668288996613704	-0.034193733794288646
sfnb1wv4zqbp2g1pgpri2b6n	1	1	118	30	0	No-Go	NGAL	0	1	0.75	0	0.0	0	0.0328	0.033294576186122256	-3.7738326844192924
sldfzozvya0866f3mwvojl0g	1	1	2	1	1	No-Go	NGW	0	0		1	1.0	0	0.5229	0.4863187179619129	-0.7831754765718626
sldfzozvya0866f3mwvojl0g	1	1	6	2	1	No-Go	NGW	0	1	0.609	0	0.0	0	0.7503	0.7488060701733094	-0.31392467346721536
sldfzozvya0866f3mwvojl0g	1	1	11	3	1	No-Go	NGW	0	0		1	0.0	1	0.5186	0.4863187179619129	-0.7831754765718626
sldfzozvya0866f3mwvojl0g	1	1	13	4	1	No-Go	NGW	0	1	0.562	0	0.0	0	0.244	0.2416992650029618	-1.5823871053237006
sldfzozvya0866f3mwvojl0g	1	1	19	5	1	No-Go	NGW	0	0		1	0.0	1	0.1169	0.8855062114836241	-0.12652831281859622
sldfzozvya0866f3mwvojl0g	1	1	24	6	1	No-Go	NGW	0	0		1	0.0	1	0.0462	0.953195874358877	-0.049292486084176926
sldfzozvya0866f3mwvojl0g	1	1	26	7	1	No-Go	NGW	0	0		1	0.0	1	0.02	0.9790197595658751	-0.0215961375711688
sldfzozvya0866f3mwvojl0g	1	1	31	8	1	No-Go	NGW	0	0		1	0.0	1	0.009	0.989723517252155	-0.010453027128381588
sldfzozvya0866f3mwvojl0g	1	1	33	9	1	No-Go	NGW	0	0		1	1.0	0	0.005	0.9945568184605791	-0.005500483826690381
sldfzozvya0866f3mwvojl0g	1	1	38	10	1	No-Go	NGW	0	0		1	0.0	1	0.0185	0.9808794344894173	-0.01954160782892577
sldfzozvya0866f3mwvojl0g	1	1	44	11	1	No-Go	NGW	0	0		1	0.0	1	0.0087	0.9907800676519388	-0.009340114915471497
sldfzozvya0866f3mwvojl0g	1	1	48	12	1	No-Go	NGW	0	0		1	0.0	1	0.0038	0.9951305612193714	-0.004909137417378776
sldfzozvya0866f3mwvojl0g	1	1	50	13	1	No-Go	NGW	0	0		1	0.0	1	0.0029	0.9972282505680902	-0.0027864888851887215
sldfzozvya0866f3mwvojl0g	1	1	53	14	1	No-Go	NGW	0	0		1	0.0	1	0.0012	0.9983186437577058	-0.0016874038958541362
sldfzozvya0866f3mwvojl0g	1	1	58	15	1	No-Go	NGW	0	0		1	1.0	0	0.0008	0.9989220543498702	-0.0010806568837330504
sldfzozvya0866f3mwvojl0g	1	1	63	16	1	No-Go	NGW	0	0		1	0.0	1	0.0037	0.9953620892256193	-0.0046672558989977915
sldfzozvya0866f3mwvojl0g	1	1	66	17	1	No-Go	NGW	0	0		1	0.0	1	0.0021	0.9974311108143252	-0.0025793489865506233
sldfzozvya0866f3mwvojl0g	1	1	71	18	1	No-Go	NGW	0	0		1	1.0	0	0.002	0.9984570111514136	-0.0015473021806644456
sldfzozvya0866f3mwvojl0g	1	1	75	19	1	No-Go	NGW	0	0		1	0.0	1	0.0076	0.9930430215302093	-0.00701903446882131
sldfzozvya0866f3mwvojl0g	1	1	80	20	1	No-Go	NGW	0	0		1	0.0	1	0.0028	0.9964537831596736	-0.003564118163232864
sldfzozvya0866f3mwvojl0g	1	1	82	21	1	No-Go	NGW	0	0		1	0.0	1	0.0018	0.9979875888965642	-0.002018996949033534
sldfzozvya0866f3mwvojl0g	1	1	88	22	1	No-Go	NGW	0	0		1	0.0	1	0.0011	0.9987633967258979	-0.0012394186450545343
sldfzozvya0866f3mwvojl0g	1	1	92	23	1	No-Go	NGW	0	0		1	1.0	0	0.0005	0.9991904217999658	-0.0008109230622088609
sldfzozvya0866f3mwvojl0g	1	1	96	24	1	No-Go	NGW	0	0		1	0.0	1	0.0041	0.9960254296422416	-0.003998034620255546
sldfzozvya0866f3mwvojl0g	1	1	100	25	1	No-Go	NGW	0	0		1	0.0	1	0.002	0.997842336029292	-0.0021651719283714344
sldfzozvya0866f3mwvojl0g	1	1	103	26	1	No-Go	NGW	0	0		1	0.0	1	0.0011	0.9987078842636904	-0.0012951204886206854
sldfzozvya0866f3mwvojl0g	1	1	106	27	1	No-Go	NGW	0	0		1	1.0	0	0.0006	0.9991672201811446	-0.0008341684974820557
sldfzozvya0866f3mwvojl0g	1	1	111	28	1	No-Go	NGW	0	0		1	0.0	1	0.0044	0.9957677681791087	-0.004260333715643501
sldfzozvya0866f3mwvojl0g	1	1	114	29	1	No-Go	NGW	0	0		1	0.0	1	0.0026	0.9977599127400314	-0.0022483595493598485
sldfzozvya0866f3mwvojl0g	1	1	118	30	1	No-Go	NGW	0	0		1	0.0	1	0.0015	0.9986788325855852	-0.0013243349167925357
sldfzozvya0866f3mwvojl0g	1	1	3	1	0	Go	GAL	1	1	1.134	1	0.0	1	0.6132	0.620764671106356	-0.4879808581028865
sldfzozvya0866f3mwvojl0g	1	1	5	2	0	Go	GAL	1	1	0.649	1	0.0	1	0.8305	0.8278676373059792	-0.19378067136258273
sldfzozvya0866f3mwvojl0g	1	1	12	3	0	Go	GAL	1	1	0.645	1	0.0	1	0.9239	0.9219241879795772	-0.08322814567678477
sldfzozvya0866f3mwvojl0g	1	1	15	4	0	Go	GAL	1	1	0.561	1	0.0	1	0.9643	0.9621822165309155	-0.0392559316480289
sldfzozvya0866f3mwvojl0g	1	1	20	5	0	Go	GAL	1	1	0.544	1	1.0	0	0.9789	0.980259101829841	-0.02019994167149554
sldfzozvya0866f3mwvojl0g	1	1	23	6	0	Go	GAL	1	1	0.608	1	0.0	1	0.9286	0.9262752713373524	-0.07769935663990031
sldfzozvya0866f3mwvojl0g	1	1	28	7	0	Go	GAL	1	1	0.482	1	0.0	1	0.9662	0.9652222332818137	-0.03582671267037481
sldfzozvya0866f3mwvojl0g	1	1	32	8	0	Go	GAL	1	1	0.775	1	1.0	0	0.9803	0.9820156706319138	-0.01831850929529194
sldfzozvya0866f3mwvojl0g	1	1	34	9	0	Go	GAL	1	1	0.681	1	0.0	1	0.9295	0.9283605547359243	-0.07545002120045825
sldfzozvya0866f3mwvojl0g	1	1	37	10	0	Go	GAL	1	1	0.742	1	0.0	1	0.967	0.9669967216010309	-0.03390002084212591
sldfzozvya0866f3mwvojl0g	1	1	42	11	0	Go	GAL	1	1	0.513	1	0.0	1	0.9855	0.9831084370026628	-0.017168414993339844
sldfzozvya0866f3mwvojl0g	1	1	46	12	0	Go	GAL	1	1	0.465	1	0.0	1	0.9907	0.9905638745674247	-0.00953704709282431
sldfzozvya0866f3mwvojl0g	1	1	51	13	0	Go	GAL	1	1	0.569	1	1.0	0	0.9932	0.9943306460160509	-0.005711004033434671
sldfzozvya0866f3mwvojl0g	1	1	54	14	0	Go	GAL	1	1	0.607	1	0.0	1	0.9745	0.9733223565706312	-0.027333282132587653
sldfzozvya0866f3mwvojl0g	1	1	60	15	0	Go	GAL	1	1	0.549	1	0.0	1	0.9872	0.986455545798833	-0.013726522210878393
sldfzozvya0866f3mwvojl0g	1	1	64	16	0	Go	GAL	1	1	0.589	1	0.0	1	0.9917	0.9923815155145658	-0.007684045989101804
sldfzozvya0866f3mwvojl0g	1	1	65	17	0	Go	GAL	1	1	0.737	1	0.0	1	0.9965	0.9953585773119159	-0.004669082847155565
sldfzozvya0866f3mwvojl0g	1	1	69	18	0	Go	GAL	1	1	0.398	1	0.0	1	0.997	0.9969823089813348	-0.003030806792307761
sldfzozvya0866f3mwvojl0g	1	1	74	19	0	Go	GAL	1	1	0.562	1	0.0	1	0.9974	0.9979275889468928	-0.002079251988659402
sldfzozvya0866f3mwvojl0g	1	1	79	20	0	Go	GAL	1	1	0.528	1	1.0	0	0.9988	0.9985080783749876	-0.001495794635996935
sldfzozvya0866f3mwvojl0g	1	1	81	21	0	Go	GAL	1	1	0.496	1	0.0	1	0.9916	0.9912683830664686	-0.008840426564233355
sldfzozvya0866f3mwvojl0g	1	1	86	22	0	Go	GAL	1	1	0.562	1	0.0	1	0.9939	0.9950219657221178	-0.005012752455512702
sldfzozvya0866f3mwvojl0g	1	1	90	23	0	Go	GAL	1	1	0.57	1	0.0	1	0.9961	0.9968791198498776	-0.0031354684271839637
sldfzozvya0866f3mwvojl0g	1	1	95	24	0	Go	GAL	1	1	0.572	1	0.0	1	0.9984	0.9978997701450413	-0.0021074283156231046
sldfzozvya0866f3mwvojl0g	1	1	98	25	0	Go	GAL	1	1	0.512	1	1.0	0	0.9983	0.9985048408997967	-0.0014991356681012505
sldfzozvya0866f3mwvojl0g	1	1	101	26	0	Go	GAL	1	1	0.56	1	0.0	1	0.9919	0.9905957962004243	-0.009556944324622986
sldfzozvya0866f3mwvojl0g	1	1	108	27	0	Go	GAL	1	1	0.506	1	0.0	1	0.9948	0.9948363217745176	-0.005205369968447012
sldfzozvya0866f3mwvojl0g	1	1	109	28	0	Go	GAL	1	1	0.554	1	0.0	1	0.998	0.9968320997747453	-0.0031840458416724417
sldfzozvya0866f3mwvojl0g	1	1	116	29	0	Go	GAL	1	1	0.52	1	1.0	0	0.9982	0.9978945647956103	-0.0021130567544250314
sldfzozvya0866f3mwvojl0g	1	1	119	30	0	Go	GAL	1	1	0.534	1	0.0	1	0.9858	0.9868308455632747	-0.013480727039537137
sldfzozvya0866f3mwvojl0g	1	1	4	1	0	No-Go	NGAL	0	1	0.682	0	0.0	0	0.6318	0.620764671106356	-0.4879808581028865
sldfzozvya0866f3mwvojl0g	1	1	7	2	0	No-Go	NGAL	0	0		1	0.0	1	0.3558	0.6460171224401815	-0.4535199529928427
sldfzozvya0866f3mwvojl0g	1	1	10	3	0	No-Go	NGAL	0	0		1	1.0	0	0.1638	0.8368017011744312	-0.18641766804531218
sldfzozvya0866f3mwvojl0g	1	1	16	4	0	No-Go	NGAL	0	0		1	0.0	1	0.1987	0.7986643140654208	-0.23400072699091204
sldfzozvya0866f3mwvojl0g	1	1	17	5	0	No-Go	NGAL	0	0		1	0.0	1	0.0934	0.9084989956527475	-0.09939371475385618
sldfzozvya0866f3mwvojl0g	1	1	21	6	0	No-Go	NGAL	0	0		1	0.0	1	0.0447	0.9558125716727691	-0.04642980675616557
sldfzozvya0866f3mwvojl0g	1	1	25	7	0	No-Go	NGAL	0	1	0.479	0	0.0	0	0.0242	0.02296686391501416	-4.67639707838375
sldfzozvya0866f3mwvojl0g	1	1	29	8	0	No-Go	NGAL	0	0		1	0.0	1	0.008	0.9895773009162505	-0.010621280193135695
sldfzozvya0866f3mwvojl0g	1	1	36	9	0	No-Go	NGAL	0	0		1	1.0	0	0.0049	0.9941522868904081	-0.005920967490712859
sldfzozvya0866f3mwvojl0g	1	1	39	10	0	No-Go	NGAL	0	0		1	0.0	1	0.006	0.9924493791767273	-0.007651887711293517
sldfzozvya0866f3mwvojl0g	1	1	43	11	0	No-Go	NGAL	0	0		1	0.0	1	0.0045	0.9956955244047944	-0.004342643246127772
sldfzozvya0866f3mwvojl0g	1	1	47	12	0	No-Go	NGAL	0	0		1	0.0	1	0.0032	0.9973765783162535	-0.0026394497877595623
sldfzozvya0866f3mwvojl0g	1	1	49	13	0	No-Go	NGAL	0	0		1	0.0	1	0.0016	0.998307944209428	-0.0016994161156345538
sldfzozvya0866f3mwvojl0g	1	1	55	14	0	No-Go	NGAL	0	0		1	1.0	0	0.0009	0.9988534152119323	-0.0011502425696136014
sldfzozvya0866f3mwvojl0g	1	1	59	15	0	No-Go	NGAL	0	0		1	0.0	1	0.0016	0.998441030535761	-0.001564518391699289
sldfzozvya0866f3mwvojl0g	1	1	62	16	0	No-Go	NGAL	0	0		1	0.0	1	0.0009	0.9989572561343079	-0.0010454219868712058
sldfzozvya0866f3mwvojl0g	1	1	68	17	0	No-Go	NGAL	0	0		1	1.0	0	0.0004	0.9992638865058905	-0.0007375490732628852
sldfzozvya0866f3mwvojl0g	1	1	72	18	0	No-Go	NGAL	0	0		1	0.0	1	0.001	0.9989003572624537	-0.0011028126099362802
sldfzozvya0866f3mwvojl0g	1	1	73	19	0	No-Go	NGAL	0	0		1	0.0	1	0.0007	0.999258988863953	-0.0007423928962622313
sldfzozvya0866f3mwvojl0g	1	1	77	20	0	No-Go	NGAL	0	0		1	0.0	1	0.0004	0.9994657927535993	-0.0005349536957154466
sldfzozvya0866f3mwvojl0g	1	1	83	21	0	No-Go	NGAL	0	0		1	0.0	1	0.0005	0.9995951346094436	-0.0004053198156584207
sldfzozvya0866f3mwvojl0g	1	1	87	22	0	No-Go	NGAL	0	0		1	1.0	0	0.0002	0.9996806949946495	-0.00031960571691812446
sldfzozvya0866f3mwvojl0g	1	1	91	23	0	No-Go	NGAL	0	0		1	0.0	1	0.0006	0.9995070801354788	-0.0004936436541458587
sldfzozvya0866f3mwvojl0g	1	1	94	24	0	No-Go	NGAL	0	0		1	0.0	1	0.0002	0.9996358955889642	-0.0003644787106762347
sldfzozvya0866f3mwvojl0g	1	1	97	25	0	No-Go	NGAL	0	0		1	0.0	1	0.0003	0.9997148773777155	-0.00028535956815026387
sldfzozvya0866f3mwvojl0g	1	1	102	26	0	No-Go	NGAL	0	0		1	0.0	1	0.0002	0.9997671570864979	-0.00023301031852863489
sldfzozvya0866f3mwvojl0g	1	1	105	27	0	No-Go	NGAL	0	0		1	1.0	0	0.0007	0.9998036058651376	-0.00019652114124107714
sldfzozvya0866f3mwvojl0g	1	1	110	28	0	No-Go	NGAL	0	0		1	0.0	1	0.0001	0.9996857452847718	-0.00031459890142597214
sldfzozvya0866f3mwvojl0g	1	1	113	29	0	No-Go	NGAL	0	0		1	0.0	1	0.0003	0.9997564406997386	-0.00024375023117071627
sldfzozvya0866f3mwvojl0g	1	1	120	30	0	No-Go	NGAL	0	0		1	0.0	1	0.0001	0.9998003419141541	-0.00019978919863535797
sldfzozvya0866f3mwvojl0g	1	1	1	1	1	Go	GW	1	1	0.72	1	0.0	1	0.5149	0.513681282038087	-0.7225548774564288
sldfzozvya0866f3mwvojl0g	1	1	8	2	1	Go	GW	1	1	0.535	1	0.0	1	0.9568	0.9574737159932792	-0.04605231352147265
sldfzozvya0866f3mwvojl0g	1	1	9	3	1	Go	GW	1	1	0.665	1	0.0	1	0.9895	0.9913468663272431	-0.008916428547779888
sldfzozvya0866f3mwvojl0g	1	1	14	4	1	Go	GW	1	1	0.624	1	1.0	0	0.9973	0.9971596946844413	-0.0028781001711079154
sldfzozvya0866f3mwvojl0g	1	1	18	5	1	Go	GW	1	1	0.5	1	0.0	1	0.9839	0.9847080801113242	-0.015916518519373386
sldfzozvya0866f3mwvojl0g	1	1	22	6	1	Go	GW	1	1	0.56	1	0.0	1	0.9973	0.9959876113703751	-0.004081127494224676
sldfzozvya0866f3mwvojl0g	1	1	27	7	1	Go	GW	1	1	0.463	1	0.0	1	0.9985	0.9983563776661937	-0.0016570252665938684
sldfzozvya0866f3mwvojl0g	1	1	30	8	1	Go	GW	1	1	0.479	1	1.0	0	0.999	0.9991056009662805	-0.0008982456019551192
sldfzozvya0866f3mwvojl0g	1	1	35	9	1	Go	GW	1	1	0.513	1	0.0	1	0.9941	0.9935130371045121	-0.006624006831055528
sldfzozvya0866f3mwvojl0g	1	1	40	10	1	Go	GW	1	1	0.461	1	0.0	1	0.9981	0.9980638357036831	-0.0019508130370998892
sldfzozvya0866f3mwvojl0g	1	1	41	11	1	Go	GW	1	1	0.442	1	0.0	1	0.9989	0.9990342083372139	-0.0009696945816085944
sldfzozvya0866f3mwvojl0g	1	1	45	12	1	Go	GW	1	1	0.333	1	0.0	1	0.9993	0.9993748131269081	-0.0006268327346694823
sldfzozvya0866f3mwvojl0g	1	1	52	13	1	Go	GW	1	1	0.418	1	0.0	1	0.9996	0.9995215155450252	-0.00047949453722254137
sldfzozvya0866f3mwvojl0g	1	1	56	14	1	Go	GW	1	1	0.544	1	1.0	0	0.9999	0.9995932439207335	-0.0004075493092266788
sldfzozvya0866f3mwvojl0g	1	1	57	15	1	Go	GW	1	1	0.481	1	0.0	1	0.9966	0.9963292296004167	-0.0037327520483334056
sldfzozvya0866f3mwvojl0g	1	1	61	16	1	Go	GW	1	1	0.398	1	0.0	1	0.9993	0.998874871877224	-0.001129607359290907
sldfzozvya0866f3mwvojl0g	1	1	67	17	1	Go	GW	1	1	0.441	1	0.0	1	0.9996	0.9993493471241787	-0.0006522887237346768
sldfzozvya0866f3mwvojl0g	1	1	70	18	1	Go	GW	1	1	0.433	1	1.0	0	0.9995	0.9995188790678522	-0.0004821226236992737
sldfzozvya0866f3mwvojl0g	1	1	76	19	1	Go	GW	1	1	0.384	1	0.0	1	0.9962	0.9956909864688452	-0.004387743683418062
sldfzozvya0866f3mwvojl0g	1	1	78	20	1	Go	GW	1	1	0.486	1	0.0	1	0.9983	0.9987482589932136	-0.0012572181460825606
sldfzozvya0866f3mwvojl0g	1	1	84	21	1	Go	GW	1	1	0.461	1	0.0	1	0.999	0.9993072139837803	-0.0006946026013186362
sldfzozvya0866f3mwvojl0g	1	1	85	22	1	Go	GW	1	1	0.466	1	1.0	0	0.999	0.999501009225001	-0.0005000442233756745
sldfzozvya0866f3mwvojl0g	1	1	89	23	1	Go	GW	1	1	0.421	1	0.0	1	0.9963	0.9955412078043839	-0.004541459043975585
sldfzozvya0866f3mwvojl0g	1	1	93	24	1	Go	GW	1	1	0.34	1	0.0	1	0.9988	0.9987135323146347	-0.0012922750523289071
sldfzozvya0866f3mwvojl0g	1	1	99	25	1	Go	GW	1	1	0.45	1	0.0	1	0.9993	0.9992954639340865	-0.0007064115381516086
sldfzozvya0866f3mwvojl0g	1	1	104	26	1	Go	GW	1	1	0.374	1	1.0	0	0.9997	0.9994960750990091	-0.0005049941224776789
sldfzozvya0866f3mwvojl0g	1	1	107	27	1	Go	GW	1	1	0.421	1	0.0	1	0.9969	0.9954987730263724	-0.00458507059852416
sldfzozvya0866f3mwvojl0g	1	1	112	28	1	Go	GW	1	1	0.421	1	0.0	1	0.9982	0.9987029743249152	-0.0013029511467699967
sldfzozvya0866f3mwvojl0g	1	1	115	29	1	Go	GW	1	1	0.389	1	0.0	1	0.999	0.9992919308716186	-0.0007099656498054888
sldfzozvya0866f3mwvojl0g	1	1	117	30	1	Go	GW	1	1	0.442	1	0.0	1	0.9992	0.999494645090009	-0.0005064294894941691
sldfzozvya0866f3mwvojl0g	1	2	122	1	1	Go	GW	1	1	0.536	1	0.0	1	0.5111	0.513681282038087	-0.7225548774564288
sldfzozvya0866f3mwvojl0g	1	2	125	2	1	Go	GW	1	1	0.693	1	0.0	1	0.957	0.9574737159932792	-0.04605231352147265
sldfzozvya0866f3mwvojl0g	1	2	130	3	1	Go	GW	1	1	0.508	1	0.0	1	0.9917	0.9913468663272431	-0.008916428547779888
sldfzozvya0866f3mwvojl0g	1	2	133	4	1	Go	GW	1	1	0.602	1	1.0	0	0.9959	0.9971596946844413	-0.0028781001711079154
sldfzozvya0866f3mwvojl0g	1	2	140	5	1	Go	GW	1	1	0.455	1	0.0	1	0.985	0.9847080801113242	-0.015916518519373386
sldfzozvya0866f3mwvojl0g	1	2	141	6	1	Go	GW	1	1	0.419	1	0.0	1	0.9964	0.9959876113703751	-0.004081127494224676
sldfzozvya0866f3mwvojl0g	1	2	147	7	1	Go	GW	1	1	0.458	1	0.0	1	0.9982	0.9983563776661937	-0.0016570252665938684
sldfzozvya0866f3mwvojl0g	1	2	152	8	1	Go	GW	1	1	0.36	1	1.0	0	0.9981	0.9991056009662805	-0.0008982456019551192
sldfzozvya0866f3mwvojl0g	1	2	155	9	1	Go	GW	1	1	0.514	1	0.0	1	0.9935	0.9935130371045121	-0.006624006831055528
sldfzozvya0866f3mwvojl0g	1	2	159	10	1	Go	GW	1	1	0.458	1	0.0	1	0.9985	0.9980638357036831	-0.0019508130370998892
sldfzozvya0866f3mwvojl0g	1	2	164	11	1	Go	GW	1	1	0.367	1	0.0	1	0.9992	0.9990342083372139	-0.0009696945816085944
sldfzozvya0866f3mwvojl0g	1	2	165	12	1	Go	GW	1	1	0.481	1	0.0	1	0.9996	0.9993748131269081	-0.0006268327346694823
sldfzozvya0866f3mwvojl0g	1	2	169	13	1	Go	GW	1	1	0.402	1	0.0	1	0.9996	0.9995215155450252	-0.00047949453722254137
sldfzozvya0866f3mwvojl0g	1	2	174	14	1	Go	GW	1	1	0.387	1	1.0	0	0.9996	0.9995932439207335	-0.0004075493092266788
sldfzozvya0866f3mwvojl0g	1	2	180	15	1	Go	GW	1	1	0.428	1	0.0	1	0.997	0.9963292296004167	-0.0037327520483334056
sldfzozvya0866f3mwvojl0g	1	2	182	16	1	Go	GW	1	1	0.423	1	0.0	1	0.9991	0.998874871877224	-0.001129607359290907
sldfzozvya0866f3mwvojl0g	1	2	185	17	1	Go	GW	1	1	0.447	1	0.0	1	0.9995	0.9993493471241787	-0.0006522887237346768
sldfzozvya0866f3mwvojl0g	1	2	191	18	1	Go	GW	1	1	0.457	1	1.0	0	0.9996	0.9995188790678522	-0.0004821226236992737
sldfzozvya0866f3mwvojl0g	1	2	195	19	1	Go	GW	1	1	0.431	1	0.0	1	0.9965	0.9956909864688452	-0.004387743683418062
sldfzozvya0866f3mwvojl0g	1	2	200	20	1	Go	GW	1	1	0.328	1	0.0	1	0.9985	0.9987482589932136	-0.0012572181460825606
sldfzozvya0866f3mwvojl0g	1	2	204	21	1	Go	GW	1	1	0.506	1	0.0	1	0.9991	0.9993072139837803	-0.0006946026013186362
sldfzozvya0866f3mwvojl0g	1	2	207	22	1	Go	GW	1	1	0.481	1	1.0	0	0.9996	0.999501009225001	-0.0005000442233756745
sldfzozvya0866f3mwvojl0g	1	2	212	23	1	Go	GW	1	1	0.375	1	0.0	1	0.9949	0.9955412078043839	-0.004541459043975585
sldfzozvya0866f3mwvojl0g	1	2	215	24	1	Go	GW	1	1	0.367	1	0.0	1	0.9981	0.9987135323146347	-0.0012922750523289071
sldfzozvya0866f3mwvojl0g	1	2	218	25	1	Go	GW	1	1	0.374	1	0.0	1	0.9993	0.9992954639340865	-0.0007064115381516086
sldfzozvya0866f3mwvojl0g	1	2	222	26	1	Go	GW	1	1	0.374	1	1.0	0	0.9993	0.9994960750990091	-0.0005049941224776789
sldfzozvya0866f3mwvojl0g	1	2	228	27	1	Go	GW	1	1	0.527	1	0.0	1	0.9951	0.9954987730263724	-0.00458507059852416
sldfzozvya0866f3mwvojl0g	1	2	232	28	1	Go	GW	1	1	0.405	1	0.0	1	0.9986	0.9987029743249152	-0.0013029511467699967
sldfzozvya0866f3mwvojl0g	1	2	236	29	1	Go	GW	1	1	0.437	1	0.0	1	0.9992	0.9992919308716186	-0.0007099656498054888
sldfzozvya0866f3mwvojl0g	1	2	238	30	1	Go	GW	1	1	0.367	1	0.0	1	0.9996	0.999494645090009	-0.0005064294894941691
sldfzozvya0866f3mwvojl0g	1	2	121	1	0	Go	GAL	1	1	0.577	1	0.0	1	0.6235	0.620764671106356	-0.4879808581028865
sldfzozvya0866f3mwvojl0g	1	2	126	2	0	Go	GAL	1	1	0.681	1	0.0	1	0.8263	0.8278676373059792	-0.19378067136258273
sldfzozvya0866f3mwvojl0g	1	2	132	3	0	Go	GAL	1	1	0.607	1	0.0	1	0.9233	0.9219241879795772	-0.08322814567678477
sldfzozvya0866f3mwvojl0g	1	2	136	4	0	Go	GAL	1	1	0.549	1	0.0	1	0.9588	0.9621822165309155	-0.0392559316480289
sldfzozvya0866f3mwvojl0g	1	2	138	5	0	Go	GAL	1	1	0.527	1	1.0	0	0.9798	0.980259101829841	-0.02019994167149554
sldfzozvya0866f3mwvojl0g	1	2	143	6	0	Go	GAL	1	1	0.543	1	0.0	1	0.9251	0.9262752713373524	-0.07769935663990031
sldfzozvya0866f3mwvojl0g	1	2	148	7	0	Go	GAL	1	1	0.49	1	0.0	1	0.9631	0.9652222332818137	-0.03582671267037481
sldfzozvya0866f3mwvojl0g	1	2	150	8	0	Go	GAL	1	1	0.464	1	1.0	0	0.9785	0.9820156706319138	-0.01831850929529194
sldfzozvya0866f3mwvojl0g	1	2	154	9	0	Go	GAL	1	1	0.471	1	0.0	1	0.9289	0.9283605547359243	-0.07545002120045825
sldfzozvya0866f3mwvojl0g	1	2	158	10	0	Go	GAL	1	1	0.477	1	0.0	1	0.9622	0.9669967216010309	-0.03390002084212591
sldfzozvya0866f3mwvojl0g	1	2	162	11	0	Go	GAL	1	1	0.436	1	0.0	1	0.9842	0.9831084370026628	-0.017168414993339844
sldfzozvya0866f3mwvojl0g	1	2	168	12	0	Go	GAL	1	1	0.452	1	0.0	1	0.9915	0.9905638745674247	-0.00953704709282431
sldfzozvya0866f3mwvojl0g	1	2	170	13	0	Go	GAL	1	1	0.465	1	1.0	0	0.9938	0.9943306460160509	-0.005711004033434671
sldfzozvya0866f3mwvojl0g	1	2	176	14	0	Go	GAL	1	1	0.488	1	0.0	1	0.9733	0.9733223565706312	-0.027333282132587653
sldfzozvya0866f3mwvojl0g	1	2	177	15	0	Go	GAL	1	1	0.56	1	0.0	1	0.9849	0.986455545798833	-0.013726522210878393
sldfzozvya0866f3mwvojl0g	1	2	183	16	0	Go	GAL	1	1	0.45	1	0.0	1	0.991	0.9923815155145658	-0.007684045989101804
sldfzozvya0866f3mwvojl0g	1	2	187	17	0	Go	GAL	1	1	0.447	1	0.0	1	0.9945	0.9953585773119159	-0.004669082847155565
sldfzozvya0866f3mwvojl0g	1	2	190	18	0	Go	GAL	1	1	0.397	1	0.0	1	0.9974	0.9969823089813348	-0.003030806792307761
sldfzozvya0866f3mwvojl0g	1	2	193	19	0	Go	GAL	1	1	0.447	1	0.0	1	0.9979	0.9979275889468928	-0.002079251988659402
sldfzozvya0866f3mwvojl0g	1	2	198	20	0	Go	GAL	1	1	0.372	1	1.0	0	0.999	0.9985080783749876	-0.001495794635996935
sldfzozvya0866f3mwvojl0g	1	2	203	21	0	Go	GAL	1	1	0.444	1	0.0	1	0.9922	0.9912683830664686	-0.008840426564233355
sldfzozvya0866f3mwvojl0g	1	2	205	22	0	Go	GAL	1	1	0.521	1	0.0	1	0.9943	0.9950219657221178	-0.005012752455512702
sldfzozvya0866f3mwvojl0g	1	2	210	23	0	Go	GAL	1	1	0.453	1	0.0	1	0.997	0.9968791198498776	-0.0031354684271839637
sldfzozvya0866f3mwvojl0g	1	2	213	24	0	Go	GAL	1	1	0.45	1	0.0	1	0.9976	0.9978997701450413	-0.0021074283156231046
sldfzozvya0866f3mwvojl0g	1	2	219	25	0	Go	GAL	1	1	0.458	1	1.0	0	0.9985	0.9985048408997967	-0.0014991356681012505
sldfzozvya0866f3mwvojl0g	1	2	224	26	0	Go	GAL	1	1	0.399	1	0.0	1	0.9909	0.9905957962004243	-0.009556944324622986
sldfzozvya0866f3mwvojl0g	1	2	226	27	0	Go	GAL	1	1	0.472	1	0.0	1	0.9956	0.9948363217745176	-0.005205369968447012
sldfzozvya0866f3mwvojl0g	1	2	229	28	0	Go	GAL	1	1	0.465	1	0.0	1	0.9972	0.9968320997747453	-0.0031840458416724417
sldfzozvya0866f3mwvojl0g	1	2	233	29	0	Go	GAL	1	1	0.442	1	1.0	0	0.9978	0.9978945647956103	-0.0021130567544250314
sldfzozvya0866f3mwvojl0g	1	2	239	30	0	Go	GAL	1	1	0.457	1	0.0	1	0.9847	0.9868308455632747	-0.013480727039537137
sldfzozvya0866f3mwvojl0g	1	2	124	1	1	No-Go	NGW	0	0		1	1.0	0	0.5181	0.4863187179619129	-0.7831754765718626
sldfzozvya0866f3mwvojl0g	1	2	127	2	1	No-Go	NGW	0	0		1	0.0	1	0.7487	0.25119392982669075	-1.6021792664291725
sldfzozvya0866f3mwvojl0g	1	2	129	3	1	No-Go	NGW	0	0		1	0.0	1	0.4728	0.5205688895613217	-0.7049816147624047
sldfzozvya0866f3mwvojl0g	1	2	134	4	1	No-Go	NGW	0	0		1	0.0	1	0.2419	0.7550527426888828	-0.2965095582682193
sldfzozvya0866f3mwvojl0g	1	2	139	5	1	No-Go	NGW	0	0		1	0.0	1	0.12	0.8825389488765135	-0.12991033478410374
sldfzozvya0866f3mwvojl0g	1	2	144	6	1	No-Go	NGW	0	0		1	0.0	1	0.0586	0.9418761458300138	-0.0615073869983019
sldfzozvya0866f3mwvojl0g	1	2	145	7	1	No-Go	NGW	0	0		1	0.0	1	0.0325	0.9694379841749391	-0.031603747311662884
sldfzozvya0866f3mwvojl0g	1	2	151	8	1	No-Go	NGW	0	0		1	0.0	1	0.0189	0.9828465659309391	-0.017514174523959734
sldfzozvya0866f3mwvojl0g	1	2	153	9	1	No-Go	NGW	0	0		1	1.0	0	0.0104	0.989753491792239	-0.010385767142819375
sldfzozvya0866f3mwvojl0g	1	2	160	10	1	No-Go	NGW	0	0		1	0.0	1	0.0481	0.9537265593949107	-0.04822008030657599
sldfzozvya0866f3mwvojl0g	1	2	163	11	1	No-Go	NGW	0	0		1	0.0	1	0.0231	0.9760415357740716	-0.0245211952382028
sldfzozvya0866f3mwvojl0g	1	2	166	12	1	No-Go	NGW	0	0		1	0.0	1	0.0152	0.9864855104805837	-0.013713146937718856
sldfzozvya0866f3mwvojl0g	1	2	172	13	1	No-Go	NGW	0	0		1	0.0	1	0.0069	0.9918016808787381	-0.008279137847746082
sldfzozvya0866f3mwvojl0g	1	2	173	14	1	No-Go	NGW	0	0		1	0.0	1	0.0051	0.9947068853797951	-0.005329995632612445
sldfzozvya0866f3mwvojl0g	1	2	178	15	1	No-Go	NGW	0	0		1	1.0	0	0.0038	0.9963921949843231	-0.0036263949497544043
sldfzozvya0866f3mwvojl0g	1	2	181	16	1	No-Go	NGW	0	0		1	0.0	1	0.0226	0.9792401608682849	-0.021357694938901134
sldfzozvya0866f3mwvojl0g	1	2	186	17	1	No-Go	NGW	0	0		1	0.0	1	0.0122	0.9886226862224725	-0.011545274801793112
sldfzozvya0866f3mwvojl0g	1	2	189	18	1	No-Go	NGW	0	0		1	1.0	0	0.0067	0.9931367056942793	-0.006926668812829156
sldfzozvya0866f3mwvojl0g	1	2	196	19	1	No-Go	NGW	0	0		1	0.0	1	0.0347	0.9607835559229412	-0.04186917532974874
sldfzozvya0866f3mwvojl0g	1	2	199	20	1	No-Go	NGW	0	0		1	0.0	1	0.0172	0.9807795375723967	-0.019731348250865123
sldfzozvya0866f3mwvojl0g	1	2	202	21	1	No-Go	NGW	0	0		1	0.0	1	0.0091	0.9893871363252765	-0.010763947908064952
sldfzozvya0866f3mwvojl0g	1	2	208	22	1	No-Go	NGW	0	0		1	0.0	1	0.0069	0.9935599588706872	-0.006497973732245813
sldfzozvya0866f3mwvojl0g	1	2	211	23	1	No-Go	NGW	0	0		1	1.0	0	0.0041	0.9957908845998028	-0.004235536637540258
sldfzozvya0866f3mwvojl0g	1	2	216	24	1	No-Go	NGW	0	0		1	0.0	1	0.0278	0.9739928185612798	-0.027206156028263293
sldfzozvya0866f3mwvojl0g	1	2	220	25	1	No-Go	NGW	0	0		1	0.0	1	0.0138	0.9866044422517014	-0.013667142434354556
sldfzozvya0866f3mwvojl0g	1	2	221	26	1	No-Go	NGW	0	0		1	0.0	1	0.0075	0.9922626261599562	-0.007826537222683207
sldfzozvya0866f3mwvojl0g	1	2	227	27	1	No-Go	NGW	0	0		1	1.0	0	0.0054	0.9951186732403196	-0.004918210544942802
sldfzozvya0866f3mwvojl0g	1	2	231	28	1	No-Go	NGW	0	0		1	0.0	1	0.0322	0.969766185156327	-0.031982271764379705
sldfzozvya0866f3mwvojl0g	1	2	235	29	1	No-Go	NGW	0	0		1	0.0	1	0.0162	0.9848946359679812	-0.01546572476900165
sldfzozvya0866f3mwvojl0g	1	2	237	30	1	No-Go	NGW	0	0		1	0.0	1	0.009	0.9914816545147367	-0.008629117161633533
sldfzozvya0866f3mwvojl0g	1	2	123	1	0	No-Go	NGAL	0	0		1	0.0	1	0.6172	0.379235328893644	-1.0002164748650313
sldfzozvya0866f3mwvojl0g	1	2	128	2	0	No-Go	NGAL	0	0		1	0.0	1	0.3487	0.6460171224401815	-0.4535199529928427
sldfzozvya0866f3mwvojl0g	1	2	131	3	0	No-Go	NGAL	0	0		1	1.0	0	0.1801	0.8197530009056205	-0.2071715335208241
sldfzozvya0866f3mwvojl0g	1	2	135	4	0	No-Go	NGAL	0	0		1	0.0	1	0.2291	0.7724553688366139	-0.2681772509842807
sldfzozvya0866f3mwvojl0g	1	2	137	5	0	No-Go	NGAL	0	0		1	0.0	1	0.1128	0.8866994401279371	-0.1240679595489648
sldfzozvya0866f3mwvojl0g	1	2	142	6	0	No-Go	NGAL	0	0		1	0.0	1	0.06	0.9411203270255084	-0.06220148542947067
sldfzozvya0866f3mwvojl0g	1	2	146	7	0	No-Go	NGAL	0	0		1	0.0	1	0.0327	0.9674327501904981	-0.03372979775557812
sldfzozvya0866f3mwvojl0g	1	2	149	8	0	No-Go	NGAL	0	0		1	0.0	1	0.0195	0.9808188720946986	-0.019634842684342575
sldfzozvya0866f3mwvojl0g	1	2	156	9	0	No-Go	NGAL	0	0		1	1.0	0	0.0114	0.9880215948695384	-0.01217373265141372
sldfzozvya0866f3mwvojl0g	1	2	157	10	0	No-Go	NGAL	0	0		1	0.0	1	0.0173	0.9831999962166683	-0.01713379026019751
sldfzozvya0866f3mwvojl0g	1	2	161	11	0	No-Go	NGAL	0	0		1	0.0	1	0.0128	0.9896086915612845	-0.010526875994810338
sldfzozvya0866f3mwvojl0g	1	2	167	12	0	No-Go	NGAL	0	0		1	0.0	1	0.006	0.9931443029545642	-0.00691958337396604
sldfzozvya0866f3mwvojl0g	1	2	171	13	0	No-Go	NGAL	0	0		1	0.0	1	0.0041	0.9952237193642038	-0.004809838818575228
sldfzozvya0866f3mwvojl0g	1	2	175	14	0	No-Go	NGAL	0	0		1	1.0	0	0.0037	0.9965121656540715	-0.003507136533539421
sldfzozvya0866f3mwvojl0g	1	2	179	15	0	No-Go	NGAL	0	0		1	0.0	1	0.0057	0.9946028216843699	-0.005447818301180083
sldfzozvya0866f3mwvojl0g	1	2	184	16	0	No-Go	NGAL	0	0		1	0.0	1	0.0035	0.9962595873723709	-0.003762798925844485
sldfzozvya0866f3mwvojl0g	1	2	188	17	0	No-Go	NGAL	0	0		1	1.0	0	0.0028	0.997238798184594	-0.002773767424449005
sldfzozvya0866f3mwvojl0g	1	2	192	18	0	No-Go	NGAL	0	0		1	0.0	1	0.0041	0.9950305050481225	-0.005058834772209261
sldfzozvya0866f3mwvojl0g	1	2	194	19	0	No-Go	NGAL	0	0		1	0.0	1	0.0031	0.9966995190675884	-0.003324972368729787
sldfzozvya0866f3mwvojl0g	1	2	197	20	0	No-Go	NGAL	0	0		1	0.0	1	0.0024	0.9975962173450417	-0.0024150553949633187
sldfzozvya0866f3mwvojl0g	1	2	201	21	0	No-Go	NGAL	0	0		1	0.0	1	0.0016	0.9981354183530584	-0.0018713639132035232
sldfzozvya0866f3mwvojl0g	1	2	206	22	0	No-Go	NGAL	0	0		1	1.0	0	0.0017	0.9984856626555413	-0.0015190554124801775
sldfzozvya0866f3mwvojl0g	1	2	209	23	0	No-Go	NGAL	0	0		1	0.0	1	0.0023	0.9972017832852432	-0.002828839963321787
sldfzozvya0866f3mwvojl0g	1	2	214	24	0	No-Go	NGAL	0	0		1	0.0	1	0.0016	0.9979943499260758	-0.0020163662373119578
sldfzozvya0866f3mwvojl0g	1	2	217	25	0	No-Go	NGAL	0	0		1	0.0	1	0.0014	0.9984388203434024	-0.0015669980045762404
sldfzozvya0866f3mwvojl0g	1	2	223	26	0	No-Go	NGAL	0	0		1	0.0	1	0.0016	0.998716649107837	-0.0012873023685510277
sldfzozvya0866f3mwvojl0g	1	2	225	27	0	No-Go	NGAL	0	0		1	1.0	0	0.0009	0.9989034582678298	-0.0010995681221152391
sldfzozvya0866f3mwvojl0g	1	2	230	28	0	No-Go	NGAL	0	0		1	0.0	1	0.002	0.997913557798637	-0.002106456808061082
sldfzozvya0866f3mwvojl0g	1	2	234	29	0	No-Go	NGAL	0	0		1	0.0	1	0.0017	0.9984532791895843	-0.0015542755275347805
sldfzozvya0866f3mwvojl0g	1	2	240	30	0	No-Go	NGAL	0	0		1	0.0	1	0.0014	0.9987569772996446	-0.00124738114855935
sm5nnykjuou0ucd6iydv21bx	1	2	123	1	0	Go	GAL	1	1	0.797	1	0.0	1	0.5917	0.5852875834255447	-0.5461721768273914
sm5nnykjuou0ucd6iydv21bx	1	2	125	2	0	Go	GAL	1	1	0.53	1	1.0	0	0.7304	0.7353223298043033	-0.31425873016196004
sm5nnykjuou0ucd6iydv21bx	1	2	132	3	0	Go	GAL	1	1	0.614	1	0.0	1	0.564	0.5690262071581709	-0.5751548955332222
sm5nnykjuou0ucd6iydv21bx	1	2	134	4	0	Go	GAL	1	1	0.581	1	0.0	1	0.7256	0.7243581112108944	-0.3289937329299191
sm5nnykjuou0ucd6iydv21bx	1	2	137	5	0	Go	GAL	1	1	0.583	1	0.0	1	0.8244	0.8279619682992141	-0.1930615154760155
sm5nnykjuou0ucd6iydv21bx	1	2	143	6	0	Go	GAL	1	1	0.409	1	0.0	1	0.8924	0.8917362372737653	-0.11707005252217767
sm5nnykjuou0ucd6iydv21bx	1	2	147	7	0	Go	GAL	1	1	0.492	1	1.0	0	0.9277	0.9303780051616602	-0.07352675409338615
sm5nnykjuou0ucd6iydv21bx	1	2	152	8	0	Go	GAL	1	1	0.43	1	0.0	1	0.8559	0.8530147139502718	-0.1613486103748167
sm5nnykjuou0ucd6iydv21bx	1	2	153	9	0	Go	GAL	1	1	0.572	1	0.0	1	0.9094	0.9084078010859201	-0.09748588227635552
sm5nnykjuou0ucd6iydv21bx	1	2	159	10	0	Go	GAL	1	1	0.643	1	0.0	1	0.9444	0.9411675898105528	-0.061456804995078475
sm5nnykjuou0ucd6iydv21bx	1	2	162	11	0	Go	GAL	1	1	0.779	1	0.0	1	0.9623	0.960987010354644	-0.040259400011489296
sm5nnykjuou0ucd6iydv21bx	1	2	167	12	0	Go	GAL	1	1	0.722	1	1.0	0	0.9725	0.9733167993775863	-0.027309169581105717
sm5nnykjuou0ucd6iydv21bx	1	2	171	13	0	Go	GAL	1	1	0.626	1	0.0	1	0.9366	0.9355966721496874	-0.0673262407626478
sm5nnykjuou0ucd6iydv21bx	1	2	175	14	0	Go	GAL	1	1	0.907	1	0.0	1	0.9593	0.9584340049453909	-0.042846488051150836
sm5nnykjuou0ucd6iydv21bx	1	2	180	15	0	Go	GAL	1	1	0.517	1	0.0	1	0.971	0.9720746873377099	-0.02854626721243218
sm5nnykjuou0ucd6iydv21bx	1	2	182	16	0	Go	GAL	1	1	0.575	1	0.0	1	0.981	0.9805633960819128	-0.01975995852528913
sm5nnykjuou0ucd6iydv21bx	1	2	186	17	0	Go	GAL	1	1	0.636	1	0.0	1	0.9871	0.9860374715370374	-0.01414097298622985
sm5nnykjuou0ucd6iydv21bx	1	2	190	18	0	Go	GAL	1	1	0.763	1	1.0	0	0.9894	0.9896784949878927	-0.010425148018889977
sm5nnykjuou0ucd6iydv21bx	1	2	193	19	0	Go	GAL	1	1	0.597	1	0.0	1	0.9736	0.9713718703449069	-0.02936125630027982
sm5nnykjuou0ucd6iydv21bx	1	2	199	20	0	Go	GAL	1	1	0.545	1	0.0	1	0.9782	0.9806288657621434	-0.01970281559910214
sm5nnykjuou0ucd6iydv21bx	1	2	203	21	0	Go	GAL	1	1	0.538	1	0.0	1	0.9855	0.986305842730563	-0.013866580493786492
sm5nnykjuou0ucd6iydv21bx	1	2	207	22	0	Go	GAL	1	1	0.619	1	0.0	1	0.989	0.9899641891937198	-0.010133613430121854
sm5nnykjuou0ucd6iydv21bx	1	2	210	23	0	Go	GAL	1	1	0.386	1	0.0	1	0.9925	0.9924151887253427	-0.007644031760814752
sm5nnykjuou0ucd6iydv21bx	1	2	214	24	0	Go	GAL	1	1	0.58	1	1.0	0	0.9928	0.9941101572032145	-0.005927700515799072
sm5nnykjuou0ucd6iydv21bx	1	2	217	25	0	Go	GAL	1	1	0.55	1	0.0	1	0.9811	0.9816988942974872	-0.018719123612803742
sm5nnykjuou0ucd6iydv21bx	1	2	223	26	0	Go	GAL	1	1	0.425	1	0.0	1	0.9849	0.9873582970292042	-0.012823687759993022
sm5nnykjuou0ucd6iydv21bx	1	2	227	27	0	Go	GAL	1	1	0.563	1	0.0	1	0.99	0.9908333095910552	-0.009261821795509852
sm5nnykjuou0ucd6iydv21bx	1	2	232	28	0	Go	GAL	1	1	0.557	1	0.0	1	0.9935	0.993094847673238	-0.006960671817934902
sm5nnykjuou0ucd6iydv21bx	1	2	233	29	0	Go	GAL	1	1	0.541	1	0.0	1	0.9945	0.9946322943420477	-0.005402715862510904
sm5nnykjuou0ucd6iydv21bx	1	2	238	30	0	Go	GAL	1	1	0.409	1	1.0	0	0.9956	0.9957137901794897	-0.004309661279083386
sm5nnykjuou0ucd6iydv21bx	1	2	121	1	0	No-Go	NGAL	0	0		1	0.0	1	0.5838	0.41471241657445534	-0.9009437658379198
sm5nnykjuou0ucd6iydv21bx	1	2	126	2	0	No-Go	NGAL	0	0		1	0.0	1	0.4146	0.5839363452748023	-0.5521575894012769
sm5nnykjuou0ucd6iydv21bx	1	2	130	3	0	No-Go	NGAL	0	0		1	0.0	1	0.2831	0.7196374025550305	-0.3396707410696776
sm5nnykjuou0ucd6iydv21bx	1	2	133	4	0	No-Go	NGAL	0	0		1	0.0	1	0.1869	0.8141686130672764	-0.2124341246225017
sm5nnykjuou0ucd6iydv21bx	1	2	139	5	0	No-Go	NGAL	0	0		1	1.0	0	0.1249	0.8762192818196903	-0.13615609725639988
sm5nnykjuou0ucd6iydv21bx	1	2	141	6	0	No-Go	NGAL	0	0		1	0.0	1	0.1425	0.8587279621325282	-0.15620706656533326
sm5nnykjuou0ucd6iydv21bx	1	2	148	7	0	No-Go	NGAL	0	0		1	0.0	1	0.09	0.9054986406984888	-0.10156094414176747
sm5nnykjuou0ucd6iydv21bx	1	2	150	8	0	No-Go	NGAL	0	0		1	0.0	1	0.0663	0.9354017821875606	-0.06809710207210187
sm5nnykjuou0ucd6iydv21bx	1	2	154	9	0	No-Go	NGAL	0	0		1	1.0	0	0.0465	0.9547576928118536	-0.04705859843090341
sm5nnykjuou0ucd6iydv21bx	1	2	160	10	0	No-Go	NGAL	0	0		1	0.0	1	0.0538	0.9467138516743163	-0.05561816326473643
sm5nnykjuou0ucd6iydv21bx	1	2	161	11	0	No-Go	NGAL	0	0		1	0.0	1	0.0374	0.9624090909795863	-0.038813165428917426
sm5nnykjuou0ucd6iydv21bx	1	2	166	12	0	No-Go	NGAL	0	0		1	0.0	1	0.0302	0.9727521959188743	-0.027923707632713766
sm5nnykjuou0ucd6iydv21bx	1	2	170	13	0	No-Go	NGAL	0	0		1	0.0	1	0.0196	0.9797287873370848	-0.0206641536788775
sm5nnykjuou0ucd6iydv21bx	1	2	176	14	0	No-Go	NGAL	0	0		1	1.0	0	0.013	0.9845410023103839	-0.01569868486841123
sm5nnykjuou0ucd6iydv21bx	1	2	177	15	0	No-Go	NGAL	0	0		1	0.0	1	0.0193	0.9811422420223244	-0.019198978881722915
sm5nnykjuou0ucd6iydv21bx	1	2	184	16	0	No-Go	NGAL	0	0		1	0.0	1	0.0139	0.9856252816818076	-0.014580899218485903
sm5nnykjuou0ucd6iydv21bx	1	2	187	17	0	No-Go	NGAL	0	0		1	0.0	1	0.0119	0.9887567230499217	-0.01137558661709614
sm5nnykjuou0ucd6iydv21bx	1	2	189	18	0	No-Go	NGAL	0	0		1	0.0	1	0.0101	0.9909961120389776	-0.009093436378280764
sm5nnykjuou0ucd6iydv21bx	1	2	196	19	0	No-Go	NGAL	0	0		1	0.0	1	0.0067	0.9926312204013662	-0.007432420508794014
sm5nnykjuou0ucd6iydv21bx	1	2	197	20	0	No-Go	NGAL	0	0		1	1.0	0	0.0058	0.9938475059895409	-0.006199813133050693
sm5nnykjuou0ucd6iydv21bx	1	2	201	21	0	No-Go	NGAL	0	0		1	0.0	1	0.0078	0.99218360623091	-0.00789619056097409
sm5nnykjuou0ucd6iydv21bx	1	2	205	22	0	No-Go	NGAL	0	0		1	0.0	1	0.0056	0.9935650931293251	-0.00649064400426322
sm5nnykjuou0ucd6iydv21bx	1	2	212	23	0	No-Go	NGAL	0	0		1	0.0	1	0.0051	0.9945830121316087	-0.005458546765442525
sm5nnykjuou0ucd6iydv21bx	1	2	215	24	0	No-Go	NGAL	0	0		1	1.0	0	0.0041	0.9953499946777563	-0.00468259115132799
sm5nnykjuou0ucd6iydv21bx	1	2	220	25	0	No-Go	NGAL	0	0		1	0.0	1	0.0057	0.9938744798062497	-0.006191540044485395
sm5nnykjuou0ucd6iydv21bx	1	2	221	26	0	No-Go	NGAL	0	0		1	1.0	0	0.0056	0.9948742320943605	-0.005171033041642679
sm5nnykjuou0ucd6iydv21bx	1	2	226	27	0	No-Go	NGAL	0	0		1	0.0	1	0.0085	0.9929928694022098	-0.007125533419339003
sm5nnykjuou0ucd6iydv21bx	1	2	230	28	0	No-Go	NGAL	0	0		1	0.0	1	0.0048	0.9943167630155824	-0.005750017372874706
sm5nnykjuou0ucd6iydv21bx	1	2	236	29	0	No-Go	NGAL	0	0		1	0.0	1	0.0054	0.9952375640710363	-0.004807100466593368
sm5nnykjuou0ucd6iydv21bx	1	2	240	30	0	No-Go	NGAL	0	0		1	0.0	1	0.0039	0.9959054354999988	-0.0041276746810960515
sm5nnykjuou0ucd6iydv21bx	1	2	124	1	1	No-Go	NGW	0	0		1	0.0	1	0.5666	0.44004506288580597	-0.8750697488039828
sm5nnykjuou0ucd6iydv21bx	1	2	128	2	1	No-Go	NGW	0	0		1	0.0	1	0.3953	0.6058245218876644	-0.5242261659119238
sm5nnykjuou0ucd6iydv21bx	1	2	131	3	1	No-Go	NGW	0	0		1	0.0	1	0.2721	0.7377151909969959	-0.31571766440939475
sm5nnykjuou0ucd6iydv21bx	1	2	136	4	1	No-Go	NGW	0	0		1	1.0	0	0.1777	0.8286568822300491	-0.1938458533802294
sm5nnykjuou0ucd6iydv21bx	1	2	138	5	1	No-Go	NGW	0	0		1	0.0	1	0.3234	0.6771266716446797	-0.4047904652912288
sm5nnykjuou0ucd6iydv21bx	1	2	144	6	1	No-Go	NGW	0	0		1	0.0	1	0.2153	0.7901700503536562	-0.24221470549866195
sm5nnykjuou0ucd6iydv21bx	1	2	146	7	1	No-Go	NGW	0	0		1	0.0	1	0.1318	0.8640988038845698	-0.1494600315163744
sm5nnykjuou0ucd6iydv21bx	1	2	149	8	1	No-Go	NGW	0	0		1	1.0	0	0.0866	0.9106239653892182	-0.09539136120259664
sm5nnykjuou0ucd6iydv21bx	1	2	155	9	1	No-Go	NGW	0	0		1	0.0	1	0.1939	0.8051060126758135	-0.2231902298561204
sm5nnykjuou0ucd6iydv21bx	1	2	158	10	1	No-Go	NGW	0	0		1	0.0	1	0.1211	0.8753546550610135	-0.13577213102832153
sm5nnykjuou0ucd6iydv21bx	1	2	163	11	1	No-Go	NGW	0	0		1	1.0	0	0.0808	0.9185772323208541	-0.08624292326267939
sm5nnykjuou0ucd6iydv21bx	1	2	165	12	1	No-Go	NGW	0	0		1	0.0	1	0.1853	0.8167185283653322	-0.21045869487763502
sm5nnykjuou0ucd6iydv21bx	1	2	172	13	1	No-Go	NGW	0	0		1	0.0	1	0.1135	0.8837247873853321	-0.12626480273698168
sm5nnykjuou0ucd6iydv21bx	1	2	173	14	1	No-Go	NGW	0	0		1	0.0	1	0.0762	0.9244103857346933	-0.07978053207713619
sm5nnykjuou0ucd6iydv21bx	1	2	178	15	1	No-Go	NGW	0	0		1	0.0	1	0.0485	0.949264382427864	-0.05267620322494751
sm5nnykjuou0ucd6iydv21bx	1	2	183	16	1	No-Go	NGW	0	0		1	0.0	1	0.0372	0.9648237532437597	-0.036148268500245946
sm5nnykjuou0ucd6iydv21bx	1	2	188	17	1	No-Go	NGW	0	0		1	0.0	1	0.0243	0.974844063077552	-0.025676646486625723
sm5nnykjuou0ucd6iydv21bx	1	2	192	18	1	No-Go	NGW	0	0		1	0.0	1	0.0185	0.9814790600099034	-0.018817253411938885
sm5nnykjuou0ucd6iydv21bx	1	2	194	19	1	No-Go	NGW	0	0		1	0.0	1	0.0152	0.9859883379192749	-0.014190013659821957
sm5nnykjuou0ucd6iydv21bx	1	2	198	20	1	No-Go	NGW	0	0		1	1.0	0	0.0107	0.9891273337583601	-0.010985874092790547
sm5nnykjuou0ucd6iydv21bx	1	2	202	21	1	No-Go	NGW	0	0		1	1.0	0	0.0355	0.9662434354402202	-0.035110880224725534
sm5nnykjuou0ucd6iydv21bx	1	2	208	22	1	No-Go	NGW	0	0		1	0.0	1	0.0908	0.9073534996328119	-0.10854190807849441
sm5nnykjuou0ucd6iydv21bx	1	2	211	23	1	No-Go	NGW	0	0		1	0.0	1	0.0567	0.9416580404029273	-0.06281779358307053
sm5nnykjuou0ucd6iydv21bx	1	2	213	24	1	No-Go	NGW	0	0		1	0.0	1	0.0376	0.9616556616834377	-0.039995362325234006
sm5nnykjuou0ucd6iydv21bx	1	2	219	25	1	No-Go	NGW	0	0		1	0.0	1	0.0251	0.9735781291845865	-0.02716397485696013
sm5nnykjuou0ucd6iydv21bx	1	2	224	26	1	No-Go	NGW	0	0		1	0.0	1	0.0175	0.9810140513175888	-0.019367917894815265
sm5nnykjuou0ucd6iydv21bx	1	2	228	27	1	No-Go	NGW	0	0		1	0.0	1	0.0144	0.98585558066773	-0.014361547810168724
sm5nnykjuou0ucd6iydv21bx	1	2	229	28	1	No-Go	NGW	0	0		1	0.0	1	0.0095	0.9891263184049565	-0.011007132684044489
sm5nnykjuou0ucd6iydv21bx	1	2	235	29	1	No-Go	NGW	0	0		1	0.0	1	0.0084	0.9914060502211222	-0.008681464382803044
sm5nnykjuou0ucd6iydv21bx	1	2	239	30	1	No-Go	NGW	0	0		1	1.0	0	0.0056	0.9930380520141403	-0.007022630843690978
sm5nnykjuou0ucd6iydv21bx	1	2	122	1	1	Go	GW	1	1	0.921	1	0.0	1	0.5642	0.5599549371141941	-0.6146983024006392
sm5nnykjuou0ucd6iydv21bx	1	2	127	2	1	Go	GW	1	1	0.612	1	0.0	1	0.9214	0.922564316769996	-0.08553026726366932
sm5nnykjuou0ucd6iydv21bx	1	2	129	3	1	Go	GW	1	1	0.513	1	1.0	0	0.977	0.9778598321539028	-0.023212357067511367
sm5nnykjuou0ucd6iydv21bx	1	2	135	4	1	Go	GW	1	1	0.481	1	0.0	1	0.9476	0.9469885432474341	-0.05762317409025417
sm5nnykjuou0ucd6iydv21bx	1	2	140	5	1	Go	GW	1	1	0.474	1	0.0	1	0.9829	0.9832226024231888	-0.017497695963332442
sm5nnykjuou0ucd6iydv21bx	1	2	142	6	1	Go	GW	1	1	0.498	1	0.0	1	0.9928	0.9928193797639701	-0.00734823046199158
sm5nnykjuou0ucd6iydv21bx	1	2	145	7	1	Go	GW	1	1	0.445	1	0.0	1	0.9968	0.9962075291176711	-0.003843344339059613
sm5nnykjuou0ucd6iydv21bx	1	2	151	8	1	Go	GW	1	1	0.458	1	0.0	1	0.9971	0.9976342138514327	-0.0023853951017645957
sm5nnykjuou0ucd6iydv21bx	1	2	156	9	1	Go	GW	1	1	0.418	1	1.0	0	0.9992	0.9983140006348296	-0.001695665446754886
sm5nnykjuou0ucd6iydv21bx	1	2	157	10	1	Go	GW	1	1	0.562	1	0.0	1	0.9953	0.99355912776602	-0.006585964868401753
sm5nnykjuou0ucd6iydv21bx	1	2	164	11	1	Go	GW	1	1	0.527	1	0.0	1	0.9974	0.9969763071811245	-0.0030510034961001224
sm5nnykjuou0ucd6iydv21bx	1	2	168	12	1	Go	GW	1	1	0.639	1	0.0	1	0.9984	0.9980695189266233	-0.0019421419741187515
sm5nnykjuou0ucd6iydv21bx	1	2	169	13	1	Go	GW	1	1	0.664	1	1.0	0	0.9982	0.9985599690182376	-0.0014468827342870312
sm5nnykjuou0ucd6iydv21bx	1	2	174	14	1	Go	GW	1	1	0.684	1	0.0	1	0.9947	0.9939646058627817	-0.00618638025482337
sm5nnykjuou0ucd6iydv21bx	1	2	179	15	1	Go	GW	1	1	0.613	1	0.0	1	0.998	0.9972686242723965	-0.0027549381815782916
sm5nnykjuou0ucd6iydv21bx	1	2	181	16	1	Go	GW	1	1	0.544	1	0.0	1	0.9979	0.9982394829797526	-0.0017705381983600442
sm5nnykjuou0ucd6iydv21bx	1	2	185	17	1	Go	GW	1	1	0.462	1	0.0	1	0.9985	0.9986605645496267	-0.0013455986048050014
sm5nnykjuou0ucd6iydv21bx	1	2	191	18	1	Go	GW	1	1	0.452	1	0.0	1	0.9993	0.9988763104661897	-0.0011283501072099644
sm5nnykjuou0ucd6iydv21bx	1	2	195	19	1	Go	GW	1	1	0.364	1	1.0	0	0.9991	0.9989981617958896	-0.0010058113787982709
sm5nnykjuou0ucd6iydv21bx	1	2	200	20	1	Go	GW	1	1	0.405	1	0.0	1	0.997	0.9953921444918822	-0.004719603032851449
sm5nnykjuou0ucd6iydv21bx	1	2	204	21	1	Go	GW	1	1	0.411	1	0.0	1	0.9983	0.9978419096679656	-0.0021748724514225114
sm5nnykjuou0ucd6iydv21bx	1	2	206	22	1	Go	GW	1	1	0.385	1	1.0	0	0.9976	0.9985308335465026	-0.0014768948899959006
sm5nnykjuou0ucd6iydv21bx	1	2	209	23	1	Go	GW	1	1	0.489	1	0.0	1	0.9928	0.9935379117964851	-0.006659302560493646
sm5nnykjuou0ucd6iydv21bx	1	2	216	24	1	Go	GW	1	1	0.428	1	0.0	1	0.9962	0.9972929135747005	-0.0027321976474327073
sm5nnykjuou0ucd6iydv21bx	1	2	218	25	1	Go	GW	1	1	0.434	1	0.0	1	0.9988	0.9982935761701699	-0.0017163637598716836
sm5nnykjuou0ucd6iydv21bx	1	2	222	26	1	Go	GW	1	1	0.45	1	1.0	0	0.9994	0.9987042874552841	-0.0013017545669253203
sm5nnykjuou0ucd6iydv21bx	1	2	225	27	1	Go	GW	1	1	0.359	1	0.0	1	0.9941	0.994243246734809	-0.005910668363274665
sm5nnykjuou0ucd6iydv21bx	1	2	231	28	1	Go	GW	1	1	0.506	1	0.0	1	0.9977	0.9974647112435301	-0.002557464145253568
sm5nnykjuou0ucd6iydv21bx	1	2	234	29	1	Go	GW	1	1	0.428	1	0.0	1	0.9981	0.9983616983403636	-0.0016475812617390783
sm5nnykjuou0ucd6iydv21bx	1	2	237	30	1	Go	GW	1	1	0.771	1	0.0	1	0.9983	0.9987378179237391	-0.0012679933968489422
sm5nnykjuou0ucd6iydv21bx	1	1	1	1	0	No-Go	NGAL	0	0		1	0.0	1	0.5805	0.41471241657445534	-0.9009437658379198
sm5nnykjuou0ucd6iydv21bx	1	1	5	2	0	No-Go	NGAL	0	0		1	0.0	1	0.4157	0.5839363452748023	-0.5521575894012769
sm5nnykjuou0ucd6iydv21bx	1	1	9	3	0	No-Go	NGAL	0	0		1	0.0	1	0.2861	0.7196374025550305	-0.3396707410696776
sm5nnykjuou0ucd6iydv21bx	1	1	16	4	0	No-Go	NGAL	0	0		1	0.0	1	0.1841	0.8141686130672764	-0.2124341246225017
sm5nnykjuou0ucd6iydv21bx	1	1	18	5	0	No-Go	NGAL	0	0		1	1.0	0	0.125	0.8762192818196903	-0.13615609725639988
sm5nnykjuou0ucd6iydv21bx	1	1	23	6	0	No-Go	NGAL	0	1	0.864	0	0.0	0	0.1359	0.1412720378674718	-2.1142948046655614
sm5nnykjuou0ucd6iydv21bx	1	1	25	7	0	No-Go	NGAL	0	0		1	0.0	1	0.0814	0.9189269735642256	-0.08675699828979866
sm5nnykjuou0ucd6iydv21bx	1	1	32	8	0	No-Go	NGAL	0	0		1	0.0	1	0.0488	0.946458953313742	-0.056236757746449234
sm5nnykjuou0ucd6iydv21bx	1	1	36	9	0	No-Go	NGAL	0	0		1	1.0	0	0.0361	0.963674597199172	-0.03766557625739646
sm5nnykjuou0ucd6iydv21bx	1	1	37	10	0	No-Go	NGAL	0	1	0.986	0	0.0	0	0.0415	0.04219720392207828	-3.57716920798091
sm5nnykjuou0ucd6iydv21bx	1	1	41	11	0	No-Go	NGAL	0	0		1	0.0	1	0.0247	0.9751705378750705	-0.025507109994185838
sm5nnykjuou0ucd6iydv21bx	1	1	48	12	0	No-Go	NGAL	0	0		1	0.0	1	0.0179	0.982985495816724	-0.017360004535969302
sm5nnykjuou0ucd6iydv21bx	1	1	51	13	0	No-Go	NGAL	0	0		1	0.0	1	0.0138	0.9879991714621156	-0.012185453957766651
sm5nnykjuou0ucd6iydv21bx	1	1	55	14	0	No-Go	NGAL	0	0		1	1.0	0	0.0076	0.9913059675595416	-0.008797052985092505
sm5nnykjuou0ucd6iydv21bx	1	1	60	15	0	No-Go	NGAL	0	1	1.199	0	0.0	0	0.0103	0.010247813495422116	-5.286162207653741
sm5nnykjuou0ucd6iydv21bx	1	1	63	16	0	No-Go	NGAL	0	0		1	0.0	1	0.0077	0.9937143330926054	-0.006342984959880409
sm5nnykjuou0ucd6iydv21bx	1	1	67	17	0	No-Go	NGAL	0	0		1	0.0	1	0.0051	0.9954098083184656	-0.004622731478853358
sm5nnykjuou0ucd6iydv21bx	1	1	69	18	0	No-Go	NGAL	0	0		1	0.0	1	0.0028	0.9965606732582011	-0.003458610562082384
sm5nnykjuou0ucd6iydv21bx	1	1	73	19	0	No-Go	NGAL	0	0		1	0.0	1	0.0032	0.9973615923694158	-0.002650298611954887
sm5nnykjuou0ucd6iydv21bx	1	1	78	20	0	No-Go	NGAL	0	0		1	1.0	0	0.0018	0.9979314161463646	-0.0020761975621629183
sm5nnykjuou0ucd6iydv21bx	1	1	83	21	0	No-Go	NGAL	0	0		1	0.0	1	0.0029	0.9975224526220667	-0.0024874757242449013
sm5nnykjuou0ucd6iydv21bx	1	1	87	22	0	No-Go	NGAL	0	0		1	0.0	1	0.0024	0.9980588992081534	-0.0019474645788267288
sm5nnykjuou0ucd6iydv21bx	1	1	89	23	0	No-Go	NGAL	0	0		1	0.0	1	0.002	0.9984451236773871	-0.0015591323519171057
sm5nnykjuou0ucd6iydv21bx	1	1	93	24	0	No-Go	NGAL	0	0		1	1.0	0	0.001	0.9987291828238071	-0.0012737767614119143
sm5nnykjuou0ucd6iydv21bx	1	1	98	25	0	No-Go	NGAL	0	0		1	0.0	1	0.002	0.9984377997680466	-0.0015664190910245962
sm5nnykjuou0ucd6iydv21bx	1	1	102	26	0	No-Go	NGAL	0	0		1	1.0	0	0.0023	0.9987335728521535	-0.0012692992675986663
sm5nnykjuou0ucd6iydv21bx	1	1	106	27	0	No-Go	NGAL	0	0		1	0.0	1	0.0017	0.9983952092288959	-0.0016095783772068157
sm5nnykjuou0ucd6iydv21bx	1	1	111	28	0	No-Go	NGAL	0	0		1	0.0	1	0.0015	0.9987170661569402	-0.001285987724901584
sm5nnykjuou0ucd6iydv21bx	1	1	116	29	0	No-Go	NGAL	0	0		1	0.0	1	0.0009	0.9989468492101569	-0.0010552576964193371
sm5nnykjuou0ucd6iydv21bx	1	1	120	30	0	No-Go	NGAL	0	0		1	0.0	1	0.0003	0.999116166277038	-0.0008853714407327132
sm5nnykjuou0ucd6iydv21bx	1	1	3	1	1	No-Go	NGW	0	1	0.882	0	0.0	0	0.5629	0.5599549371141941	-0.6146983024006392
sm5nnykjuou0ucd6iydv21bx	1	1	6	2	1	No-Go	NGW	0	0		1	0.0	1	0.3931	0.6058245218876644	-0.5242261659119238
sm5nnykjuou0ucd6iydv21bx	1	1	10	3	1	No-Go	NGW	0	0		1	0.0	1	0.2548	0.7493939974752117	-0.2999326985555977
sm5nnykjuou0ucd6iydv21bx	1	1	13	4	1	No-Go	NGW	0	0		1	1.0	0	0.1587	0.8435952350891652	-0.17588412581210316
sm5nnykjuou0ucd6iydv21bx	1	1	17	5	1	No-Go	NGW	0	1	0.731	0	0.0	0	0.2879	0.28596842111621296	-1.3289194365858847
sm5nnykjuou0ucd6iydv21bx	1	1	21	6	1	No-Go	NGW	0	0		1	0.0	1	0.1816	0.8200160938233155	-0.20438196207019632
sm5nnykjuou0ucd6iydv21bx	1	1	28	7	1	No-Go	NGW	0	0		1	0.0	1	0.111	0.8929953460337009	-0.11615199418217238
sm5nnykjuou0ucd6iydv21bx	1	1	29	8	1	No-Go	NGW	0	0		1	1.0	0	0.0669	0.9346747255510045	-0.06902040558101256
sm5nnykjuou0ucd6iydv21bx	1	1	34	9	1	No-Go	NGW	0	1	1.184	0	0.0	0	0.1309	0.13177690440221304	-2.1732110031157186
sm5nnykjuou0ucd6iydv21bx	1	1	39	10	1	No-Go	NGW	0	0		1	0.0	1	0.0799	0.9185015413615345	-0.08663362762840711
sm5nnykjuou0ucd6iydv21bx	1	1	43	11	1	No-Go	NGW	0	0		1	1.0	0	0.0446	0.9519623877408271	-0.05002630278886111
sm5nnykjuou0ucd6iydv21bx	1	1	45	12	1	No-Go	NGW	0	1	1.398	0	0.0	0	0.0944	0.09718401064071991	-2.497492427059759
sm5nnykjuou0ucd6iydv21bx	1	1	52	13	1	No-Go	NGW	0	0		1	0.0	1	0.061	0.9380884406756189	-0.06485418668635609
sm5nnykjuou0ucd6iydv21bx	1	1	53	14	1	No-Go	NGW	0	0		1	0.0	1	0.0325	0.9645291225420417	-0.036566493303087796
sm5nnykjuou0ucd6iydv21bx	1	1	58	15	1	No-Go	NGW	0	0		1	0.0	1	0.023	0.9785804780072682	-0.02187278088694437
sm5nnykjuou0ucd6iydv21bx	1	1	64	16	1	No-Go	NGW	0	0		1	0.0	1	0.0136	0.9864809648326951	-0.013721302613188725
sm5nnykjuou0ucd6iydv21bx	1	1	65	17	1	No-Go	NGW	0	0		1	0.0	1	0.0085	0.9911349496698811	-0.008961091961332681
sm5nnykjuou0ucd6iydv21bx	1	1	72	18	1	No-Go	NGW	0	0		1	0.0	1	0.004	0.9939869105148662	-0.006061216069881254
sm5nnykjuou0ucd6iydv21bx	1	1	76	19	1	No-Go	NGW	0	0		1	0.0	1	0.0044	0.9957953978361038	-0.004229910398648017
sm5nnykjuou0ucd6iydv21bx	1	1	79	20	1	No-Go	NGW	0	0		1	1.0	0	0.0026	0.9969772574170324	-0.003036652191857316
sm5nnykjuou0ucd6iydv21bx	1	1	84	21	1	No-Go	NGW	0	0		1	1.0	0	0.0062	0.9926706343443515	-0.0073865370441734916
sm5nnykjuou0ucd6iydv21bx	1	1	88	22	1	No-Go	NGW	0	0		1	0.0	1	0.0167	0.9824180881941331	-0.01786276236224443
sm5nnykjuou0ucd6iydv21bx	1	1	92	23	1	No-Go	NGW	0	0		1	0.0	1	0.0113	0.9892885670720519	-0.010820909659633745
sm5nnykjuou0ucd6iydv21bx	1	1	96	24	1	No-Go	NGW	0	0		1	0.0	1	0.0072	0.9930621185233413	-0.0069883090340262235
sm5nnykjuou0ucd6iydv21bx	1	1	99	25	1	No-Go	NGW	0	0		1	0.0	1	0.0052	0.995295680227766	-0.004729770467540889
sm5nnykjuou0ucd6iydv21bx	1	1	103	26	1	No-Go	NGW	0	0		1	0.0	1	0.0034	0.9966893411190407	-0.0033243743313928257
sm5nnykjuou0ucd6iydv21bx	1	1	105	27	1	No-Go	NGW	0	0		1	0.0	1	0.0018	0.9975950695234107	-0.0024127273424251958
sm5nnykjuou0ucd6iydv21bx	1	1	109	28	1	No-Go	NGW	0	0		1	0.0	1	0.002	0.9982035901762031	-0.0018010532341658134
sm5nnykjuou0ucd6iydv21bx	1	1	115	29	1	No-Go	NGW	0	0		1	0.0	1	0.0013	0.9986240949271176	-0.001378789544430159
sm5nnykjuou0ucd6iydv21bx	1	1	118	30	1	No-Go	NGW	0	0		1	1.0	0	0.0011	0.9989218495011912	-0.0010800139435988756
sm5nnykjuou0ucd6iydv21bx	1	1	2	1	0	Go	GAL	1	0		0	0.0	0	0.5847	0.41471241657445534	-0.9009437658379198
sm5nnykjuou0ucd6iydv21bx	1	1	8	2	0	Go	GAL	1	0		0	1.0	1	0.6191	0.38249640928245765	-0.9841688716125483
sm5nnykjuou0ucd6iydv21bx	1	1	11	3	0	Go	GAL	1	0		0	0.0	0	0.4402	0.5547401389799689	-0.6020634849640439
sm5nnykjuou0ucd6iydv21bx	1	1	15	4	0	Go	GAL	1	1	0.641	1	0.0	1	0.4781	0.48099855179259254	-0.750734192279415
sm5nnykjuou0ucd6iydv21bx	1	1	20	5	0	Go	GAL	1	0		0	0.0	0	0.6457	0.3530212251480978	-1.0788637016956408
sm5nnykjuou0ucd6iydv21bx	1	1	24	6	0	Go	GAL	1	1	0.797	1	0.0	1	0.6797	0.6758393931390246	-0.40442916904605836
sm5nnykjuou0ucd6iydv21bx	1	1	26	7	0	Go	GAL	1	1	1.247	1	1.0	0	0.7851	0.7907766670220707	-0.24235940392425503
sm5nnykjuou0ucd6iydv21bx	1	1	31	8	0	Go	GAL	1	0		0	0.0	0	0.6389	0.3660479215891703	-1.0545832782812794
sm5nnykjuou0ucd6iydv21bx	1	1	35	9	0	Go	GAL	1	1	0.87	1	0.0	1	0.649	0.6619520427935204	-0.4290918814730568
sm5nnykjuou0ucd6iydv21bx	1	1	40	10	0	Go	GAL	1	1	0.96	1	0.0	1	0.7888	0.7837496395690167	-0.2524695708393196
sm5nnykjuou0ucd6iydv21bx	1	1	44	11	0	Go	GAL	1	1	1.238	1	0.0	1	0.8623	0.8621820107073771	-0.15308971343004285
sm5nnykjuou0ucd6iydv21bx	1	1	46	12	0	Go	GAL	1	1	1.057	1	1.0	0	0.9098	0.9107955995164986	-0.09600807943855942
sm5nnykjuou0ucd6iydv21bx	1	1	50	13	0	Go	GAL	1	0		0	0.0	0	0.8121	0.18280496940727564	-1.8613808293147431
sm5nnykjuou0ucd6iydv21bx	1	1	56	14	0	Go	GAL	1	0		0	0.0	0	0.8308	0.16782910166473106	-2.0256528819239503
sm5nnykjuou0ucd6iydv21bx	1	1	59	15	0	Go	GAL	1	1	0.979	1	0.0	1	0.8461	0.8450097637601424	-0.175431279327248
sm5nnykjuou0ucd6iydv21bx	1	1	61	16	0	Go	GAL	1	1	1.003	1	0.0	1	0.903	0.9022416155975769	-0.10629439332289967
sm5nnykjuou0ucd6iydv21bx	1	1	68	17	0	Go	GAL	1	1	0.776	1	0.0	1	0.9394	0.9367000363927418	-0.06713857391632728
sm5nnykjuou0ucd6iydv21bx	1	1	71	18	0	Go	GAL	1	1	0.608	1	1.0	0	0.9597	0.9577977687498181	-0.04403715060000993
sm5nnykjuou0ucd6iydv21bx	1	1	75	19	0	Go	GAL	1	1	0.594	1	0.0	1	0.9078	0.9056779068807184	-0.10206442821560377
sm5nnykjuou0ucd6iydv21bx	1	1	77	20	0	Go	GAL	1	1	0.732	1	0.0	1	0.9403	0.9397503282666355	-0.06356937019445832
sm5nnykjuou0ucd6iydv21bx	1	1	82	21	0	Go	GAL	1	1	0.555	1	0.0	1	0.9623	0.9601217085475683	-0.04143745336763099
sm5nnykjuou0ucd6iydv21bx	1	1	86	22	0	Go	GAL	1	1	0.659	1	0.0	1	0.9743	0.9727078439591929	-0.02807626352172578
sm5nnykjuou0ucd6iydv21bx	1	1	91	23	0	Go	GAL	1	1	0.4	1	0.0	1	0.9809	0.9807371184109823	-0.019680401451087404
sm5nnykjuou0ucd6iydv21bx	1	1	94	24	0	Go	GAL	1	1	0.584	1	1.0	0	0.9868	0.9860125393134814	-0.014221349062973768
sm5nnykjuou0ucd6iydv21bx	1	1	97	25	0	Go	GAL	1	1	0.567	1	0.0	1	0.9645	0.9639219643315462	-0.037410035158157155
sm5nnykjuou0ucd6iydv21bx	1	1	104	26	0	Go	GAL	1	1	0.634	1	0.0	1	0.9745	0.975631605244077	-0.024995519416305827
sm5nnykjuou0ucd6iydv21bx	1	1	108	27	0	Go	GAL	1	1	0.571	1	0.0	1	0.9835	0.9828769429413929	-0.017450107008015144
sm5nnykjuou0ucd6iydv21bx	1	1	112	28	0	Go	GAL	1	1	0.46	1	0.0	1	0.9879	0.9875559367535279	-0.012627418015893932
sm5nnykjuou0ucd6iydv21bx	1	1	114	29	0	Go	GAL	1	1	0.451	1	0.0	1	0.9913	0.9906857159069746	-0.009423241270623637
sm5nnykjuou0ucd6iydv21bx	1	1	117	30	0	Go	GAL	1	1	0.669	1	1.0	0	0.9931	0.9928421550284973	-0.007225941869143526
sm5nnykjuou0ucd6iydv21bx	1	1	4	1	1	Go	GW	1	1	0.709	1	0.0	1	0.5672	0.5599549371141941	-0.6146983024006392
sm5nnykjuou0ucd6iydv21bx	1	1	7	2	1	Go	GW	1	1	0.582	1	0.0	1	0.921	0.922564316769996	-0.08553026726366932
sm5nnykjuou0ucd6iydv21bx	1	1	12	3	1	Go	GW	1	1	0.981	1	1.0	0	0.9775	0.9778598321539028	-0.023212357067511367
sm5nnykjuou0ucd6iydv21bx	1	1	14	4	1	Go	GW	1	1	0.667	1	0.0	1	0.9463	0.9469885432474341	-0.05762317409025417
sm5nnykjuou0ucd6iydv21bx	1	1	19	5	1	Go	GW	1	1	0.537	1	0.0	1	0.9828	0.9832226024231888	-0.017497695963332442
sm5nnykjuou0ucd6iydv21bx	1	1	22	6	1	Go	GW	1	1	0.545	1	0.0	1	0.9929	0.9928193797639701	-0.00734823046199158
sm5nnykjuou0ucd6iydv21bx	1	1	27	7	1	Go	GW	1	1	0.662	1	0.0	1	0.9963	0.9962075291176711	-0.003843344339059613
sm5nnykjuou0ucd6iydv21bx	1	1	30	8	1	Go	GW	1	1	0.504	1	0.0	1	0.9977	0.9976342138514327	-0.0023853951017645957
sm5nnykjuou0ucd6iydv21bx	1	1	33	9	1	Go	GW	1	1	0.595	1	1.0	0	0.9988	0.9983140006348296	-0.001695665446754886
sm5nnykjuou0ucd6iydv21bx	1	1	38	10	1	Go	GW	1	1	0.584	1	0.0	1	0.9944	0.99355912776602	-0.006585964868401753
sm5nnykjuou0ucd6iydv21bx	1	1	42	11	1	Go	GW	1	1	0.507	1	0.0	1	0.9975	0.9969763071811245	-0.0030510034961001224
sm5nnykjuou0ucd6iydv21bx	1	1	47	12	1	Go	GW	1	1	0.655	1	0.0	1	0.9977	0.9980695189266233	-0.0019421419741187515
sm5nnykjuou0ucd6iydv21bx	1	1	49	13	1	Go	GW	1	1	0.533	1	1.0	0	0.9985	0.9985599690182376	-0.0014468827342870312
sm5nnykjuou0ucd6iydv21bx	1	1	54	14	1	Go	GW	1	1	0.521	1	0.0	1	0.9922	0.9939646058627817	-0.00618638025482337
sm5nnykjuou0ucd6iydv21bx	1	1	57	15	1	Go	GW	1	1	0.533	1	0.0	1	0.9971	0.9972686242723965	-0.0027549381815782916
sm5nnykjuou0ucd6iydv21bx	1	1	62	16	1	Go	GW	1	1	0.562	1	0.0	1	0.9979	0.9982394829797526	-0.0017705381983600442
sm5nnykjuou0ucd6iydv21bx	1	1	66	17	1	Go	GW	1	1	0.605	1	0.0	1	0.999	0.9986605645496267	-0.0013455986048050014
sm5nnykjuou0ucd6iydv21bx	1	1	70	18	1	Go	GW	1	1	0.477	1	0.0	1	0.9987	0.9988763104661897	-0.0011283501072099644
sm5nnykjuou0ucd6iydv21bx	1	1	74	19	1	Go	GW	1	1	0.513	1	1.0	0	0.9992	0.9989981617958896	-0.0010058113787982709
sm5nnykjuou0ucd6iydv21bx	1	1	80	20	1	Go	GW	1	1	0.484	1	0.0	1	0.9946	0.9953921444918822	-0.004719603032851449
sm5nnykjuou0ucd6iydv21bx	1	1	81	21	1	Go	GW	1	1	0.545	1	0.0	1	0.9977	0.9978419096679656	-0.0021748724514225114
sm5nnykjuou0ucd6iydv21bx	1	1	85	22	1	Go	GW	1	1	0.595	1	1.0	0	0.9986	0.9985308335465026	-0.0014768948899959006
sm5nnykjuou0ucd6iydv21bx	1	1	90	23	1	Go	GW	1	1	0.471	1	0.0	1	0.9947	0.9935379117964851	-0.006659302560493646
sm5nnykjuou0ucd6iydv21bx	1	1	95	24	1	Go	GW	1	1	0.442	1	0.0	1	0.9978	0.9972929135747005	-0.0027321976474327073
sm5nnykjuou0ucd6iydv21bx	1	1	100	25	1	Go	GW	1	1	0.536	1	0.0	1	0.9979	0.9982935761701699	-0.0017163637598716836
sm5nnykjuou0ucd6iydv21bx	1	1	101	26	1	Go	GW	1	1	0.567	1	1.0	0	0.9988	0.9987042874552841	-0.0013017545669253203
sm5nnykjuou0ucd6iydv21bx	1	1	107	27	1	Go	GW	1	1	0.469	1	0.0	1	0.9936	0.994243246734809	-0.005910668363274665
sm5nnykjuou0ucd6iydv21bx	1	1	110	28	1	Go	GW	1	1	0.456	1	0.0	1	0.9977	0.9974647112435301	-0.002557464145253568
sm5nnykjuou0ucd6iydv21bx	1	1	113	29	1	Go	GW	1	1	0.439	1	0.0	1	0.9986	0.9983616983403636	-0.0016475812617390783
sm5nnykjuou0ucd6iydv21bx	1	1	119	30	1	Go	GW	1	1	0.482	1	0.0	1	0.9985	0.9987378179237391	-0.0012679933968489422
sr0xjnvm85vs64bpp2vniu0u	1	2	123	1	1	No-Go	NGW	0	0		1	0.0	1	0.3548	0.64998637421106	-0.44511237637857826
sr0xjnvm85vs64bpp2vniu0u	1	2	125	2	1	No-Go	NGW	0	0		1	1.0	0	0.2668	0.7347087237986528	-0.31773966264099107
sr0xjnvm85vs64bpp2vniu0u	1	2	131	3	1	No-Go	NGW	0	0		1	0.0	1	0.3677	0.6396306696889694	-0.4626032584138276
sr0xjnvm85vs64bpp2vniu0u	1	2	136	4	1	No-Go	NGW	0	0		1	0.0	1	0.2707	0.7274706539601591	-0.3276550330414473
sr0xjnvm85vs64bpp2vniu0u	1	2	139	5	1	No-Go	NGW	0	1	1.196	0	0.0	0	0.2073	0.20788241979281652	-1.6736573547994607
sr0xjnvm85vs64bpp2vniu0u	1	2	144	6	1	No-Go	NGW	0	0		1	0.0	1	0.1518	0.8479570712747129	-0.17014025160665644
sr0xjnvm85vs64bpp2vniu0u	1	2	147	7	1	No-Go	NGW	0	1	1.287	0	0.0	0	0.1179	0.11662223684857242	-2.3777300921572024
sr0xjnvm85vs64bpp2vniu0u	1	2	151	8	1	No-Go	NGW	0	0		1	1.0	0	0.0884	0.9130778744065444	-0.09356931728458395
sr0xjnvm85vs64bpp2vniu0u	1	2	153	9	1	No-Go	NGW	0	0		1	0.0	1	0.1364	0.8693386891045424	-0.14348498676527283
sr0xjnvm85vs64bpp2vniu0u	1	2	158	10	1	No-Go	NGW	0	0		1	0.0	1	0.0982	0.9024358979057535	-0.10518090181641447
sr0xjnvm85vs64bpp2vniu0u	1	2	162	11	1	No-Go	NGW	0	0		1	0.0	1	0.0701	0.9253242605382338	-0.07939662909275945
sr0xjnvm85vs64bpp2vniu0u	1	2	166	12	1	No-Go	NGW	0	0		1	0.0	1	0.0614	0.941658041279525	-0.06135432006218941
sr0xjnvm85vs64bpp2vniu0u	1	2	169	13	1	No-Go	NGW	0	0		1	0.0	1	0.0498	0.9536030191928557	-0.04836542474807615
sr0xjnvm85vs64bpp2vniu0u	1	2	176	14	1	No-Go	NGW	0	0		1	0.0	1	0.0339	0.9625110842826705	-0.03880320557246712
sr0xjnvm85vs64bpp2vniu0u	1	2	179	15	1	No-Go	NGW	0	0		1	1.0	0	0.0312	0.9692628790194631	-0.031632950633224896
sr0xjnvm85vs64bpp2vniu0u	1	2	183	16	1	No-Go	NGW	0	0		1	0.0	1	0.0501	0.9481026052113506	-0.05395898862119752
sr0xjnvm85vs64bpp2vniu0u	1	2	186	17	1	No-Go	NGW	0	0		1	0.0	1	0.0427	0.9592419414172147	-0.04207736282448801
sr0xjnvm85vs64bpp2vniu0u	1	2	192	18	1	No-Go	NGW	0	0		1	1.0	0	0.0311	0.9672307815236134	-0.03365204388019331
sr0xjnvm85vs64bpp2vniu0u	1	2	195	19	1	No-Go	NGW	0	0		1	0.0	1	0.0543	0.943552747043	-0.058840813577086044
sr0xjnvm85vs64bpp2vniu0u	1	2	200	20	1	No-Go	NGW	0	0		1	0.0	1	0.0436	0.9567278479083415	-0.044687379961391334
sr0xjnvm85vs64bpp2vniu0u	1	2	201	21	1	No-Go	NGW	0	0		1	0.0	1	0.0344	0.965776311494612	-0.03513493052684046
sr0xjnvm85vs64bpp2vniu0u	1	2	206	22	1	No-Go	NGW	0	0		1	1.0	0	0.0275	0.9722701964121874	-0.02834697070373066
sr0xjnvm85vs64bpp2vniu0u	1	2	210	23	1	No-Go	NGW	0	0		1	0.0	1	0.0473	0.9507080809290419	-0.05119107546210506
sr0xjnvm85vs64bpp2vniu0u	1	2	215	24	1	No-Go	NGW	0	0		1	0.0	1	0.0351	0.9621498419511174	-0.03895461482905377
sr0xjnvm85vs64bpp2vniu0u	1	2	218	25	1	No-Go	NGW	0	0		1	0.0	1	0.0269	0.9699582660719727	-0.030750062196121468
sr0xjnvm85vs64bpp2vniu0u	1	2	223	26	1	No-Go	NGW	0	0		1	0.0	1	0.0236	0.9755392871403459	-0.024942821932363832
sr0xjnvm85vs64bpp2vniu0u	1	2	226	27	1	No-Go	NGW	0	0		1	1.0	0	0.0212	0.9796639176874911	-0.020678620790912046
sr0xjnvm85vs64bpp2vniu0u	1	2	231	28	1	No-Go	NGW	0	0		1	0.0	1	0.0381	0.9620914289087364	-0.03912956868709671
sr0xjnvm85vs64bpp2vniu0u	1	2	234	29	1	No-Go	NGW	0	0		1	0.0	1	0.0282	0.9704483651341296	-0.030273788199595475
sr0xjnvm85vs64bpp2vniu0u	1	2	239	30	1	No-Go	NGW	0	0		1	0.0	1	0.0244	0.9761938376077202	-0.02427841630866175
sr0xjnvm85vs64bpp2vniu0u	1	2	121	1	0	No-Go	NGAL	0	0		1	0.0	1	0.4363	0.5641032946107744	-0.5855401001717603
sr0xjnvm85vs64bpp2vniu0u	1	2	128	2	0	No-Go	NGAL	0	0		1	0.0	1	0.3363	0.6607628754571269	-0.4205742932443137
sr0xjnvm85vs64bpp2vniu0u	1	2	130	3	0	No-Go	NGAL	0	0		1	0.0	1	0.2749	0.7363204918538769	-0.31069833715656897
sr0xjnvm85vs64bpp2vniu0u	1	2	134	4	0	No-Go	NGAL	0	0		1	0.0	1	0.2089	0.7933897315095814	-0.23510205578942348
sr0xjnvm85vs64bpp2vniu0u	1	2	138	5	0	No-Go	NGAL	0	0		1	1.0	0	0.1682	0.836168687718043	-0.1817481393199547
sr0xjnvm85vs64bpp2vniu0u	1	2	142	6	0	No-Go	NGAL	0	0		1	0.0	1	0.1678	0.8282531246861902	-0.19135627356398863
sr0xjnvm85vs64bpp2vniu0u	1	2	148	7	0	No-Go	NGAL	0	0		1	0.0	1	0.1369	0.8623189948323073	-0.15034337460730712
sr0xjnvm85vs64bpp2vniu0u	1	2	150	8	0	No-Go	NGAL	0	0		1	0.0	1	0.1156	0.8881159686850726	-0.12029622637143457
sr0xjnvm85vs64bpp2vniu0u	1	2	155	9	0	No-Go	NGAL	0	0		1	1.0	0	0.0937	0.9078269370828704	-0.09791699159243125
sr0xjnvm85vs64bpp2vniu0u	1	2	160	10	0	No-Go	NGAL	0	0		1	0.0	1	0.0986	0.9025065173821065	-0.10386761970353867
sr0xjnvm85vs64bpp2vniu0u	1	2	164	11	0	No-Go	NGAL	0	0		1	1.0	0	0.0769	0.918932165966864	-0.08550451002136623
sr0xjnvm85vs64bpp2vniu0u	1	2	165	12	0	No-Go	NGAL	0	0		1	0.0	1	0.0881	0.9140624041340747	-0.09089041556409677
sr0xjnvm85vs64bpp2vniu0u	1	2	170	13	0	No-Go	NGAL	0	0		1	0.0	1	0.0772	0.9279159883267212	-0.07559496827726456
sr0xjnvm85vs64bpp2vniu0u	1	2	174	14	0	No-Go	NGAL	0	0		1	0.0	1	0.0614	0.9387253173197161	-0.06383720747079287
sr0xjnvm85vs64bpp2vniu0u	1	2	177	15	0	No-Go	NGAL	0	0		1	0.0	1	0.0526	0.9472376280756706	-0.054689618227846834
sr0xjnvm85vs64bpp2vniu0u	1	2	182	16	0	No-Go	NGAL	0	0		1	0.0	1	0.045	0.9539998575085339	-0.04749464148334736
sr0xjnvm85vs64bpp2vniu0u	1	2	185	17	0	No-Go	NGAL	0	0		1	0.0	1	0.0443	0.9594163094115135	-0.04177870060375904
sr0xjnvm85vs64bpp2vniu0u	1	2	190	18	0	No-Go	NGAL	0	0		1	0.0	1	0.0393	0.9637887268779978	-0.037195888425446015
sr0xjnvm85vs64bpp2vniu0u	1	2	196	19	0	No-Go	NGAL	0	0		1	0.0	1	0.0341	0.9673443883881359	-0.03349030577084609
sr0xjnvm85vs64bpp2vniu0u	1	2	199	20	0	No-Go	NGAL	0	0		1	1.0	0	0.0309	0.9702559951744992	-0.03047041868726084
sr0xjnvm85vs64bpp2vniu0u	1	2	202	21	0	No-Go	NGAL	0	0		1	0.0	1	0.0296	0.9681902845531218	-0.03262761997334998
sr0xjnvm85vs64bpp2vniu0u	1	2	208	22	0	No-Go	NGAL	0	0		1	0.0	1	0.0302	0.9709785825834634	-0.029736503678927512
sr0xjnvm85vs64bpp2vniu0u	1	2	209	23	0	No-Go	NGAL	0	0		1	1.0	0	0.0292	0.9732734723288806	-0.02736616424207321
sr0xjnvm85vs64bpp2vniu0u	1	2	214	24	0	No-Go	NGAL	0	0		1	0.0	1	0.0285	0.9713824647632923	-0.02934152291754116
sr0xjnvm85vs64bpp2vniu0u	1	2	217	25	0	No-Go	NGAL	0	0		1	0.0	1	0.0272	0.9736360425328765	-0.027010126402189225
sr0xjnvm85vs64bpp2vniu0u	1	2	222	26	0	No-Go	NGAL	0	0		1	0.0	1	0.0251	0.9754973421375164	-0.025091280010477213
sr0xjnvm85vs64bpp2vniu0u	1	2	228	27	0	No-Go	NGAL	0	0		1	0.0	1	0.024	0.977045526498017	-0.023499909247900887
sr0xjnvm85vs64bpp2vniu0u	1	2	229	28	0	No-Go	NGAL	0	0		1	0.0	1	0.0232	0.9783415329618441	-0.02217108509340218
sr0xjnvm85vs64bpp2vniu0u	1	2	235	29	0	No-Go	NGAL	0	0		1	0.0	1	0.0203	0.9794328239864504	-0.02105458167608082
sr0xjnvm85vs64bpp2vniu0u	1	2	238	30	0	No-Go	NGAL	0	0		1	1.0	0	0.0185	0.9803567384746046	-0.020111109171353947
sr0xjnvm85vs64bpp2vniu0u	1	2	124	1	0	Go	GAL	1	0		0	0.0	0	0.4354	0.5641032946107744	-0.5855401001717603
sr0xjnvm85vs64bpp2vniu0u	1	2	126	2	0	Go	GAL	1	1	1.466	1	1.0	0	0.4423	0.44712023412046253	-0.8242000179997714
sr0xjnvm85vs64bpp2vniu0u	1	2	129	3	0	Go	GAL	1	0		0	0.0	0	0.3475	0.6505311306741937	-0.435961586498743
sr0xjnvm85vs64bpp2vniu0u	1	2	135	4	0	Go	GAL	1	0		0	0.0	0	0.3519	0.640205152416079	-0.45187137596232463
sr0xjnvm85vs64bpp2vniu0u	1	2	137	5	0	Go	GAL	1	0		0	0.0	0	0.3686	0.6298064707120266	-0.4683090907042316
sr0xjnvm85vs64bpp2vniu0u	1	2	143	6	0	Go	GAL	1	0		0	0.0	0	0.377	0.6193569288265404	-0.48527921076708636
sr0xjnvm85vs64bpp2vniu0u	1	2	146	7	0	Go	GAL	1	0		0	0.0	0	0.389	0.6088783918809402	-0.5027852375189801
sr0xjnvm85vs64bpp2vniu0u	1	2	152	8	0	Go	GAL	1	0		0	0.0	0	0.3958	0.5983924667123484	-0.5208296695948068
sr0xjnvm85vs64bpp2vniu0u	1	2	156	9	0	Go	GAL	1	0		0	0.0	0	0.4126	0.5879202409795967	-0.5394139843196674
sr0xjnvm85vs64bpp2vniu0u	1	2	159	10	0	Go	GAL	1	1	0.522	1	1.0	0	0.4198	0.42251795188327396	-0.8792192903782654
sr0xjnvm85vs64bpp2vniu0u	1	2	161	11	0	Go	GAL	1	0		0	0.0	0	0.3385	0.661867221228072	-0.42110237390816097
sr0xjnvm85vs64bpp2vniu0u	1	2	167	12	0	Go	GAL	1	1	1.13	1	0.0	1	0.3503	0.34779966064164747	-1.0914586350723674
sr0xjnvm85vs64bpp2vniu0u	1	2	171	13	0	Go	GAL	1	1	1.139	1	0.0	1	0.4654	0.46483733915369013	-0.7811626987806269
sr0xjnvm85vs64bpp2vniu0u	1	2	175	14	0	Go	GAL	1	1	0.937	1	1.0	0	0.5727	0.5721692004656779	-0.5733401439928104
sr0xjnvm85vs64bpp2vniu0u	1	2	178	15	0	Go	GAL	1	1	0.966	1	0.0	1	0.459	0.4658561064223239	-0.7784905986700258
sr0xjnvm85vs64bpp2vniu0u	1	2	181	16	0	Go	GAL	1	1	0.798	1	0.0	1	0.5782	0.5734028845046151	-0.5705949129954109
sr0xjnvm85vs64bpp2vniu0u	1	2	187	17	0	Go	GAL	1	0		0	0.0	0	0.6725	0.33821284135342505	-1.1449218118285973
sr0xjnvm85vs64bpp2vniu0u	1	2	189	18	0	Go	GAL	1	1	0.902	1	0.0	1	0.6754	0.6709008643421658	-0.4125894230080925
sr0xjnvm85vs64bpp2vniu0u	1	2	193	19	0	Go	GAL	1	1	0.982	1	1.0	0	0.7362	0.7391329459843647	-0.3136276430533504
sr0xjnvm85vs64bpp2vniu0u	1	2	197	20	0	Go	GAL	1	1	1.291	1	0.0	1	0.6303	0.636330398687778	-0.4620487363537843
sr0xjnvm85vs64bpp2vniu0u	1	2	203	21	0	Go	GAL	1	1	0.578	1	1.0	0	0.7135	0.7147683708888558	-0.34508256754322936
sr0xjnvm85vs64bpp2vniu0u	1	2	207	22	0	Go	GAL	1	1	0.604	1	0.0	1	0.6143	0.6087729337040526	-0.5061361865405698
sr0xjnvm85vs64bpp2vniu0u	1	2	211	23	0	Go	GAL	1	1	0.433	1	0.0	1	0.6969	0.6947006294466993	-0.37262638623210237
sr0xjnvm85vs64bpp2vniu0u	1	2	213	24	0	Go	GAL	1	1	0.469	1	0.0	1	0.7537	0.7601581001453307	-0.2815452849562793
sr0xjnvm85vs64bpp2vniu0u	1	2	220	25	0	Go	GAL	1	1	0.555	1	0.0	1	0.8147	0.8094532802783069	-0.21732735818136845
sr0xjnvm85vs64bpp2vniu0u	1	2	221	26	0	Go	GAL	1	1	0.548	1	0.0	1	0.8484	0.8467193144655465	-0.17094628873730405
sr0xjnvm85vs64bpp2vniu0u	1	2	225	27	0	Go	GAL	1	1	0.723	1	0.0	1	0.8732	0.8751286897923314	-0.13679195069970349
sr0xjnvm85vs64bpp2vniu0u	1	2	230	28	0	Go	GAL	1	1	1.383	1	0.0	1	0.8989	0.8969920769674583	-0.11122332315496766
sr0xjnvm85vs64bpp2vniu0u	1	2	236	29	0	Go	GAL	1	1	0.822	1	1.0	0	0.9126	0.9139770473599274	-0.0918035754968524
sr0xjnvm85vs64bpp2vniu0u	1	2	237	30	0	Go	GAL	1	1	0.62	1	0.0	1	0.8545	0.8547101997839529	-0.1600099430245955
sr0xjnvm85vs64bpp2vniu0u	1	2	122	1	1	Go	GW	1	0		0	0.0	0	0.3567	0.64998637421106	-0.44511237637857826
sr0xjnvm85vs64bpp2vniu0u	1	2	127	2	1	Go	GW	1	1	1.341	1	0.0	1	0.4409	0.4461730997343482	-0.849558121001955
sr0xjnvm85vs64bpp2vniu0u	1	2	132	3	1	Go	GW	1	1	1.441	1	0.0	1	0.7763	0.7807518419404044	-0.27167169320643103
sr0xjnvm85vs64bpp2vniu0u	1	2	133	4	1	Go	GW	1	1	1.284	1	0.0	1	0.8928	0.8898441525066768	-0.12427552293940058
sr0xjnvm85vs64bpp2vniu0u	1	2	140	5	1	Go	GW	1	1	0.871	1	1.0	0	0.9358	0.9351514879150893	-0.06953419372192458
sr0xjnvm85vs64bpp2vniu0u	1	2	141	6	1	Go	GW	1	1	1.21	1	1.0	0	0.8903	0.8860453148862724	-0.12513769802474578
sr0xjnvm85vs64bpp2vniu0u	1	2	145	7	1	Go	GW	1	1	0.344	1	0.0	1	0.81	0.8100992908575473	-0.2216904273473415
sr0xjnvm85vs64bpp2vniu0u	1	2	149	8	1	Go	GW	1	1	0.317	1	0.0	1	0.9208	0.9192350390251848	-0.08678326193186409
sr0xjnvm85vs64bpp2vniu0u	1	2	154	9	1	Go	GW	1	1	0.517	1	0.0	1	0.9464	0.9508468765782018	-0.051513932846685526
sr0xjnvm85vs64bpp2vniu0u	1	2	157	10	1	Go	GW	1	1	0.564	1	0.0	1	0.9649	0.9647308458769188	-0.03651600451552854
sr0xjnvm85vs64bpp2vniu0u	1	2	163	11	1	Go	GW	1	1	0.612	1	0.0	1	0.97	0.9717808146829395	-0.0290719272102576
sr0xjnvm85vs64bpp2vniu0u	1	2	168	12	1	Go	GW	1	1	0.564	1	0.0	1	0.9762	0.975681091462017	-0.02501869562452572
sr0xjnvm85vs64bpp2vniu0u	1	2	172	13	1	Go	GW	1	1	0.557	1	0.0	1	0.975	0.9779765079577922	-0.022659760394985552
sr0xjnvm85vs64bpp2vniu0u	1	2	173	14	1	Go	GW	1	1	0.553	1	0.0	1	0.9801	0.9793948105011508	-0.02121374987192682
sr0xjnvm85vs64bpp2vniu0u	1	2	180	15	1	Go	GW	1	1	0.726	1	1.0	0	0.9808	0.9803069770214377	-0.02028911195161649
sr0xjnvm85vs64bpp2vniu0u	1	2	184	16	1	Go	GW	1	1	0.762	1	0.0	1	0.9515	0.9520259069159025	-0.052218846787029774
sr0xjnvm85vs64bpp2vniu0u	1	2	188	17	1	Go	GW	1	1	0.363	1	0.0	1	0.9725	0.9725418511281471	-0.02856611751728674
sr0xjnvm85vs64bpp2vniu0u	1	2	191	18	1	Go	GW	1	1	0.657	1	0.0	1	0.9781	0.9775621806927657	-0.023196319121009012
sr0xjnvm85vs64bpp2vniu0u	1	2	194	19	1	Go	GW	1	1	0.371	1	1.0	0	0.9783	0.9796141758218709	-0.021043529942674208
sr0xjnvm85vs64bpp2vniu0u	1	2	198	20	1	Go	GW	1	1	0.641	1	0.0	1	0.9503	0.9504224090075152	-0.054115565936764996
sr0xjnvm85vs64bpp2vniu0u	1	2	204	21	1	Go	GW	1	1	0.426	1	0.0	1	0.9727	0.9721878524768431	-0.028981434563082668
sr0xjnvm85vs64bpp2vniu0u	1	2	205	22	1	Go	GW	1	1	0.565	1	0.0	1	0.9802	0.9775035733904198	-0.02327761825061338
sr0xjnvm85vs64bpp2vniu0u	1	2	212	23	1	Go	GW	1	1	0.442	1	1.0	0	0.979	0.9796418912844618	-0.021026618659277796
sr0xjnvm85vs64bpp2vniu0u	1	2	216	24	1	Go	GW	1	1	0.426	1	0.0	1	0.9491	0.9503825811162425	-0.05420014413126227
sr0xjnvm85vs64bpp2vniu0u	1	2	219	25	1	Go	GW	1	1	0.402	1	0.0	1	0.971	0.9722606607856005	-0.02892194424113373
sr0xjnvm85vs64bpp2vniu0u	1	2	224	26	1	Go	GW	1	1	0.452	1	0.0	1	0.9778	0.9775881451938533	-0.023198804182832156
sr0xjnvm85vs64bpp2vniu0u	1	2	227	27	1	Go	GW	1	1	0.46	1	0.0	1	0.9782	0.9797170235788443	-0.02095459401196621
sr0xjnvm85vs64bpp2vniu0u	1	2	232	28	1	Go	GW	1	1	0.582	1	0.0	1	0.9812	0.9807632607929166	-0.019864345455570146
sr0xjnvm85vs64bpp2vniu0u	1	2	233	29	1	Go	GW	1	1	0.461	1	1.0	0	0.9789	0.9813452673576416	-0.019262977604977347
sr0xjnvm85vs64bpp2vniu0u	1	2	240	30	1	Go	GW	1	1	0.64	1	0.0	1	0.9498	0.9535033303393137	-0.05083150952323057
sr0xjnvm85vs64bpp2vniu0u	1	1	2	1	1	No-Go	NGW	0	1	1.487	0	0.0	0	0.3528	0.35001362578894	-1.1008426182198614
sr0xjnvm85vs64bpp2vniu0u	1	1	5	2	1	No-Go	NGW	0	1	1.044	0	1.0	1	0.27	0.2652912762013472	-1.401552574171995
sr0xjnvm85vs64bpp2vniu0u	1	1	11	3	1	No-Go	NGW	0	1	1.435	0	0.0	0	0.6641	0.6692485743226871	-0.4461337982885697
sr0xjnvm85vs64bpp2vniu0u	1	1	16	4	1	No-Go	NGW	0	0		1	0.0	1	0.5514	0.45074056275775326	-0.8698338668068819
sr0xjnvm85vs64bpp2vniu0u	1	1	20	5	1	No-Go	NGW	0	1	0.898	0	0.0	0	0.4565	0.4510545413600845	-0.8434099042986257
sr0xjnvm85vs64bpp2vniu0u	1	1	21	6	1	No-Go	NGW	0	0		1	0.0	1	0.3308	0.6659078426391992	-0.42116021322168523
sr0xjnvm85vs64bpp2vniu0u	1	1	27	7	1	No-Go	NGW	0	1	1.344	0	0.0	0	0.2658	0.2604513918419783	-1.4269929647372084
sr0xjnvm85vs64bpp2vniu0u	1	1	30	8	1	No-Go	NGW	0	0		1	1.0	0	0.1844	0.8123994856635016	-0.2140535780116278
sr0xjnvm85vs64bpp2vniu0u	1	1	35	9	1	No-Go	NGW	0	0		1	0.0	1	0.2689	0.7312067583016317	-0.321688617029154
sr0xjnvm85vs64bpp2vniu0u	1	1	40	10	1	No-Go	NGW	0	0		1	0.0	1	0.2114	0.797227657176897	-0.23270278903967623
sr0xjnvm85vs64bpp2vniu0u	1	1	42	11	1	No-Go	NGW	0	0		1	0.0	1	0.1531	0.8446000168141778	-0.1732462326932962
sr0xjnvm85vs64bpp2vniu0u	1	1	48	12	1	No-Go	NGW	0	0		1	0.0	1	0.1195	0.8789219562281916	-0.13212974792436957
sr0xjnvm85vs64bpp2vniu0u	1	1	50	13	1	No-Go	NGW	0	0		1	0.0	1	0.0978	0.9041380620985304	-0.10291854810135366
sr0xjnvm85vs64bpp2vniu0u	1	1	56	14	1	No-Go	NGW	0	0		1	0.0	1	0.0786	0.9229302962878555	-0.08169811498650022
sr0xjnvm85vs64bpp2vniu0u	1	1	59	15	1	No-Go	NGW	0	0		1	1.0	0	0.0638	0.9371252641643608	-0.0659874980068862
sr0xjnvm85vs64bpp2vniu0u	1	1	62	16	1	No-Go	NGW	0	0		1	0.0	1	0.1037	0.8945239870646435	-0.11317908764598213
sr0xjnvm85vs64bpp2vniu0u	1	1	66	17	1	No-Go	NGW	0	0		1	0.0	1	0.0805	0.9172598444981919	-0.08757193954699748
sr0xjnvm85vs64bpp2vniu0u	1	1	70	18	1	No-Go	NGW	0	0		1	1.0	0	0.0675	0.9336707844522097	-0.06950496517392435
sr0xjnvm85vs64bpp2vniu0u	1	1	74	19	1	No-Go	NGW	0	0		1	0.0	1	0.1142	0.8872273797452613	-0.12183187964794435
sr0xjnvm85vs64bpp2vniu0u	1	1	79	20	1	No-Go	NGW	0	0		1	0.0	1	0.0831	0.9132082415566413	-0.0921048146255365
sr0xjnvm85vs64bpp2vniu0u	1	1	81	21	1	No-Go	NGW	0	0		1	0.0	1	0.0676	0.931372615871776	-0.07199128365211586
sr0xjnvm85vs64bpp2vniu0u	1	1	88	22	1	No-Go	NGW	0	0		1	1.0	0	0.0548	0.9444924823909255	-0.05775132242033035
sr0xjnvm85vs64bpp2vniu0u	1	1	89	23	1	No-Go	NGW	0	0		1	0.0	1	0.1	0.9023616298842456	-0.10484145209844382
sr0xjnvm85vs64bpp2vniu0u	1	1	95	24	1	No-Go	NGW	0	0		1	0.0	1	0.081	0.9246543983003623	-0.07953458022175795
sr0xjnvm85vs64bpp2vniu0u	1	1	99	25	1	No-Go	NGW	0	0		1	0.0	1	0.064	0.940153307197473	-0.06250070549091419
sr0xjnvm85vs64bpp2vniu0u	1	1	104	26	1	No-Go	NGW	0	0		1	0.0	1	0.0507	0.9513124297958808	-0.05047114120201628
sr0xjnvm85vs64bpp2vniu0u	1	1	105	27	1	No-Go	NGW	0	0		1	1.0	0	0.0423	0.9595749306992689	-0.041679423225571235
sr0xjnvm85vs64bpp2vniu0u	1	1	109	28	1	No-Go	NGW	0	0		1	0.0	1	0.0733	0.9250088797549155	-0.0796236017589945
sr0xjnvm85vs64bpp2vniu0u	1	1	114	29	1	No-Go	NGW	0	0		1	0.0	1	0.0612	0.9412885601671698	-0.06147225662378358
sr0xjnvm85vs64bpp2vniu0u	1	1	120	30	1	No-Go	NGW	0	0		1	0.0	1	0.0471	0.9526586425157128	-0.04913598883857309
sr0xjnvm85vs64bpp2vniu0u	1	1	1	1	1	Go	GW	1	0		0	0.0	0	0.3429	0.64998637421106	-0.44511237637857826
sr0xjnvm85vs64bpp2vniu0u	1	1	6	2	1	Go	GW	1	0		0	0.0	0	0.4511	0.5538269002656517	-0.6187595884488897
sr0xjnvm85vs64bpp2vniu0u	1	1	12	3	1	Go	GW	1	1	1.298	1	0.0	1	0.5287	0.5343581139429879	-0.663351727513252
sr0xjnvm85vs64bpp2vniu0u	1	1	15	4	1	Go	GW	1	1	0.809	1	0.0	1	0.8272	0.8284891136455866	-0.20570826958135655
sr0xjnvm85vs64bpp2vniu0u	1	1	18	5	1	Go	GW	1	1	0.429	1	1.0	0	0.9115	0.9162216365849748	-0.09276525709653252
sr0xjnvm85vs64bpp2vniu0u	1	1	23	6	1	Go	GW	1	1	0.8	1	1.0	0	0.867	0.8667890233065342	-0.1500562817330763
sr0xjnvm85vs64bpp2vniu0u	1	1	25	7	1	Go	GW	1	1	0.741	1	0.0	1	0.788	0.7939725812227438	-0.2403969263668895
sr0xjnvm85vs64bpp2vniu0u	1	1	29	8	1	Go	GW	1	1	1.309	1	0.0	1	0.9206	0.9150099647534505	-0.09299331260480687
sr0xjnvm85vs64bpp2vniu0u	1	1	33	9	1	Go	GW	1	0		0	0.0	0	0.9552	0.047668007694792985	-3.5514442099239436
sr0xjnvm85vs64bpp2vniu0u	1	1	39	10	1	Go	GW	1	1	0.685	1	0.0	1	0.9662	0.9637654950762199	-0.03792438294975884
sr0xjnvm85vs64bpp2vniu0u	1	1	43	11	1	Go	GW	1	0		0	0.0	0	0.9758	0.02359216308034802	-4.319079912161901
sr0xjnvm85vs64bpp2vniu0u	1	1	46	12	1	Go	GW	1	0		0	0.0	0	0.9805	0.01822661148068663	-4.640963076743107
sr0xjnvm85vs64bpp2vniu0u	1	1	49	13	1	Go	GW	1	1	0.86	1	0.0	1	0.9852	0.9855987996593214	-0.014694770181681626
sr0xjnvm85vs64bpp2vniu0u	1	1	54	14	1	Go	GW	1	1	0.492	1	0.0	1	0.9892	0.9895070975600342	-0.010641125322823871
sr0xjnvm85vs64bpp2vniu0u	1	1	58	15	1	Go	GW	1	1	0.503	1	1.0	0	0.9925	0.9916088471481428	-0.008484867741560669
sr0xjnvm85vs64bpp2vniu0u	1	1	63	16	1	Go	GW	1	1	1.291	1	0.0	1	0.9804	0.9819363159389888	-0.018490960910033345
sr0xjnvm85vs64bpp2vniu0u	1	1	68	17	1	Go	GW	1	1	0.442	1	0.0	1	0.9903	0.9896699779199908	-0.010464628857614705
sr0xjnvm85vs64bpp2vniu0u	1	1	71	18	1	Go	GW	1	1	0.695	1	0.0	1	0.9925	0.9920510241499971	-0.00803435799818617
sr0xjnvm85vs64bpp2vniu0u	1	1	75	19	1	Go	GW	1	1	0.663	1	1.0	0	0.9933	0.9931854849781452	-0.006882213932830183
sr0xjnvm85vs64bpp2vniu0u	1	1	78	20	1	Go	GW	1	1	0.624	1	0.0	1	0.9852	0.9841675098470849	-0.016230958782548318
sr0xjnvm85vs64bpp2vniu0u	1	1	84	21	1	Go	GW	1	1	0.307	1	0.0	1	0.9907	0.9910548375131996	-0.00905996416763651
sr0xjnvm85vs64bpp2vniu0u	1	1	85	22	1	Go	GW	1	1	0.496	1	0.0	1	0.9927	0.9929167309321154	-0.007159364070668913
sr0xjnvm85vs64bpp2vniu0u	1	1	90	23	1	Go	GW	1	1	0.56	1	1.0	0	0.9935	0.9937446966376454	-0.006318658691519286
sr0xjnvm85vs64bpp2vniu0u	1	1	96	24	1	Go	GW	1	1	0.335	1	0.0	1	0.985	0.9849980256282913	-0.015396689903158444
sr0xjnvm85vs64bpp2vniu0u	1	1	97	25	1	Go	GW	1	1	0.56	1	0.0	1	0.9908	0.9915787546416938	-0.008532308870071746
sr0xjnvm85vs64bpp2vniu0u	1	1	101	26	1	Go	GW	1	1	0.343	1	0.0	1	0.9936	0.9932592434493396	-0.006814899874072772
sr0xjnvm85vs64bpp2vniu0u	1	1	107	27	1	Go	GW	1	1	0.404	1	0.0	1	0.9942	0.9939761702707972	-0.006086214935118172
sr0xjnvm85vs64bpp2vniu0u	1	1	111	28	1	Go	GW	1	1	0.314	1	0.0	1	0.9948	0.9943493946449151	-0.005708147713522341
sr0xjnvm85vs64bpp2vniu0u	1	1	115	29	1	Go	GW	1	1	0.385	1	1.0	0	0.9947	0.9945672737614377	-0.005487984266926756
sr0xjnvm85vs64bpp2vniu0u	1	1	119	30	1	Go	GW	1	1	0.32	1	0.0	1	0.9879	0.9864376181941977	-0.013930112083799734
sr0xjnvm85vs64bpp2vniu0u	1	1	4	1	0	Go	GAL	1	0		0	0.0	0	0.4408	0.5641032946107744	-0.5855401001717603
sr0xjnvm85vs64bpp2vniu0u	1	1	7	2	0	Go	GAL	1	0		0	1.0	1	0.444	0.5528797658795375	-0.6049339969820119
sr0xjnvm85vs64bpp2vniu0u	1	1	10	3	0	Go	GAL	1	0		0	0.0	0	0.3492	0.6513753976497213	-0.4346865102449614
sr0xjnvm85vs64bpp2vniu0u	1	1	14	4	0	Go	GAL	1	0		0	0.0	0	0.3494	0.6401935024678356	-0.4518889571617413
sr0xjnvm85vs64bpp2vniu0u	1	1	17	5	0	Go	GAL	1	0		0	0.0	0	0.3733	0.6289186703496931	-0.46971470303687707
sr0xjnvm85vs64bpp2vniu0u	1	1	22	6	0	Go	GAL	1	1	1.214	1	0.0	1	0.3879	0.3824217843702649	-0.977819526684227
sr0xjnvm85vs64bpp2vniu0u	1	1	26	7	0	Go	GAL	1	1	1.306	1	0.0	1	0.4879	0.48246925246704386	-0.7424370308284398
sr0xjnvm85vs64bpp2vniu0u	1	1	31	8	0	Go	GAL	1	0		0	0.0	0	0.5692	0.42786374365287594	-0.8746572346798038
sr0xjnvm85vs64bpp2vniu0u	1	1	34	9	0	Go	GAL	1	1	0.641	1	0.0	1	0.5854	0.5837472214858688	-0.5512647085368169
sr0xjnvm85vs64bpp2vniu0u	1	1	37	10	0	Go	GAL	1	1	1.452	1	1.0	0	0.6614	0.6584167134773041	-0.4298243682434355
sr0xjnvm85vs64bpp2vniu0u	1	1	44	11	0	Go	GAL	1	0		0	0.0	0	0.5344	0.46530030108764114	-0.7784385307023725
sr0xjnvm85vs64bpp2vniu0u	1	1	47	12	0	Go	GAL	1	0		0	0.0	0	0.5484	0.4535960564174561	-0.8051741372425053
sr0xjnvm85vs64bpp2vniu0u	1	1	52	13	0	Go	GAL	1	0		0	0.0	0	0.5471	0.4421064255818247	-0.8325842877966236
sr0xjnvm85vs64bpp2vniu0u	1	1	55	14	0	Go	GAL	1	0		0	1.0	1	0.5745	0.4308483705616348	-0.8606570176648385
sr0xjnvm85vs64bpp2vniu0u	1	1	60	15	0	Go	GAL	1	0		0	0.0	0	0.4719	0.5286616908450935	-0.651605791090941
sr0xjnvm85vs64bpp2vniu0u	1	1	61	16	0	Go	GAL	1	0		0	0.0	0	0.4863	0.5163742785028901	-0.6774268920791326
sr0xjnvm85vs64bpp2vniu0u	1	1	67	17	0	Go	GAL	1	1	1.395	1	0.0	1	0.4907	0.49575399185537755	-0.722053900258842
sr0xjnvm85vs64bpp2vniu0u	1	1	69	18	0	Go	GAL	1	1	1.44	1	0.0	1	0.5896	0.5828646334464708	-0.5511272881685729
sr0xjnvm85vs64bpp2vniu0u	1	1	73	19	0	Go	GAL	1	0		0	1.0	1	0.6562	0.3434878514399707	-1.0997486116088877
sr0xjnvm85vs64bpp2vniu0u	1	1	77	20	0	Go	GAL	1	0		0	0.0	0	0.564	0.42806306702184826	-0.8690484961177798
sr0xjnvm85vs64bpp2vniu0u	1	1	83	21	0	Go	GAL	1	0		0	1.0	1	0.5804	0.4156604157936042	-0.902163791195183
sr0xjnvm85vs64bpp2vniu0u	1	1	86	22	0	Go	GAL	1	0		0	0.0	0	0.501	0.49626658506607607	-0.7180627808774633
sr0xjnvm85vs64bpp2vniu0u	1	1	91	23	0	Go	GAL	1	0		0	0.0	0	0.5186	0.4828422687859178	-0.748850512273033
sr0xjnvm85vs64bpp2vniu0u	1	1	93	24	0	Go	GAL	1	0		0	0.0	0	0.5287	0.46966548955960413	-0.7806199023981791
sr0xjnvm85vs64bpp2vniu0u	1	1	100	25	0	Go	GAL	1	0		0	0.0	0	0.546	0.456761664685287	-0.8133545170677247
sr0xjnvm85vs64bpp2vniu0u	1	1	103	26	0	Go	GAL	1	0		0	0.0	0	0.5548	0.44415143625008024	-0.8470339635206863
sr0xjnvm85vs64bpp2vniu0u	1	1	108	27	0	Go	GAL	1	0		0	0.0	0	0.5707	0.43185098718337356	-0.881634163333345
sr0xjnvm85vs64bpp2vniu0u	1	1	110	28	0	Go	GAL	1	0		0	0.0	0	0.5793	0.4198724328221409	-0.9171277005371716
sr0xjnvm85vs64bpp2vniu0u	1	1	113	29	0	Go	GAL	1	1	0.67	1	1.0	0	0.6017	0.5917757517692879	-0.5489908171922934
sr0xjnvm85vs64bpp2vniu0u	1	1	118	30	0	Go	GAL	1	0		0	0.0	0	0.4642	0.5360819039491147	-0.680213705404565
sr0xjnvm85vs64bpp2vniu0u	1	1	3	1	0	No-Go	NGAL	0	0		1	0.0	1	0.4346	0.5641032946107744	-0.5855401001717603
sr0xjnvm85vs64bpp2vniu0u	1	1	8	2	0	No-Go	NGAL	0	0		1	0.0	1	0.3387	0.6607628754571269	-0.4205742932443137
sr0xjnvm85vs64bpp2vniu0u	1	1	9	3	0	No-Go	NGAL	0	1	1.251	0	0.0	0	0.2685	0.2636795081461229	-1.3706496892788065
sr0xjnvm85vs64bpp2vniu0u	1	1	13	4	0	No-Go	NGAL	0	1	1.209	0	0.0	0	0.195	0.19443563890652682	-1.7153006900478849
sr0xjnvm85vs64bpp2vniu0u	1	1	19	5	0	No-Go	NGAL	0	0		1	1.0	0	0.1446	0.8538143559664341	-0.1613837390307339
sr0xjnvm85vs64bpp2vniu0u	1	1	24	6	0	No-Go	NGAL	0	1	1.246	0	0.0	0	0.1495	0.1527467416259186	-2.0041228776730486
sr0xjnvm85vs64bpp2vniu0u	1	1	28	7	0	No-Go	NGAL	0	0		1	0.0	1	0.1175	0.8827047307194205	-0.1274576645519535
sr0xjnvm85vs64bpp2vniu0u	1	1	32	8	0	No-Go	NGAL	0	1	0.883	0	0.0	0	0.0958	0.08926176302578565	-2.6539192949301587
sr0xjnvm85vs64bpp2vniu0u	1	1	36	9	0	No-Go	NGAL	0	0		1	1.0	0	0.0686	0.9305251457684062	-0.07341959854199145
sr0xjnvm85vs64bpp2vniu0u	1	1	38	10	0	No-Go	NGAL	0	0		1	0.0	1	0.0715	0.9269471362386416	-0.07739304910824488
sr0xjnvm85vs64bpp2vniu0u	1	1	41	11	0	No-Go	NGAL	0	0		1	1.0	0	0.055	0.9436268200883507	-0.05910534866639443
sr0xjnvm85vs64bpp2vniu0u	1	1	45	12	0	No-Go	NGAL	0	0		1	0.0	1	0.0635	0.9405501670849767	-0.0624727854032138
sr0xjnvm85vs64bpp2vniu0u	1	1	51	13	0	No-Go	NGAL	0	0		1	0.0	1	0.0467	0.9534245557083979	-0.04851653971838737
sr0xjnvm85vs64bpp2vniu0u	1	1	53	14	0	No-Go	NGAL	0	0		1	0.0	1	0.0365	0.9628962292316613	-0.0383784185215808
sr0xjnvm85vs64bpp2vniu0u	1	1	57	15	0	No-Go	NGAL	0	0		1	0.0	1	0.0299	0.9699848424910106	-0.030869905444112236
sr0xjnvm85vs64bpp2vniu0u	1	1	64	16	0	No-Go	NGAL	0	0		1	0.0	1	0.0251	0.9753689401182286	-0.025215987622450073
sr0xjnvm85vs64bpp2vniu0u	1	1	65	17	0	No-Go	NGAL	0	0		1	0.0	1	0.0187	0.9795119374845274	-0.020896490930808906
sr0xjnvm85vs64bpp2vniu0u	1	1	72	18	0	No-Go	NGAL	0	0		1	0.0	1	0.0188	0.9827372342301449	-0.017553820796984844
sr0xjnvm85vs64bpp2vniu0u	1	1	76	19	0	No-Go	NGAL	0	0		1	0.0	1	0.0153	0.9852746960846361	-0.014937089534573707
sr0xjnvm85vs64bpp2vniu0u	1	1	80	20	0	No-Go	NGAL	0	0		1	1.0	0	0.0112	0.9872903235097307	-0.012867138732585
sr0xjnvm85vs64bpp2vniu0u	1	1	82	21	0	No-Go	NGAL	0	0		1	0.0	1	0.0138	0.9864249693383943	-0.013751637386808582
sr0xjnvm85vs64bpp2vniu0u	1	1	87	22	0	No-Go	NGAL	0	0		1	0.0	1	0.0119	0.9882169539782292	-0.011916142390548832
sr0xjnvm85vs64bpp2vniu0u	1	1	92	23	0	No-Go	NGAL	0	0		1	1.0	0	0.0087	0.9896576251443803	-0.010445000489329087
sr0xjnvm85vs64bpp2vniu0u	1	1	94	24	0	No-Go	NGAL	0	0		1	0.0	1	0.0114	0.9889315379533206	-0.011184133826624977
sr0xjnvm85vs64bpp2vniu0u	1	1	98	25	0	No-Go	NGAL	0	0		1	0.0	1	0.0087	0.9902424384780814	-0.00984787703711598
sr0xjnvm85vs64bpp2vniu0u	1	1	102	26	0	No-Go	NGAL	0	0		1	0.0	1	0.0077	0.9913067995171743	-0.008765411734799895
sr0xjnvm85vs64bpp2vniu0u	1	1	106	27	0	No-Go	NGAL	0	0		1	0.0	1	0.0068	0.992177713919506	-0.007881403322009213
sr0xjnvm85vs64bpp2vniu0u	1	1	112	28	0	No-Go	NGAL	0	0		1	0.0	1	0.0071	0.9928954455440456	-0.007154084970896453
sr0xjnvm85vs64bpp2vniu0u	1	1	116	29	0	No-Go	NGAL	0	0		1	0.0	1	0.0059	0.9934908651097425	-0.006551564377391571
sr0xjnvm85vs64bpp2vniu0u	1	1	117	30	0	No-Go	NGAL	0	0		1	1.0	0	0.0072	0.9939878729528724	-0.006049237964029183
stgt2bwysexroszj1fsfw7m2	1	2	123	1	0	Go	GAL	1	0		0	0.0	0	0.4665	0.5291564530349853	-0.6533190512813672
stgt2bwysexroszj1fsfw7m2	1	2	126	2	0	Go	GAL	1	1	1.002	1	0.0	1	0.5736	0.5682736758508341	-0.5778194851959503
stgt2bwysexroszj1fsfw7m2	1	2	132	3	0	Go	GAL	1	1	0.949	1	0.0	1	0.6713	0.6674892436856633	-0.415599042796564
stgt2bwysexroszj1fsfw7m2	1	2	134	4	0	Go	GAL	1	0		0	1.0	1	0.7451	0.25388273069263206	-1.4810590166031852
stgt2bwysexroszj1fsfw7m2	1	2	137	5	0	Go	GAL	1	0		0	0.0	0	0.6496	0.34609224505197855	-1.0975176702192901
stgt2bwysexroszj1fsfw7m2	1	2	141	6	0	Go	GAL	1	0		0	1.0	1	0.7398	0.2650924133294874	-1.4164614723378761
stgt2bwysexroszj1fsfw7m2	1	2	146	7	0	Go	GAL	1	0		0	0.0	0	0.6403	0.3586662043404031	-1.0578878462875863
stgt2bwysexroszj1fsfw7m2	1	2	150	8	0	Go	GAL	1	1	0.562	1	0.0	1	0.7247	0.723974458555283	-0.33341834895311856
stgt2bwysexroszj1fsfw7m2	1	2	153	9	0	Go	GAL	1	1	0.579	1	0.0	1	0.7876	0.7886290956182208	-0.24464076651844543
stgt2bwysexroszj1fsfw7m2	1	2	160	10	0	Go	GAL	1	1	0.515	1	0.0	1	0.8342	0.8380172437543706	-0.1815301360148544
stgt2bwysexroszj1fsfw7m2	1	2	164	11	0	Go	GAL	1	1	0.832	1	0.0	1	0.8827	0.8752900363685648	-0.13638052245863544
stgt2bwysexroszj1fsfw7m2	1	2	168	12	0	Go	GAL	1	1	0.577	1	0.0	1	0.9018	0.9032728077151676	-0.1038263082455602
stgt2bwysexroszj1fsfw7m2	1	2	171	13	0	Go	GAL	1	1	0.694	1	1.0	0	0.9165	0.9242704889393847	-0.08014059001381882
stgt2bwysexroszj1fsfw7m2	1	2	176	14	0	Go	GAL	1	1	0.415	1	0.0	1	0.8733	0.8716619066736954	-0.14080218594489072
stgt2bwysexroszj1fsfw7m2	1	2	178	15	0	Go	GAL	1	1	0.687	1	0.0	1	0.9055	0.9026687389284392	-0.10431927597131575
stgt2bwysexroszj1fsfw7m2	1	2	182	16	0	Go	GAL	1	1	0.973	1	1.0	0	0.9253	0.9247127720531316	-0.07955039925972514
stgt2bwysexroszj1fsfw7m2	1	2	185	17	0	Go	GAL	1	1	0.626	1	0.0	1	0.8727	0.8699123094617706	-0.1451726370403287
stgt2bwysexroszj1fsfw7m2	1	2	189	18	0	Go	GAL	1	1	0.564	1	0.0	1	0.9069	0.9027857870527716	-0.10474766066393858
stgt2bwysexroszj1fsfw7m2	1	2	194	19	0	Go	GAL	1	1	0.484	1	0.0	1	0.9252	0.925491644652071	-0.07891068518196967
stgt2bwysexroszj1fsfw7m2	1	2	199	20	0	Go	GAL	1	1	0.594	1	0.0	1	0.9454	0.9417590274534124	-0.060985631835670094
stgt2bwysexroszj1fsfw7m2	1	2	204	21	0	Go	GAL	1	1	0.599	1	1.0	0	0.9532	0.9536870201295647	-0.04810419180322868
stgt2bwysexroszj1fsfw7m2	1	2	207	22	0	Go	GAL	1	1	0.918	1	0.0	1	0.9088	0.9133783269767999	-0.09493473729089956
stgt2bwysexroszj1fsfw7m2	1	2	211	23	0	Go	GAL	1	1	0.541	1	0.0	1	0.9343	0.9346903630228189	-0.06940918055092138
stgt2bwysexroszj1fsfw7m2	1	2	214	24	0	Go	GAL	1	1	0.555	1	0.0	1	0.9498	0.9491937219416084	-0.053245679332234425
stgt2bwysexroszj1fsfw7m2	1	2	217	25	0	Go	GAL	1	1	0.53	1	0.0	1	0.9612	0.9595620414842204	-0.042010470051786264
stgt2bwysexroszj1fsfw7m2	1	2	221	26	0	Go	GAL	1	1	0.535	1	0.0	1	0.9675	0.9671942127511034	-0.03387672934758429
stgt2bwysexroszj1fsfw7m2	1	2	226	27	0	Go	GAL	1	1	0.619	1	0.0	1	0.9741	0.9729281596636192	-0.027835037996371013
stgt2bwysexroszj1fsfw7m2	1	2	232	28	0	Go	GAL	1	1	0.767	1	1.0	0	0.9731	0.9773059137295191	-0.023260453140329346
stgt2bwysexroszj1fsfw7m2	1	2	233	29	0	Go	GAL	1	1	0.456	1	0.0	1	0.9508	0.9516285793617201	-0.0526288454702833
stgt2bwysexroszj1fsfw7m2	1	2	237	30	0	Go	GAL	1	1	0.54	1	0.0	1	0.9621	0.9629230026080355	-0.039057595326133024
stgt2bwysexroszj1fsfw7m2	1	2	124	1	0	No-Go	NGAL	0	0		1	0.0	1	0.4692	0.5291564530349853	-0.6533190512813672
stgt2bwysexroszj1fsfw7m2	1	2	125	2	0	No-Go	NGAL	0	0		1	1.0	0	0.3711	0.6333485870315133	-0.4677396372191078
stgt2bwysexroszj1fsfw7m2	1	2	129	3	0	No-Go	NGAL	0	1	1.118	0	0.0	0	0.4669	0.4687191525074122	-0.7733351760771606
stgt2bwysexroszj1fsfw7m2	1	2	133	4	0	No-Go	NGAL	0	0		1	0.0	1	0.3644	0.6359230922327573	-0.460526821357562
stgt2bwysexroszj1fsfw7m2	1	2	138	5	0	No-Go	NGAL	0	0		1	0.0	1	0.2709	0.7272491109062593	-0.32525938114663144
stgt2bwysexroszj1fsfw7m2	1	2	144	6	0	No-Go	NGAL	0	0		1	0.0	1	0.2056	0.7960320380337851	-0.23322910755251447
stgt2bwysexroszj1fsfw7m2	1	2	147	7	0	No-Go	NGAL	0	0		1	0.0	1	0.1568	0.8471081453861284	-0.16947104768725182
stgt2bwysexroszj1fsfw7m2	1	2	149	8	0	No-Go	NGAL	0	0		1	1.0	0	0.1145	0.8847300230752402	-0.12482907990287367
stgt2bwysexroszj1fsfw7m2	1	2	156	9	0	No-Go	NGAL	0	0		1	0.0	1	0.1665	0.8286333186417407	-0.19118739518373362
stgt2bwysexroszj1fsfw7m2	1	2	157	10	0	No-Go	NGAL	0	0		1	0.0	1	0.1283	0.8726178343775038	-0.13842727383607967
stgt2bwysexroszj1fsfw7m2	1	2	162	11	0	No-Go	NGAL	0	0		1	0.0	1	0.0991	0.9041088442177319	-0.10225522476319093
stgt2bwysexroszj1fsfw7m2	1	2	167	12	0	No-Go	NGAL	0	0		1	0.0	1	0.0755	0.9269529158452402	-0.0768068781529422
stgt2bwysexroszj1fsfw7m2	1	2	170	13	0	No-Go	NGAL	0	0		1	1.0	0	0.0558	0.9436653748388877	-0.05861246759408118
stgt2bwysexroszj1fsfw7m2	1	2	175	14	0	No-Go	NGAL	0	0		1	0.0	1	0.0941	0.9089552033551341	-0.09681021620999647
stgt2bwysexroszj1fsfw7m2	1	2	179	15	0	No-Go	NGAL	0	0		1	0.0	1	0.0653	0.9317361000868896	-0.0714482171258495
stgt2bwysexroszj1fsfw7m2	1	2	184	16	0	No-Go	NGAL	0	0		1	0.0	1	0.0514	0.9477019437092423	-0.05419545537516264
stgt2bwysexroszj1fsfw7m2	1	2	186	17	0	No-Go	NGAL	0	0		1	0.0	1	0.041	0.9592500948838617	-0.041926030894447075
stgt2bwysexroszj1fsfw7m2	1	2	191	18	0	No-Go	NGAL	0	0		1	0.0	1	0.0313	0.967751033739493	-0.033004160959304994
stgt2bwysexroszj1fsfw7m2	1	2	193	19	0	No-Go	NGAL	0	0		1	1.0	0	0.0272	0.9740939213670239	-0.026408430704142817
stgt2bwysexroszj1fsfw7m2	1	2	197	20	0	No-Go	NGAL	0	0		1	0.0	1	0.0466	0.9541248361442949	-0.04770744507987575
stgt2bwysexroszj1fsfw7m2	1	2	202	21	0	No-Go	NGAL	0	0		1	0.0	1	0.0325	0.9649828573153831	-0.03596306172671218
stgt2bwysexroszj1fsfw7m2	1	2	205	22	0	No-Go	NGAL	0	0		1	0.0	1	0.0268	0.9724202929278776	-0.028167718253990295
stgt2bwysexroszj1fsfw7m2	1	2	212	23	0	No-Go	NGAL	0	0		1	0.0	1	0.024	0.9778089243082366	-0.02258311170358724
stgt2bwysexroszj1fsfw7m2	1	2	213	24	0	No-Go	NGAL	0	0		1	1.0	0	0.0192	0.9818214297978691	-0.018453658141489058
stgt2bwysexroszj1fsfw7m2	1	2	220	25	0	No-Go	NGAL	0	0		1	0.0	1	0.0352	0.9657355789057398	-0.035692957159094325
stgt2bwysexroszj1fsfw7m2	1	2	223	26	0	No-Go	NGAL	0	0		1	0.0	1	0.0246	0.9738399041883197	-0.02681981249013734
stgt2bwysexroszj1fsfw7m2	1	2	225	27	0	No-Go	NGAL	0	0		1	0.0	1	0.0183	0.9792035036343821	-0.02120109315445904
stgt2bwysexroszj1fsfw7m2	1	2	231	28	0	No-Go	NGAL	0	0		1	1.0	0	0.0161	0.9830410657510685	-0.017233714575709786
stgt2bwysexroszj1fsfw7m2	1	2	235	29	0	No-Go	NGAL	0	0		1	0.0	1	0.0313	0.9670076016932401	-0.034681298757042664
stgt2bwysexroszj1fsfw7m2	1	2	239	30	0	No-Go	NGAL	0	0		1	0.0	1	0.0249	0.9751228108576634	-0.025593803743265517
stgt2bwysexroszj1fsfw7m2	1	2	122	1	1	Go	GW	1	1	0.683	1	0.0	1	0.6029	0.6040249212603658	-0.5220217704941644
stgt2bwysexroszj1fsfw7m2	1	2	128	2	1	Go	GW	1	1	0.728	1	0.0	1	0.7184	0.7181013864091802	-0.3405360848777729
stgt2bwysexroszj1fsfw7m2	1	2	130	3	1	Go	GW	1	1	0.824	1	0.0	1	0.7942	0.7963743263722658	-0.23465093662721642
stgt2bwysexroszj1fsfw7m2	1	2	136	4	1	Go	GW	1	1	0.512	1	1.0	0	0.8502	0.8504835745747771	-0.16688219180754404
stgt2bwysexroszj1fsfw7m2	1	2	140	5	1	Go	GW	1	1	0.535	1	0.0	1	0.7776	0.7744934590537751	-0.2626082593109823
stgt2bwysexroszj1fsfw7m2	1	2	142	6	1	Go	GW	1	1	0.46	1	1.0	0	0.8349	0.8366723611613012	-0.18374335637342867
stgt2bwysexroszj1fsfw7m2	1	2	145	7	1	Go	GW	1	1	0.483	1	0.0	1	0.7604	0.7555899862406675	-0.29004221774488936
stgt2bwysexroszj1fsfw7m2	1	2	151	8	1	Go	GW	1	1	0.459	1	0.0	1	0.8129	0.8240404218219388	-0.20022840862519728
stgt2bwysexroszj1fsfw7m2	1	2	155	9	1	Go	GW	1	1	0.482	1	0.0	1	0.8679	0.8698434934493074	-0.14433256867185937
stgt2bwysexroszj1fsfw7m2	1	2	158	10	1	Go	GW	1	1	0.445	1	0.0	1	0.8988	0.9018440127736452	-0.10673778547685817
stgt2bwysexroszj1fsfw7m2	1	2	163	11	1	Go	GW	1	1	0.621	1	0.0	1	0.9244	0.9247583614038355	-0.08057431301624979
stgt2bwysexroszj1fsfw7m2	1	2	166	12	1	Go	GW	1	1	0.519	1	0.0	1	0.9416	0.9414525023335311	-0.06193807684564632
stgt2bwysexroszj1fsfw7m2	1	2	172	13	1	Go	GW	1	1	0.419	1	0.0	1	0.9533	0.9537883128417194	-0.04841471913767352
stgt2bwysexroszj1fsfw7m2	1	2	174	14	1	Go	GW	1	1	0.432	1	1.0	0	0.9637	0.9630180729372101	-0.03844435002072352
stgt2bwysexroszj1fsfw7m2	1	2	180	15	1	Go	GW	1	1	0.441	1	0.0	1	0.929	0.9332621485754842	-0.07156766217603412
stgt2bwysexroszj1fsfw7m2	1	2	183	16	1	Go	GW	1	1	0.442	1	1.0	0	0.9501	0.9498510695341834	-0.05267066017618766
stgt2bwysexroszj1fsfw7m2	1	2	188	17	1	Go	GW	1	1	0.499	1	0.0	1	0.9094	0.9104899566565038	-0.09969073421334583
stgt2bwysexroszj1fsfw7m2	1	2	190	18	1	Go	GW	1	1	0.512	1	0.0	1	0.9363	0.9355215371102477	-0.06872662802018567
stgt2bwysexroszj1fsfw7m2	1	2	195	19	1	Go	GW	1	1	0.443	1	0.0	1	0.9524	0.9509840911269768	-0.05152093169180917
stgt2bwysexroszj1fsfw7m2	1	2	198	20	1	Go	GW	1	1	0.468	1	0.0	1	0.9627	0.9615833818466882	-0.04002319125359715
stgt2bwysexroszj1fsfw7m2	1	2	201	21	1	Go	GW	1	1	0.419	1	0.0	1	0.9715	0.9692280124847684	-0.03184703104947057
stgt2bwysexroszj1fsfw7m2	1	2	206	22	1	Go	GW	1	1	0.567	1	0.0	1	0.9766	0.9749066782265072	-0.025835783420901932
stgt2bwysexroszj1fsfw7m2	1	2	209	23	1	Go	GW	1	1	0.491	1	0.0	1	0.9803	0.9792112412367493	-0.02131633343045218
stgt2bwysexroszj1fsfw7m2	1	2	215	24	1	Go	GW	1	1	0.477	1	1.0	0	0.9816	0.9825251440658425	-0.01786042199802659
stgt2bwysexroszj1fsfw7m2	1	2	218	25	1	Go	GW	1	1	0.735	1	0.0	1	0.9645	0.9634271184231468	-0.03913345639465876
stgt2bwysexroszj1fsfw7m2	1	2	224	26	1	Go	GW	1	1	0.5	1	0.0	1	0.9716	0.9726574548688439	-0.028364625122482015
stgt2bwysexroszj1fsfw7m2	1	2	227	27	1	Go	GW	1	0		0	0.0	0	0.9778	0.02175687975320573	-4.698942873641391
stgt2bwysexroszj1fsfw7m2	1	2	229	28	1	Go	GW	1	1	0.391	1	0.0	1	0.985	0.9860803704890523	-0.014167638434259111
stgt2bwysexroszj1fsfw7m2	1	2	234	29	1	Go	GW	1	1	0.399	1	1.0	0	0.9892	0.9885509604003994	-0.011622535214319439
stgt2bwysexroszj1fsfw7m2	1	2	238	30	1	Go	GW	1	1	0.392	1	0.0	1	0.9751	0.9762619619302951	-0.024620945757254837
stgt2bwysexroszj1fsfw7m2	1	2	121	1	1	No-Go	NGW	0	1	0.676	0	0.0	0	0.6074	0.6040249212603658	-0.5220217704941644
stgt2bwysexroszj1fsfw7m2	1	2	127	2	1	No-Go	NGW	0	0		1	1.0	0	0.4882	0.5013365571764126	-0.7187767116550583
stgt2bwysexroszj1fsfw7m2	1	2	131	3	1	No-Go	NGW	0	0		1	0.0	1	0.5959	0.39597507873963433	-0.965598546783415
stgt2bwysexroszj1fsfw7m2	1	2	135	4	1	No-Go	NGW	0	0		1	0.0	1	0.4889	0.5102876508628059	-0.7027744547991951
stgt2bwysexroszj1fsfw7m2	1	2	139	5	1	No-Go	NGW	0	0		1	0.0	1	0.3877	0.6117451004996364	-0.5148805092612173
stgt2bwysexroszj1fsfw7m2	1	2	143	6	1	No-Go	NGW	0	0		1	1.0	0	0.2997	0.6963901590589282	-0.3785734304091644
stgt2bwysexroszj1fsfw7m2	1	2	148	7	1	No-Go	NGW	0	0		1	0.0	1	0.4116	0.5869298085647688	-0.5525982210681296
stgt2bwysexroszj1fsfw7m2	1	2	152	8	1	No-Go	NGW	0	0		1	0.0	1	0.3234	0.6788738839599764	-0.4023939163426146
stgt2bwysexroszj1fsfw7m2	1	2	154	9	1	No-Go	NGW	0	0		1	0.0	1	0.2439	0.7518726866158165	-0.2958206113017037
stgt2bwysexroszj1fsfw7m2	1	2	159	10	1	No-Go	NGW	0	0		1	0.0	1	0.1913	0.8086793608277761	-0.21943730611427212
stgt2bwysexroszj1fsfw7m2	1	2	161	11	1	No-Go	NGW	0	0		1	0.0	1	0.1448	0.8522595186635271	-0.16444186646170758
stgt2bwysexroszj1fsfw7m2	1	2	165	12	1	No-Go	NGW	0	0		1	0.0	1	0.1168	0.8853992760839566	-0.12463272406066082
stgt2bwysexroszj1fsfw7m2	1	2	169	13	1	No-Go	NGW	0	0		1	0.0	1	0.0859	0.9104957771978576	-0.09561860626038242
stgt2bwysexroszj1fsfw7m2	1	2	173	14	1	No-Go	NGW	0	0		1	0.0	1	0.0715	0.9294919588972466	-0.07430147157807654
stgt2bwysexroszj1fsfw7m2	1	2	177	15	1	No-Go	NGW	0	0		1	1.0	0	0.0531	0.9439026586418786	-0.05850043756434972
stgt2bwysexroszj1fsfw7m2	1	2	181	16	1	No-Go	NGW	0	0		1	0.0	1	0.0972	0.9009447644365871	-0.10665247939252868
stgt2bwysexroszj1fsfw7m2	1	2	187	17	1	No-Go	NGW	0	0		1	0.0	1	0.0702	0.9242441793648243	-0.07986947128699269
stgt2bwysexroszj1fsfw7m2	1	2	192	18	1	No-Go	NGW	0	0		1	0.0	1	0.0579	0.9407319211295471	-0.06180147091538811
stgt2bwysexroszj1fsfw7m2	1	2	196	19	1	No-Go	NGW	0	0		1	1.0	0	0.0456	0.9528384998475294	-0.04879736102270525
stgt2bwysexroszj1fsfw7m2	1	2	200	20	1	No-Go	NGW	0	0		1	0.0	1	0.0823	0.9124476762738275	-0.09499942304796131
stgt2bwysexroszj1fsfw7m2	1	2	203	21	1	No-Go	NGW	0	0		1	1.0	0	0.0682	0.9338410002819348	-0.06967320122710058
stgt2bwysexroszj1fsfw7m2	1	2	208	22	1	No-Go	NGW	0	0		1	0.0	1	0.1157	0.8816728213018694	-0.13513060347699563
stgt2bwysexroszj1fsfw7m2	1	2	210	23	1	No-Go	NGW	0	0		1	0.0	1	0.09	0.9129525425030847	-0.09372429173113511
stgt2bwysexroszj1fsfw7m2	1	2	216	24	1	No-Go	NGW	0	0		1	0.0	1	0.0671	0.9338148541965989	-0.0697685651800302
stgt2bwysexroszj1fsfw7m2	1	2	219	25	1	No-Go	NGW	0	0		1	0.0	1	0.0498	0.9483859786172688	-0.053767647984425494
stgt2bwysexroszj1fsfw7m2	1	2	222	26	1	No-Go	NGW	0	0		1	0.0	1	0.0396	0.9589181436953184	-0.04246518789818641
stgt2bwysexroszj1fsfw7m2	1	2	228	27	1	No-Go	NGW	0	0		1	1.0	0	0.0311	0.9667137609061872	-0.03422062334314393
stgt2bwysexroszj1fsfw7m2	1	2	230	28	1	No-Go	NGW	0	0		1	0.0	1	0.0706	0.9336189569497474	-0.07210250809499674
stgt2bwysexroszj1fsfw7m2	1	2	236	29	1	No-Go	NGW	0	0		1	0.0	1	0.0523	0.9498077080012954	-0.05279650332930181
stgt2bwysexroszj1fsfw7m2	1	2	240	30	1	No-Go	NGW	0	0		1	0.0	1	0.0375	0.9606216848739079	-0.040905893913908004
stgt2bwysexroszj1fsfw7m2	1	1	1	1	1	No-Go	NGW	0	0		1	0.0	1	0.6064	0.39597507873963433	-0.965598546783415
stgt2bwysexroszj1fsfw7m2	1	1	5	2	1	No-Go	NGW	0	0		1	1.0	0	0.498	0.5013365571764126	-0.7187767116550583
stgt2bwysexroszj1fsfw7m2	1	1	11	3	1	No-Go	NGW	0	1	0.978	0	0.0	0	0.6047	0.6125920143455372	-0.5078579209922919
stgt2bwysexroszj1fsfw7m2	1	1	15	4	1	No-Go	NGW	0	1	0.574	0	0.0	0	0.504	0.5078166412460403	-0.7047869196742005
stgt2bwysexroszj1fsfw7m2	1	1	19	5	1	No-Go	NGW	0	1	0.815	0	0.0	0	0.4144	0.41130409042732047	-0.9320505588055659
stgt2bwysexroszj1fsfw7m2	1	1	23	6	1	No-Go	NGW	0	1	1.014	0	1.0	1	0.3233	0.3283205901541285	-1.1774224903257162
stgt2bwysexroszj1fsfw7m2	1	1	26	7	1	No-Go	NGW	0	1	0.706	0	0.0	0	0.4855	0.4783229722184686	-0.7679857021877311
stgt2bwysexroszj1fsfw7m2	1	1	30	8	1	No-Go	NGW	0	0		1	0.0	1	0.3737	0.6182494518280527	-0.496894597849181
stgt2bwysexroszj1fsfw7m2	1	1	33	9	1	No-Go	NGW	0	1	0.568	0	0.0	0	0.2856	0.286139813078112	-1.3096248840744007
stgt2bwysexroszj1fsfw7m2	1	1	38	10	1	No-Go	NGW	0	0		1	0.0	1	0.2161	0.7812253990491291	-0.2533152310690228
stgt2bwysexroszj1fsfw7m2	1	1	42	11	1	No-Go	NGW	0	1	1.007	0	0.0	0	0.1603	0.16036471852769915	-1.9652125503388267
stgt2bwysexroszj1fsfw7m2	1	1	47	12	1	No-Go	NGW	0	0		1	0.0	1	0.1235	0.8788281760686834	-0.13206650709925433
stgt2bwysexroszj1fsfw7m2	1	1	50	13	1	No-Go	NGW	0	0		1	0.0	1	0.0858	0.9113402259769279	-0.09472004433349253
stgt2bwysexroszj1fsfw7m2	1	1	54	14	1	No-Go	NGW	0	0		1	0.0	1	0.0693	0.9343013617432376	-0.06915178610877538
stgt2bwysexroszj1fsfw7m2	1	1	57	15	1	No-Go	NGW	0	0		1	1.0	0	0.0504	0.950676052080385	-0.05133765906066531
stgt2bwysexroszj1fsfw7m2	1	1	63	16	1	No-Go	NGW	0	0		1	0.0	1	0.0777	0.9195327762137231	-0.08523874893609201
stgt2bwysexroszj1fsfw7m2	1	1	66	17	1	No-Go	NGW	0	0		1	0.0	1	0.0615	0.9412489455837978	-0.06136251128182329
stgt2bwysexroszj1fsfw7m2	1	1	71	18	1	No-Go	NGW	0	0		1	0.0	1	0.0468	0.9560895640194165	-0.04543290191883248
stgt2bwysexroszj1fsfw7m2	1	1	73	19	1	No-Go	NGW	0	0		1	1.0	0	0.0361	0.9665928116103499	-0.0343238532952108
stgt2bwysexroszj1fsfw7m2	1	1	78	20	1	No-Go	NGW	0	1	0.672	0	0.0	0	0.0611	0.05756120113776482	-3.0682283251148057
stgt2bwysexroszj1fsfw7m2	1	1	84	21	1	No-Go	NGW	0	0		1	1.0	0	0.0419	0.9567810688216527	-0.044785162731505124
stgt2bwysexroszj1fsfw7m2	1	1	87	22	1	No-Go	NGW	0	1	0.972	0	0.0	0	0.0715	0.07225325986249906	-2.8628966953867936
stgt2bwysexroszj1fsfw7m2	1	1	90	23	1	No-Go	NGW	0	0		1	0.0	1	0.0555	0.9440228960013232	-0.05967665103988494
stgt2bwysexroszj1fsfw7m2	1	1	96	24	1	No-Go	NGW	0	0		1	0.0	1	0.0359	0.9620356661856837	-0.03912946522205898
stgt2bwysexroszj1fsfw7m2	1	1	99	25	1	No-Go	NGW	0	0		1	0.0	1	0.0281	0.9726584635547795	-0.02794779832318691
stgt2bwysexroszj1fsfw7m2	1	1	103	26	1	No-Go	NGW	0	0		1	0.0	1	0.0191	0.9796538170092992	-0.02069599249166747
stgt2bwysexroszj1fsfw7m2	1	1	108	27	1	No-Go	NGW	0	0		1	1.0	0	0.015	0.9844974309991472	-0.01571522514696787
stgt2bwysexroszj1fsfw7m2	1	1	110	28	1	No-Go	NGW	0	0		1	0.0	1	0.0268	0.9718642657534592	-0.028938284068769658
stgt2bwysexroszj1fsfw7m2	1	1	116	29	1	No-Go	NGW	0	0		1	0.0	1	0.0211	0.9797475903122916	-0.020617461282933527
stgt2bwysexroszj1fsfw7m2	1	1	117	30	1	No-Go	NGW	0	0		1	0.0	1	0.0155	0.9847761090373337	-0.015434231680100902
stgt2bwysexroszj1fsfw7m2	1	1	4	1	0	Go	GAL	1	0		0	0.0	0	0.4753	0.5291564530349853	-0.6533190512813672
stgt2bwysexroszj1fsfw7m2	1	1	7	2	0	Go	GAL	1	0		0	0.0	0	0.5743	0.4317263241491659	-0.8637355025297231
stgt2bwysexroszj1fsfw7m2	1	1	10	3	0	Go	GAL	1	0		0	0.0	0	0.6455	0.3469972909787002	-1.1048930423847618
stgt2bwysexroszj1fsfw7m2	1	1	14	4	0	Go	GAL	1	0		0	1.0	1	0.725	0.27736277898016726	-1.3654068744175063
stgt2bwysexroszj1fsfw7m2	1	1	17	5	0	Go	GAL	1	0		0	0.0	0	0.6086	0.3876468033656958	-0.9838305219866949
stgt2bwysexroszj1fsfw7m2	1	1	24	6	0	Go	GAL	1	0		0	1.0	1	0.6964	0.3097254844843008	-1.247702793509455
stgt2bwysexroszj1fsfw7m2	1	1	27	7	0	Go	GAL	1	0		0	0.0	0	0.5788	0.42151136353564117	-0.9140623649231072
stgt2bwysexroszj1fsfw7m2	1	1	29	8	0	Go	GAL	1	1	0.572	1	0.0	1	0.6642	0.6614890343286997	-0.4359040914119486
stgt2bwysexroszj1fsfw7m2	1	1	36	9	0	Go	GAL	1	1	0.894	1	0.0	1	0.75	0.7479701768806836	-0.3038239431213432
stgt2bwysexroszj1fsfw7m2	1	1	37	10	0	Go	GAL	1	1	0.613	1	0.0	1	0.8076	0.8124439477303221	-0.21613142589388276
stgt2bwysexroszj1fsfw7m2	1	1	41	11	0	Go	GAL	1	1	0.766	1	0.0	1	0.8652	0.8597660999223997	-0.1564177404507526
stgt2bwysexroszj1fsfw7m2	1	1	46	12	0	Go	GAL	1	1	0.561	1	0.0	1	0.8938	0.894300529307734	-0.11509035375137606
stgt2bwysexroszj1fsfw7m2	1	1	52	13	0	Go	GAL	1	1	0.625	1	1.0	0	0.9257	0.9195072728057511	-0.08607629594126934
stgt2bwysexroszj1fsfw7m2	1	1	56	14	0	Go	GAL	1	1	0.593	1	0.0	1	0.8615	0.8685016956433741	-0.14603150927407496
stgt2bwysexroszj1fsfw7m2	1	1	59	15	0	Go	GAL	1	1	0.647	1	0.0	1	0.9053	0.9026105054877261	-0.10529752905181253
stgt2bwysexroszj1fsfw7m2	1	1	62	16	0	Go	GAL	1	1	0.528	1	1.0	0	0.9272	0.9263830287278424	-0.0782594346285312
stgt2bwysexroszj1fsfw7m2	1	1	65	17	0	Go	GAL	1	1	0.602	1	0.0	1	0.879	0.8766471550912154	-0.13778430906921532
stgt2bwysexroszj1fsfw7m2	1	1	69	18	0	Go	GAL	1	1	0.939	1	0.0	1	0.9075	0.9096376389071827	-0.09754621363165829
stgt2bwysexroszj1fsfw7m2	1	1	76	19	0	Go	GAL	1	1	0.649	1	0.0	1	0.9341	0.9320284850284041	-0.07208198610358979
stgt2bwysexroszj1fsfw7m2	1	1	79	20	0	Go	GAL	1	1	0.611	1	0.0	1	0.9483	0.9478149636784273	-0.054678716576558484
stgt2bwysexroszj1fsfw7m2	1	1	82	21	0	Go	GAL	1	1	0.633	1	1.0	0	0.9613	0.9592117935115586	-0.04236736562612283
stgt2bwysexroszj1fsfw7m2	1	1	85	22	0	Go	GAL	1	1	0.637	1	0.0	1	0.9259	0.9253715891023588	-0.08113706215192962
stgt2bwysexroszj1fsfw7m2	1	1	91	23	0	Go	GAL	1	1	0.496	1	0.0	1	0.945	0.9446345618357054	-0.058550743809288826
stgt2bwysexroszj1fsfw7m2	1	1	94	24	0	Go	GAL	1	1	0.567	1	0.0	1	0.9549	0.9575269887083483	-0.04434859539133923
stgt2bwysexroszj1fsfw7m2	1	1	97	25	0	Go	GAL	1	1	0.634	1	0.0	1	0.9653	0.9666308846661359	-0.034559141794462477
stgt2bwysexroszj1fsfw7m2	1	1	101	26	0	Go	GAL	1	1	0.507	1	0.0	1	0.9703	0.973258527912241	-0.027536764767863993
stgt2bwysexroszj1fsfw7m2	1	1	106	27	0	Go	GAL	1	1	0.639	1	0.0	1	0.9788	0.9781862034066527	-0.02236914477232884
stgt2bwysexroszj1fsfw7m2	1	1	109	28	0	Go	GAL	1	1	0.611	1	1.0	0	0.9808	0.9819113577780471	-0.01849232364932696
stgt2bwysexroszj1fsfw7m2	1	1	115	29	0	Go	GAL	1	1	0.595	1	0.0	1	0.9649	0.9617807654069569	-0.04115813087730786
stgt2bwysexroszj1fsfw7m2	1	1	119	30	0	Go	GAL	1	1	0.588	1	0.0	1	0.9723	0.9711154344156608	-0.030192826298610906
stgt2bwysexroszj1fsfw7m2	1	1	2	1	0	No-Go	NGAL	0	0		1	0.0	1	0.4652	0.5291564530349853	-0.6533190512813672
stgt2bwysexroszj1fsfw7m2	1	1	6	2	0	No-Go	NGAL	0	0		1	1.0	0	0.3667	0.6333485870315133	-0.4677396372191078
stgt2bwysexroszj1fsfw7m2	1	1	9	3	0	No-Go	NGAL	0	0		1	0.0	1	0.4684	0.5312808474925877	-0.6447656719805027
stgt2bwysexroszj1fsfw7m2	1	1	13	4	0	No-Go	NGAL	0	0		1	0.0	1	0.3663	0.6357629853422185	-0.4608280954418487
stgt2bwysexroszj1fsfw7m2	1	1	20	5	0	No-Go	NGAL	0	0		1	0.0	1	0.2754	0.7204561876170493	-0.33415491365885763
stgt2bwysexroszj1fsfw7m2	1	1	22	6	0	No-Go	NGAL	0	0		1	0.0	1	0.2111	0.7863547838532938	-0.24498157154640007
stgt2bwysexroszj1fsfw7m2	1	1	28	7	0	No-Go	NGAL	0	0		1	0.0	1	0.1671	0.836530905107253	-0.18172621805752612
stgt2bwysexroszj1fsfw7m2	1	1	31	8	0	No-Go	NGAL	0	0		1	1.0	0	0.1238	0.8742846211764529	-0.13654638089204887
stgt2bwysexroszj1fsfw7m2	1	1	34	9	0	No-Go	NGAL	0	1	1.153	0	0.0	0	0.1987	0.19118593080047608	-1.719113221007358
stgt2bwysexroszj1fsfw7m2	1	1	39	10	0	No-Go	NGAL	0	1	0.836	0	0.0	0	0.1342	0.13390894998768604	-2.105972973522157
stgt2bwysexroszj1fsfw7m2	1	1	44	11	0	No-Go	NGAL	0	1	0.997	0	0.0	0	0.0973	0.09556083187704154	-2.4875273723962397
stgt2bwysexroszj1fsfw7m2	1	1	45	12	0	No-Go	NGAL	0	0		1	0.0	1	0.0738	0.9306478742536608	-0.07281281990321556
stgt2bwysexroszj1fsfw7m2	1	1	49	13	0	No-Go	NGAL	0	0		1	1.0	0	0.0536	0.9488462483867995	-0.053117098137891255
stgt2bwysexroszj1fsfw7m2	1	1	55	14	0	No-Go	NGAL	0	1	1.294	0	0.0	0	0.0805	0.0796669013302686	-2.70037131703437
stgt2bwysexroszj1fsfw7m2	1	1	58	15	0	No-Go	NGAL	0	0		1	0.0	1	0.0566	0.9412027508817424	-0.061352727739988115
stgt2bwysexroszj1fsfw7m2	1	1	61	16	0	No-Go	NGAL	0	0		1	0.0	1	0.0431	0.9576282676373409	-0.043730254806940344
stgt2bwysexroszj1fsfw7m2	1	1	68	17	0	No-Go	NGAL	0	0		1	0.0	1	0.0295	0.9686240287730249	-0.03215189732180666
stgt2bwysexroszj1fsfw7m2	1	1	70	18	0	No-Go	NGAL	0	0		1	0.0	1	0.0224	0.9763178429019334	-0.024140684155461094
stgt2bwysexroszj1fsfw7m2	1	1	75	19	0	No-Go	NGAL	0	0		1	1.0	0	0.0184	0.9818238416097269	-0.018455237018030927
stgt2bwysexroszj1fsfw7m2	1	1	80	20	0	No-Go	NGAL	0	0		1	0.0	1	0.0316	0.9699250008007925	-0.030794246656135286
stgt2bwysexroszj1fsfw7m2	1	1	81	21	0	No-Go	NGAL	0	0		1	0.0	1	0.0224	0.9776772916021997	-0.022720232384433395
stgt2bwysexroszj1fsfw7m2	1	1	86	22	0	No-Go	NGAL	0	0		1	0.0	1	0.0163	0.9829736636792735	-0.017264469387674463
stgt2bwysexroszj1fsfw7m2	1	1	92	23	0	No-Go	NGAL	0	0		1	0.0	1	0.0118	0.9867578301409264	-0.013390583746451367
stgt2bwysexroszj1fsfw7m2	1	1	93	24	0	No-Go	NGAL	0	0		1	1.0	0	0.0085	0.9895245388194089	-0.010571192493461857
stgt2bwysexroszj1fsfw7m2	1	1	100	25	0	No-Go	NGAL	0	0		1	0.0	1	0.0159	0.9816594089619277	-0.018646917765033903
stgt2bwysexroszj1fsfw7m2	1	1	104	26	0	No-Go	NGAL	0	0		1	0.0	1	0.0131	0.9861821337977245	-0.013980551130885425
stgt2bwysexroszj1fsfw7m2	1	1	105	27	0	No-Go	NGAL	0	0		1	0.0	1	0.0109	0.9892359302447032	-0.010864530672186025
stgt2bwysexroszj1fsfw7m2	1	1	111	28	0	No-Go	NGAL	0	0		1	1.0	0	0.0084	0.991431188510701	-0.00863441974562414
stgt2bwysexroszj1fsfw7m2	1	1	114	29	0	No-Go	NGAL	0	0		1	0.0	1	0.0129	0.9843960048318342	-0.015865719218599333
stgt2bwysexroszj1fsfw7m2	1	1	118	30	0	No-Go	NGAL	0	0		1	0.0	1	0.012	0.9883053266875349	-0.011821965293536792
stgt2bwysexroszj1fsfw7m2	1	1	3	1	1	Go	GW	1	1	0.82	1	0.0	1	0.6015	0.6040249212603658	-0.5220217704941644
stgt2bwysexroszj1fsfw7m2	1	1	8	2	1	Go	GW	1	1	0.932	1	0.0	1	0.7146	0.7181013864091802	-0.3405360848777729
stgt2bwysexroszj1fsfw7m2	1	1	12	3	1	Go	GW	1	1	0.879	1	0.0	1	0.7903	0.7963743263722658	-0.23465093662721642
stgt2bwysexroszj1fsfw7m2	1	1	16	4	1	Go	GW	1	1	0.932	1	1.0	0	0.8532	0.8504835745747771	-0.16688219180754404
stgt2bwysexroszj1fsfw7m2	1	1	18	5	1	Go	GW	1	0		0	0.0	0	0.7803	0.22550654094622483	-1.5887768918747716
stgt2bwysexroszj1fsfw7m2	1	1	21	6	1	Go	GW	1	1	0.545	1	1.0	0	0.8401	0.839010209008861	-0.17999256501363944
stgt2bwysexroszj1fsfw7m2	1	1	25	7	1	Go	GW	1	0		0	0.0	0	0.7618	0.2351772288855022	-1.5290972816288617
stgt2bwysexroszj1fsfw7m2	1	1	32	8	1	Go	GW	1	0		0	0.0	0	0.8321	0.17272467247949208	-1.8655883715593862
stgt2bwysexroszj1fsfw7m2	1	1	35	9	1	Go	GW	1	1	1.12	1	0.0	1	0.8689	0.872224859806202	-0.13940010997860564
stgt2bwysexroszj1fsfw7m2	1	1	40	10	1	Go	GW	1	1	1.276	1	0.0	1	0.9086	0.9130135378140088	-0.09306974381921128
stgt2bwysexroszj1fsfw7m2	1	1	43	11	1	Go	GW	1	1	0.76	1	0.0	1	0.9383	0.938148649642275	-0.06527100598712919
stgt2bwysexroszj1fsfw7m2	1	1	48	12	1	Go	GW	1	1	0.844	1	0.0	1	0.9574	0.9548367793310168	-0.0471607964174737
stgt2bwysexroszj1fsfw7m2	1	1	51	13	1	Go	GW	1	0		0	0.0	0	0.9689	0.033673197118825576	-4.047704051420208
stgt2bwysexroszj1fsfw7m2	1	1	53	14	1	Go	GW	1	1	0.672	1	1.0	0	0.9767	0.9753555778703438	-0.025313452477569245
stgt2bwysexroszj1fsfw7m2	1	1	60	15	1	Go	GW	1	1	1.027	1	0.0	1	0.9613	0.9605404522806119	-0.040896078744569506
stgt2bwysexroszj1fsfw7m2	1	1	64	16	1	Go	GW	1	1	0.62	1	1.0	0	0.9715	0.9713291701184511	-0.029523692076115448
stgt2bwysexroszj1fsfw7m2	1	1	67	17	1	Go	GW	1	1	1.22	1	0.0	1	0.9544	0.9539761869812546	-0.04790726862073705
stgt2bwysexroszj1fsfw7m2	1	1	72	18	1	Go	GW	1	1	1.305	1	0.0	1	0.966	0.9672271464116077	-0.03386063069422833
stgt2bwysexroszj1fsfw7m2	1	1	74	19	1	Go	GW	1	1	0.643	1	0.0	1	0.9748	0.9757509836580391	-0.024912420981398477
stgt2bwysexroszj1fsfw7m2	1	1	77	20	1	Go	GW	1	1	0.582	1	0.0	1	0.9821	0.9816311246540108	-0.018784934754105784
stgt2bwysexroszj1fsfw7m2	1	1	83	21	1	Go	GW	1	1	0.915	1	0.0	1	0.9862	0.9858253620794354	-0.014441562437237187
stgt2bwysexroszj1fsfw7m2	1	1	88	22	1	Go	GW	1	1	0.517	1	0.0	1	0.9891	0.9888856120309644	-0.01128911517798667
stgt2bwysexroszj1fsfw7m2	1	1	89	23	1	Go	GW	1	1	0.731	1	0.0	1	0.9922	0.9911582080086049	-0.008958312616729087
stgt2bwysexroszj1fsfw7m2	1	1	95	24	1	Go	GW	1	1	0.524	1	1.0	0	0.9916	0.9928708895933902	-0.007208200247122449
stgt2bwysexroszj1fsfw7m2	1	1	98	25	1	Go	GW	1	1	0.523	1	0.0	1	0.9882	0.9873024531975075	-0.012899059593583319
stgt2bwysexroszj1fsfw7m2	1	1	102	26	1	Go	GW	1	1	0.484	1	0.0	1	0.9896	0.9903194905850603	-0.009805759916679637
stgt2bwysexroszj1fsfw7m2	1	1	107	27	1	Go	GW	1	1	0.496	1	0.0	1	0.9933	0.9923509421764644	-0.00773291354677106
stgt2bwysexroszj1fsfw7m2	1	1	112	28	1	Go	GW	1	1	0.553	1	0.0	1	0.9945	0.9938314268435404	-0.006226189642331737
stgt2bwysexroszj1fsfw7m2	1	1	113	29	1	Go	GW	1	1	0.52	1	1.0	0	0.995	0.9949448947159315	-0.005095504918080895
stgt2bwysexroszj1fsfw7m2	1	1	120	30	1	Go	GW	1	1	0.775	1	0.0	1	0.989	0.9904214697170483	-0.009704223629406481
t1y3gw8hh5yw5j4dcpvixjkg	1	2	123	1	1	No-Go	NGW	0	0		1	0.0	1	0.642	0.36560659440139176	-1.0812519831419072
t1y3gw8hh5yw5j4dcpvixjkg	1	2	127	2	1	No-Go	NGW	0	1	1.023	0	0.0	0	0.4509	0.4503407949261992	-0.8347152748290183
t1y3gw8hh5yw5j4dcpvixjkg	1	2	130	3	1	No-Go	NGW	0	0		1	0.0	1	0.2831	0.7223244642162395	-0.33572779845520656
t1y3gw8hh5yw5j4dcpvixjkg	1	2	134	4	1	No-Go	NGW	0	0		1	1.0	0	0.1734	0.8290856156404234	-0.19288939794227222
t1y3gw8hh5yw5j4dcpvixjkg	1	2	138	5	1	No-Go	NGW	0	0		1	0.0	1	0.3509	0.6481452762738474	-0.4485191478673693
t1y3gw8hh5yw5j4dcpvixjkg	1	2	141	6	1	No-Go	NGW	0	0		1	0.0	1	0.2132	0.7870758654527432	-0.24554535030904057
t1y3gw8hh5yw5j4dcpvixjkg	1	2	148	7	1	No-Go	NGW	0	0		1	0.0	1	0.1307	0.8677382547613335	-0.14505534337321888
t1y3gw8hh5yw5j4dcpvixjkg	1	2	149	8	1	No-Go	NGW	0	0		1	0.0	1	0.0862	0.9137206819766052	-0.09195854124102348
t1y3gw8hh5yw5j4dcpvixjkg	1	2	156	9	1	No-Go	NGW	0	0		1	1.0	0	0.0623	0.9407624212151943	-0.062024769124435865
t1y3gw8hh5yw5j4dcpvixjkg	1	2	158	10	1	No-Go	NGW	0	0		1	0.0	1	0.1659	0.8362598310382009	-0.18286407950900702
t1y3gw8hh5yw5j4dcpvixjkg	1	2	161	11	1	No-Go	NGW	0	0		1	0.0	1	0.1041	0.8981989582116546	-0.10902012144151378
t1y3gw8hh5yw5j4dcpvixjkg	1	2	165	12	1	No-Go	NGW	0	0		1	0.0	1	0.0691	0.9326811726055152	-0.07056761221072089
t1y3gw8hh5yw5j4dcpvixjkg	1	2	172	13	1	No-Go	NGW	0	0		1	1.0	0	0.0446	0.9528507286971504	-0.048805759371394676
t1y3gw8hh5yw5j4dcpvixjkg	1	2	173	14	1	No-Go	NGW	0	0		1	0.0	1	0.1416	0.8593654733037969	-0.1558161844634437
t1y3gw8hh5yw5j4dcpvixjkg	1	2	179	15	1	No-Go	NGW	0	0		1	0.0	1	0.0827	0.9124905325895015	-0.09298019046787508
t1y3gw8hh5yw5j4dcpvixjkg	1	2	183	16	1	No-Go	NGW	0	0		1	1.0	0	0.0592	0.9417085028754817	-0.0607307725714834
t1y3gw8hh5yw5j4dcpvixjkg	1	2	188	17	1	No-Go	NGW	0	0		1	0.0	1	0.1633	0.8323970805564124	-0.19118198166643105
t1y3gw8hh5yw5j4dcpvixjkg	1	2	189	18	1	No-Go	NGW	0	0		1	0.0	1	0.0989	0.8984778637928738	-0.10911571850993267
t1y3gw8hh5yw5j4dcpvixjkg	1	2	195	19	1	No-Go	NGW	0	0		1	0.0	1	0.0643	0.9341497538050513	-0.06897262786254957
t1y3gw8hh5yw5j4dcpvixjkg	1	2	199	20	1	No-Go	NGW	0	0		1	0.0	1	0.0465	0.9543902149216698	-0.047134385493183474
t1y3gw8hh5yw5j4dcpvixjkg	1	2	202	21	1	No-Go	NGW	0	0		1	0.0	1	0.0323	0.9665871570033272	-0.03425615762848206
t1y3gw8hh5yw5j4dcpvixjkg	1	2	208	22	1	No-Go	NGW	0	0		1	1.0	0	0.0281	0.9743414500652587	-0.026172301944766413
t1y3gw8hh5yw5j4dcpvixjkg	1	2	211	23	1	No-Go	NGW	0	0		1	0.0	1	0.0864	0.9103757460158977	-0.09658856417209223
t1y3gw8hh5yw5j4dcpvixjkg	1	2	215	24	1	No-Go	NGW	0	0		1	0.0	1	0.0596	0.9420000102312409	-0.060664803459136274
t1y3gw8hh5yw5j4dcpvixjkg	1	2	217	25	1	No-Go	NGW	0	0		1	0.0	1	0.0409	0.9596446183044205	-0.041626120081544205
t1y3gw8hh5yw5j4dcpvixjkg	1	2	221	26	1	No-Go	NGW	0	0		1	0.0	1	0.0316	0.9701842973039915	-0.030519440805971593
t1y3gw8hh5yw5j4dcpvixjkg	1	2	227	27	1	No-Go	NGW	0	0		1	0.0	1	0.0229	0.9768661166153529	-0.023568503331937954
t1y3gw8hh5yw5j4dcpvixjkg	1	2	232	28	1	No-Go	NGW	0	0		1	0.0	1	0.0203	0.9813127123215357	-0.018979381695235012
t1y3gw8hh5yw5j4dcpvixjkg	1	2	236	29	1	No-Go	NGW	0	1	0.335	0	0.0	0	0.016	0.015609738487279494	-4.509799577344364
t1y3gw8hh5yw5j4dcpvixjkg	1	2	239	30	1	No-Go	NGW	0	0		1	1.0	0	0.0101	0.9915737889385544	-0.008491947892978562
t1y3gw8hh5yw5j4dcpvixjkg	1	2	121	1	0	No-Go	NGAL	0	1	1.382	0	0.0	0	0.6055	0.6061004384268195	-0.5102316476401606
t1y3gw8hh5yw5j4dcpvixjkg	1	2	125	2	0	No-Go	NGAL	0	0		1	1.0	0	0.4184	0.5831298372190633	-0.5535927830753159
t1y3gw8hh5yw5j4dcpvixjkg	1	2	132	3	0	No-Go	NGAL	0	0		1	0.0	1	0.4568	0.5385531338104215	-0.6315318481743956
t1y3gw8hh5yw5j4dcpvixjkg	1	2	136	4	0	No-Go	NGAL	0	0		1	0.0	1	0.2806	0.719055209447985	-0.34015820277530484
t1y3gw8hh5yw5j4dcpvixjkg	1	2	137	5	0	No-Go	NGAL	0	0		1	0.0	1	0.1678	0.8280017041832524	-0.1958191133095444
t1y3gw8hh5yw5j4dcpvixjkg	1	2	144	6	0	No-Go	NGAL	0	0		1	0.0	1	0.1079	0.8901403041022097	-0.12055705272174563
t1y3gw8hh5yw5j4dcpvixjkg	1	2	147	7	0	No-Go	NGAL	0	0		1	0.0	1	0.0711	0.9263354115948412	-0.07889638432759652
t1y3gw8hh5yw5j4dcpvixjkg	1	2	151	8	0	No-Go	NGAL	0	0		1	1.0	0	0.0451	0.9482642792120818	-0.05448328466723037
t1y3gw8hh5yw5j4dcpvixjkg	1	2	155	9	0	No-Go	NGAL	0	0		1	0.0	1	0.0614	0.93582927451787	-0.06773388478387735
t1y3gw8hh5yw5j4dcpvixjkg	1	2	159	10	0	No-Go	NGAL	0	0		1	0.0	1	0.0428	0.9548191654865008	-0.04706145753184138
t1y3gw8hh5yw5j4dcpvixjkg	1	2	163	11	0	No-Go	NGAL	0	0		1	0.0	1	0.0314	0.9666508903068399	-0.03442272076507759
t1y3gw8hh5yw5j4dcpvixjkg	1	2	167	12	0	No-Go	NGAL	0	0		1	0.0	1	0.0274	0.974367701826055	-0.0262859421113113
t1y3gw8hh5yw5j4dcpvixjkg	1	2	169	13	0	No-Go	NGAL	0	0		1	0.0	1	0.0213	0.9795957409974119	-0.02082558622589012
t1y3gw8hh5yw5j4dcpvixjkg	1	2	175	14	0	No-Go	NGAL	0	0		1	0.0	1	0.0161	0.9832522630873873	-0.01703397969438907
t1y3gw8hh5yw5j4dcpvixjkg	1	2	180	15	0	No-Go	NGAL	0	0		1	1.0	0	0.0126	0.9858795357750765	-0.014324735525317584
t1y3gw8hh5yw5j4dcpvixjkg	1	2	181	16	0	No-Go	NGAL	0	0		1	0.0	1	0.0178	0.9811625990572238	-0.019157546827116838
t1y3gw8hh5yw5j4dcpvixjkg	1	2	187	17	0	No-Go	NGAL	0	0		1	0.0	1	0.0145	0.9846257204486203	-0.015589522438765732
t1y3gw8hh5yw5j4dcpvixjkg	1	2	190	18	0	No-Go	NGAL	0	0		1	0.0	1	0.0149	0.9870213167736441	-0.013135192055624016
t1y3gw8hh5yw5j4dcpvixjkg	1	2	196	19	0	No-Go	NGAL	0	0		1	1.0	0	0.0106	0.9887434191456863	-0.011377075504195915
t1y3gw8hh5yw5j4dcpvixjkg	1	2	200	20	0	No-Go	NGAL	0	0		1	0.0	1	0.0182	0.9841390902089635	-0.016113934845370395
t1y3gw8hh5yw5j4dcpvixjkg	1	2	201	21	0	No-Go	NGAL	0	0		1	1.0	0	0.0128	0.9869586806122941	-0.013203267875642365
t1y3gw8hh5yw5j4dcpvixjkg	1	2	206	22	0	No-Go	NGAL	0	0		1	0.0	1	0.0173	0.9806246162487902	-0.01988226612004364
t1y3gw8hh5yw5j4dcpvixjkg	1	2	209	23	0	No-Go	NGAL	0	0		1	0.0	1	0.014	0.984986150672212	-0.015257164431170103
t1y3gw8hh5yw5j4dcpvixjkg	1	2	216	24	0	No-Go	NGAL	0	0		1	0.0	1	0.0129	0.9876512497350471	-0.012500674639665742
t1y3gw8hh5yw5j4dcpvixjkg	1	2	218	25	0	No-Go	NGAL	0	0		1	0.0	1	0.011	0.9894132957803661	-0.010696520683514142
t1y3gw8hh5yw5j4dcpvixjkg	1	2	223	26	0	No-Go	NGAL	0	0		1	0.0	1	0.0088	0.9906453701393916	-0.009441321562646663
t1y3gw8hh5yw5j4dcpvixjkg	1	2	226	27	0	No-Go	NGAL	0	1	0.841	0	1.0	1	0.0083	0.008457636192763159	-5.268673263896408
t1y3gw8hh5yw5j4dcpvixjkg	1	2	231	28	0	No-Go	NGAL	0	0		1	0.0	1	0.0197	0.9791835937077676	-0.021273934148273613
t1y3gw8hh5yw5j4dcpvixjkg	1	2	233	29	0	No-Go	NGAL	0	0		1	0.0	1	0.0192	0.9808099812785905	-0.01958908107163466
t1y3gw8hh5yw5j4dcpvixjkg	1	2	240	30	0	No-Go	NGAL	0	0		1	0.0	1	0.0175	0.982042805891878	-0.01831726363154619
t1y3gw8hh5yw5j4dcpvixjkg	1	2	124	1	0	Go	GAL	1	1	0.88	1	0.0	1	0.6026	0.6061004384268195	-0.5102316476401606
t1y3gw8hh5yw5j4dcpvixjkg	1	2	126	2	0	Go	GAL	1	0		0	0.0	0	0.7697	0.2338617883729083	-1.5231749371636105
t1y3gw8hh5yw5j4dcpvixjkg	1	2	129	3	0	Go	GAL	1	1	0.705	1	1.0	0	0.7941	0.7949027106694212	-0.23617900317138057
t1y3gw8hh5yw5j4dcpvixjkg	1	2	135	4	0	Go	GAL	1	1	0.548	1	0.0	1	0.6212	0.6199620670693855	-0.4866688980366995
t1y3gw8hh5yw5j4dcpvixjkg	1	2	139	5	0	Go	GAL	1	1	0.602	1	0.0	1	0.7747	0.7792959277501164	-0.25571330936640646
t1y3gw8hh5yw5j4dcpvixjkg	1	2	143	6	0	Go	GAL	1	1	1.216	1	0.0	1	0.8673	0.8682664468579729	-0.1452482637694694
t1y3gw8hh5yw5j4dcpvixjkg	1	2	145	7	0	Go	GAL	1	1	0.468	1	0.0	1	0.9161	0.9171098017509208	-0.08876724648876752
t1y3gw8hh5yw5j4dcpvixjkg	1	2	150	8	0	Go	GAL	1	1	0.51	1	0.0	1	0.943	0.9449611829137663	-0.057839723245508644
t1y3gw8hh5yw5j4dcpvixjkg	1	2	154	9	0	Go	GAL	1	1	0.537	1	1.0	0	0.9597	0.9616106912331476	-0.03982932179109528
t1y3gw8hh5yw5j4dcpvixjkg	1	2	160	10	0	Go	GAL	1	1	0.599	1	0.0	1	0.8939	0.8951719020257216	-0.11215814117622405
t1y3gw8hh5yw5j4dcpvixjkg	1	2	164	11	0	Go	GAL	1	1	0.798	1	0.0	1	0.9328	0.9343563006102442	-0.06876146170702419
t1y3gw8hh5yw5j4dcpvixjkg	1	2	166	12	0	Go	GAL	1	1	0.526	1	0.0	1	0.9536	0.9560533524707836	-0.0454646779980116
t1y3gw8hh5yw5j4dcpvixjkg	1	2	171	13	0	Go	GAL	1	1	0.552	1	1.0	0	0.9707	0.9688871313536727	-0.03192502445903414
t1y3gw8hh5yw5j4dcpvixjkg	1	2	176	14	0	Go	GAL	1	1	0.564	1	0.0	1	0.9097	0.9084173953304504	-0.0971315435975167
t1y3gw8hh5yw5j4dcpvixjkg	1	2	177	15	0	Go	GAL	1	1	0.537	1	0.0	1	0.9437	0.9428877023275085	-0.05934585912553076
t1y3gw8hh5yw5j4dcpvixjkg	1	2	182	16	0	Go	GAL	1	1	0.459	1	0.0	1	0.9576	0.9616253771852109	-0.039452531214350973
t1y3gw8hh5yw5j4dcpvixjkg	1	2	185	17	0	Go	GAL	1	1	0.632	1	0.0	1	0.9737	0.9726129371423531	-0.02797142285044896
t1y3gw8hh5yw5j4dcpvixjkg	1	2	192	18	0	Go	GAL	1	1	0.521	1	0.0	1	0.9789	0.9794673205314841	-0.020877864267963887
t1y3gw8hh5yw5j4dcpvixjkg	1	2	194	19	0	Go	GAL	1	1	0.713	1	0.0	1	0.9832	0.9839605104965358	-0.01625808402183935
t1y3gw8hh5yw5j4dcpvixjkg	1	2	197	20	0	Go	GAL	1	1	0.528	1	1.0	0	0.9851	0.9870263611843467	-0.013120585592996706
t1y3gw8hh5yw5j4dcpvixjkg	1	2	204	21	0	Go	GAL	1	1	0.688	1	0.0	1	0.9564	0.954014642397619	-0.04756237660027021
t1y3gw8hh5yw5j4dcpvixjkg	1	2	207	22	0	Go	GAL	1	1	0.678	1	1.0	0	0.9696	0.9691112608255747	-0.03159498355818247
t1y3gw8hh5yw5j4dcpvixjkg	1	2	212	23	0	Go	GAL	1	1	0.524	1	0.0	1	0.9007	0.903316719457024	-0.10427042099142496
t1y3gw8hh5yw5j4dcpvixjkg	1	2	214	24	0	Go	GAL	1	1	0.528	1	0.0	1	0.9389	0.942623928270813	-0.05975594845280013
t1y3gw8hh5yw5j4dcpvixjkg	1	2	219	25	0	Go	GAL	1	1	0.672	1	0.0	1	0.9607	0.9626419372096491	-0.038366023387417264
t1y3gw8hh5yw5j4dcpvixjkg	1	2	222	26	0	Go	GAL	1	1	0.517	1	0.0	1	0.9726	0.9738023851006332	-0.026711068981751077
t1y3gw8hh5yw5j4dcpvixjkg	1	2	225	27	0	Go	GAL	1	1	0.498	1	1.0	0	0.9811	0.9805249307030801	-0.01977118704342955
t1y3gw8hh5yw5j4dcpvixjkg	1	2	229	28	0	Go	GAL	1	1	0.792	1	0.0	1	0.9315	0.933929193948817	-0.06941966062083499
t1y3gw8hh5yw5j4dcpvixjkg	1	2	234	29	0	Go	GAL	1	1	0.452	1	0.0	1	0.9609	0.9583569499040067	-0.04291730090530496
t1y3gw8hh5yw5j4dcpvixjkg	1	2	237	30	0	Go	GAL	1	1	0.576	1	0.0	1	0.9704	0.971487344586418	-0.029121468324186824
t1y3gw8hh5yw5j4dcpvixjkg	1	2	122	1	1	Go	GW	1	0		0	1.0	1	0.6362	0.36560659440139176	-1.0812519831419072
t1y3gw8hh5yw5j4dcpvixjkg	1	2	128	2	1	Go	GW	1	1	0.416	1	0.0	1	0.4443	0.4503407949261992	-0.8347152748290183
t1y3gw8hh5yw5j4dcpvixjkg	1	2	131	3	1	Go	GW	1	1	0.533	1	0.0	1	0.8799	0.8776556557173202	-0.13808625251335438
t1y3gw8hh5yw5j4dcpvixjkg	1	2	133	4	1	Go	GW	1	1	0.46	1	0.0	1	0.9512	0.9552249594175864	-0.047308444619282776
t1y3gw8hh5yw5j4dcpvixjkg	1	2	140	5	1	Go	GW	1	1	0.472	1	0.0	1	0.9787	0.9762590286117886	-0.024440712401259498
t1y3gw8hh5yw5j4dcpvixjkg	1	2	142	6	1	Go	GW	1	1	0.564	1	0.0	1	0.984	0.9839506778692038	-0.01634742922065352
t1y3gw8hh5yw5j4dcpvixjkg	1	2	146	7	1	Go	GW	1	1	0.448	1	0.0	1	0.9877	0.9873340154252648	-0.01284643186961279
t1y3gw8hh5yw5j4dcpvixjkg	1	2	152	8	1	Go	GW	1	1	0.439	1	0.0	1	0.99	0.9890174293616139	-0.011120761865836572
t1y3gw8hh5yw5j4dcpvixjkg	1	2	153	9	1	Go	GW	1	1	0.464	1	0.0	1	0.989	0.9899314986946572	-0.01018909198466251
t1y3gw8hh5yw5j4dcpvixjkg	1	2	157	10	1	Go	GW	1	1	0.418	1	1.0	0	0.9919	0.9904611131089376	-0.009651293598831687
t1y3gw8hh5yw5j4dcpvixjkg	1	2	162	11	1	Go	GW	1	1	0.429	1	1.0	0	0.9568	0.9541452825118153	-0.048892891180277606
t1y3gw8hh5yw5j4dcpvixjkg	1	2	168	12	1	Go	GW	1	1	0.399	1	0.0	1	0.8489	0.8518748415830351	-0.18642380593983446
t1y3gw8hh5yw5j4dcpvixjkg	1	2	170	13	1	Go	GW	1	1	0.442	1	0.0	1	0.9591	0.9598253406739439	-0.04216473530640634
t1y3gw8hh5yw5j4dcpvixjkg	1	2	174	14	1	Go	GW	1	1	0.456	1	0.0	1	0.9799	0.9793314198561329	-0.02117426739103178
t1y3gw8hh5yw5j4dcpvixjkg	1	2	178	15	1	Go	GW	1	1	0.48	1	0.0	1	0.9855	0.9856269215276743	-0.0146125037678945
t1y3gw8hh5yw5j4dcpvixjkg	1	2	184	16	1	Go	GW	1	1	0.422	1	0.0	1	0.9866	0.9882853218473058	-0.0118753868912353
t1y3gw8hh5yw5j4dcpvixjkg	1	2	186	17	1	Go	GW	1	1	0.473	1	0.0	1	0.9902	0.9895888475904175	-0.010541921540832139
t1y3gw8hh5yw5j4dcpvixjkg	1	2	191	18	1	Go	GW	1	1	0.393	1	1.0	0	0.9898	0.9902922658159045	-0.009825253538247562
t1y3gw8hh5yw5j4dcpvixjkg	1	2	193	19	1	Go	GW	1	1	0.449	1	0.0	1	0.9557	0.9532245829402803	-0.04996232749913746
t1y3gw8hh5yw5j4dcpvixjkg	1	2	198	20	1	Go	GW	1	1	0.441	1	0.0	1	0.9797	0.9795056743238476	-0.020993377621038544
t1y3gw8hh5yw5j4dcpvixjkg	1	2	203	21	1	Go	GW	1	1	0.472	1	0.0	1	0.9855	0.9860713444019732	-0.014156364432896943
t1y3gw8hh5yw5j4dcpvixjkg	1	2	205	22	1	Go	GW	1	1	0.489	1	1.0	0	0.9892	0.9886221770756268	-0.011532675684988147
t1y3gw8hh5yw5j4dcpvixjkg	1	2	210	23	1	Go	GW	1	1	0.466	1	0.0	1	0.9424	0.9469097089114126	-0.057069139081527595
t1y3gw8hh5yw5j4dcpvixjkg	1	2	213	24	1	Go	GW	1	1	0.481	1	0.0	1	0.979	0.977649676725555	-0.022948152568211536
t1y3gw8hh5yw5j4dcpvixjkg	1	2	220	25	1	Go	GW	1	1	0.521	1	0.0	1	0.9841	0.9853046781397358	-0.014948761640467654
t1y3gw8hh5yw5j4dcpvixjkg	1	2	224	26	1	Go	GW	1	1	0.83	1	0.0	1	0.9899	0.9882442499365767	-0.011919884174825961
t1y3gw8hh5yw5j4dcpvixjkg	1	2	228	27	1	Go	GW	1	1	0.469	1	0.0	1	0.9875	0.9896146935684472	-0.010517138987114238
t1y3gw8hh5yw5j4dcpvixjkg	1	2	230	28	1	Go	GW	1	1	0.408	1	0.0	1	0.9913	0.9903305572326606	-0.009787335361844054
t1y3gw8hh5yw5j4dcpvixjkg	1	2	235	29	1	Go	GW	1	1	0.513	1	1.0	0	0.9904	0.9907342071689431	-0.009376964323300775
t1y3gw8hh5yw5j4dcpvixjkg	1	2	238	30	1	Go	GW	1	1	0.473	1	0.0	1	0.955	0.9547986692878058	-0.04827623302037488
t1y3gw8hh5yw5j4dcpvixjkg	1	1	4	1	1	No-Go	NGW	0	1	0.761	0	0.0	0	0.6329	0.6343934055986084	-0.48098035808069256
t1y3gw8hh5yw5j4dcpvixjkg	1	1	6	2	1	No-Go	NGW	0	0		1	0.0	1	0.445	0.5496592050738008	-0.6230991358561241
t1y3gw8hh5yw5j4dcpvixjkg	1	1	12	3	1	No-Go	NGW	0	0		1	0.0	1	0.2806	0.7223244642162395	-0.33572779845520656
t1y3gw8hh5yw5j4dcpvixjkg	1	1	13	4	1	No-Go	NGW	0	0		1	1.0	0	0.1671	0.8290856156404234	-0.19288939794227222
t1y3gw8hh5yw5j4dcpvixjkg	1	1	19	5	1	No-Go	NGW	0	0		1	0.0	1	0.3547	0.6481452762738474	-0.4485191478673693
t1y3gw8hh5yw5j4dcpvixjkg	1	1	24	6	1	No-Go	NGW	0	0		1	0.0	1	0.2154	0.7870758654527432	-0.24554535030904057
t1y3gw8hh5yw5j4dcpvixjkg	1	1	28	7	1	No-Go	NGW	0	1	0.957	0	0.0	0	0.1286	0.13226174523866635	-2.1613496370863174
t1y3gw8hh5yw5j4dcpvixjkg	1	1	29	8	1	No-Go	NGW	0	0		1	0.0	1	0.0758	0.9234487317089072	-0.0812496089688036
t1y3gw8hh5yw5j4dcpvixjkg	1	1	36	9	1	No-Go	NGW	0	0		1	1.0	0	0.0506	0.9507077727397393	-0.0514052358096824
t1y3gw8hh5yw5j4dcpvixjkg	1	1	38	10	1	No-Go	NGW	0	0		1	0.0	1	0.1301	0.871810882023107	-0.13963659820800078
t1y3gw8hh5yw5j4dcpvixjkg	1	1	42	11	1	No-Go	NGW	0	0		1	0.0	1	0.0781	0.9243744818685012	-0.07979516547304195
t1y3gw8hh5yw5j4dcpvixjkg	1	1	47	12	1	No-Go	NGW	0	0		1	0.0	1	0.0458	0.9519479279732135	-0.04986947355450983
t1y3gw8hh5yw5j4dcpvixjkg	1	1	50	13	1	No-Go	NGW	0	0		1	1.0	0	0.0313	0.9674461862272714	-0.03344737397039609
t1y3gw8hh5yw5j4dcpvixjkg	1	1	55	14	1	No-Go	NGW	0	0		1	0.0	1	0.0929	0.9065230273041545	-0.09968958450515389
t1y3gw8hh5yw5j4dcpvixjkg	1	1	59	15	1	No-Go	NGW	0	0		1	0.0	1	0.0535	0.9436289286342951	-0.05866495158248013
t1y3gw8hh5yw5j4dcpvixjkg	1	1	63	16	1	No-Go	NGW	0	0		1	1.0	0	0.0367	0.9632114649935274	-0.03782429455147335
t1y3gw8hh5yw5j4dcpvixjkg	1	1	68	17	1	No-Go	NGW	0	1	0.661	0	0.0	0	0.1063	0.10537575068436543	-2.4088713130864257
t1y3gw8hh5yw5j4dcpvixjkg	1	1	72	18	1	No-Go	NGW	0	0		1	0.0	1	0.0657	0.9354709895999324	-0.06761797701325692
t1y3gw8hh5yw5j4dcpvixjkg	1	1	75	19	1	No-Go	NGW	0	0		1	0.0	1	0.0374	0.9625655566476231	-0.038483576182034435
t1y3gw8hh5yw5j4dcpvixjkg	1	1	78	20	1	No-Go	NGW	0	0		1	0.0	1	0.0236	0.9761387193586838	-0.02431764355558373
t1y3gw8hh5yw5j4dcpvixjkg	1	1	82	21	1	No-Go	NGW	0	0		1	0.0	1	0.0145	0.9836407951448944	-0.016589635438114193
t1y3gw8hh5yw5j4dcpvixjkg	1	1	88	22	1	No-Go	NGW	0	0		1	1.0	0	0.0117	0.9881180746160521	-0.012011010158290446
t1y3gw8hh5yw5j4dcpvixjkg	1	1	91	23	1	No-Go	NGW	0	0		1	0.0	1	0.0394	0.9616520526388626	-0.0395063326179853
t1y3gw8hh5yw5j4dcpvixjkg	1	1	93	24	1	No-Go	NGW	0	0		1	0.0	1	0.0235	0.9761980378396362	-0.024251066549866227
t1y3gw8hh5yw5j4dcpvixjkg	1	1	99	25	1	No-Go	NGW	0	0		1	0.0	1	0.0168	0.9839128135084418	-0.01630299437397714
t1y3gw8hh5yw5j4dcpvixjkg	1	1	104	26	1	No-Go	NGW	0	0		1	0.0	1	0.012	0.9883984974039391	-0.011720115881516412
t1y3gw8hh5yw5j4dcpvixjkg	1	1	107	27	1	No-Go	NGW	0	0		1	0.0	1	0.0095	0.9911935300670204	-0.008878234288579161
t1y3gw8hh5yw5j4dcpvixjkg	1	1	109	28	1	No-Go	NGW	0	0		1	0.0	1	0.0073	0.9930302900767755	-0.007016521723300016
t1y3gw8hh5yw5j4dcpvixjkg	1	1	115	29	1	No-Go	NGW	0	0		1	0.0	1	0.005	0.9942890387369087	-0.005743463838607618
t1y3gw8hh5yw5j4dcpvixjkg	1	1	120	30	1	No-Go	NGW	0	0		1	1.0	0	0.0041	0.9951813273414034	-0.004842482052143983
t1y3gw8hh5yw5j4dcpvixjkg	1	1	3	1	0	Go	GAL	1	1	1.176	1	0.0	1	0.6093	0.6061004384268195	-0.5102316476401606
t1y3gw8hh5yw5j4dcpvixjkg	1	1	8	2	0	Go	GAL	1	1	0.985	1	0.0	1	0.7719	0.7661382116270917	-0.2726985468421361
t1y3gw8hh5yw5j4dcpvixjkg	1	1	9	3	0	Go	GAL	1	1	0.945	1	1.0	0	0.8563	0.8584115794843469	-0.15660186118002353
t1y3gw8hh5yw5j4dcpvixjkg	1	1	16	4	0	Go	GAL	1	0		0	0.0	0	0.6917	0.29981722841998154	-1.234890071721429
t1y3gw8hh5yw5j4dcpvixjkg	1	1	20	5	0	Go	GAL	1	0		0	0.0	0	0.737	0.2635885416006955	-1.377794985453618
t1y3gw8hh5yw5j4dcpvixjkg	1	1	23	6	0	Go	GAL	1	1	0.533	1	0.0	1	0.7666	0.7652214135904957	-0.2746075202898833
t1y3gw8hh5yw5j4dcpvixjkg	1	1	26	7	0	Go	GAL	1	1	0.76	1	0.0	1	0.8667	0.8637018463395316	-0.15080607963185655
t1y3gw8hh5yw5j4dcpvixjkg	1	1	30	8	0	Go	GAL	1	1	0.82	1	0.0	1	0.9137	0.9161875655141853	-0.08992465819457433
t1y3gw8hh5yw5j4dcpvixjkg	1	1	34	9	0	Go	GAL	1	1	0.776	1	1.0	0	0.9452	0.9453536151672212	-0.057501578674378356
t1y3gw8hh5yw5j4dcpvixjkg	1	1	37	10	0	Go	GAL	1	1	1.177	1	0.0	1	0.858	0.8640720933076452	-0.14886983672458012
t1y3gw8hh5yw5j4dcpvixjkg	1	1	44	11	0	Go	GAL	1	1	0.663	1	0.0	1	0.9159	0.9182394056535692	-0.08689977721111342
t1y3gw8hh5yw5j4dcpvixjkg	1	1	48	12	0	Go	GAL	1	1	0.757	1	0.0	1	0.947	0.9473149515714456	-0.05504215951955354
t1y3gw8hh5yw5j4dcpvixjkg	1	1	51	13	0	Go	GAL	1	0		0	1.0	1	0.9643	0.03602165626282337	-3.733674359579089
t1y3gw8hh5yw5j4dcpvixjkg	1	1	53	14	0	Go	GAL	1	1	0.625	1	0.0	1	0.9301	0.9273121369698701	-0.0764998305915652
t1y3gw8hh5yw5j4dcpvixjkg	1	1	58	15	0	Go	GAL	1	1	0.596	1	0.0	1	0.9475	0.947526508697904	-0.054539533559975345
t1y3gw8hh5yw5j4dcpvixjkg	1	1	62	16	0	Go	GAL	1	1	0.515	1	0.0	1	0.9598	0.9604380993357589	-0.04077236604069545
t1y3gw8hh5yw5j4dcpvixjkg	1	1	65	17	0	Go	GAL	1	1	0.665	1	0.0	1	0.9654	0.9690098394121432	-0.031749690720599466
t1y3gw8hh5yw5j4dcpvixjkg	1	1	71	18	0	Go	GAL	1	1	0.628	1	0.0	1	0.9763	0.9748949142293867	-0.025612230306404228
t1y3gw8hh5yw5j4dcpvixjkg	1	1	73	19	0	Go	GAL	1	1	0.589	1	0.0	1	0.9781	0.9790542265683353	-0.021304255996984406
t1y3gw8hh5yw5j4dcpvixjkg	1	1	80	20	0	Go	GAL	1	0		0	1.0	1	0.9833	0.017931809712692974	-4.3598409629973105
t1y3gw8hh5yw5j4dcpvixjkg	1	1	84	21	0	Go	GAL	1	1	0.992	1	0.0	1	0.9645	0.9658761690897901	-0.0349972692163145
t1y3gw8hh5yw5j4dcpvixjkg	1	1	87	22	0	Go	GAL	1	1	0.661	1	1.0	0	0.9698	0.969938268641504	-0.030762310405722477
t1y3gw8hh5yw5j4dcpvixjkg	1	1	92	23	0	Go	GAL	1	1	0.552	1	0.0	1	0.8821	0.8813113644106848	-0.1334616683270279
t1y3gw8hh5yw5j4dcpvixjkg	1	1	96	24	0	Go	GAL	1	1	1.327	1	0.0	1	0.9189	0.915302936400384	-0.09115251187606414
t1y3gw8hh5yw5j4dcpvixjkg	1	1	100	25	0	Go	GAL	1	1	0.92	1	0.0	1	0.9335	0.9362145826188651	-0.06722295159027147
t1y3gw8hh5yw5j4dcpvixjkg	1	1	102	26	0	Go	GAL	1	1	0.581	1	0.0	1	0.9495	0.949638807252542	-0.05246571983379217
t1y3gw8hh5yw5j4dcpvixjkg	1	1	108	27	0	Go	GAL	1	1	0.801	1	1.0	0	0.9585	0.9586419241917215	-0.04278391976304749
t1y3gw8hh5yw5j4dcpvixjkg	1	1	111	28	0	Go	GAL	1	1	0.832	1	0.0	1	0.8467	0.8474543027732391	-0.1801974863235765
t1y3gw8hh5yw5j4dcpvixjkg	1	1	113	29	0	Go	GAL	1	1	0.728	1	0.0	1	0.8991	0.8951055883187848	-0.11561052417035524
t1y3gw8hh5yw5j4dcpvixjkg	1	1	119	30	0	Go	GAL	1	1	0.552	1	0.0	1	0.9242	0.9238509644350005	-0.08129300968699932
t1y3gw8hh5yw5j4dcpvixjkg	1	1	1	1	1	Go	GW	1	1	0.671	1	1.0	0	0.6379	0.6343934055986084	-0.48098035808069256
t1y3gw8hh5yw5j4dcpvixjkg	1	1	5	2	1	Go	GW	1	1	1.032	1	0.0	1	0.4538	0.4503407949261992	-0.8347152748290183
t1y3gw8hh5yw5j4dcpvixjkg	1	1	11	3	1	Go	GW	1	1	0.7	1	0.0	1	0.902	0.90454609076303	-0.10666359644652598
t1y3gw8hh5yw5j4dcpvixjkg	1	1	15	4	1	Go	GW	1	1	0.484	1	0.0	1	0.9688	0.9701513542582838	-0.031306078442029046
t1y3gw8hh5yw5j4dcpvixjkg	1	1	18	5	1	Go	GW	1	1	0.577	1	0.0	1	0.986	0.9859248975366987	-0.014402125468091276
t1y3gw8hh5yw5j4dcpvixjkg	1	1	21	6	1	Go	GW	1	1	0.603	1	0.0	1	0.9904	0.9912790503014769	-0.008832471239839693
t1y3gw8hh5yw5j4dcpvixjkg	1	1	25	7	1	Go	GW	1	1	0.502	1	0.0	1	0.9941	0.9935178334953233	-0.006537297092590657
t1y3gw8hh5yw5j4dcpvixjkg	1	1	32	8	1	Go	GW	1	1	0.589	1	0.0	1	0.9939	0.9945925887886821	-0.005444068088555392
t1y3gw8hh5yw5j4dcpvixjkg	1	1	33	9	1	Go	GW	1	1	0.521	1	0.0	1	0.9952	0.9951613037423289	-0.004868199799734379
t1y3gw8hh5yw5j4dcpvixjkg	1	1	39	10	1	Go	GW	1	1	0.469	1	1.0	0	0.9962	0.9954846733023555	-0.004541684628354928
t1y3gw8hh5yw5j4dcpvixjkg	1	1	41	11	1	Go	GW	1	1	0.709	1	1.0	0	0.9808	0.9790211796493437	-0.021538362023115844
t1y3gw8hh5yw5j4dcpvixjkg	1	1	46	12	1	Go	GW	1	1	0.445	1	0.0	1	0.9277	0.9263529299192094	-0.08129043040515396
t1y3gw8hh5yw5j4dcpvixjkg	1	1	52	13	1	Go	GW	1	1	0.48	1	0.0	1	0.9804	0.9814383349571068	-0.01896008658169123
t1y3gw8hh5yw5j4dcpvixjkg	1	1	54	14	1	Go	GW	1	1	0.784	1	0.0	1	0.9897	0.9904175141908412	-0.009691705945364804
t1y3gw8hh5yw5j4dcpvixjkg	1	1	60	15	1	Go	GW	1	1	0.559	1	0.0	1	0.9918	0.9933269428984284	-0.006726407485515407
t1y3gw8hh5yw5j4dcpvixjkg	1	1	64	16	1	Go	GW	1	1	0.958	1	0.0	1	0.9936	0.9945661788895073	-0.0054699448863981
t1y3gw8hh5yw5j4dcpvixjkg	1	1	66	17	1	Go	GW	1	1	0.553	1	0.0	1	0.9954	0.9951787439297346	-0.004850659458132074
t1y3gw8hh5yw5j4dcpvixjkg	1	1	69	18	1	Go	GW	1	1	0.584	1	1.0	0	0.9968	0.9955117346287358	-0.004514641167993693
t1y3gw8hh5yw5j4dcpvixjkg	1	1	76	19	1	Go	GW	1	1	0.553	1	0.0	1	0.9796	0.9789246071093283	-0.02165133654980762
t1y3gw8hh5yw5j4dcpvixjkg	1	1	79	20	1	Go	GW	1	1	0.761	1	0.0	1	0.9902	0.9906933674305585	-0.009407735949821545
t1y3gw8hh5yw5j4dcpvixjkg	1	1	83	21	1	Go	GW	1	1	0.765	1	0.0	1	0.9927	0.993619791565774	-0.0064290432760184205
t1y3gw8hh5yw5j4dcpvixjkg	1	1	85	22	1	Go	GW	1	1	1.0	1	1.0	0	0.9943	0.9947685392979023	-0.005265509437109316
t1y3gw8hh5yw5j4dcpvixjkg	1	1	89	23	1	Go	GW	1	1	0.716	1	0.0	1	0.9746	0.9760356425430833	-0.02468088915352162
t1y3gw8hh5yw5j4dcpvixjkg	1	1	95	24	1	Go	GW	1	1	0.711	1	0.0	1	0.9882	0.9898645001629287	-0.01025542793321624
t1y3gw8hh5yw5j4dcpvixjkg	1	1	97	25	1	Go	GW	1	1	0.624	1	0.0	1	0.9941	0.9932770088023708	-0.006776999101006436
t1y3gw8hh5yw5j4dcpvixjkg	1	1	103	26	1	Go	GW	1	1	0.649	1	0.0	1	0.9952	0.994599098174129	-0.005436884557166862
t1y3gw8hh5yw5j4dcpvixjkg	1	1	105	27	1	Go	GW	1	1	0.535	1	0.0	1	0.996	0.9952208789539262	-0.004808362492961275
t1y3gw8hh5yw5j4dcpvixjkg	1	1	112	28	1	Go	GW	1	1	0.641	1	0.0	1	0.9952	0.9955482631660955	-0.004477998477382444
t1y3gw8hh5yw5j4dcpvixjkg	1	1	116	29	1	Go	GW	1	1	0.449	1	1.0	0	0.9968	0.99573422316982	-0.004290573509037151
t1y3gw8hh5yw5j4dcpvixjkg	1	1	118	30	1	Go	GW	1	1	0.462	1	0.0	1	0.9799	0.9797096016795156	-0.020843880054044448
t1y3gw8hh5yw5j4dcpvixjkg	1	1	2	1	0	No-Go	NGAL	0	1	0.961	0	0.0	0	0.6086	0.6061004384268195	-0.5102316476401606
t1y3gw8hh5yw5j4dcpvixjkg	1	1	7	2	0	No-Go	NGAL	0	0		1	1.0	0	0.4215	0.5831298372190633	-0.5535927830753159
t1y3gw8hh5yw5j4dcpvixjkg	1	1	10	3	0	No-Go	NGAL	0	0		1	0.0	1	0.4645	0.5385531338104215	-0.6315318481743956
t1y3gw8hh5yw5j4dcpvixjkg	1	1	14	4	0	No-Go	NGAL	0	0		1	0.0	1	0.2873	0.719055209447985	-0.34015820277530484
t1y3gw8hh5yw5j4dcpvixjkg	1	1	17	5	0	No-Go	NGAL	0	0		1	0.0	1	0.1688	0.8280017041832524	-0.1958191133095444
t1y3gw8hh5yw5j4dcpvixjkg	1	1	22	6	0	No-Go	NGAL	0	0		1	0.0	1	0.1097	0.8901403041022097	-0.12055705272174563
t1y3gw8hh5yw5j4dcpvixjkg	1	1	27	7	0	No-Go	NGAL	0	0		1	0.0	1	0.0792	0.9263354115948412	-0.07889638432759652
t1y3gw8hh5yw5j4dcpvixjkg	1	1	31	8	0	No-Go	NGAL	0	0		1	1.0	0	0.0538	0.9482642792120818	-0.05448328466723037
t1y3gw8hh5yw5j4dcpvixjkg	1	1	35	9	0	No-Go	NGAL	0	0		1	0.0	1	0.0651	0.93582927451787	-0.06773388478387735
t1y3gw8hh5yw5j4dcpvixjkg	1	1	40	10	0	No-Go	NGAL	0	0		1	0.0	1	0.0447	0.9548191654865008	-0.04706145753184138
t1y3gw8hh5yw5j4dcpvixjkg	1	1	43	11	0	No-Go	NGAL	0	0		1	0.0	1	0.0336	0.9666508903068399	-0.03442272076507759
t1y3gw8hh5yw5j4dcpvixjkg	1	1	45	12	0	No-Go	NGAL	0	0		1	0.0	1	0.0274	0.974367701826055	-0.0262859421113113
t1y3gw8hh5yw5j4dcpvixjkg	1	1	49	13	0	No-Go	NGAL	0	0		1	0.0	1	0.0214	0.9795957409974119	-0.02082558622589012
t1y3gw8hh5yw5j4dcpvixjkg	1	1	56	14	0	No-Go	NGAL	0	0		1	0.0	1	0.017	0.9832522630873873	-0.01703397969438907
t1y3gw8hh5yw5j4dcpvixjkg	1	1	57	15	0	No-Go	NGAL	0	0		1	1.0	0	0.0139	0.9858795357750765	-0.014324735525317584
t1y3gw8hh5yw5j4dcpvixjkg	1	1	61	16	0	No-Go	NGAL	0	0		1	0.0	1	0.0177	0.9811625990572238	-0.019157546827116838
t1y3gw8hh5yw5j4dcpvixjkg	1	1	67	17	0	No-Go	NGAL	0	0		1	0.0	1	0.0153	0.9846257204486203	-0.015589522438765732
t1y3gw8hh5yw5j4dcpvixjkg	1	1	70	18	0	No-Go	NGAL	0	0		1	0.0	1	0.0118	0.9870213167736441	-0.013135192055624016
t1y3gw8hh5yw5j4dcpvixjkg	1	1	74	19	0	No-Go	NGAL	0	0		1	1.0	0	0.0097	0.9887434191456863	-0.011377075504195915
t1y3gw8hh5yw5j4dcpvixjkg	1	1	77	20	0	No-Go	NGAL	0	0		1	0.0	1	0.0146	0.9841390902089635	-0.016113934845370395
t1y3gw8hh5yw5j4dcpvixjkg	1	1	81	21	0	No-Go	NGAL	0	0		1	1.0	0	0.0127	0.9869586806122941	-0.013203267875642365
t1y3gw8hh5yw5j4dcpvixjkg	1	1	86	22	0	No-Go	NGAL	0	0		1	0.0	1	0.0183	0.9806246162487902	-0.01988226612004364
t1y3gw8hh5yw5j4dcpvixjkg	1	1	90	23	0	No-Go	NGAL	0	0		1	0.0	1	0.0144	0.984986150672212	-0.015257164431170103
t1y3gw8hh5yw5j4dcpvixjkg	1	1	94	24	0	No-Go	NGAL	0	1	0.861	0	0.0	0	0.0124	0.01234875026495272	-4.8609383826056405
t1y3gw8hh5yw5j4dcpvixjkg	1	1	98	25	0	No-Go	NGAL	0	0		1	0.0	1	0.0063	0.9933409729939322	-0.0067060348472571096
t1y3gw8hh5yw5j4dcpvixjkg	1	1	101	26	0	No-Go	NGAL	0	0		1	0.0	1	0.0057	0.9942735634290626	-0.005761233689258008
t1y3gw8hh5yw5j4dcpvixjkg	1	1	106	27	0	No-Go	NGAL	0	0		1	1.0	0	0.0045	0.9949321808359666	-0.005095582432905562
t1y3gw8hh5yw5j4dcpvixjkg	1	1	110	28	0	No-Go	NGAL	0	0		1	0.0	1	0.0062	0.9926397407062636	-0.007426429387469569
t1y3gw8hh5yw5j4dcpvixjkg	1	1	114	29	0	No-Go	NGAL	0	0		1	0.0	1	0.005	0.993901538167941	-0.006140197560012619
t1y3gw8hh5yw5j4dcpvixjkg	1	1	117	30	0	No-Go	NGAL	0	0		1	0.0	1	0.0061	0.9947253955138738	-0.0053052889879348164
te8lv9mcydnr2gfteeony4tx	1	1	4	1	0	No-Go	NGAL	0	0		1	0.0	1	0.6289	0.3784024272535908	-0.997400707708416
te8lv9mcydnr2gfteeony4tx	1	1	5	2	0	No-Go	NGAL	0	0		1	1.0	0	0.3872	0.6175446306070607	-0.49858425238997045
te8lv9mcydnr2gfteeony4tx	1	1	11	3	0	No-Go	NGAL	0	1	0.82	0	0.0	0	0.7175	0.7120266965612277	-0.3488796067293708
te8lv9mcydnr2gfteeony4tx	1	1	13	4	0	No-Go	NGAL	0	1	0.585	0	0.0	0	0.4828	0.4835721251151689	-0.7460165144787688
te8lv9mcydnr2gfteeony4tx	1	1	18	5	0	No-Go	NGAL	0	0		1	0.0	1	0.377	0.6308765737591064	-0.4714074943468927
te8lv9mcydnr2gfteeony4tx	1	1	23	6	0	No-Go	NGAL	0	0		1	0.0	1	0.1471	0.8463130400594042	-0.1734033475477064
te8lv9mcydnr2gfteeony4tx	1	1	25	7	0	No-Go	NGAL	0	0		1	0.0	1	0.0957	0.9038006507519821	-0.10601001596327286
te8lv9mcydnr2gfteeony4tx	1	1	29	8	0	No-Go	NGAL	0	1	1.157	0	0.0	0	0.0795	0.07536394630866218	-2.8261823616774344
te8lv9mcydnr2gfteeony4tx	1	1	36	9	0	No-Go	NGAL	0	0		1	1.0	0	0.0623	0.938965027721691	-0.06551881088316859
te8lv9mcydnr2gfteeony4tx	1	1	39	10	0	No-Go	NGAL	0	1	0.803	0	0.0	0	0.2427	0.24665399401528443	-1.4824594283537147
te8lv9mcydnr2gfteeony4tx	1	1	41	11	0	No-Go	NGAL	0	1	0.646	0	0.0	0	0.2244	0.225632830399613	-1.587093611007264
te8lv9mcydnr2gfteeony4tx	1	1	47	12	0	No-Go	NGAL	0	0		1	1.0	0	0.2165	0.7849145525125126	-0.2504802471826831
te8lv9mcydnr2gfteeony4tx	1	1	51	13	0	No-Go	NGAL	0	0		1	0.0	1	0.3837	0.617768844747357	-0.506474082291769
te8lv9mcydnr2gfteeony4tx	1	1	53	14	0	No-Go	NGAL	0	1	0.764	0	0.0	0	0.1277	0.12541422603474003	-2.164191510872655
te8lv9mcydnr2gfteeony4tx	1	1	57	15	0	No-Go	NGAL	0	0		1	0.0	1	0.1207	0.8787902884134584	-0.13084873208446351
te8lv9mcydnr2gfteeony4tx	1	1	63	16	0	No-Go	NGAL	0	0		1	1.0	0	0.071	0.9336709892160301	-0.06951667213311508
te8lv9mcydnr2gfteeony4tx	1	1	65	17	0	No-Go	NGAL	0	1	0.956	0	0.0	0	0.2439	0.241300334513367	-1.525834714410361
te8lv9mcydnr2gfteeony4tx	1	1	72	18	0	No-Go	NGAL	0	0		1	0.0	1	0.235	0.7621715323665001	-0.2812758601701175
te8lv9mcydnr2gfteeony4tx	1	1	74	19	0	No-Go	NGAL	0	0		1	0.0	1	0.088	0.9096887283238706	-0.09569213729510004
te8lv9mcydnr2gfteeony4tx	1	1	77	20	0	No-Go	NGAL	0	0		1	0.0	1	0.0518	0.9440770977922124	-0.05814809443897771
te8lv9mcydnr2gfteeony4tx	1	1	82	21	0	No-Go	NGAL	0	0		1	0.0	1	0.0428	0.9558070533541221	-0.045669143053780184
te8lv9mcydnr2gfteeony4tx	1	1	85	22	0	No-Go	NGAL	0	0		1	1.0	0	0.0398	0.9607739829101729	-0.04043012109907774
te8lv9mcydnr2gfteeony4tx	1	1	89	23	0	No-Go	NGAL	0	1	0.628	0	0.0	0	0.1918	0.19237614944296386	-1.8393013122741952
te8lv9mcydnr2gfteeony4tx	1	1	93	24	0	No-Go	NGAL	0	1	0.555	0	0.0	0	0.1886	0.1908641530188945	-1.8634563673180287
te8lv9mcydnr2gfteeony4tx	1	1	100	25	0	No-Go	NGAL	0	0		1	0.0	1	0.1875	0.8100351795141156	-0.22016089193795155
te8lv9mcydnr2gfteeony4tx	1	1	102	26	0	No-Go	NGAL	0	0		1	0.0	1	0.0784	0.9230830889726721	-0.08094953195551297
te8lv9mcydnr2gfteeony4tx	1	1	106	27	0	No-Go	NGAL	0	0		1	1.0	0	0.0485	0.9498253379626105	-0.05198453397149546
te8lv9mcydnr2gfteeony4tx	1	1	109	28	0	No-Go	NGAL	0	0		1	0.0	1	0.2148	0.7861420247996069	-0.25145942316553893
te8lv9mcydnr2gfteeony4tx	1	1	113	29	0	No-Go	NGAL	0	0		1	0.0	1	0.0832	0.9176506999684171	-0.08695428794601533
te8lv9mcydnr2gfteeony4tx	1	1	119	30	0	No-Go	NGAL	0	0		1	0.0	1	0.0526	0.9481190798051915	-0.05381040427675095
te8lv9mcydnr2gfteeony4tx	1	1	3	1	1	No-Go	NGW	0	1	0.767	0	0.0	0	0.8296	0.8232737559709696	-0.20531713310638577
te8lv9mcydnr2gfteeony4tx	1	1	6	2	1	No-Go	NGW	0	1	0.434	0	1.0	1	0.6402	0.6411256021984384	-0.45983001356685943
te8lv9mcydnr2gfteeony4tx	1	1	12	3	1	No-Go	NGW	0	1	0.543	0	0.0	0	0.8993	0.8940796153572428	-0.11488914778050092
te8lv9mcydnr2gfteeony4tx	1	1	16	4	1	No-Go	NGW	0	1	0.658	0	0.0	0	0.7095	0.7074006555087741	-0.3525109039888065
te8lv9mcydnr2gfteeony4tx	1	1	20	5	1	No-Go	NGW	0	0		1	0.0	1	0.5548	0.4332039027622424	-0.8596886912877691
te8lv9mcydnr2gfteeony4tx	1	1	22	6	1	No-Go	NGW	0	0		1	0.0	1	0.3296	0.6678141466589599	-0.4229299751074086
te8lv9mcydnr2gfteeony4tx	1	1	28	7	1	No-Go	NGW	0	0		1	0.0	1	0.2353	0.7609620098921398	-0.28658361651119385
te8lv9mcydnr2gfteeony4tx	1	1	30	8	1	No-Go	NGW	0	0		1	1.0	0	0.1959	0.8006599820113713	-0.23192012032802156
te8lv9mcydnr2gfteeony4tx	1	1	33	9	1	No-Go	NGW	0	0		1	0.0	1	0.5965	0.39727964080327083	-0.9553397312529225
te8lv9mcydnr2gfteeony4tx	1	1	38	10	1	No-Go	NGW	0	1	0.984	0	0.0	0	0.3397	0.34111476742097835	-1.1173839278152962
te8lv9mcydnr2gfteeony4tx	1	1	44	11	1	No-Go	NGW	0	0		1	0.0	1	0.2787	0.7229040337516887	-0.3325537730547261
te8lv9mcydnr2gfteeony4tx	1	1	46	12	1	No-Go	NGW	0	1	1.339	0	1.0	1	0.1858	0.18912179585221822	-1.756937327650754
te8lv9mcydnr2gfteeony4tx	1	1	49	13	1	No-Go	NGW	0	1	1.056	0	0.0	0	0.6029	0.6065268826384865	-0.5344291242501955
te8lv9mcydnr2gfteeony4tx	1	1	55	14	1	No-Go	NGW	0	1	0.496	0	0.0	0	0.3412	0.3331546313761996	-1.1538678628440129
te8lv9mcydnr2gfteeony4tx	1	1	58	15	1	No-Go	NGW	0	1	0.599	0	0.0	0	0.2389	0.22723100206855784	-1.5683245405022492
te8lv9mcydnr2gfteeony4tx	1	1	64	16	1	No-Go	NGW	0	1	0.483	0	0.0	0	0.1844	0.18489198125261103	-1.7900953615147026
te8lv9mcydnr2gfteeony4tx	1	1	68	17	1	No-Go	NGW	0	0		1	0.0	1	0.1687	0.8345162010534432	-0.18746524028217493
te8lv9mcydnr2gfteeony4tx	1	1	70	18	1	No-Go	NGW	0	0		1	0.0	1	0.1384	0.8651169609462628	-0.14995871904787417
te8lv9mcydnr2gfteeony4tx	1	1	76	19	1	No-Go	NGW	0	0		1	0.0	1	0.1227	0.8789207826481088	-0.13306545855432622
te8lv9mcydnr2gfteeony4tx	1	1	78	20	1	No-Go	NGW	0	0		1	1.0	0	0.1177	0.8859073392831357	-0.12440667663289234
te8lv9mcydnr2gfteeony4tx	1	1	83	21	1	No-Go	NGW	0	1	0.654	0	1.0	1	0.4575	0.45945939325136803	-0.8331987436768061
te8lv9mcydnr2gfteeony4tx	1	1	87	22	1	No-Go	NGW	0	1	0.481	0	0.0	0	0.8392	0.8420030890231964	-0.19111587861253052
te8lv9mcydnr2gfteeony4tx	1	1	91	23	1	No-Go	NGW	0	1	0.573	0	0.0	0	0.6821	0.6712108028593274	-0.42289338513003005
te8lv9mcydnr2gfteeony4tx	1	1	96	24	1	No-Go	NGW	0	1	0.509	0	0.0	0	0.5544	0.5518610505784485	-0.6263787895637868
te8lv9mcydnr2gfteeony4tx	1	1	98	25	1	No-Go	NGW	0	0		1	0.0	1	0.4939	0.5104135243088278	-0.7124961694348938
te8lv9mcydnr2gfteeony4tx	1	1	104	26	1	No-Go	NGW	0	1	0.473	0	0.0	0	0.2479	0.25470122419689384	-1.4241533396438661
te8lv9mcydnr2gfteeony4tx	1	1	105	27	1	No-Go	NGW	0	0		1	1.0	0	0.2318	0.7687563461722607	-0.2691875845137333
te8lv9mcydnr2gfteeony4tx	1	1	111	28	1	No-Go	NGW	0	1	0.587	0	0.0	0	0.5547	0.5643020332794565	-0.6045157805837919
te8lv9mcydnr2gfteeony4tx	1	1	115	29	1	No-Go	NGW	0	1	0.892	0	0.0	0	0.5509	0.5475460552180476	-0.6439705382832063
te8lv9mcydnr2gfteeony4tx	1	1	120	30	1	No-Go	NGW	0	0		1	0.0	1	0.534	0.46173827438534015	-0.8251114246070826
te8lv9mcydnr2gfteeony4tx	1	1	1	1	0	Go	GAL	1	1	1.325	1	1.0	0	0.6215	0.6215975727464093	-0.4850486742539602
te8lv9mcydnr2gfteeony4tx	1	1	8	2	0	Go	GAL	1	0		0	0.0	0	0.3794	0.6175446306070607	-0.49858425238997045
te8lv9mcydnr2gfteeony4tx	1	1	9	3	0	Go	GAL	1	0		0	0.0	0	0.6067	0.3923010163237347	-0.9547751449441461
te8lv9mcydnr2gfteeony4tx	1	1	15	4	0	Go	GAL	1	1	0.57	1	0.0	1	0.7135	0.707438516399127	-0.3526513111149919
te8lv9mcydnr2gfteeony4tx	1	1	17	5	0	Go	GAL	1	1	0.626	1	0.0	1	0.9078	0.908007323512111	-0.10163220059625763
te8lv9mcydnr2gfteeony4tx	1	1	24	6	0	Go	GAL	1	1	0.525	1	0.0	1	0.9484	0.9488324435022109	-0.05616594696079376
te8lv9mcydnr2gfteeony4tx	1	1	27	7	0	Go	GAL	1	1	0.514	1	0.0	1	0.9639	0.9622413316392263	-0.041061282505902935
te8lv9mcydnr2gfteeony4tx	1	1	32	8	0	Go	GAL	1	1	0.541	1	1.0	0	0.9648	0.968140256159294	-0.034202925550721075
te8lv9mcydnr2gfteeony4tx	1	1	35	9	0	Go	GAL	1	1	0.611	1	0.0	1	0.8488	0.8480601430481249	-0.1684578337717875
te8lv9mcydnr2gfteeony4tx	1	1	37	10	0	Go	GAL	1	1	0.466	1	0.0	1	0.937	0.9391184876107723	-0.06470922573418979
te8lv9mcydnr2gfteeony4tx	1	1	43	11	0	Go	GAL	1	1	0.521	1	0.0	1	0.96	0.9604704908968444	-0.04170924932138118
te8lv9mcydnr2gfteeony4tx	1	1	45	12	0	Go	GAL	1	1	0.688	1	0.0	1	0.9667	0.9683417705418451	-0.033167726047615816
te8lv9mcydnr2gfteeony4tx	1	1	52	13	0	Go	GAL	1	1	0.498	1	0.0	1	0.9707	0.9720136329375965	-0.0291163982546135
te8lv9mcydnr2gfteeony4tx	1	1	54	14	0	Go	GAL	1	1	0.535	1	1.0	0	0.973	0.973997704719809	-0.02689169062038016
te8lv9mcydnr2gfteeony4tx	1	1	59	15	0	Go	GAL	1	1	0.525	1	0.0	1	0.8574	0.8586276877796154	-0.15542765960941862
te8lv9mcydnr2gfteeony4tx	1	1	62	16	0	Go	GAL	1	0		0	1.0	1	0.9419	0.05613523211542604	-3.057299305421811
te8lv9mcydnr2gfteeony4tx	1	1	67	17	0	Go	GAL	1	1	0.646	1	0.0	1	0.7596	0.7631689887516138	-0.2766744669823672
te8lv9mcydnr2gfteeony4tx	1	1	71	18	0	Go	GAL	1	1	0.57	1	0.0	1	0.8446	0.8398346797597734	-0.1774258028560507
te8lv9mcydnr2gfteeony4tx	1	1	75	19	0	Go	GAL	1	0		0	0.0	0	0.8719	0.13154881584771008	-2.127613715435788
te8lv9mcydnr2gfteeony4tx	1	1	80	20	0	Go	GAL	1	1	0.572	1	0.0	1	0.9503	0.9487649467632211	-0.0532996683973454
te8lv9mcydnr2gfteeony4tx	1	1	81	21	0	Go	GAL	1	0		0	0.0	0	0.9505	0.04584384918481034	-3.3055697341817236
te8lv9mcydnr2gfteeony4tx	1	1	86	22	0	Go	GAL	1	1	0.472	1	0.0	1	0.9693	0.971053467730977	-0.02978454126967306
te8lv9mcydnr2gfteeony4tx	1	1	92	23	0	Go	GAL	1	1	0.57	1	0.0	1	0.9732	0.9728634087620068	-0.02784441579195687
te8lv9mcydnr2gfteeony4tx	1	1	95	24	0	Go	GAL	1	1	0.513	1	1.0	0	0.9749	0.9738944613827012	-0.026732665135753234
te8lv9mcydnr2gfteeony4tx	1	1	99	25	0	Go	GAL	1	1	0.854	1	0.0	1	0.8491	0.8500350577887155	-0.16689875141983695
te8lv9mcydnr2gfteeony4tx	1	1	101	26	0	Go	GAL	1	1	0.555	1	0.0	1	0.9432	0.9406844845433523	-0.06186410089967677
te8lv9mcydnr2gfteeony4tx	1	1	108	27	0	Go	GAL	1	1	0.586	1	0.0	1	0.9584	0.9616503504909939	-0.03951244310909594
te8lv9mcydnr2gfteeony4tx	1	1	112	28	0	Go	GAL	1	1	0.526	1	1.0	0	0.9676	0.9690796393974862	-0.03170597373261747
te8lv9mcydnr2gfteeony4tx	1	1	116	29	0	Go	GAL	1	1	0.497	1	0.0	1	0.8393	0.8380233959155102	-0.1812591807745867
te8lv9mcydnr2gfteeony4tx	1	1	117	30	0	Go	GAL	1	0		0	0.0	0	0.9386	0.06204168094780499	-2.9475419055558274
te8lv9mcydnr2gfteeony4tx	1	1	2	1	1	Go	GW	1	1	0.477	1	0.0	1	0.8248	0.8232737559709696	-0.20531713310638577
te8lv9mcydnr2gfteeony4tx	1	1	7	2	1	Go	GW	1	1	0.409	1	0.0	1	0.9301	0.9289037823912899	-0.07558178135066661
te8lv9mcydnr2gfteeony4tx	1	1	10	3	1	Go	GW	1	1	0.4	1	1.0	0	0.951	0.9546302972438789	-0.046930376360777064
te8lv9mcydnr2gfteeony4tx	1	1	14	4	1	Go	GW	1	1	0.362	1	0.0	1	0.7935	0.7918655977548325	-0.23859907927644966
te8lv9mcydnr2gfteeony4tx	1	1	19	5	1	Go	GW	1	1	0.456	1	0.0	1	0.9235	0.925923109204665	-0.07780604859410761
te8lv9mcydnr2gfteeony4tx	1	1	21	6	1	Go	GW	1	1	0.472	1	0.0	1	0.9553	0.9540736136352832	-0.04740297252510344
te8lv9mcydnr2gfteeony4tx	1	1	26	7	1	Go	GW	1	1	0.339	1	0.0	1	0.961	0.9636645666451917	-0.037268869416145864
te8lv9mcydnr2gfteeony4tx	1	1	31	8	1	Go	GW	1	1	0.481	1	0.0	1	0.9674	0.9677345721558244	-0.03301347143187971
te8lv9mcydnr2gfteeony4tx	1	1	34	9	1	Go	GW	1	1	0.427	1	1.0	0	0.9692	0.9696927550350287	-0.03097942764226947
te8lv9mcydnr2gfteeony4tx	1	1	40	10	1	Go	GW	1	1	0.494	1	0.0	1	0.8182	0.8217709145384119	-0.20281333266789453
te8lv9mcydnr2gfteeony4tx	1	1	42	11	1	Go	GW	1	1	0.48	1	0.0	1	0.9342	0.9342620475914517	-0.06870856256825314
te8lv9mcydnr2gfteeony4tx	1	1	48	12	1	Go	GW	1	1	0.47	1	0.0	1	0.9582	0.9573814351183272	-0.043901587014499796
te8lv9mcydnr2gfteeony4tx	1	1	50	13	1	Go	GW	1	1	0.484	1	0.0	1	0.9674	0.9652455685866904	-0.03562148275809321
te8lv9mcydnr2gfteeony4tx	1	1	56	14	1	Go	GW	1	1	0.405	1	0.0	1	0.9691	0.9685781857473499	-0.032142841594356826
te8lv9mcydnr2gfteeony4tx	1	1	60	15	1	Go	GW	1	1	0.462	1	1.0	0	0.9689	0.9701772386389406	-0.03048264904827454
te8lv9mcydnr2gfteeony4tx	1	1	61	16	1	Go	GW	1	1	0.533	1	0.0	1	0.8215	0.8227798526404031	-0.20173523998972637
te8lv9mcydnr2gfteeony4tx	1	1	66	17	1	Go	GW	1	1	0.453	1	0.0	1	0.9348	0.9346870210969092	-0.06825648911382635
te8lv9mcydnr2gfteeony4tx	1	1	69	18	1	Go	GW	1	1	0.524	1	0.0	1	0.9555	0.9575998350315392	-0.04367383239852448
te8lv9mcydnr2gfteeony4tx	1	1	73	19	1	Go	GW	1	1	0.38	1	1.0	0	0.9653	0.9653718413061686	-0.03549148564748653
te8lv9mcydnr2gfteeony4tx	1	1	79	20	1	Go	GW	1	1	0.636	1	0.0	1	0.8126	0.8116339353822409	-0.21523183922712064
te8lv9mcydnr2gfteeony4tx	1	1	84	21	1	Go	GW	1	1	0.512	1	0.0	1	0.9291	0.9316565130262027	-0.07160000304189347
te8lv9mcydnr2gfteeony4tx	1	1	88	22	1	Go	GW	1	1	0.41	1	0.0	1	0.9567	0.9564241834255311	-0.04493191450373103
te8lv9mcydnr2gfteeony4tx	1	1	90	23	1	Go	GW	1	1	0.423	1	1.0	0	0.9651	0.9648169268295991	-0.03607631953618671
te8lv9mcydnr2gfteeony4tx	1	1	94	24	1	Go	GW	1	1	0.465	1	0.0	1	0.8047	0.8104822409230246	-0.21659040925505355
te8lv9mcydnr2gfteeony4tx	1	1	97	25	1	Go	GW	1	1	0.544	1	0.0	1	0.9372	0.931257936578658	-0.07204775342900072
te8lv9mcydnr2gfteeony4tx	1	1	103	26	1	Go	GW	1	1	0.562	1	0.0	1	0.9583	0.9562490780617205	-0.0451222348311983
te8lv9mcydnr2gfteeony4tx	1	1	107	27	1	Go	GW	1	1	0.453	1	1.0	0	0.9658	0.9647273294954355	-0.03617187677241527
te8lv9mcydnr2gfteeony4tx	1	1	110	28	1	Go	GW	1	1	0.514	1	0.0	1	0.8077	0.8103081187910979	-0.21679326410081554
te8lv9mcydnr2gfteeony4tx	1	1	114	29	1	Go	GW	1	1	0.46	1	0.0	1	0.9271	0.931187382599948	-0.07212842851467725
te8lv9mcydnr2gfteeony4tx	1	1	118	30	1	Go	GW	1	1	0.514	1	0.0	1	0.9539	0.9562151623544878	-0.04515976647296213
te8lv9mcydnr2gfteeony4tx	1	2	121	1	1	Go	GW	1	0		0	0.0	0	0.8281	0.1767262440290304	-1.8309525157746842
te8lv9mcydnr2gfteeony4tx	1	2	125	2	1	Go	GW	1	1	0.532	1	0.0	1	0.9208	0.9195162225137224	-0.0929738210090948
te8lv9mcydnr2gfteeony4tx	1	2	132	3	1	Go	GW	1	1	0.51	1	1.0	0	0.9696	0.9687534690252926	-0.033051020591758545
te8lv9mcydnr2gfteeony4tx	1	2	135	4	1	Go	GW	1	1	1.357	1	0.0	1	0.8883	0.8879313645166014	-0.12084200841177793
te8lv9mcydnr2gfteeony4tx	1	2	139	5	1	Go	GW	1	1	0.612	1	0.0	1	0.9671	0.9648889725812098	-0.036240051595011605
te8lv9mcydnr2gfteeony4tx	1	2	143	6	1	Go	GW	1	1	0.541	1	0.0	1	0.9808	0.9797581419135628	-0.020617816852501216
te8lv9mcydnr2gfteeony4tx	1	2	146	7	1	Go	GW	1	1	0.553	1	0.0	1	0.9856	0.9847536769154503	-0.015447885307286465
te8lv9mcydnr2gfteeony4tx	1	2	150	8	1	Go	GW	1	1	0.604	1	0.0	1	0.9875	0.986864581354037	-0.013281016661873597
te8lv9mcydnr2gfteeony4tx	1	2	155	9	1	Go	GW	1	1	0.626	1	1.0	0	0.9884	0.98788013167316	-0.012243602170682178
te8lv9mcydnr2gfteeony4tx	1	2	160	10	1	Go	GW	1	1	0.538	1	0.0	1	0.9246	0.9253985092603795	-0.0785499600012838
te8lv9mcydnr2gfteeony4tx	1	2	163	11	1	Go	GW	1	1	0.492	1	0.0	1	0.9714	0.9737729187225251	-0.026744940138880055
te8lv9mcydnr2gfteeony4tx	1	2	165	12	1	Go	GW	1	1	0.545	1	0.0	1	0.9826	0.98310898369394	-0.017121241057219735
te8lv9mcydnr2gfteeony4tx	1	2	169	13	1	Go	GW	1	1	0.526	1	0.0	1	0.9872	0.9862986432749722	-0.013856713179586323
te8lv9mcydnr2gfteeony4tx	1	2	176	14	1	Go	GW	1	1	0.514	1	0.0	1	0.9874	0.9876651276536124	-0.012462834478773378
te8lv9mcydnr2gfteeony4tx	1	2	178	15	1	Go	GW	1	1	0.411	1	1.0	0	0.9888	0.9883289677573653	-0.011787096055003204
te8lv9mcydnr2gfteeony4tx	1	2	181	16	1	Go	GW	1	1	0.474	1	0.0	1	0.924	0.9263529187541361	-0.07756134052610651
te8lv9mcydnr2gfteeony4tx	1	2	186	17	1	Go	GW	1	1	0.49	1	0.0	1	0.9756	0.974158381978919	-0.026347589015131075
te8lv9mcydnr2gfteeony4tx	1	2	191	18	1	Go	GW	1	1	0.455	1	0.0	1	0.9825	0.9833065333218758	-0.016919346997598398
te8lv9mcydnr2gfteeony4tx	1	2	194	19	1	Go	GW	1	1	0.455	1	1.0	0	0.9869	0.9864128089459809	-0.013740699488678365
te8lv9mcydnr2gfteeony4tx	1	2	198	20	1	Go	GW	1	1	0.47	1	0.0	1	0.9194	0.9211150094387933	-0.08324381124945723
te8lv9mcydnr2gfteeony4tx	1	2	201	21	1	Go	GW	1	1	0.568	1	0.0	1	0.9729	0.9728739811726964	-0.027691118807573523
te8lv9mcydnr2gfteeony4tx	1	2	207	22	1	Go	GW	1	1	0.497	1	0.0	1	0.9829	0.9828172686773622	-0.01742486441810459
te8lv9mcydnr2gfteeony4tx	1	2	212	23	1	Go	GW	1	1	0.599	1	1.0	0	0.9852	0.9861833413969922	-0.013976310046674314
te8lv9mcydnr2gfteeony4tx	1	2	213	24	1	Go	GW	1	1	0.613	1	0.0	1	0.9186	0.9205625994147908	-0.08384160981292788
te8lv9mcydnr2gfteeony4tx	1	2	218	25	1	Go	GW	1	1	0.532	1	0.0	1	0.9716	0.9726998022748877	-0.027875536664704662
te8lv9mcydnr2gfteeony4tx	1	2	222	26	1	Go	GW	1	1	0.424	1	0.0	1	0.9803	0.982743044642707	-0.017502348928868386
te8lv9mcydnr2gfteeony4tx	1	2	227	27	1	Go	GW	1	1	0.468	1	1.0	0	0.9861	0.9861460706587768	-0.014014904492735738
te8lv9mcydnr2gfteeony4tx	1	2	231	28	1	Go	GW	1	1	0.443	1	0.0	1	0.9177	0.9204788899106199	-0.08393255800126334
te8lv9mcydnr2gfteeony4tx	1	2	234	29	1	Go	GW	1	1	0.452	1	0.0	1	0.9747	0.9726689769275878	-0.027908644709720744
te8lv9mcydnr2gfteeony4tx	1	2	239	30	1	Go	GW	1	1	0.468	1	0.0	1	0.9821	0.9827289601422806	-0.017517260843951096
te8lv9mcydnr2gfteeony4tx	1	2	124	1	0	No-Go	NGAL	0	0		1	0.0	1	0.6247	0.3784024272535908	-0.997400707708416
te8lv9mcydnr2gfteeony4tx	1	2	128	2	0	No-Go	NGAL	0	0		1	1.0	0	0.3872	0.6175446306070607	-0.49858425238997045
te8lv9mcydnr2gfteeony4tx	1	2	131	3	0	No-Go	NGAL	0	1	0.625	0	0.0	0	0.7192	0.7120266965612277	-0.3488796067293708
te8lv9mcydnr2gfteeony4tx	1	2	133	4	0	No-Go	NGAL	0	0		1	0.0	1	0.4773	0.5164278748848311	-0.6779480980123757
te8lv9mcydnr2gfteeony4tx	1	2	137	5	0	No-Go	NGAL	0	0		1	0.0	1	0.2222	0.7770320450558048	-0.26174936817533834
te8lv9mcydnr2gfteeony4tx	1	2	144	6	0	No-Go	NGAL	0	1	1.087	0	0.0	0	0.1482	0.14250550023333813	-2.1037410451993033
te8lv9mcydnr2gfteeony4tx	1	2	148	7	0	No-Go	NGAL	0	0		1	0.0	1	0.1004	0.9038006507519821	-0.10601001596327286
te8lv9mcydnr2gfteeony4tx	1	2	149	8	0	No-Go	NGAL	0	0		1	0.0	1	0.0776	0.9246360536913378	-0.08191074971036072
te8lv9mcydnr2gfteeony4tx	1	2	153	9	0	No-Go	NGAL	0	0		1	1.0	0	0.0665	0.9340062270953217	-0.07090528764352502
te8lv9mcydnr2gfteeony4tx	1	2	158	10	0	No-Go	NGAL	0	1	0.763	0	0.0	0	0.2854	0.27624271991709876	-1.3592576677233486
te8lv9mcydnr2gfteeony4tx	1	2	164	11	0	No-Go	NGAL	0	0		1	0.0	1	0.2287	0.7669594523271142	-0.27403334963938214
te8lv9mcydnr2gfteeony4tx	1	2	167	12	0	No-Go	NGAL	0	0		1	1.0	0	0.0996	0.8994265421687385	-0.10766638761012347
te8lv9mcydnr2gfteeony4tx	1	2	170	13	0	No-Go	NGAL	0	0		1	0.0	1	0.3013	0.6945256664739906	-0.3777502149529636
te8lv9mcydnr2gfteeony4tx	1	2	173	14	0	No-Go	NGAL	0	0		1	0.0	1	0.1207	0.881925247956657	-0.1274784919404112
te8lv9mcydnr2gfteeony4tx	1	2	177	15	0	No-Go	NGAL	0	0		1	0.0	1	0.0737	0.9275237926048238	-0.07639308360536287
te8lv9mcydnr2gfteeony4tx	1	2	182	16	0	No-Go	NGAL	0	0		1	1.0	0	0.0562	0.9432773705236331	-0.05926703030360754
te8lv9mcydnr2gfteeony4tx	1	2	187	17	0	No-Go	NGAL	0	0		1	0.0	1	0.2446	0.7580455681227566	-0.2864681846939417
te8lv9mcydnr2gfteeony4tx	1	2	189	18	0	No-Go	NGAL	0	0		1	0.0	1	0.1057	0.8986425045357413	-0.10814796597970022
te8lv9mcydnr2gfteeony4tx	1	2	193	19	0	No-Go	NGAL	0	0		1	0.0	1	0.0648	0.9339564651108818	-0.06913266369653212
te8lv9mcydnr2gfteeony4tx	1	2	200	20	0	No-Go	NGAL	0	0		1	0.0	1	0.052	0.9465745516248235	-0.05554246397253862
te8lv9mcydnr2gfteeony4tx	1	2	202	21	0	No-Go	NGAL	0	0		1	0.0	1	0.0506	0.9520796227432006	-0.049660063794782335
te8lv9mcydnr2gfteeony4tx	1	2	208	22	0	No-Go	NGAL	0	0		1	1.0	0	0.047	0.9547841557765064	-0.04677825118078925
te8lv9mcydnr2gfteeony4tx	1	2	209	23	0	No-Go	NGAL	0	1	0.75	0	0.0	0	0.2246	0.2208437056008946	-1.658601431142284
te8lv9mcydnr2gfteeony4tx	1	2	216	24	0	No-Go	NGAL	0	0		1	0.0	1	0.2055	0.7978165992729603	-0.23519149657893204
te8lv9mcydnr2gfteeony4tx	1	2	217	25	0	No-Go	NGAL	0	0		1	0.0	1	0.0885	0.9153233361230634	-0.0894573503390154
te8lv9mcydnr2gfteeony4tx	1	2	224	26	0	No-Go	NGAL	0	0		1	0.0	1	0.0564	0.9439919605320792	-0.05821218771288455
te8lv9mcydnr2gfteeony4tx	1	2	228	27	0	No-Go	NGAL	0	0		1	1.0	0	0.0496	0.9541033203888435	-0.047449377400063164
te8lv9mcydnr2gfteeony4tx	1	2	229	28	0	No-Go	NGAL	0	0		1	0.0	1	0.2136	0.7856359124779139	-0.2511234508300949
te8lv9mcydnr2gfteeony4tx	1	2	235	29	0	No-Go	NGAL	0	0		1	0.0	1	0.0925	0.9124356120606568	-0.0927094220611996
te8lv9mcydnr2gfteeony4tx	1	2	238	30	0	No-Go	NGAL	0	0		1	0.0	1	0.0513	0.9431549793692422	-0.05912743750814589
te8lv9mcydnr2gfteeony4tx	1	2	123	1	0	Go	GAL	1	0		0	1.0	1	0.6251	0.3784024272535908	-0.997400707708416
te8lv9mcydnr2gfteeony4tx	1	2	127	2	0	Go	GAL	1	0		0	0.0	0	0.3835	0.6175446306070607	-0.49858425238997045
te8lv9mcydnr2gfteeony4tx	1	2	130	3	0	Go	GAL	1	1	0.574	1	0.0	1	0.7132	0.7120266965612277	-0.3488796067293708
te8lv9mcydnr2gfteeony4tx	1	2	136	4	0	Go	GAL	1	1	0.817	1	0.0	1	0.8621	0.8628485753638472	-0.15355733944479827
te8lv9mcydnr2gfteeony4tx	1	2	138	5	0	Go	GAL	1	1	0.752	1	0.0	1	0.903	0.9077347457038107	-0.10085435333417195
te8lv9mcydnr2gfteeony4tx	1	2	142	6	0	Go	GAL	1	1	0.359	1	0.0	1	0.9191	0.9253081035303541	-0.0804762925184565
te8lv9mcydnr2gfteeony4tx	1	2	145	7	0	Go	GAL	1	1	0.716	1	0.0	1	0.9307	0.9335473092450473	-0.07083697249624045
te8lv9mcydnr2gfteeony4tx	1	2	151	8	0	Go	GAL	1	1	0.688	1	1.0	0	0.9411	0.9379160774614577	-0.06565622899681886
te8lv9mcydnr2gfteeony4tx	1	2	154	9	0	Go	GAL	1	1	0.541	1	0.0	1	0.7057	0.7018158527716909	-0.3655832547179934
te8lv9mcydnr2gfteeony4tx	1	2	159	10	0	Go	GAL	1	1	0.589	1	0.0	1	0.8659	0.8678892166080725	-0.1443047483811258
te8lv9mcydnr2gfteeony4tx	1	2	162	11	0	Go	GAL	1	0		0	0.0	0	0.9125	0.08717152665690378	-2.6099754244331983
te8lv9mcydnr2gfteeony4tx	1	2	168	12	0	Go	GAL	1	1	0.545	1	0.0	1	0.9535	0.9509715962250695	-0.05154492817617939
te8lv9mcydnr2gfteeony4tx	1	2	171	13	0	Go	GAL	1	1	0.572	1	0.0	1	0.9608	0.9604440837762677	-0.04128631909423257
te8lv9mcydnr2gfteeony4tx	1	2	175	14	0	Go	GAL	1	1	0.531	1	1.0	0	0.9663	0.9647890109288625	-0.03654772541056099
te8lv9mcydnr2gfteeony4tx	1	2	179	15	0	Go	GAL	1	1	0.522	1	0.0	1	0.8177	0.8184238970362552	-0.20539237733097113
te8lv9mcydnr2gfteeony4tx	1	2	183	16	0	Go	GAL	1	1	0.414	1	1.0	0	0.9319	0.926221165913298	-0.07793204945435343
te8lv9mcydnr2gfteeony4tx	1	2	185	17	0	Go	GAL	1	1	0.424	1	0.0	1	0.7458	0.7507620716985466	-0.2939202091604706
te8lv9mcydnr2gfteeony4tx	1	2	190	18	0	Go	GAL	1	1	0.474	1	0.0	1	0.9089	0.9105882899435466	-0.09549346199779264
te8lv9mcydnr2gfteeony4tx	1	2	195	19	0	Go	GAL	1	1	0.539	1	0.0	1	0.9502	0.9468225243323566	-0.05563714428205023
te8lv9mcydnr2gfteeony4tx	1	2	199	20	0	Go	GAL	1	1	0.535	1	0.0	1	0.9595	0.9592598637504692	-0.042258943946054436
te8lv9mcydnr2gfteeony4tx	1	2	203	21	0	Go	GAL	1	1	0.467	1	0.0	1	0.9643	0.9646440858073394	-0.03649570755419695
te8lv9mcydnr2gfteeony4tx	1	2	206	22	0	Go	GAL	1	1	0.474	1	0.0	1	0.9677	0.9673196079154616	-0.03362999734004801
te8lv9mcydnr2gfteeony4tx	1	2	211	23	0	Go	GAL	1	1	0.598	1	0.0	1	0.9677	0.9687847193850996	-0.03205724334415933
te8lv9mcydnr2gfteeony4tx	1	2	215	24	0	Go	GAL	1	1	0.479	1	1.0	0	0.9716	0.9696531662077424	-0.031123311008637394
te8lv9mcydnr2gfteeony4tx	1	2	220	25	0	Go	GAL	1	1	0.508	1	0.0	1	0.8273	0.8277300923868134	-0.19435030736703607
te8lv9mcydnr2gfteeony4tx	1	2	221	26	0	Go	GAL	1	1	0.519	1	0.0	1	0.9318	0.9300880800579282	-0.07347662484927886
te8lv9mcydnr2gfteeony4tx	1	2	225	27	0	Go	GAL	1	1	0.575	1	0.0	1	0.9573	0.9546030159112966	-0.04701068427102436
te8lv9mcydnr2gfteeony4tx	1	2	232	28	0	Go	GAL	1	1	0.434	1	1.0	0	0.9635	0.9633858323080492	-0.037693414396533086
te8lv9mcydnr2gfteeony4tx	1	2	233	29	0	Go	GAL	1	1	0.512	1	0.0	1	0.818	0.8130550930011544	-0.21253023090016748
te8lv9mcydnr2gfteeony4tx	1	2	237	30	0	Go	GAL	1	1	0.563	1	0.0	1	0.922	0.9264475551960908	-0.07753757704216069
te8lv9mcydnr2gfteeony4tx	1	2	122	1	1	No-Go	NGW	0	1	0.495	0	0.0	0	0.8225	0.8232737559709696	-0.20531713310638577
te8lv9mcydnr2gfteeony4tx	1	2	126	2	1	No-Go	NGW	0	1	0.541	0	1.0	1	0.6465	0.6411256021984384	-0.45983001356685943
te8lv9mcydnr2gfteeony4tx	1	2	129	3	1	No-Go	NGW	0	1	0.396	0	0.0	0	0.8887	0.8940796153572428	-0.11488914778050092
te8lv9mcydnr2gfteeony4tx	1	2	134	4	1	No-Go	NGW	0	1	0.589	0	0.0	0	0.7134	0.7074006555087741	-0.3525109039888065
te8lv9mcydnr2gfteeony4tx	1	2	140	5	1	No-Go	NGW	0	0		1	0.0	1	0.5676	0.4332039027622424	-0.8596886912877691
te8lv9mcydnr2gfteeony4tx	1	2	141	6	1	No-Go	NGW	0	0		1	0.0	1	0.3368	0.6678141466589599	-0.4229299751074086
te8lv9mcydnr2gfteeony4tx	1	2	147	7	1	No-Go	NGW	0	0		1	0.0	1	0.2444	0.7609620098921398	-0.28658361651119385
te8lv9mcydnr2gfteeony4tx	1	2	152	8	1	No-Go	NGW	0	0		1	1.0	0	0.1971	0.8006599820113713	-0.23192012032802156
te8lv9mcydnr2gfteeony4tx	1	2	156	9	1	No-Go	NGW	0	0		1	0.0	1	0.6125	0.39727964080327083	-0.9553397312529225
te8lv9mcydnr2gfteeony4tx	1	2	157	10	1	No-Go	NGW	0	0		1	0.0	1	0.3364	0.6588852325790217	-0.4286401970014577
te8lv9mcydnr2gfteeony4tx	1	2	161	11	1	No-Go	NGW	0	0		1	0.0	1	0.2428	0.7608220003026099	-0.2819011223307476
te8lv9mcydnr2gfteeony4tx	1	2	166	12	1	No-Go	NGW	0	0		1	1.0	0	0.197	0.8025705704847478	-0.2262874957311619
te8lv9mcydnr2gfteeony4tx	1	2	172	13	1	No-Go	NGW	0	0		1	0.0	1	0.5994	0.3996032223051827	-0.9532067794085632
te8lv9mcydnr2gfteeony4tx	1	2	174	14	1	No-Go	NGW	0	0		1	0.0	1	0.3402	0.6614085462275257	-0.42322008282245804
te8lv9mcydnr2gfteeony4tx	1	2	180	15	1	No-Go	NGW	0	0		1	0.0	1	0.2407	0.7632109242824214	-0.2770523983403062
te8lv9mcydnr2gfteeony4tx	1	2	184	16	1	No-Go	NGW	0	0		1	0.0	1	0.1955	0.8047088423479036	-0.22231884667309798
te8lv9mcydnr2gfteeony4tx	1	2	188	17	1	No-Go	NGW	0	0		1	0.0	1	0.1809	0.8237814513105611	-0.19789825236598327
te8lv9mcydnr2gfteeony4tx	1	2	192	18	1	No-Go	NGW	0	0		1	0.0	1	0.1611	0.8333851791521167	-0.1857546415208567
te8lv9mcydnr2gfteeony4tx	1	2	196	19	1	No-Go	NGW	0	0		1	0.0	1	0.16	0.8385900208132693	-0.17922485332085664
te8lv9mcydnr2gfteeony4tx	1	2	197	20	1	No-Go	NGW	0	0		1	1.0	0	0.1582	0.8416047484837139	-0.17547710712799175
te8lv9mcydnr2gfteeony4tx	1	2	204	21	1	No-Go	NGW	0	0		1	1.0	0	0.5651	0.4352838007099436	-0.8796744646601301
te8lv9mcydnr2gfteeony4tx	1	2	205	22	1	No-Go	NGW	0	0		1	0.0	1	0.7669	0.236999550282961	-1.5407817035721862
te8lv9mcydnr2gfteeony4tx	1	2	210	23	1	No-Go	NGW	0	0		1	0.0	1	0.4312	0.5733453336331216	-0.574834955913768
te8lv9mcydnr2gfteeony4tx	1	2	214	24	1	No-Go	NGW	0	1	0.32	0	0.0	0	0.2746	0.2704486627020011	-1.3756194461744136
te8lv9mcydnr2gfteeony4tx	1	2	219	25	1	No-Go	NGW	0	0		1	0.0	1	0.2122	0.7848674470164735	-0.24784771599788716
te8lv9mcydnr2gfteeony4tx	1	2	223	26	1	No-Go	NGW	0	0		1	0.0	1	0.1633	0.8368179086813856	-0.18160938774544053
te8lv9mcydnr2gfteeony4tx	1	2	226	27	1	No-Go	NGW	0	0		1	1.0	0	0.1388	0.8590020703382565	-0.15463714872734338
te8lv9mcydnr2gfteeony4tx	1	2	230	28	1	No-Go	NGW	0	0		1	0.0	1	0.5003	0.48770837398923833	-0.7579010223044113
te8lv9mcydnr2gfteeony4tx	1	2	236	29	1	No-Go	NGW	0	0		1	0.0	1	0.2603	0.7337441970843301	-0.3165720708151657
te8lv9mcydnr2gfteeony4tx	1	2	240	30	1	No-Go	NGW	0	0		1	0.0	1	0.1795	0.8188495397291828	-0.20380496432597547
telvsjfuohblsio4g1vjjrf8	1	2	124	1	0	No-Go	NGAL	0	0		1	0.0	1	0.5428	0.4496052324938836	-0.8250394684826927
telvsjfuohblsio4g1vjjrf8	1	2	125	2	0	No-Go	NGAL	0	0		1	0.0	1	0.2617	0.7351092523373698	-0.31927398965845
telvsjfuohblsio4g1vjjrf8	1	2	131	3	0	No-Go	NGAL	0	1	0.914	0	1.0	1	0.1203	0.117292716271265	-2.4284110451738803
telvsjfuohblsio4g1vjjrf8	1	2	136	4	0	No-Go	NGAL	0	0		1	0.0	1	0.2999	0.7011167756736506	-0.36642337927771573
telvsjfuohblsio4g1vjjrf8	1	2	137	5	0	No-Go	NGAL	0	0		1	0.0	1	0.1511	0.8498794173256938	-0.16765610421018984
telvsjfuohblsio4g1vjjrf8	1	2	142	6	0	No-Go	NGAL	0	0		1	0.0	1	0.0792	0.9226011808282317	-0.08255021891030061
telvsjfuohblsio4g1vjjrf8	1	2	145	7	0	No-Go	NGAL	0	0		1	1.0	0	0.0359	0.9575639435189475	-0.04416324275978944
telvsjfuohblsio4g1vjjrf8	1	2	152	8	0	No-Go	NGAL	0	0		1	0.0	1	0.0896	0.9122025365182704	-0.09404152432159782
telvsjfuohblsio4g1vjjrf8	1	2	155	9	0	No-Go	NGAL	0	0		1	0.0	1	0.043	0.954105920601236	-0.04763038901203619
telvsjfuohblsio4g1vjjrf8	1	2	159	10	0	No-Go	NGAL	0	0		1	0.0	1	0.0252	0.9739196000090602	-0.026689178281970437
telvsjfuohblsio4g1vjjrf8	1	2	162	11	0	No-Go	NGAL	0	0		1	0.0	1	0.018	0.9839700328547125	-0.016283802788071042
telvsjfuohblsio4g1vjjrf8	1	2	167	12	0	No-Go	NGAL	0	0		1	0.0	1	0.0113	0.9894375554988913	-0.01068442317563581
telvsjfuohblsio4g1vjjrf8	1	2	172	13	0	No-Go	NGAL	0	0		1	0.0	1	0.0051	0.9926020887319175	-0.007464156890777039
telvsjfuohblsio4g1vjjrf8	1	2	176	14	0	No-Go	NGAL	0	0		1	0.0	1	0.0061	0.9945343755502986	-0.005505677180478152
telvsjfuohblsio4g1vjjrf8	1	2	177	15	0	No-Go	NGAL	0	0		1	1.0	0	0.005	0.9957697481471045	-0.004256843781158957
telvsjfuohblsio4g1vjjrf8	1	2	183	16	0	No-Go	NGAL	0	0		1	0.0	1	0.0118	0.9882286533119968	-0.012058433379898191
telvsjfuohblsio4g1vjjrf8	1	2	187	17	0	No-Go	NGAL	0	0		1	0.0	1	0.0081	0.9922916307312986	-0.007806049307249487
telvsjfuohblsio4g1vjjrf8	1	2	191	18	0	No-Go	NGAL	0	0		1	0.0	1	0.0059	0.9945113898412413	-0.005537414728305321
telvsjfuohblsio4g1vjjrf8	1	2	193	19	0	No-Go	NGAL	0	0		1	0.0	1	0.0047	0.9958336066884789	-0.004195999428428065
telvsjfuohblsio4g1vjjrf8	1	2	199	20	0	No-Go	NGAL	0	0		1	1.0	0	0.0033	0.9966744046129603	-0.0033459406438110183
telvsjfuohblsio4g1vjjrf8	1	2	201	21	0	No-Go	NGAL	0	0		1	0.0	1	0.0109	0.9890410198893762	-0.01139189804561192
telvsjfuohblsio4g1vjjrf8	1	2	206	22	0	No-Go	NGAL	0	0		1	0.0	1	0.0067	0.9930334744976701	-0.007081277407530975
telvsjfuohblsio4g1vjjrf8	1	2	210	23	0	No-Go	NGAL	0	0		1	0.0	1	0.0049	0.9950922276255493	-0.00495839361167414
telvsjfuohblsio4g1vjjrf8	1	2	213	24	0	No-Go	NGAL	0	0		1	0.0	1	0.0044	0.9962715496227061	-0.0037574466319153467
telvsjfuohblsio4g1vjjrf8	1	2	217	25	0	No-Go	NGAL	0	0		1	1.0	0	0.0032	0.9970037954414463	-0.0030156501303370263
telvsjfuohblsio4g1vjjrf8	1	2	224	26	0	No-Go	NGAL	0	0		1	0.0	1	0.0114	0.9893489497218314	-0.011143331225727955
telvsjfuohblsio4g1vjjrf8	1	2	227	27	0	No-Go	NGAL	0	0		1	1.0	0	0.0072	0.9933365448286419	-0.006786564063515821
telvsjfuohblsio4g1vjjrf8	1	2	232	28	0	No-Go	NGAL	0	0		1	0.0	1	0.0253	0.9746376172777053	-0.02947937978945908
telvsjfuohblsio4g1vjjrf8	1	2	235	29	0	No-Go	NGAL	0	0		1	0.0	1	0.0131	0.9867263163905523	-0.013915730380118297
telvsjfuohblsio4g1vjjrf8	1	2	239	30	0	No-Go	NGAL	0	0		1	0.0	1	0.0084	0.992052153975852	-0.008114229693790519
telvsjfuohblsio4g1vjjrf8	1	2	122	1	1	No-Go	NGW	0	1	0.542	0	0.0	0	0.5145	0.5125863593683291	-0.7237768515190415
telvsjfuohblsio4g1vjjrf8	1	2	128	2	1	No-Go	NGW	0	0		1	0.0	1	0.2418	0.7596517440166407	-0.2895942053614217
telvsjfuohblsio4g1vjjrf8	1	2	132	3	1	No-Go	NGW	0	0		1	0.0	1	0.0938	0.9089318850381067	-0.09924825224474354
telvsjfuohblsio4g1vjjrf8	1	2	134	4	1	No-Go	NGW	0	0		1	1.0	0	0.0398	0.9628863174347414	-0.03880345070254754
telvsjfuohblsio4g1vjjrf8	1	2	139	5	1	No-Go	NGW	0	0		1	0.0	1	0.1334	0.8657723339586392	-0.14928900767843972
telvsjfuohblsio4g1vjjrf8	1	2	143	6	1	No-Go	NGW	0	0		1	0.0	1	0.047	0.9487095085498791	-0.053980617087902506
telvsjfuohblsio4g1vjjrf8	1	2	147	7	1	No-Go	NGW	0	0		1	0.0	1	0.0213	0.978057170912464	-0.02255811935368302
telvsjfuohblsio4g1vjjrf8	1	2	151	8	1	No-Go	NGW	0	0		1	0.0	1	0.0099	0.9895518321006531	-0.010617132854636118
telvsjfuohblsio4g1vjjrf8	1	2	153	9	1	No-Go	NGW	0	0		1	1.0	0	0.005	0.9945441254544017	-0.005509592456267042
telvsjfuohblsio4g1vjjrf8	1	2	157	10	1	No-Go	NGW	0	0		1	0.0	1	0.0233	0.9739526807403303	-0.026714366626390863
telvsjfuohblsio4g1vjjrf8	1	2	164	11	1	No-Go	NGW	0	0		1	0.0	1	0.0118	0.9883760210239385	-0.011786790330888962
telvsjfuohblsio4g1vjjrf8	1	2	168	12	1	No-Go	NGW	0	0		1	0.0	1	0.0062	0.9941464701255761	-0.005903222644155992
telvsjfuohblsio4g1vjjrf8	1	2	171	13	1	No-Go	NGW	0	0		1	0.0	1	0.0031	0.9967598045418892	-0.00325790101152499
telvsjfuohblsio4g1vjjrf8	1	2	173	14	1	No-Go	NGW	0	0		1	1.0	0	0.002	0.9980614673339933	-0.0019456705215720206
telvsjfuohblsio4g1vjjrf8	1	2	179	15	1	No-Go	NGW	0	0		1	0.0	1	0.0107	0.9887391500012982	-0.011407711761567196
telvsjfuohblsio4g1vjjrf8	1	2	182	16	1	No-Go	NGW	0	0		1	0.0	1	0.0063	0.9945834345320087	-0.0054548020272744925
telvsjfuohblsio4g1vjjrf8	1	2	188	17	1	No-Go	NGW	0	0		1	0.0	1	0.0028	0.9970516189106126	-0.0029614764210808067
telvsjfuohblsio4g1vjjrf8	1	2	192	18	1	No-Go	NGW	0	0		1	0.0	1	0.0021	0.9982409377983554	-0.0017643704362356408
telvsjfuohblsio4g1vjjrf8	1	2	196	19	1	No-Go	NGW	0	0		1	0.0	1	0.0013	0.9988709744721833	-0.0011314649363705798
telvsjfuohblsio4g1vjjrf8	1	2	198	20	1	No-Go	NGW	0	0		1	1.0	0	0.0004	0.9992300075965841	-0.0007712348727278421
telvsjfuohblsio4g1vjjrf8	1	2	202	21	1	No-Go	NGW	0	0		1	0.0	1	0.0042	0.9945530193131995	-0.005492867287188864
telvsjfuohblsio4g1vjjrf8	1	2	208	22	1	No-Go	NGW	0	0		1	0.0	1	0.0026	0.997196184152311	-0.002816241822733601
telvsjfuohblsio4g1vjjrf8	1	2	212	23	1	No-Go	NGW	0	0		1	0.0	1	0.0016	0.9983653612153183	-0.001639262391502337
telvsjfuohblsio4g1vjjrf8	1	2	214	24	1	No-Go	NGW	0	0		1	0.0	1	0.0014	0.9989584137956433	-0.0010436577274364695
telvsjfuohblsio4g1vjjrf8	1	2	220	25	1	No-Go	NGW	0	0		1	1.0	0	0.0008	0.9992890146012522	-0.0007120430012359248
telvsjfuohblsio4g1vjjrf8	1	2	221	26	1	No-Go	NGW	0	0		1	0.0	1	0.0069	0.9945436979602211	-0.00550950886871198
telvsjfuohblsio4g1vjjrf8	1	2	226	27	1	No-Go	NGW	0	0		1	0.0	1	0.0023	0.997270111604904	-0.0027427153986505216
telvsjfuohblsio4g1vjjrf8	1	2	231	28	1	No-Go	NGW	0	0		1	1.0	0	0.0017	0.9984292526570898	-0.001575259276450087
telvsjfuohblsio4g1vjjrf8	1	2	236	29	1	No-Go	NGW	0	0		1	0.0	1	0.012	0.9885165445084847	-0.011719396278896349
telvsjfuohblsio4g1vjjrf8	1	2	237	30	1	No-Go	NGW	0	0		1	0.0	1	0.0047	0.9950148092093112	-0.005025027165248938
telvsjfuohblsio4g1vjjrf8	1	2	121	1	1	Go	GW	1	1	0.828	1	0.0	1	0.5119	0.5125863593683291	-0.7237768515190415
telvsjfuohblsio4g1vjjrf8	1	2	126	2	1	Go	GW	1	1	0.426	1	0.0	1	0.9153	0.9146025141531411	-0.09668142654060463
telvsjfuohblsio4g1vjjrf8	1	2	129	3	1	Go	GW	1	1	0.513	1	0.0	1	0.9768	0.9770855794361664	-0.02429882736733033
telvsjfuohblsio4g1vjjrf8	1	2	135	4	1	Go	GW	1	1	0.334	1	0.0	1	0.9915	0.991734650030935	-0.008521260175456336
telvsjfuohblsio4g1vjjrf8	1	2	140	5	1	Go	GW	1	1	0.488	1	1.0	0	0.9966	0.996335113005347	-0.0037270085319872806
telvsjfuohblsio4g1vjjrf8	1	2	144	6	1	Go	GW	1	1	0.278	1	0.0	1	0.9788	0.9788004361435815	-0.022185989000475484
telvsjfuohblsio4g1vjjrf8	1	2	148	7	1	Go	GW	1	1	0.456	1	0.0	1	0.9917	0.9928475529753421	-0.007329965982509233
telvsjfuohblsio4g1vjjrf8	1	2	150	8	1	Go	GW	1	1	0.487	1	0.0	1	0.9963	0.9967966664522399	-0.0032493732056747887
telvsjfuohblsio4g1vjjrf8	1	2	154	9	1	Go	GW	1	1	0.386	1	0.0	1	0.9985	0.9982887508997869	-0.0017259342734208918
telvsjfuohblsio4g1vjjrf8	1	2	160	10	1	Go	GW	1	1	0.273	1	1.0	0	0.9988	0.9989500958498031	-0.0010554532594946012
telvsjfuohblsio4g1vjjrf8	1	2	163	11	1	Go	GW	1	1	0.402	1	0.0	1	0.9923	0.9913561755379773	-0.008841930215623996
telvsjfuohblsio4g1vjjrf8	1	2	166	12	1	Go	GW	1	1	0.427	1	0.0	1	0.9954	0.9969009180021103	-0.003130142888567602
telvsjfuohblsio4g1vjjrf8	1	2	169	13	1	Go	GW	1	1	0.353	1	1.0	0	0.9987	0.9984172370244809	-0.0015924187699540339
telvsjfuohblsio4g1vjjrf8	1	2	175	14	1	Go	GW	1	1	0.677	1	0.0	1	0.9882	0.986663282846738	-0.013811591781031517
telvsjfuohblsio4g1vjjrf8	1	2	178	15	1	Go	GW	1	1	0.417	1	0.0	1	0.9963	0.995859912068697	-0.004193193954419926
telvsjfuohblsio4g1vjjrf8	1	2	184	16	1	Go	GW	1	1	0.247	1	1.0	0	0.9979	0.9980560924233695	-0.0019581326246485577
telvsjfuohblsio4g1vjjrf8	1	2	186	17	1	Go	GW	1	1	0.397	1	0.0	1	0.9823	0.9839811969944294	-0.016707046175357797
telvsjfuohblsio4g1vjjrf8	1	2	190	18	1	Go	GW	1	1	0.439	1	0.0	1	0.9948	0.995215853029316	-0.004857422494587495
telvsjfuohblsio4g1vjjrf8	1	2	194	19	1	Go	GW	1	1	0.397	1	0.0	1	0.9985	0.9978314025891228	-0.002186989768272976
telvsjfuohblsio4g1vjjrf8	1	2	197	20	1	Go	GW	1	1	0.454	1	0.0	1	0.9992	0.9987779258092061	-0.0012284427742644119
telvsjfuohblsio4g1vjjrf8	1	2	203	21	1	Go	GW	1	1	0.369	1	1.0	0	0.9996	0.9991999066480115	-0.0008028317478583133
telvsjfuohblsio4g1vjjrf8	1	2	205	22	1	Go	GW	1	1	0.416	1	0.0	1	0.9919	0.9923305592131312	-0.007843395317447715
telvsjfuohblsio4g1vjjrf8	1	2	209	23	1	Go	GW	1	1	0.329	1	0.0	1	0.998	0.9973592909328707	-0.0026625342128683543
telvsjfuohblsio4g1vjjrf8	1	2	216	24	1	Go	GW	1	1	0.286	1	0.0	1	0.9989	0.9986437659808142	-0.001362804617185197
telvsjfuohblsio4g1vjjrf8	1	2	219	25	1	Go	GW	1	1	0.384	1	0.0	1	0.9996	0.9991504430015129	-0.0008522708640364662
telvsjfuohblsio4g1vjjrf8	1	2	223	26	1	Go	GW	1	1	0.374	1	0.0	1	0.9995	0.9993923327712666	-0.0006090673390889526
telvsjfuohblsio4g1vjjrf8	1	2	228	27	1	Go	GW	1	1	0.344	1	0.0	1	0.9992	0.9995218900500302	-0.00047897990691409697
telvsjfuohblsio4g1vjjrf8	1	2	230	28	1	Go	GW	1	1	0.367	1	0.0	1	0.9993	0.9995969856860396	-0.0004036438708875009
telvsjfuohblsio4g1vjjrf8	1	2	233	29	1	Go	GW	1	1	0.577	1	1.0	0	0.9999	0.9996431302451619	-0.0003573802479970209
telvsjfuohblsio4g1vjjrf8	1	2	238	30	1	Go	GW	1	1	0.263	1	0.0	1	0.995	0.9956624636615877	-0.004417163649009052
telvsjfuohblsio4g1vjjrf8	1	2	123	1	0	Go	GAL	1	0		0	0.0	0	0.5496	0.4496052324938836	-0.8250394684826927
telvsjfuohblsio4g1vjjrf8	1	2	127	2	0	Go	GAL	1	1	0.923	1	1.0	0	0.6782	0.677393780726972	-0.4030765656145902
telvsjfuohblsio4g1vjjrf8	1	2	130	3	0	Go	GAL	1	0		0	0.0	0	0.3886	0.6193228810590062	-0.49614312683913564
telvsjfuohblsio4g1vjjrf8	1	2	133	4	0	Go	GAL	1	1	0.769	1	0.0	1	0.4972	0.5022502507344223	-0.7526193002420692
telvsjfuohblsio4g1vjjrf8	1	2	138	5	0	Go	GAL	1	1	0.537	1	0.0	1	0.7893	0.7920943390399888	-0.2493218990325528
telvsjfuohblsio4g1vjjrf8	1	2	141	6	0	Go	GAL	1	1	0.536	1	0.0	1	0.916	0.9178949024662135	-0.0900118665488904
telvsjfuohblsio4g1vjjrf8	1	2	146	7	0	Go	GAL	1	1	0.501	1	1.0	0	0.9659	0.9650049843838904	-0.036811723045105604
telvsjfuohblsio4g1vjjrf8	1	2	149	8	0	Go	GAL	1	1	0.714	1	0.0	1	0.8775	0.8774512171688716	-0.13694717116111296
telvsjfuohblsio4g1vjjrf8	1	2	156	9	0	Go	GAL	1	1	0.414	1	0.0	1	0.9497	0.9511935752753072	-0.05169891635051684
telvsjfuohblsio4g1vjjrf8	1	2	158	10	0	Go	GAL	1	1	0.603	1	0.0	1	0.9758	0.9783359061895415	-0.02238615044924134
telvsjfuohblsio4g1vjjrf8	1	2	161	11	0	Go	GAL	1	1	0.29	1	0.0	1	0.9896	0.9893659553554272	-0.010846577293730982
telvsjfuohblsio4g1vjjrf8	1	2	165	12	0	Go	GAL	1	1	0.437	1	0.0	1	0.9947	0.9943061571001017	-0.005765443526564113
telvsjfuohblsio4g1vjjrf8	1	2	170	13	0	Go	GAL	1	1	0.278	1	0.0	1	0.9969	0.9967135470775229	-0.003313523885153727
telvsjfuohblsio4g1vjjrf8	1	2	174	14	0	Go	GAL	1	1	0.415	1	1.0	0	0.997	0.997974325222588	-0.002037004279219258
telvsjfuohblsio4g1vjjrf8	1	2	180	15	0	Go	GAL	1	1	0.441	1	0.0	1	0.9883	0.9893971299225705	-0.010761719229894011
telvsjfuohblsio4g1vjjrf8	1	2	181	16	0	Go	GAL	1	1	0.36	1	0.0	1	0.9949	0.9945929327633625	-0.005456252039755141
telvsjfuohblsio4g1vjjrf8	1	2	185	17	0	Go	GAL	1	1	0.392	1	0.0	1	0.9966	0.9969392574617363	-0.003079222078759869
telvsjfuohblsio4g1vjjrf8	1	2	189	18	0	Go	GAL	1	1	0.423	1	0.0	1	0.9978	0.9981225843462862	-0.0018853399325378004
telvsjfuohblsio4g1vjjrf8	1	2	195	19	0	Go	GAL	1	1	0.277	1	1.0	0	0.9986	0.9987702420148393	-0.0012335341887385028
telvsjfuohblsio4g1vjjrf8	1	2	200	20	0	Go	GAL	1	1	0.454	1	0.0	1	0.9925	0.9923216085092945	-0.007774844218233397
telvsjfuohblsio4g1vjjrf8	1	2	204	21	0	Go	GAL	1	1	0.669	1	0.0	1	0.9966	0.9960843160153227	-0.003942710365587768
telvsjfuohblsio4g1vjjrf8	1	2	207	22	0	Go	GAL	1	1	0.421	1	0.0	1	0.9979	0.997744046567085	-0.0022660965399689515
telvsjfuohblsio4g1vjjrf8	1	2	211	23	0	Go	GAL	1	1	0.364	1	0.0	1	0.9987	0.9985812289295558	-0.00142328258063084
telvsjfuohblsio4g1vjjrf8	1	2	215	24	0	Go	GAL	1	1	0.4	1	0.0	1	0.9991	0.9990446195988275	-0.0009576458667146653
telvsjfuohblsio4g1vjjrf8	1	2	218	25	0	Go	GAL	1	1	0.469	1	1.0	0	0.9992	0.9993196593449044	-0.0006815932872223332
telvsjfuohblsio4g1vjjrf8	1	2	222	26	0	Go	GAL	1	1	0.498	1	0.0	1	0.9955	0.9950785702019206	-0.004970854017656976
telvsjfuohblsio4g1vjjrf8	1	2	225	27	0	Go	GAL	1	1	0.413	1	0.0	1	0.9967	0.9973987396893256	-0.002615223625704786
telvsjfuohblsio4g1vjjrf8	1	2	229	28	0	Go	GAL	1	1	0.431	1	0.0	1	0.9981	0.9984420494257487	-0.001563391037609182
telvsjfuohblsio4g1vjjrf8	1	2	234	29	0	Go	GAL	1	1	0.447	1	0.0	1	0.9994	0.9989815101321093	-0.0010210398815628154
telvsjfuohblsio4g1vjjrf8	1	2	240	30	0	Go	GAL	1	1	0.525	1	1.0	0	0.9993	0.9992881723673213	-0.0007131855921256683
telvsjfuohblsio4g1vjjrf8	1	1	2	1	0	Go	GAL	1	0		0	0.0	0	0.5453	0.4496052324938836	-0.8250394684826927
telvsjfuohblsio4g1vjjrf8	1	1	8	2	0	Go	GAL	1	0		0	1.0	1	0.6813	0.32260621927302807	-1.198118444038753
telvsjfuohblsio4g1vjjrf8	1	1	12	3	0	Go	GAL	1	0		0	0.0	0	0.3557	0.6374302580381578	-0.4654765522996051
telvsjfuohblsio4g1vjjrf8	1	1	16	4	0	Go	GAL	1	1	0.541	1	0.0	1	0.5064	0.5038203533859542	-0.7501516059256829
telvsjfuohblsio4g1vjjrf8	1	1	19	5	0	Go	GAL	1	1	0.599	1	0.0	1	0.7673	0.7659115270654365	-0.28493940002119833
telvsjfuohblsio4g1vjjrf8	1	1	22	6	0	Go	GAL	1	1	0.604	1	0.0	1	0.8988	0.8962796806558038	-0.11490283983732061
telvsjfuohblsio4g1vjjrf8	1	1	26	7	0	Go	GAL	1	1	0.873	1	1.0	0	0.9484	0.9516212577388365	-0.0512411439288406
telvsjfuohblsio4g1vjjrf8	1	1	30	8	0	Go	GAL	1	1	0.864	1	0.0	1	0.8211	0.8110166216991577	-0.2212741865250284
telvsjfuohblsio4g1vjjrf8	1	1	36	9	0	Go	GAL	1	1	0.906	1	0.0	1	0.9182	0.9185555353898579	-0.08795151182214313
telvsjfuohblsio4g1vjjrf8	1	1	40	10	0	Go	GAL	1	1	0.766	1	0.0	1	0.9621	0.9619785340590264	-0.03969016444824542
telvsjfuohblsio4g1vjjrf8	1	1	41	11	0	Go	GAL	1	1	0.619	1	0.0	1	0.9812	0.9805354368970719	-0.019976615628132216
telvsjfuohblsio4g1vjjrf8	1	1	47	12	0	Go	GAL	1	1	0.576	1	0.0	1	0.9891	0.9891599741362374	-0.011021578164865521
telvsjfuohblsio4g1vjjrf8	1	1	52	13	0	Go	GAL	1	1	0.681	1	0.0	1	0.9941	0.9934976120200366	-0.006575210340242242
telvsjfuohblsio4g1vjjrf8	1	1	53	14	0	Go	GAL	1	1	0.671	1	1.0	0	0.9958	0.9958356066989456	-0.004196981973234193
telvsjfuohblsio4g1vjjrf8	1	1	60	15	0	Go	GAL	1	1	0.576	1	0.0	1	0.9719	0.9733348470410059	-0.02766191194764905
telvsjfuohblsio4g1vjjrf8	1	1	63	16	0	Go	GAL	1	1	0.515	1	0.0	1	0.9882	0.9865950981768686	-0.013654812528667288
telvsjfuohblsio4g1vjjrf8	1	1	65	17	0	Go	GAL	1	1	0.497	1	0.0	1	0.9925	0.992429604470943	-0.007657695646761872
telvsjfuohblsio4g1vjjrf8	1	1	69	18	0	Go	GAL	1	1	0.464	1	0.0	1	0.9947	0.9953276474996217	-0.0047092128963310675
telvsjfuohblsio4g1vjjrf8	1	1	73	19	0	Go	GAL	1	1	0.471	1	1.0	0	0.9966	0.9969033939873679	-0.0031144288768473654
telvsjfuohblsio4g1vjjrf8	1	1	77	20	0	Go	GAL	1	1	0.485	1	0.0	1	0.9759	0.9766752526152768	-0.024399078973214295
telvsjfuohblsio4g1vjjrf8	1	1	81	21	0	Go	GAL	1	1	0.473	1	0.0	1	0.9865	0.9885578587462253	-0.011662824153333709
telvsjfuohblsio4g1vjjrf8	1	1	85	22	0	Go	GAL	1	1	0.519	1	0.0	1	0.9926	0.993563429893506	-0.00650792065960237
telvsjfuohblsio4g1vjjrf8	1	1	91	23	0	Go	GAL	1	1	0.516	1	0.0	1	0.9954	0.9959991412730247	-0.00403041238447792
telvsjfuohblsio4g1vjjrf8	1	1	96	24	0	Go	GAL	1	1	0.437	1	0.0	1	0.9981	0.9973152328389486	-0.0026991812620129666
telvsjfuohblsio4g1vjjrf8	1	1	99	25	0	Go	GAL	1	1	0.963	1	1.0	0	0.9975	0.9980841514148284	-0.0019237863858525392
telvsjfuohblsio4g1vjjrf8	1	1	103	26	0	Go	GAL	1	1	0.481	1	0.0	1	0.9838	0.9835010806210747	-0.01717420683662123
telvsjfuohblsio4g1vjjrf8	1	1	106	27	0	Go	GAL	1	1	0.502	1	0.0	1	0.9923	0.9916849380122068	-0.008456498639653113
telvsjfuohblsio4g1vjjrf8	1	1	110	28	0	Go	GAL	1	1	0.432	1	0.0	1	0.9959	0.9951749942912799	-0.004872108667919851
telvsjfuohblsio4g1vjjrf8	1	1	114	29	0	Go	GAL	1	1	0.443	1	0.0	1	0.997	0.9969051464439462	-0.003115116226216915
telvsjfuohblsio4g1vjjrf8	1	1	119	30	0	Go	GAL	1	1	0.537	1	1.0	0	0.9983	0.997859391963663	-0.0021509177672773532
telvsjfuohblsio4g1vjjrf8	1	1	3	1	1	Go	GW	1	0		0	0.0	0	0.5052	0.4874136406316709	-0.7775495949154551
telvsjfuohblsio4g1vjjrf8	1	1	7	2	1	Go	GW	1	0		0	0.0	0	0.776	0.22789515426913937	-1.7145150284148551
telvsjfuohblsio4g1vjjrf8	1	1	11	3	1	Go	GW	1	0		0	0.0	0	0.8952	0.10202746620709091	-2.7950243170151774
telvsjfuohblsio4g1vjjrf8	1	1	15	4	1	Go	GW	1	1	0.715	1	0.0	1	0.9527	0.9518006070152012	-0.05161697069859415
telvsjfuohblsio4g1vjjrf8	1	1	18	5	1	Go	GW	1	1	0.505	1	1.0	0	0.9952	0.9942471232528566	-0.005850545692311836
telvsjfuohblsio4g1vjjrf8	1	1	23	6	1	Go	GW	1	1	0.469	1	0.0	1	0.9804	0.9801737415284484	-0.020527174950534532
telvsjfuohblsio4g1vjjrf8	1	1	28	7	1	Go	GW	1	1	0.821	1	0.0	1	0.9964	0.9960616019724697	-0.003999419606284032
telvsjfuohblsio4g1vjjrf8	1	1	32	8	1	Go	GW	1	1	0.364	1	0.0	1	0.9986	0.9987797254129528	-0.0012299768418685087
telvsjfuohblsio4g1vjjrf8	1	1	33	9	1	Go	GW	1	1	0.549	1	0.0	1	0.9997	0.9995170184186841	-0.00048513607624964196
telvsjfuohblsio4g1vjjrf8	1	1	37	10	1	Go	GW	1	1	0.446	1	1.0	0	1.0	0.9997730468204165	-0.00022755230161364092
telvsjfuohblsio4g1vjjrf8	1	1	42	11	1	Go	GW	1	1	0.378	1	0.0	1	0.9987	0.9989495254125094	-0.0010560345658417714
telvsjfuohblsio4g1vjjrf8	1	1	48	12	1	Go	GW	1	1	0.363	1	0.0	1	0.9999	0.9995974050397842	-0.00040393744391214987
telvsjfuohblsio4g1vjjrf8	1	1	50	13	1	Go	GW	1	1	0.557	1	1.0	0	1.0	0.999807473270455	-0.00019293408108360147
telvsjfuohblsio4g1vjjrf8	1	1	56	14	1	Go	GW	1	1	0.682	1	0.0	1	0.9991	0.999013546473593	-0.0009907979758412477
telvsjfuohblsio4g1vjjrf8	1	1	57	15	1	Go	GW	1	1	0.422	1	0.0	1	0.9992	0.9996369030956037	-0.00036413908393299784
telvsjfuohblsio4g1vjjrf8	1	1	64	16	1	Go	GW	1	1	0.436	1	1.0	0	0.9999	0.9998258966476576	-0.00017443189184182094
telvsjfuohblsio4g1vjjrf8	1	1	67	17	1	Go	GW	1	1	0.702	1	0.0	1	0.9991	0.9990568436108564	-0.0009470005918193442
telvsjfuohblsio4g1vjjrf8	1	1	71	18	1	Go	GW	1	1	0.384	1	0.0	1	0.9993	0.9996602374975285	-0.00034066793584278874
telvsjfuohblsio4g1vjjrf8	1	1	74	19	1	Go	GW	1	1	0.43	1	0.0	1	0.9999	0.9998369357710297	-0.00016335526650062754
telvsjfuohblsio4g1vjjrf8	1	1	78	20	1	Go	GW	1	1	0.406	1	0.0	1	0.9998	0.9999078304559998	-9.227944441453518e-05
telvsjfuohblsio4g1vjjrf8	1	1	83	21	1	Go	GW	1	1	0.438	1	1.0	0	0.9998	0.9999411135413271	-5.893314765530188e-05
telvsjfuohblsio4g1vjjrf8	1	1	88	22	1	Go	GW	1	1	0.45	1	0.0	1	0.9995	0.999620510749526	-0.00038015954308465014
telvsjfuohblsio4g1vjjrf8	1	1	92	23	1	Go	GW	1	1	0.421	1	0.0	1	0.9999	0.9998442781909743	-0.00015590303237446963
telvsjfuohblsio4g1vjjrf8	1	1	93	24	1	Go	GW	1	1	0.494	1	0.0	1	0.9999	0.9999147776224311	-8.529105901746972e-05
telvsjfuohblsio4g1vjjrf8	1	1	100	25	1	Go	GW	1	1	0.472	1	0.0	1	0.9999	0.9999455856707969	-5.444468951946775e-05
telvsjfuohblsio4g1vjjrf8	1	1	104	26	1	Go	GW	1	1	0.423	1	0.0	1	0.9999	0.9999612033304506	-3.881184316494212e-05
telvsjfuohblsio4g1vjjrf8	1	1	108	27	1	Go	GW	1	1	0.473	1	0.0	1	0.9999	0.9999698946672743	-3.0113886903139913e-05
telvsjfuohblsio4g1vjjrf8	1	1	111	28	1	Go	GW	1	1	0.365	1	0.0	1	0.9999	0.9999750644505442	-2.494100775075182e-05
telvsjfuohblsio4g1vjjrf8	1	1	113	29	1	Go	GW	1	1	0.362	1	1.0	0	1.0	0.9999782999402383	-2.170398424978295e-05
telvsjfuohblsio4g1vjjrf8	1	1	120	30	1	Go	GW	1	1	0.558	1	0.0	1	1.0	0.9998163094318024	-0.0001838506323311401
telvsjfuohblsio4g1vjjrf8	1	1	1	1	0	No-Go	NGAL	0	0		1	0.0	1	0.5456	0.4496052324938836	-0.8250394684826927
telvsjfuohblsio4g1vjjrf8	1	1	6	2	0	No-Go	NGAL	0	0		1	0.0	1	0.2677	0.7351092523373698	-0.31927398965845
telvsjfuohblsio4g1vjjrf8	1	1	9	3	0	No-Go	NGAL	0	0		1	1.0	0	0.1185	0.8827072837287349	-0.12932692064907964
telvsjfuohblsio4g1vjjrf8	1	1	14	4	0	No-Go	NGAL	0	0		1	0.0	1	0.1994	0.7988492509269192	-0.2324370379002003
telvsjfuohblsio4g1vjjrf8	1	1	17	5	0	No-Go	NGAL	0	0		1	0.0	1	0.0821	0.9123308410990406	-0.09415671630334346
telvsjfuohblsio4g1vjjrf8	1	1	24	6	0	No-Go	NGAL	0	0		1	0.0	1	0.0447	0.9589865027333503	-0.04267703502922225
telvsjfuohblsio4g1vjjrf8	1	1	27	7	0	No-Go	NGAL	0	0		1	1.0	0	0.0199	0.9790501494599415	-0.021457012035214516
telvsjfuohblsio4g1vjjrf8	1	1	31	8	0	No-Go	NGAL	0	0		1	0.0	1	0.0472	0.9555754070330457	-0.046577645479700856
telvsjfuohblsio4g1vjjrf8	1	1	34	9	0	No-Go	NGAL	0	0		1	0.0	1	0.0211	0.9784276848915084	-0.02209646341475203
telvsjfuohblsio4g1vjjrf8	1	1	38	10	0	No-Go	NGAL	0	0		1	0.0	1	0.0111	0.9884098135101831	-0.011753776021777023
telvsjfuohblsio4g1vjjrf8	1	1	43	11	0	No-Go	NGAL	0	0		1	0.0	1	0.0058	0.9932044564967265	-0.006856885388141617
telvsjfuohblsio4g1vjjrf8	1	1	45	12	0	No-Go	NGAL	0	0		1	0.0	1	0.0031	0.995706646844462	-0.004319979164409572
telvsjfuohblsio4g1vjjrf8	1	1	51	13	0	No-Go	NGAL	0	0		1	0.0	1	0.0024	0.9971071308997158	-0.0029059390177646675
telvsjfuohblsio4g1vjjrf8	1	1	54	14	0	No-Go	NGAL	0	0		1	0.0	1	0.0025	0.9979386680418072	-0.002068471590553585
telvsjfuohblsio4g1vjjrf8	1	1	59	15	0	No-Go	NGAL	0	0		1	1.0	0	0.0012	0.9984577820869243	-0.0015465043764177756
telvsjfuohblsio4g1vjjrf8	1	1	61	16	0	No-Go	NGAL	0	0		1	0.0	1	0.0031	0.9960689138038299	-0.0039566159413065025
telvsjfuohblsio4g1vjjrf8	1	1	66	17	0	No-Go	NGAL	0	0		1	0.0	1	0.0025	0.9974385029136243	-0.002572009441253806
telvsjfuohblsio4g1vjjrf8	1	1	70	18	0	No-Go	NGAL	0	0		1	0.0	1	0.002	0.9981936190759021	-0.0018118393147372534
telvsjfuohblsio4g1vjjrf8	1	1	75	19	0	No-Go	NGAL	0	0		1	0.0	1	0.0012	0.9986461570137144	-0.00135712322741276
telvsjfuohblsio4g1vjjrf8	1	1	80	20	0	No-Go	NGAL	0	0		1	1.0	0	0.001	0.9989345929581633	-0.0010676005888937792
telvsjfuohblsio4g1vjjrf8	1	1	84	21	0	No-Go	NGAL	0	0		1	0.0	1	0.0033	0.9968206690903822	-0.0032042588792674594
telvsjfuohblsio4g1vjjrf8	1	1	87	22	0	No-Go	NGAL	0	0		1	0.0	1	0.0018	0.9979454150120591	-0.002063234450716886
telvsjfuohblsio4g1vjjrf8	1	1	90	23	0	No-Go	NGAL	0	0		1	0.0	1	0.0016	0.9985385864477834	-0.0014656899190431073
telvsjfuohblsio4g1vjjrf8	1	1	95	24	0	No-Go	NGAL	0	0		1	0.0	1	0.0011	0.9988866498535717	-0.0011159110327610682
telvsjfuohblsio4g1vjjrf8	1	1	97	25	0	No-Go	NGAL	0	0		1	1.0	0	0.001	0.9991066321500369	-0.0008951107095612396
telvsjfuohblsio4g1vjjrf8	1	1	101	26	0	No-Go	NGAL	0	0		1	0.0	1	0.0014	0.9971084345338437	-0.0029170539257389718
telvsjfuohblsio4g1vjjrf8	1	1	107	27	0	No-Go	NGAL	0	0		1	1.0	0	0.002	0.9981472679205832	-0.001860973437138728
telvsjfuohblsio4g1vjjrf8	1	1	112	28	0	No-Go	NGAL	0	0		1	0.0	1	0.0071	0.9930568139225423	-0.0071997090616074755
telvsjfuohblsio4g1vjjrf8	1	1	115	29	0	No-Go	NGAL	0	0		1	0.0	1	0.0033	0.9963958260979306	-0.003643447188148275
telvsjfuohblsio4g1vjjrf8	1	1	118	30	0	No-Go	NGAL	0	0		1	0.0	1	0.0027	0.997798336625379	-0.0022136438752329533
telvsjfuohblsio4g1vjjrf8	1	1	4	1	1	No-Go	NGW	0	0		1	0.0	1	0.5126	0.4874136406316709	-0.7775495949154551
telvsjfuohblsio4g1vjjrf8	1	1	5	2	1	No-Go	NGW	0	0		1	0.0	1	0.2399	0.7596517440166408	-0.28959420536142155
telvsjfuohblsio4g1vjjrf8	1	1	10	3	1	No-Go	NGW	0	0		1	0.0	1	0.0999	0.8959945797271295	-0.11396932839123726
telvsjfuohblsio4g1vjjrf8	1	1	13	4	1	No-Go	NGW	0	0		1	1.0	0	0.0469	0.9526829109797645	-0.04968532167342696
telvsjfuohblsio4g1vjjrf8	1	1	20	5	1	No-Go	NGW	0	1	0.722	0	0.0	0	0.1909	0.19322372638187985	-1.8010418613686892
telvsjfuohblsio4g1vjjrf8	1	1	21	6	1	No-Go	NGW	0	0		1	0.0	1	0.0641	0.9319426587996801	-0.07218212390814605
telvsjfuohblsio4g1vjjrf8	1	1	25	7	1	No-Go	NGW	0	0		1	0.0	1	0.0265	0.9723934816195455	-0.02845725175126783
telvsjfuohblsio4g1vjjrf8	1	1	29	8	1	No-Go	NGW	0	0		1	0.0	1	0.013	0.9873530535770713	-0.01286746711126878
telvsjfuohblsio4g1vjjrf8	1	1	35	9	1	No-Go	NGW	0	0		1	1.0	0	0.0069	0.9935838249471978	-0.006483664024472095
telvsjfuohblsio4g1vjjrf8	1	1	39	10	1	No-Go	NGW	0	0		1	0.0	1	0.0328	0.9693099269430946	-0.031580249155762644
telvsjfuohblsio4g1vjjrf8	1	1	44	11	1	No-Go	NGW	0	0		1	0.0	1	0.0133	0.9866978154115524	-0.013505249116145913
telvsjfuohblsio4g1vjjrf8	1	1	46	12	1	No-Go	NGW	0	0		1	0.0	1	0.0054	0.9934435018905897	-0.006616148084278048
telvsjfuohblsio4g1vjjrf8	1	1	49	13	1	No-Go	NGW	0	0		1	0.0	1	0.0031	0.9964302314098687	-0.0035904735284698853
telvsjfuohblsio4g1vjjrf8	1	1	55	14	1	No-Go	NGW	0	0		1	1.0	0	0.0024	0.9978925661230819	-0.002115616588059078
telvsjfuohblsio4g1vjjrf8	1	1	58	15	1	No-Go	NGW	0	0		1	0.0	1	0.0137	0.9878359112918635	-0.012332734558127084
telvsjfuohblsio4g1vjjrf8	1	1	62	16	1	No-Go	NGW	0	0		1	0.0	1	0.0052	0.9942147979684318	-0.005828145716229277
telvsjfuohblsio4g1vjjrf8	1	1	68	17	1	No-Go	NGW	0	0		1	0.0	1	0.002	0.9968798738470989	-0.003134590210040321
telvsjfuohblsio4g1vjjrf8	1	1	72	18	1	No-Go	NGW	0	0		1	0.0	1	0.0015	0.9981526981848161	-0.0018530873488798593
telvsjfuohblsio4g1vjjrf8	1	1	76	19	1	No-Go	NGW	0	0		1	0.0	1	0.0008	0.9988220403264848	-0.0011805888877760538
telvsjfuohblsio4g1vjjrf8	1	1	79	20	1	No-Go	NGW	0	0		1	1.0	0	0.0009	0.9992011382623689	-0.0008001879421463123
telvsjfuohblsio4g1vjjrf8	1	1	82	21	1	No-Go	NGW	0	0		1	0.0	1	0.0038	0.9943884867799879	-0.005659538946940451
telvsjfuohblsio4g1vjjrf8	1	1	86	22	1	No-Go	NGW	0	0		1	0.0	1	0.0029	0.997120386057597	-0.0028925947258787
telvsjfuohblsio4g1vjjrf8	1	1	89	23	1	No-Go	NGW	0	0		1	0.0	1	0.0017	0.9983263057605134	-0.0016785053777007264
telvsjfuohblsio4g1vjjrf8	1	1	94	24	1	No-Go	NGW	0	0		1	0.0	1	0.0015	0.9989365608217246	-0.0010655853512442303
telvsjfuohblsio4g1vjjrf8	1	1	98	25	1	No-Go	NGW	0	0		1	1.0	0	0.0011	0.9992759752546982	-0.0007251157595372192
telvsjfuohblsio4g1vjjrf8	1	1	102	26	1	No-Go	NGW	0	0		1	0.0	1	0.006	0.9944705039216422	-0.005583600397829489
telvsjfuohblsio4g1vjjrf8	1	1	105	27	1	No-Go	NGW	0	0		1	0.0	1	0.0028	0.9972357008769417	-0.002777359681379273
telvsjfuohblsio4g1vjjrf8	1	1	109	28	1	No-Go	NGW	0	0		1	1.0	0	0.0014	0.9984112057007153	-0.0015933859466429887
telvsjfuohblsio4g1vjjrf8	1	1	116	29	1	No-Go	NGW	0	0		1	0.0	1	0.0119	0.9884230934207051	-0.011814877988375508
telvsjfuohblsio4g1vjjrf8	1	1	117	30	1	No-Go	NGW	0	0		1	0.0	1	0.0047	0.9949746292997291	-0.005065627835710413
u1yahm3i373lvy46e68roh9k	1	1	2	1	1	No-Go	NGW	0	0		1	0.0	1	0.2555	0.7414044125386101	-0.3064381241864332
u1yahm3i373lvy46e68roh9k	1	1	5	2	1	No-Go	NGW	0	0		1	1.0	0	0.1718	0.8138154567960267	-0.2099513681258304
u1yahm3i373lvy46e68roh9k	1	1	10	3	1	No-Go	NGW	0	1	1.189	0	0.0	0	0.2749	0.2728129724233682	-1.3616737799534209
u1yahm3i373lvy46e68roh9k	1	1	14	4	1	No-Go	NGW	0	0		1	0.0	1	0.2026	0.8028302730026214	-0.22389979920130512
u1yahm3i373lvy46e68roh9k	1	1	20	5	1	No-Go	NGW	0	0		1	0.0	1	0.1395	0.8623185884147467	-0.1506416045020229
u1yahm3i373lvy46e68roh9k	1	1	23	6	1	No-Go	NGW	0	0		1	0.0	1	0.0987	0.8990961001562656	-0.10801171361229024
u1yahm3i373lvy46e68roh9k	1	1	26	7	1	No-Go	NGW	0	0		1	0.0	1	0.0823	0.9227974405712772	-0.08145760450385572
u1yahm3i373lvy46e68roh9k	1	1	32	8	1	No-Go	NGW	0	0		1	0.0	1	0.0584	0.9386941375742069	-0.06403538748352407
u1yahm3i373lvy46e68roh9k	1	1	33	9	1	No-Go	NGW	0	0		1	1.0	0	0.0508	0.9497334620432816	-0.0521219501025898
u1yahm3i373lvy46e68roh9k	1	1	39	10	1	No-Go	NGW	0	0		1	0.0	1	0.0931	0.9086946549087688	-0.09693794320954921
u1yahm3i373lvy46e68roh9k	1	1	43	11	1	No-Go	NGW	0	0		1	0.0	1	0.067	0.930228704900507	-0.0730978421716967
u1yahm3i373lvy46e68roh9k	1	1	46	12	1	No-Go	NGW	0	0		1	0.0	1	0.0533	0.9443467145571994	-0.057810364348264996
u1yahm3i373lvy46e68roh9k	1	1	51	13	1	No-Go	NGW	0	0		1	1.0	0	0.0493	0.9540434699254962	-0.047452451968926966
u1yahm3i373lvy46e68roh9k	1	1	55	14	1	No-Go	NGW	0	0		1	0.0	1	0.0815	0.9143993747198885	-0.09065153658140343
u1yahm3i373lvy46e68roh9k	1	1	58	15	1	No-Go	NGW	0	0		1	0.0	1	0.068	0.9345612804245413	-0.06836668521123686
u1yahm3i373lvy46e68roh9k	1	1	62	16	1	No-Go	NGW	0	0		1	0.0	1	0.0501	0.9476325799910448	-0.05426596388340153
u1yahm3i373lvy46e68roh9k	1	1	67	17	1	No-Go	NGW	0	0		1	0.0	1	0.0451	0.9565574406554813	-0.04476961736002529
u1yahm3i373lvy46e68roh9k	1	1	69	18	1	No-Go	NGW	0	0		1	1.0	0	0.0398	0.9628950874910331	-0.03808701469733331
u1yahm3i373lvy46e68roh9k	1	1	74	19	1	No-Go	NGW	0	0		1	0.0	1	0.0704	0.9276907529914473	-0.07603109659148281
u1yahm3i373lvy46e68roh9k	1	1	80	20	1	No-Go	NGW	0	0		1	0.0	1	0.0561	0.9436830320872918	-0.0585307833126979
u1yahm3i373lvy46e68roh9k	1	1	83	21	1	No-Go	NGW	0	0		1	0.0	1	0.0445	0.9541354621155553	-0.047341386588862375
u1yahm3i373lvy46e68roh9k	1	1	87	22	1	No-Go	NGW	0	0		1	0.0	1	0.0392	0.9613363180771425	-0.03972605379206679
u1yahm3i373lvy46e68roh9k	1	1	91	23	1	No-Go	NGW	0	0		1	0.0	1	0.031	0.9664948435973533	-0.034313473068035796
u1yahm3i373lvy46e68roh9k	1	1	93	24	1	No-Go	NGW	0	0		1	0.0	1	0.0303	0.9703031753519703	-0.03033988853981003
u1yahm3i373lvy46e68roh9k	1	1	100	25	1	No-Go	NGW	0	0		1	1.0	0	0.0256	0.9731826568369781	-0.027348079991969653
u1yahm3i373lvy46e68roh9k	1	1	102	26	1	No-Go	NGW	0	0		1	0.0	1	0.0521	0.9440967307948518	-0.05827418845589761
u1yahm3i373lvy46e68roh9k	1	1	108	27	1	No-Go	NGW	0	0		1	1.0	0	0.0404	0.9550651505545844	-0.04641463412822621
u1yahm3i373lvy46e68roh9k	1	1	109	28	1	No-Go	NGW	0	0		1	0.0	1	0.0883	0.9147970550520625	-0.09095709867252794
u1yahm3i373lvy46e68roh9k	1	1	115	29	1	No-Go	NGW	0	0		1	0.0	1	0.0652	0.9362566508971231	-0.06671570825261856
u1yahm3i373lvy46e68roh9k	1	1	120	30	1	No-Go	NGW	0	0		1	0.0	1	0.0498	0.9495673026678143	-0.05225836552106753
u1yahm3i373lvy46e68roh9k	1	1	4	1	0	No-Go	NGAL	0	0		1	0.0	1	0.5532	0.4532698416483234	-0.8059822556888572
u1yahm3i373lvy46e68roh9k	1	1	7	2	0	No-Go	NGAL	0	1	1.277	0	0.0	0	0.4404	0.44081606761860415	-0.8348372329538967
u1yahm3i373lvy46e68roh9k	1	1	12	3	0	No-Go	NGAL	0	1	1.114	0	0.0	0	0.3447	0.34081350997307164	-1.1091934971232271
u1yahm3i373lvy46e68roh9k	1	1	13	4	0	No-Go	NGAL	0	0		1	1.0	0	0.2668	0.7322477927698087	-0.3184730368671467
u1yahm3i373lvy46e68roh9k	1	1	17	5	0	No-Go	NGAL	0	1	1.243	0	0.0	0	0.2727	0.27595354006504	-1.3335202235330943
u1yahm3i373lvy46e68roh9k	1	1	21	6	0	No-Go	NGAL	0	0		1	0.0	1	0.2216	0.7779603056673526	-0.25611245600925275
u1yahm3i373lvy46e68roh9k	1	1	27	7	0	No-Go	NGAL	0	0		1	0.0	1	0.1721	0.8320726138938118	-0.18787206638342427
u1yahm3i373lvy46e68roh9k	1	1	30	8	0	No-Go	NGAL	0	0		1	0.0	1	0.1263	0.8686600474266781	-0.14383071798086774
u1yahm3i373lvy46e68roh9k	1	1	34	9	0	No-Go	NGAL	0	0		1	0.0	1	0.1009	0.89407207881652	-0.11419266443861513
u1yahm3i373lvy46e68roh9k	1	1	37	10	0	No-Go	NGAL	0	0		1	1.0	0	0.0833	0.9121912146973896	-0.09354265747480763
u1yahm3i373lvy46e68roh9k	1	1	41	11	0	No-Go	NGAL	0	0		1	0.0	1	0.089	0.9080032732842847	-0.09811987922601165
u1yahm3i373lvy46e68roh9k	1	1	45	12	0	No-Go	NGAL	0	0		1	0.0	1	0.0761	0.9224673074449525	-0.08191838886411716
u1yahm3i373lvy46e68roh9k	1	1	50	13	0	No-Go	NGAL	0	0		1	1.0	0	0.0666	0.9331448178620915	-0.0701252602410357
u1yahm3i373lvy46e68roh9k	1	1	53	14	0	No-Go	NGAL	0	0		1	0.0	1	0.0669	0.929536380453023	-0.07401119019600351
u1yahm3i373lvy46e68roh9k	1	1	59	15	0	No-Go	NGAL	0	0		1	0.0	1	0.0638	0.9385874870548303	-0.06411527454954649
u1yahm3i373lvy46e68roh9k	1	1	63	16	0	No-Go	NGAL	0	1	1.23	0	1.0	1	0.0567	0.05456226705199335	-3.082003351947956
u1yahm3i373lvy46e68roh9k	1	1	65	17	0	No-Go	NGAL	0	1	0.734	0	0.0	0	0.0979	0.09318673857536912	-2.478180969735705
u1yahm3i373lvy46e68roh9k	1	1	71	18	0	No-Go	NGAL	0	0		1	0.0	1	0.0678	0.9321076779825987	-0.07100268449223356
u1yahm3i373lvy46e68roh9k	1	1	73	19	0	No-Go	NGAL	0	0		1	0.0	1	0.0596	0.9384837094055554	-0.0640857731017528
u1yahm3i373lvy46e68roh9k	1	1	78	20	0	No-Go	NGAL	0	0		1	0.0	1	0.0532	0.9434652639595075	-0.05872125734715227
u1yahm3i373lvy46e68roh9k	1	1	84	21	0	No-Go	NGAL	0	0		1	0.0	1	0.0527	0.9474096060925918	-0.054499431454369876
u1yahm3i373lvy46e68roh9k	1	1	88	22	0	No-Go	NGAL	0	0		1	0.0	1	0.0528	0.950569028926315	-0.051134984621588955
u1yahm3i373lvy46e68roh9k	1	1	90	23	0	No-Go	NGAL	0	0		1	0.0	1	0.0426	0.9531254934671936	-0.048424467236198296
u1yahm3i373lvy46e68roh9k	1	1	94	24	0	No-Go	NGAL	0	0		1	0.0	1	0.0447	0.9552126556981432	-0.04621984699307182
u1yahm3i373lvy46e68roh9k	1	1	99	25	0	No-Go	NGAL	0	0		1	1.0	0	0.0411	0.9569302782557916	-0.044411512770165626
u1yahm3i373lvy46e68roh9k	1	1	101	26	0	No-Go	NGAL	0	0		1	1.0	0	0.0462	0.9539302086735403	-0.047602583591352166
u1yahm3i373lvy46e68roh9k	1	1	107	27	0	No-Go	NGAL	0	0		1	0.0	1	0.0478	0.9505576475062156	-0.051257344495654375
u1yahm3i373lvy46e68roh9k	1	1	112	28	0	No-Go	NGAL	0	0		1	0.0	1	0.0429	0.9535204902650893	-0.04806232326015207
u1yahm3i373lvy46e68roh9k	1	1	114	29	0	No-Go	NGAL	0	0		1	0.0	1	0.0405	0.9558018220240833	-0.04563201090770569
u1yahm3i373lvy46e68roh9k	1	1	118	30	0	No-Go	NGAL	0	0		1	0.0	1	0.0409	0.957600582341067	-0.043729074176966566
u1yahm3i373lvy46e68roh9k	1	1	1	1	1	Go	GW	1	0		0	0.0	0	0.26	0.7414044125386101	-0.3064381241864332
u1yahm3i373lvy46e68roh9k	1	1	6	2	1	Go	GW	1	1	1.125	1	1.0	0	0.346	0.34769932683057797	-1.1128785461715718
u1yahm3i373lvy46e68roh9k	1	1	11	3	1	Go	GW	1	0		0	0.0	0	0.2494	0.7414044125386101	-0.3064381241864332
u1yahm3i373lvy46e68roh9k	1	1	16	4	1	Go	GW	1	0		0	0.0	0	0.3374	0.6686141338687125	-0.4152199628120453
u1yahm3i373lvy46e68roh9k	1	1	18	5	1	Go	GW	1	0		0	0.0	0	0.3966	0.6010852314286954	-0.5284767323078823
u1yahm3i373lvy46e68roh9k	1	1	24	6	1	Go	GW	1	1	1.13	1	0.0	1	0.456	0.45856088439826515	-0.8189625209965217
u1yahm3i373lvy46e68roh9k	1	1	28	7	1	Go	GW	1	1	0.95	1	1.0	0	0.8541	0.8503741142551208	-0.17141524161559146
u1yahm3i373lvy46e68roh9k	1	1	29	8	1	Go	GW	1	1	0.945	1	0.0	1	0.7546	0.7546814096277028	-0.295684063098771
u1yahm3i373lvy46e68roh9k	1	1	36	9	1	Go	GW	1	0		0	0.0	0	0.9	0.10137658558237914	-2.5537088768054224
u1yahm3i373lvy46e68roh9k	1	1	38	10	1	Go	GW	1	1	0.862	1	0.0	1	0.9119	0.9155577653364265	-0.09129123084687633
u1yahm3i373lvy46e68roh9k	1	1	44	11	1	Go	GW	1	1	0.925	1	0.0	1	0.9454	0.943256457585295	-0.05959197615338031
u1yahm3i373lvy46e68roh9k	1	1	48	12	1	Go	GW	1	1	0.893	1	0.0	1	0.9547	0.9528354065915284	-0.04898476722952202
u1yahm3i373lvy46e68roh9k	1	1	52	13	1	Go	GW	1	1	0.989	1	1.0	0	0.9576	0.9569448808477616	-0.04452240747088414
u1yahm3i373lvy46e68roh9k	1	1	54	14	1	Go	GW	1	0		0	0.0	0	0.9077	0.09322881236174548	-2.5818350492167026
u1yahm3i373lvy46e68roh9k	1	1	57	15	1	Go	GW	1	1	1.337	1	0.0	1	0.9198	0.919941627098728	-0.08527562129270914
u1yahm3i373lvy46e68roh9k	1	1	64	16	1	Go	GW	1	1	0.655	1	0.0	1	0.9544	0.9542736259543957	-0.0473439308186601
u1yahm3i373lvy46e68roh9k	1	1	66	17	1	Go	GW	1	1	0.503	1	0.0	1	0.9589	0.9619204769774519	-0.039217062677660904
u1yahm3i373lvy46e68roh9k	1	1	72	18	1	Go	GW	1	1	0.825	1	1.0	0	0.9629	0.96468698821334	-0.03630443570146424
u1yahm3i373lvy46e68roh9k	1	1	76	19	1	Go	GW	1	1	0.826	1	0.0	1	0.9229	0.9217986851902722	-0.08328359039803503
u1yahm3i373lvy46e68roh9k	1	1	77	20	1	Go	GW	1	1	0.794	1	0.0	1	0.9583	0.9553243637599232	-0.046209636020163355
u1yahm3i373lvy46e68roh9k	1	1	81	21	1	Go	GW	1	1	0.949	1	0.0	1	0.9636	0.9625379601033499	-0.038560581747985774
u1yahm3i373lvy46e68roh9k	1	1	86	22	1	Go	GW	1	1	0.962	1	0.0	1	0.9646	0.965071612845333	-0.03590065273495085
u1yahm3i373lvy46e68roh9k	1	1	92	23	1	Go	GW	1	1	0.793	1	0.0	1	0.9666	0.9661708038467137	-0.03475411874481551
u1yahm3i373lvy46e68roh9k	1	1	96	24	1	Go	GW	1	1	0.732	1	1.0	0	0.9668	0.9667147183393421	-0.03418973403586159
u1yahm3i373lvy46e68roh9k	1	1	97	25	1	Go	GW	1	1	0.952	1	0.0	1	0.9231	0.9252014247003953	-0.07962397131443766
u1yahm3i373lvy46e68roh9k	1	1	103	26	1	Go	GW	1	1	0.941	1	0.0	1	0.9561	0.9567286456750171	-0.04472428971614605
u1yahm3i373lvy46e68roh9k	1	1	106	27	1	Go	GW	1	1	0.686	1	0.0	1	0.9654	0.9632745605796798	-0.037790427825353703
u1yahm3i373lvy46e68roh9k	1	1	110	28	1	Go	GW	1	1	1.037	1	1.0	0	0.9653	0.9655050666158882	-0.03545136994456348
u1yahm3i373lvy46e68roh9k	1	1	113	29	1	Go	GW	1	1	1.021	1	0.0	1	0.9251	0.9230664184935182	-0.08195029162528633
u1yahm3i373lvy46e68roh9k	1	1	119	30	1	Go	GW	1	0		0	0.0	0	0.9542	0.043976177720819506	-3.373868979843806
u1yahm3i373lvy46e68roh9k	1	1	3	1	0	Go	GAL	1	0		0	0.0	0	0.5437	0.4532698416483234	-0.8059822556888572
u1yahm3i373lvy46e68roh9k	1	1	8	2	0	Go	GAL	1	1	0.785	1	0.0	1	0.5569	0.5562105401931604	-0.5956588219204408
u1yahm3i373lvy46e68roh9k	1	1	9	3	0	Go	GAL	1	1	0.982	1	1.0	0	0.6571	0.6564349870235162	-0.429310554343496
u1yahm3i373lvy46e68roh9k	1	1	15	4	0	Go	GAL	1	0		0	0.0	0	0.5406	0.46158556239536785	-0.7850920970949935
u1yahm3i373lvy46e68roh9k	1	1	19	5	0	Go	GAL	1	1	1.409	1	0.0	1	0.5566	0.5475959809728058	-0.6105617213867247
u1yahm3i373lvy46e68roh9k	1	1	22	6	0	Go	GAL	1	0		0	0.0	0	0.6595	0.34811320033005133	-1.0838452582700455
u1yahm3i373lvy46e68roh9k	1	1	25	7	0	Go	GAL	1	0		0	0.0	0	0.6554	0.34029561980505657	-1.110138615651425
u1yahm3i373lvy46e68roh9k	1	1	31	8	0	Go	GAL	1	0		0	0.0	0	0.6751	0.3329273728505253	-1.1369409951066356
u1yahm3i373lvy46e68roh9k	1	1	35	9	0	Go	GAL	1	0		0	1.0	1	0.6777	0.32597538855134844	-1.1641353006002972
u1yahm3i373lvy46e68roh9k	1	1	40	10	0	Go	GAL	1	1	1.134	1	0.0	1	0.5734	0.5688145039139967	-0.5731177305081541
u1yahm3i373lvy46e68roh9k	1	1	42	11	0	Go	GAL	1	1	1.282	1	0.0	1	0.6507	0.6545463789161322	-0.43132154950571006
u1yahm3i373lvy46e68roh9k	1	1	47	12	0	Go	GAL	1	1	1.162	1	0.0	1	0.7226	0.7189687764331786	-0.33604408022634147
u1yahm3i373lvy46e68roh9k	1	1	49	13	0	Go	GAL	1	1	1.405	1	0.0	1	0.7632	0.7668965174390702	-0.27016659542969984
u1yahm3i373lvy46e68roh9k	1	1	56	14	0	Go	GAL	1	1	1.082	1	0.0	1	0.798	0.8026991396064431	-0.22342943014448416
u1yahm3i373lvy46e68roh9k	1	1	60	15	0	Go	GAL	1	0		0	1.0	1	0.8247	0.17029164056666818	-1.8375679560862543
u1yahm3i373lvy46e68roh9k	1	1	61	16	0	Go	GAL	1	1	0.542	1	0.0	1	0.7745	0.7711254157895769	-0.26331133705554727
u1yahm3i373lvy46e68roh9k	1	1	68	17	0	Go	GAL	1	1	1.05	1	0.0	1	0.7982	0.7970829183170707	-0.2295817336790263
u1yahm3i373lvy46e68roh9k	1	1	70	18	0	Go	GAL	1	1	1.052	1	0.0	1	0.8182	0.8173872477579729	-0.20400030519477844
u1yahm3i373lvy46e68roh9k	1	1	75	19	0	Go	GAL	1	1	0.888	1	0.0	1	0.8357	0.8334109102271187	-0.1843055606525887
u1yahm3i373lvy46e68roh9k	1	1	79	20	0	Go	GAL	1	1	0.84	1	1.0	0	0.8463	0.8461694460875735	-0.16893750802471025
u1yahm3i373lvy46e68roh9k	1	1	82	21	0	Go	GAL	1	1	1.223	1	0.0	1	0.7192	0.7170502144147708	-0.34439717141778026
u1yahm3i373lvy46e68roh9k	1	1	85	22	0	Go	GAL	1	0		0	0.0	0	0.762	0.24081722919447737	-1.4817955877381455
u1yahm3i373lvy46e68roh9k	1	1	89	23	0	Go	GAL	1	1	0.709	1	0.0	1	0.7661	0.7674395451668744	-0.2703746753599231
u1yahm3i373lvy46e68roh9k	1	1	95	24	0	Go	GAL	1	1	0.871	1	1.0	0	0.797	0.7979185634952963	-0.22963382330720206
u1yahm3i373lvy46e68roh9k	1	1	98	25	0	Go	GAL	1	1	1.068	1	0.0	1	0.661	0.6606467553388939	-0.43593581566820033
u1yahm3i373lvy46e68roh9k	1	1	104	26	0	Go	GAL	1	1	0.912	1	0.0	1	0.7186	0.7185527626996567	-0.34013259514275596
u1yahm3i373lvy46e68roh9k	1	1	105	27	0	Go	GAL	1	1	0.775	1	0.0	1	0.7638	0.7615052965166832	-0.2780897664454319
u1yahm3i373lvy46e68roh9k	1	1	111	28	0	Go	GAL	1	1	1.233	1	0.0	1	0.7909	0.7933565959647351	-0.23543974760453015
u1yahm3i373lvy46e68roh9k	1	1	116	29	0	Go	GAL	1	1	1.373	1	0.0	1	0.8155	0.8172663500212373	-0.2049018611358449
u1yahm3i373lvy46e68roh9k	1	1	117	30	0	Go	GAL	1	0		0	1.0	1	0.8326	0.16451208239645654	-1.8793131818741275
u1yahm3i373lvy46e68roh9k	1	2	121	1	0	No-Go	NGAL	0	1	1.194	0	0.0	0	0.5527	0.5467301583516766	-0.6140171662086906
u1yahm3i373lvy46e68roh9k	1	2	125	2	0	No-Go	NGAL	0	0		1	0.0	1	0.4409	0.5591839323813959	-0.5907132548303405
u1yahm3i373lvy46e68roh9k	1	2	130	3	0	No-Go	NGAL	0	0		1	0.0	1	0.3361	0.6591864900269284	-0.42493092747490774
u1yahm3i373lvy46e68roh9k	1	2	134	4	0	No-Go	NGAL	0	0		1	1.0	0	0.2736	0.7322477927698087	-0.3184730368671467
u1yahm3i373lvy46e68roh9k	1	2	139	5	0	No-Go	NGAL	0	1	1.361	0	0.0	0	0.272	0.27694371818071783	-1.3288620638527888
u1yahm3i373lvy46e68roh9k	1	2	143	6	0	No-Go	NGAL	0	0		1	0.0	1	0.2141	0.7863459014222409	-0.2455263842291882
u1yahm3i373lvy46e68roh9k	1	2	148	7	0	No-Go	NGAL	0	0		1	0.0	1	0.169	0.8315550167911763	-0.1884742563629254
u1yahm3i373lvy46e68roh9k	1	2	149	8	0	No-Go	NGAL	0	0		1	0.0	1	0.1318	0.8633913836707172	-0.14990155094100047
u1yahm3i373lvy46e68roh9k	1	2	156	9	0	No-Go	NGAL	0	0		1	0.0	1	0.1148	0.8863002017275304	-0.12294855160910399
u1yahm3i373lvy46e68roh9k	1	2	160	10	0	No-Go	NGAL	0	0		1	1.0	0	0.0914	0.903133823442651	-0.10357828933766336
u1yahm3i373lvy46e68roh9k	1	2	164	11	0	No-Go	NGAL	0	0		1	0.0	1	0.1023	0.8982606120210986	-0.10895507122214003
u1yahm3i373lvy46e68roh9k	1	2	167	12	0	No-Go	NGAL	0	0		1	0.0	1	0.0906	0.9122287293351439	-0.09314939279110368
u1yahm3i373lvy46e68roh9k	1	2	169	13	0	No-Go	NGAL	0	0		1	1.0	0	0.0777	0.922756998923856	-0.08140351930807788
u1yahm3i373lvy46e68roh9k	1	2	173	14	0	No-Go	NGAL	0	0		1	0.0	1	0.0851	0.9184054519054218	-0.08614882313733405
u1yahm3i373lvy46e68roh9k	1	2	177	15	0	No-Go	NGAL	0	0		1	0.0	1	0.074	0.9276463182449408	-0.0759349899696177
u1yahm3i373lvy46e68roh9k	1	2	181	16	0	No-Go	NGAL	0	0		1	1.0	0	0.0686	0.934736968524113	-0.0681769965637479
u1yahm3i373lvy46e68roh9k	1	2	186	17	0	No-Go	NGAL	0	0		1	0.0	1	0.0715	0.9307339962746828	-0.07251514587808425
u1yahm3i373lvy46e68roh9k	1	2	191	18	0	No-Go	NGAL	0	0		1	0.0	1	0.0603	0.9373054410768559	-0.06535473377297873
u1yahm3i373lvy46e68roh9k	1	2	196	19	0	No-Go	NGAL	0	0		1	0.0	1	0.0563	0.9424030476162414	-0.059846221253966145
u1yahm3i373lvy46e68roh9k	1	2	199	20	0	No-Go	NGAL	0	0		1	0.0	1	0.0539	0.9464236718435366	-0.05552921599509853
u1yahm3i373lvy46e68roh9k	1	2	204	21	0	No-Go	NGAL	0	0		1	0.0	1	0.0536	0.9496379725859057	-0.052095841651716206
u1yahm3i373lvy46e68roh9k	1	2	208	22	0	No-Go	NGAL	0	0		1	0.0	1	0.0494	0.9522369162985473	-0.049331786061680864
u1yahm3i373lvy46e68roh9k	1	2	212	23	0	No-Go	NGAL	0	0		1	0.0	1	0.0488	0.9543587927451246	-0.0470834455216259
u1yahm3i373lvy46e68roh9k	1	2	216	24	0	No-Go	NGAL	0	0		1	0.0	1	0.0433	0.9561058631941065	-0.04523817627364513
u1yahm3i373lvy46e68roh9k	1	2	219	25	0	No-Go	NGAL	0	0		1	1.0	0	0.0437	0.9575550757092075	-0.04371180443411219
u1yahm3i373lvy46e68roh9k	1	2	224	26	0	No-Go	NGAL	0	0		1	1.0	0	0.0443	0.9546208058765365	-0.046815246057317704
u1yahm3i373lvy46e68roh9k	1	2	226	27	0	No-Go	NGAL	0	0		1	0.0	1	0.0466	0.9513216468404913	-0.050361235401244014
u1yahm3i373lvy46e68roh9k	1	2	230	28	0	No-Go	NGAL	0	0		1	0.0	1	0.0452	0.9539915807485164	-0.047497234668014074
u1yahm3i373lvy46e68roh9k	1	2	236	29	0	No-Go	NGAL	0	0		1	0.0	1	0.0449	0.9560558507827925	-0.045304078933461826
u1yahm3i373lvy46e68roh9k	1	2	238	30	0	No-Go	NGAL	0	0		1	0.0	1	0.0433	0.9576901329499983	-0.0435776133253139
u1yahm3i373lvy46e68roh9k	1	2	123	1	0	Go	GAL	1	1	0.945	1	0.0	1	0.5474	0.5467301583516766	-0.6140171662086906
u1yahm3i373lvy46e68roh9k	1	2	126	2	0	Go	GAL	1	1	0.886	1	0.0	1	0.6493	0.6478197981726926	-0.44305596111743806
u1yahm3i373lvy46e68roh9k	1	2	131	3	0	Go	GAL	1	1	0.792	1	1.0	0	0.7148	0.7223774876680694	-0.33259704776762056
u1yahm3i373lvy46e68roh9k	1	2	133	4	0	Go	GAL	1	1	1.092	1	0.0	1	0.6014	0.601291649613179	-0.516420339768101
u1yahm3i373lvy46e68roh9k	1	2	137	5	0	Go	GAL	1	0		0	0.0	0	0.6835	0.31014930043583233	-1.203187138000275
u1yahm3i373lvy46e68roh9k	1	2	142	6	0	Go	GAL	1	1	0.516	1	0.0	1	0.6974	0.6979574303414532	-0.36569081205569787
u1yahm3i373lvy46e68roh9k	1	2	147	7	0	Go	GAL	1	1	0.514	1	0.0	1	0.762	0.7607283807457816	-0.27862506531355974
u1yahm3i373lvy46e68roh9k	1	2	152	8	0	Go	GAL	1	1	0.769	1	0.0	1	0.8012	0.805759201484132	-0.22001874055108436
u1yahm3i373lvy46e68roh9k	1	2	154	9	0	Go	GAL	1	1	0.883	1	1.0	0	0.8381	0.8384765543878754	-0.17925544646803937
u1yahm3i373lvy46e68roh9k	1	2	158	10	0	Go	GAL	1	0		0	0.0	0	0.7307	0.26739254006286134	-1.3467093131047423
u1yahm3i373lvy46e68roh9k	1	2	163	11	0	Go	GAL	1	0		0	0.0	0	0.7352	0.2602290247809659	-1.3747154193364137
u1yahm3i373lvy46e68roh9k	1	2	166	12	0	Go	GAL	1	1	1.487	1	0.0	1	0.7506	0.7464310559004105	-0.2960063649401617
u1yahm3i373lvy46e68roh9k	1	2	170	13	0	Go	GAL	1	0		0	0.0	0	0.7968	0.2006403780994418	-1.65337951082886
u1yahm3i373lvy46e68roh9k	1	2	176	14	0	Go	GAL	1	1	1.06	1	0.0	1	0.8032	0.8044727481409838	-0.2206120769129389
u1yahm3i373lvy46e68roh9k	1	2	179	15	0	Go	GAL	1	1	0.886	1	1.0	0	0.8376	0.84070517509415	-0.17600836890248336
u1yahm3i373lvy46e68roh9k	1	2	183	16	0	Go	GAL	1	1	0.715	1	0.0	1	0.74	0.7384295464942919	-0.30714028824955686
u1yahm3i373lvy46e68roh9k	1	2	185	17	0	Go	GAL	1	1	0.914	1	0.0	1	0.7961	0.7955005634779507	-0.23158979498108134
u1yahm3i373lvy46e68roh9k	1	2	192	18	0	Go	GAL	1	0		0	0.0	0	0.8321	0.1650826562260448	-1.8627285896068768
u1yahm3i373lvy46e68roh9k	1	2	193	19	0	Go	GAL	1	1	1.156	1	0.0	1	0.8412	0.8390349254314168	-0.17789065006419513
u1yahm3i373lvy46e68roh9k	1	2	200	20	0	Go	GAL	1	1	0.696	1	1.0	0	0.8648	0.8662958152224479	-0.14545353843359882
u1yahm3i373lvy46e68roh9k	1	2	202	21	0	Go	GAL	1	1	1.028	1	0.0	1	0.7705	0.7716509028839159	-0.26278280529210096
u1yahm3i373lvy46e68roh9k	1	2	207	22	0	Go	GAL	1	0		0	0.0	0	0.8173	0.17996608163861005	-1.7700501717076162
u1yahm3i373lvy46e68roh9k	1	2	210	23	0	Go	GAL	1	1	1.388	1	0.0	1	0.8237	0.8243133612345664	-0.19577540744251978
u1yahm3i373lvy46e68roh9k	1	2	215	24	0	Go	GAL	1	0		0	1.0	1	0.8537	0.14309133141310745	-2.02536000543635
u1yahm3i373lvy46e68roh9k	1	2	217	25	0	Go	GAL	1	1	1.336	1	0.0	1	0.7894	0.7922412426047578	-0.23586477437698447
u1yahm3i373lvy46e68roh9k	1	2	223	26	0	Go	GAL	1	1	0.78	1	0.0	1	0.8233	0.8241245167307552	-0.19575560395675398
u1yahm3i373lvy46e68roh9k	1	2	227	27	0	Go	GAL	1	1	0.456	1	0.0	1	0.8472	0.8476728638391933	-0.16716212979171446
u1yahm3i373lvy46e68roh9k	1	2	232	28	0	Go	GAL	1	1	1.006	1	0.0	1	0.8636	0.8653886015950824	-0.14618100269490159
u1yahm3i373lvy46e68roh9k	1	2	233	29	0	Go	GAL	1	1	1.1	1	0.0	1	0.8803	0.878944972296665	-0.13042226381081776
u1yahm3i373lvy46e68roh9k	1	2	240	30	0	Go	GAL	1	1	0.735	1	1.0	0	0.886	0.8894770305482969	-0.11835540071262797
u1yahm3i373lvy46e68roh9k	1	2	124	1	1	No-Go	NGW	0	0		1	0.0	1	0.2607	0.7414044125386101	-0.3064381241864332
u1yahm3i373lvy46e68roh9k	1	2	128	2	1	No-Go	NGW	0	0		1	1.0	0	0.1776	0.8138154567960267	-0.2099513681258304
u1yahm3i373lvy46e68roh9k	1	2	129	3	1	No-Go	NGW	0	1	0.638	0	0.0	0	0.2739	0.2728129724233682	-1.3616737799534209
u1yahm3i373lvy46e68roh9k	1	2	135	4	1	No-Go	NGW	0	0		1	0.0	1	0.2014	0.8028302730026214	-0.22389979920130512
u1yahm3i373lvy46e68roh9k	1	2	138	5	1	No-Go	NGW	0	0		1	0.0	1	0.1331	0.8623185884147467	-0.1506416045020229
u1yahm3i373lvy46e68roh9k	1	2	144	6	1	No-Go	NGW	0	0		1	0.0	1	0.1004	0.8990961001562656	-0.10801171361229024
u1yahm3i373lvy46e68roh9k	1	2	145	7	1	No-Go	NGW	0	0		1	0.0	1	0.0687	0.9227974405712772	-0.08145760450385572
u1yahm3i373lvy46e68roh9k	1	2	151	8	1	No-Go	NGW	0	0		1	0.0	1	0.0589	0.9386941375742069	-0.06403538748352407
u1yahm3i373lvy46e68roh9k	1	2	155	9	1	No-Go	NGW	0	0		1	1.0	0	0.0495	0.9497334620432816	-0.0521219501025898
u1yahm3i373lvy46e68roh9k	1	2	157	10	1	No-Go	NGW	0	0		1	0.0	1	0.0881	0.9086946549087688	-0.09693794320954921
u1yahm3i373lvy46e68roh9k	1	2	162	11	1	No-Go	NGW	0	0		1	0.0	1	0.069	0.930228704900507	-0.0730978421716967
u1yahm3i373lvy46e68roh9k	1	2	165	12	1	No-Go	NGW	0	0		1	0.0	1	0.0541	0.9443467145571994	-0.057810364348264996
u1yahm3i373lvy46e68roh9k	1	2	171	13	1	No-Go	NGW	0	0		1	1.0	0	0.0461	0.9540434699254962	-0.047452451968926966
u1yahm3i373lvy46e68roh9k	1	2	175	14	1	No-Go	NGW	0	0		1	0.0	1	0.0804	0.9143993747198885	-0.09065153658140343
u1yahm3i373lvy46e68roh9k	1	2	180	15	1	No-Go	NGW	0	0		1	0.0	1	0.065	0.9345612804245413	-0.06836668521123686
u1yahm3i373lvy46e68roh9k	1	2	184	16	1	No-Go	NGW	0	0		1	0.0	1	0.053	0.9476325799910448	-0.05426596388340153
u1yahm3i373lvy46e68roh9k	1	2	187	17	1	No-Go	NGW	0	0		1	0.0	1	0.0459	0.9565574406554813	-0.04476961736002529
u1yahm3i373lvy46e68roh9k	1	2	189	18	1	No-Go	NGW	0	0		1	1.0	0	0.0378	0.9628950874910331	-0.03808701469733331
u1yahm3i373lvy46e68roh9k	1	2	194	19	1	No-Go	NGW	0	0		1	0.0	1	0.0772	0.9276907529914473	-0.07603109659148281
u1yahm3i373lvy46e68roh9k	1	2	197	20	1	No-Go	NGW	0	0		1	0.0	1	0.0542	0.9436830320872918	-0.0585307833126979
u1yahm3i373lvy46e68roh9k	1	2	203	21	1	No-Go	NGW	0	0		1	0.0	1	0.0496	0.9541354621155553	-0.047341386588862375
u1yahm3i373lvy46e68roh9k	1	2	206	22	1	No-Go	NGW	0	0		1	0.0	1	0.0411	0.9613363180771425	-0.03972605379206679
u1yahm3i373lvy46e68roh9k	1	2	211	23	1	No-Go	NGW	0	0		1	0.0	1	0.0325	0.9664948435973533	-0.034313473068035796
u1yahm3i373lvy46e68roh9k	1	2	214	24	1	No-Go	NGW	0	0		1	0.0	1	0.0316	0.9703031753519703	-0.03033988853981003
u1yahm3i373lvy46e68roh9k	1	2	218	25	1	No-Go	NGW	0	0		1	1.0	0	0.0278	0.9731826568369781	-0.027348079991969653
u1yahm3i373lvy46e68roh9k	1	2	222	26	1	No-Go	NGW	0	0		1	0.0	1	0.0565	0.9440967307948518	-0.05827418845589761
u1yahm3i373lvy46e68roh9k	1	2	228	27	1	No-Go	NGW	0	0		1	1.0	0	0.0469	0.9550651505545844	-0.04641463412822621
u1yahm3i373lvy46e68roh9k	1	2	231	28	1	No-Go	NGW	0	0		1	0.0	1	0.0817	0.9147970550520625	-0.09095709867252794
u1yahm3i373lvy46e68roh9k	1	2	234	29	1	No-Go	NGW	0	0		1	0.0	1	0.0632	0.9362566508971231	-0.06671570825261856
u1yahm3i373lvy46e68roh9k	1	2	239	30	1	No-Go	NGW	0	0		1	0.0	1	0.0499	0.9495673026678143	-0.05225836552106753
u1yahm3i373lvy46e68roh9k	1	2	122	1	1	Go	GW	1	0		0	0.0	0	0.2564	0.7414044125386101	-0.3064381241864332
u1yahm3i373lvy46e68roh9k	1	2	127	2	1	Go	GW	1	1	0.515	1	1.0	0	0.3385	0.34769932683057797	-1.1128785461715718
u1yahm3i373lvy46e68roh9k	1	2	132	3	1	Go	GW	1	1	0.713	1	0.0	1	0.2595	0.2585955874613899	-1.4136768396942738
u1yahm3i373lvy46e68roh9k	1	2	136	4	1	Go	GW	1	1	0.85	1	0.0	1	0.7134	0.7100852802303411	-0.36946954266144755
u1yahm3i373lvy46e68roh9k	1	2	140	5	1	Go	GW	1	1	0.662	1	0.0	1	0.8288	0.8262874957705785	-0.1994885427524302
u1yahm3i373lvy46e68roh9k	1	2	141	6	1	Go	GW	1	1	0.768	1	0.0	1	0.8693	0.8638683332136136	-0.1503999589952264
u1yahm3i373lvy46e68roh9k	1	2	146	7	1	Go	GW	1	1	0.45	1	1.0	0	0.8809	0.8791040805306635	-0.1316617774023729
u1yahm3i373lvy46e68roh9k	1	2	150	8	1	Go	GW	1	1	0.695	1	0.0	1	0.7608	0.7611890612876941	-0.2849544963153247
u1yahm3i373lvy46e68roh9k	1	2	153	9	1	Go	GW	1	1	1.243	1	0.0	1	0.8534	0.8541251450669228	-0.16145157023591244
u1yahm3i373lvy46e68roh9k	1	2	159	10	1	Go	GW	1	0		0	0.0	0	0.877	0.12242222161369071	-2.246608386257242
u1yahm3i373lvy46e68roh9k	1	2	161	11	1	Go	GW	1	1	0.805	1	0.0	1	0.9018	0.9102790931104362	-0.09557781372156668
u1yahm3i373lvy46e68roh9k	1	2	168	12	1	Go	GW	1	1	1.086	1	0.0	1	0.9157	0.916987017498807	-0.08804938339031763
u1yahm3i373lvy46e68roh9k	1	2	172	13	1	Go	GW	1	1	0.767	1	1.0	0	0.9249	0.9200350413923907	-0.08467988670704701
u1yahm3i373lvy46e68roh9k	1	2	174	14	1	Go	GW	1	1	0.972	1	0.0	1	0.8291	0.83177576609402	-0.19091001249083484
u1yahm3i373lvy46e68roh9k	1	2	178	15	1	Go	GW	1	1	0.866	1	0.0	1	0.9017	0.8982137467857587	-0.10926173129134162
u1yahm3i373lvy46e68roh9k	1	2	182	16	1	Go	GW	1	1	0.754	1	0.0	1	0.9153	0.9134294881607231	-0.09200963024923292
u1yahm3i373lvy46e68roh9k	1	2	188	17	1	Go	GW	1	1	1.24	1	0.0	1	0.9168	0.9188350437213858	-0.08600669797693582
u1yahm3i373lvy46e68roh9k	1	2	190	18	1	Go	GW	1	1	1.16	1	1.0	0	0.9216	0.921188087658288	-0.08342961645639718
u1yahm3i373lvy46e68roh9k	1	2	195	19	1	Go	GW	1	1	1.082	1	0.0	1	0.8327	0.8334771112587452	-0.18903880416405427
u1yahm3i373lvy46e68roh9k	1	2	198	20	1	Go	GW	1	1	1.246	1	0.0	1	0.897	0.8991892876357968	-0.10817571809111717
u1yahm3i373lvy46e68roh9k	1	2	201	21	1	Go	GW	1	0		0	0.0	0	0.9166	0.08596030811736093	-2.6331637681700837
u1yahm3i373lvy46e68roh9k	1	2	205	22	1	Go	GW	1	1	0.876	1	0.0	1	0.9326	0.9341641309736267	-0.06903593285330897
u1yahm3i373lvy46e68roh9k	1	2	209	23	1	Go	GW	1	0		0	0.0	0	0.9383	0.06178605617105601	-2.9970845368525993
u1yahm3i373lvy46e68roh9k	1	2	213	24	1	Go	GW	1	1	1.432	1	1.0	0	0.9542	0.9507460280978397	-0.05110890111089007
u1yahm3i373lvy46e68roh9k	1	2	220	25	1	Go	GW	1	1	0.676	1	0.0	1	0.8923	0.8926734354776847	-0.11653750565397976
u1yahm3i373lvy46e68roh9k	1	2	221	26	1	Go	GW	1	1	0.675	1	0.0	1	0.9358	0.9374315319678106	-0.06547070861091943
u1yahm3i373lvy46e68roh9k	1	2	225	27	1	Go	GW	1	1	0.748	1	0.0	1	0.9432	0.9472064211364858	-0.05488964690408056
u1yahm3i373lvy46e68roh9k	1	2	229	28	1	Go	GW	1	1	0.812	1	1.0	0	0.9487	0.9506127458147293	-0.051250815875687354
u1yahm3i373lvy46e68roh9k	1	2	235	29	1	Go	GW	1	1	0.721	1	0.0	1	0.8941	0.8924464461245126	-0.11679231031652493
u1yahm3i373lvy46e68roh9k	1	2	237	30	1	Go	GW	1	1	0.946	1	0.0	1	0.9358	0.9373465823514283	-0.06556460758563107
ubbgbypw5bvfev15ma7swm4j	1	1	4	1	0	No-Go	NGAL	0	1	0.538	0	1.0	1	0.5723	0.5714520217069685	-0.5734025339319341
ubbgbypw5bvfev15ma7swm4j	1	1	8	2	0	No-Go	NGAL	0	1	0.586	0	0.0	0	0.7912	0.7931585505798987	-0.23727013621238843
ubbgbypw5bvfev15ma7swm4j	1	1	9	3	0	No-Go	NGAL	0	0		1	0.0	1	0.5324	0.46022062155097926	-0.7978567488415665
ubbgbypw5bvfev15ma7swm4j	1	1	13	4	0	No-Go	NGAL	0	0		1	0.0	1	0.2889	0.7101401557539413	-0.35413104739092977
ubbgbypw5bvfev15ma7swm4j	1	1	18	5	0	No-Go	NGAL	0	0		1	0.0	1	0.1453	0.8574140657651161	-0.1589443076755893
ubbgbypw5bvfev15ma7swm4j	1	1	21	6	0	No-Go	NGAL	0	0		1	0.0	1	0.0698	0.929030670939469	-0.0755223732727359
ubbgbypw5bvfev15ma7swm4j	1	1	26	7	0	No-Go	NGAL	0	0		1	1.0	0	0.0376	0.9629095981220372	-0.03850007206779859
ubbgbypw5bvfev15ma7swm4j	1	1	31	8	0	No-Go	NGAL	0	0		1	0.0	1	0.0921	0.911032931677	-0.09558259186603199
ubbgbypw5bvfev15ma7swm4j	1	1	36	9	0	No-Go	NGAL	0	0		1	0.0	1	0.0409	0.9559400694241482	-0.045747491309304875
ubbgbypw5bvfev15ma7swm4j	1	1	38	10	0	No-Go	NGAL	0	0		1	0.0	1	0.0247	0.9765943409224792	-0.023925524014092567
ubbgbypw5bvfev15ma7swm4j	1	1	41	11	0	No-Go	NGAL	0	0		1	0.0	1	0.0146	0.9866650798994154	-0.013521004627967233
ubbgbypw5bvfev15ma7swm4j	1	1	46	12	0	No-Go	NGAL	0	0		1	0.0	1	0.0093	0.9918976542728695	-0.008177912155444977
ubbgbypw5bvfev15ma7swm4j	1	1	50	13	0	No-Go	NGAL	0	0		1	0.0	1	0.0061	0.9947818007576454	-0.0052525036562078575
ubbgbypw5bvfev15ma7swm4j	1	1	55	14	0	No-Go	NGAL	0	0		1	1.0	0	0.0042	0.9964577727394215	-0.003559469947523146
ubbgbypw5bvfev15ma7swm4j	1	1	60	15	0	No-Go	NGAL	0	0		1	0.0	1	0.0094	0.9882175858145289	-0.011990293876048736
ubbgbypw5bvfev15ma7swm4j	1	1	62	16	0	No-Go	NGAL	0	0		1	0.0	1	0.0068	0.9931169585979868	-0.006947088830834094
ubbgbypw5bvfev15ma7swm4j	1	1	67	17	0	No-Go	NGAL	0	0		1	0.0	1	0.0061	0.9956306308306033	-0.004395404988976789
ubbgbypw5bvfev15ma7swm4j	1	1	70	18	0	No-Go	NGAL	0	0		1	0.0	1	0.0028	0.9970335440354767	-0.0029791841718200735
ubbgbypw5bvfev15ma7swm4j	1	1	76	19	0	No-Go	NGAL	0	0		1	0.0	1	0.0023	0.9978702601047523	-0.002136878153677053
ubbgbypw5bvfev15ma7swm4j	1	1	77	20	0	No-Go	NGAL	0	0		1	1.0	0	0.0027	0.998396737119912	-0.0016077255431616558
ubbgbypw5bvfev15ma7swm4j	1	1	81	21	0	No-Go	NGAL	0	0		1	0.0	1	0.0071	0.9933223942910206	-0.006801193696499703
ubbgbypw5bvfev15ma7swm4j	1	1	87	22	0	No-Go	NGAL	0	0		1	0.0	1	0.0045	0.9959907784874167	-0.004043798743701655
ubbgbypw5bvfev15ma7swm4j	1	1	92	23	0	No-Go	NGAL	0	0		1	0.0	1	0.0029	0.9973482082894416	-0.002665804397489189
ubbgbypw5bvfev15ma7swm4j	1	1	93	24	0	No-Go	NGAL	0	0		1	1.0	0	0.0022	0.9981131808083287	-0.0018939855548654697
ubbgbypw5bvfev15ma7swm4j	1	1	98	25	0	No-Go	NGAL	0	0		1	0.0	1	0.0075	0.9908942250160124	-0.009446292204479557
ubbgbypw5bvfev15ma7swm4j	1	1	103	26	0	No-Go	NGAL	0	0		1	0.0	1	0.0053	0.9949842879058793	-0.005086549577934409
ubbgbypw5bvfev15ma7swm4j	1	1	107	27	0	No-Go	NGAL	0	0		1	0.0	1	0.0025	0.9968835256204522	-0.0031394884770517897
ubbgbypw5bvfev15ma7swm4j	1	1	109	28	0	No-Go	NGAL	0	0		1	0.0	1	0.0024	0.9978783231041444	-0.0021317803276006014
ubbgbypw5bvfev15ma7swm4j	1	1	116	29	0	No-Go	NGAL	0	0		1	1.0	0	0.0013	0.9984509142141276	-0.001554549381414835
ubbgbypw5bvfev15ma7swm4j	1	1	117	30	0	No-Go	NGAL	0	0		1	0.0	1	0.0069	0.9921542497018978	-0.008112678843456657
ubbgbypw5bvfev15ma7swm4j	1	1	1	1	1	Go	GW	1	1	0.373	1	1.0	0	0.7513	0.7522956729204594	-0.297430403464048
ubbgbypw5bvfev15ma7swm4j	1	1	5	2	1	Go	GW	1	1	0.321	1	0.0	1	0.5105	0.5170875811185036	-0.6987313570396693
ubbgbypw5bvfev15ma7swm4j	1	1	11	3	1	Go	GW	1	0		0	0.0	0	0.86	0.13875557548549877	-2.4685437634240985
ubbgbypw5bvfev15ma7swm4j	1	1	15	4	1	Go	GW	1	1	0.33	1	0.0	1	0.9428	0.9437624220204751	-0.05980404099303891
ubbgbypw5bvfev15ma7swm4j	1	1	19	5	1	Go	GW	1	1	0.451	1	0.0	1	0.983	0.9821436197175075	-0.01843206698126564
ubbgbypw5bvfev15ma7swm4j	1	1	24	6	1	Go	GW	1	1	0.554	1	0.0	1	0.993	0.9929827188156459	-0.00714546484680377
ubbgbypw5bvfev15ma7swm4j	1	1	28	7	1	Go	GW	1	1	0.404	1	0.0	1	0.9964	0.9968160359331214	-0.003219162197064317
ubbgbypw5bvfev15ma7swm4j	1	1	32	8	1	Go	GW	1	1	0.549	1	0.0	1	0.9988	0.9983912477786867	-0.0016200482742116129
ubbgbypw5bvfev15ma7swm4j	1	1	34	9	1	Go	GW	1	1	0.681	1	0.0	1	0.9993	0.9991134541904115	-0.0008906439042373814
ubbgbypw5bvfev15ma7swm4j	1	1	39	10	1	Go	GW	1	1	0.288	1	1.0	0	0.9992	0.9994739058270022	-0.0005277371851074181
ubbgbypw5bvfev15ma7swm4j	1	1	42	11	1	Go	GW	1	1	0.399	1	1.0	0	0.998	0.9977050430975485	-0.002311499460633384
ubbgbypw5bvfev15ma7swm4j	1	1	48	12	1	Go	GW	1	1	0.721	1	0.0	1	0.9886	0.9904338714226327	-0.009763880656963974
ubbgbypw5bvfev15ma7swm4j	1	1	49	13	1	Go	GW	1	1	0.522	1	0.0	1	0.9963	0.996257298724995	-0.0037865512671637546
ubbgbypw5bvfev15ma7swm4j	1	1	54	14	1	Go	GW	1	1	0.487	1	0.0	1	0.9987	0.9982030534037263	-0.001810731942710532
ubbgbypw5bvfev15ma7swm4j	1	1	57	15	1	Go	GW	1	1	0.442	1	0.0	1	0.9995	0.9990321165497864	-0.0009729299750926838
ubbgbypw5bvfev15ma7swm4j	1	1	64	16	1	Go	GW	1	1	0.4	1	0.0	1	0.9993	0.999432472516389	-0.0005695824406242665
ubbgbypw5bvfev15ma7swm4j	1	1	65	17	1	Go	GW	1	1	0.431	1	0.0	1	0.9995	0.9996430131927458	-0.0003578964705935221
ubbgbypw5bvfev15ma7swm4j	1	1	71	18	1	Go	GW	1	1	0.54	1	0.0	1	1.0	0.9997611601686415	-0.0002392719802843506
ubbgbypw5bvfev15ma7swm4j	1	1	75	19	1	Go	GW	1	1	0.714	1	0.0	1	1.0	0.9998310240477315	-0.00016919490517027755
ubbgbypw5bvfev15ma7swm4j	1	1	79	20	1	Go	GW	1	1	0.529	1	1.0	0	0.9996	0.9998741827579622	-0.00012593543485685496
ubbgbypw5bvfev15ma7swm4j	1	1	84	21	1	Go	GW	1	1	0.418	1	0.0	1	0.9993	0.9992556269614373	-0.000746511857442648
ubbgbypw5bvfev15ma7swm4j	1	1	88	22	1	Go	GW	1	1	0.52	1	0.0	1	0.9996	0.9995933485959058	-0.0004073874330521805
ubbgbypw5bvfev15ma7swm4j	1	1	91	23	1	Go	GW	1	1	0.671	1	0.0	1	1.0	0.9997439586670919	-0.0002563733002810377
ubbgbypw5bvfev15ma7swm4j	1	1	96	24	1	Go	GW	1	1	0.432	1	1.0	0	0.9999	0.9998242957572873	-0.00017587255604963146
ubbgbypw5bvfev15ma7swm4j	1	1	99	25	1	Go	GW	1	1	0.552	1	0.0	1	0.9991	0.998933214368665	-0.0010707955439210265
ubbgbypw5bvfev15ma7swm4j	1	1	102	26	1	Go	GW	1	1	0.75	1	0.0	1	0.9989	0.9994677488949659	-0.0005333733234080431
ubbgbypw5bvfev15ma7swm4j	1	1	106	27	1	Go	GW	1	1	0.547	1	0.0	1	0.9996	0.9996839867777028	-0.00031646718688806656
ubbgbypw5bvfev15ma7swm4j	1	1	111	28	1	Go	GW	1	1	0.323	1	1.0	0	1.0	0.9997920677822917	-0.0002081478640281463
ubbgbypw5bvfev15ma7swm4j	1	1	114	29	1	Go	GW	1	1	0.519	1	0.0	1	0.999	0.998744292329345	-0.0012611210601347993
ubbgbypw5bvfev15ma7swm4j	1	1	118	30	1	Go	GW	1	1	0.478	1	0.0	1	0.9994	0.9993918100578658	-0.0006096221398919676
ubbgbypw5bvfev15ma7swm4j	1	1	2	1	0	Go	GAL	1	1	0.45	1	0.0	1	0.5723	0.5714520217069685	-0.5734025339319341
ubbgbypw5bvfev15ma7swm4j	1	1	6	2	0	Go	GAL	1	1	0.641	1	0.0	1	0.7941	0.7931585505798987	-0.23727013621238843
ubbgbypw5bvfev15ma7swm4j	1	1	12	3	0	Go	GAL	1	0		0	0.0	0	0.9036	0.09564614069022619	-2.553100937560058
ubbgbypw5bvfev15ma7swm4j	1	1	14	4	0	Go	GAL	1	1	0.659	1	1.0	0	0.9472	0.9458218538620884	-0.05709264492420673
ubbgbypw5bvfev15ma7swm4j	1	1	17	5	0	Go	GAL	1	0		0	0.0	0	0.8401	0.15903291498647254	-2.033050565542332
ubbgbypw5bvfev15ma7swm4j	1	1	23	6	0	Go	GAL	1	1	0.649	1	0.0	1	0.8968	0.899335966144793	-0.11112544292650946
ubbgbypw5bvfev15ma7swm4j	1	1	25	7	0	Go	GAL	1	1	1.088	1	0.0	1	0.9553	0.9561232170099258	-0.04621793393338844
ubbgbypw5bvfev15ma7swm4j	1	1	29	8	0	Go	GAL	1	1	0.266	1	0.0	1	0.9799	0.9793387905769969	-0.02127979485038507
ubbgbypw5bvfev15ma7swm4j	1	1	33	9	0	Go	GAL	1	1	0.833	1	0.0	1	0.9911	0.9894849396212523	-0.01070290970926299
ubbgbypw5bvfev15ma7swm4j	1	1	40	10	0	Go	GAL	1	1	0.377	1	1.0	0	0.994	0.994254985001442	-0.005809313803175067
ubbgbypw5bvfev15ma7swm4j	1	1	43	11	0	Go	GAL	1	1	0.45	1	0.0	1	0.9788	0.9788669265281009	-0.02170575390232623
ubbgbypw5bvfev15ma7swm4j	1	1	47	12	0	Go	GAL	1	1	0.674	1	0.0	1	0.9893	0.9895216968915689	-0.010643210374701548
ubbgbypw5bvfev15ma7swm4j	1	1	51	13	0	Go	GAL	1	1	0.639	1	0.0	1	0.9952	0.9943482259278605	-0.0057074463582978295
ubbgbypw5bvfev15ma7swm4j	1	1	56	14	0	Go	GAL	1	1	0.511	1	1.0	0	0.9976	0.9967266008115739	-0.0032946585203714788
ubbgbypw5bvfev15ma7swm4j	1	1	58	15	0	Go	GAL	1	1	0.569	1	0.0	1	0.9869	0.9866296879709776	-0.013624871097253155
ubbgbypw5bvfev15ma7swm4j	1	1	63	16	0	Go	GAL	1	1	0.39	1	1.0	0	0.9926	0.9931738002298772	-0.006900285764300889
ubbgbypw5bvfev15ma7swm4j	1	1	68	17	0	Go	GAL	1	1	0.557	1	0.0	1	0.9722	0.9730828838460825	-0.02792691818749591
ubbgbypw5bvfev15ma7swm4j	1	1	72	18	0	Go	GAL	1	1	0.608	1	0.0	1	0.9858	0.987639148116057	-0.012579995663986576
ubbgbypw5bvfev15ma7swm4j	1	1	74	19	0	Go	GAL	1	1	0.487	1	0.0	1	0.9942	0.9936454487857893	-0.006419384481074099
ubbgbypw5bvfev15ma7swm4j	1	1	78	20	0	Go	GAL	1	1	0.525	1	0.0	1	0.9967	0.9964298610419002	-0.0035933440141203074
ubbgbypw5bvfev15ma7swm4j	1	1	83	21	0	Go	GAL	1	1	0.684	1	1.0	0	0.9978	0.9978436677631526	-0.0021658615873167506
ubbgbypw5bvfev15ma7swm4j	1	1	86	22	0	Go	GAL	1	1	0.511	1	0.0	1	0.9922	0.9903280056869486	-0.009827043008890951
ubbgbypw5bvfev15ma7swm4j	1	1	89	23	0	Go	GAL	1	1	0.506	1	0.0	1	0.9959	0.9949807061081517	-0.005063460531740705
ubbgbypw5bvfev15ma7swm4j	1	1	95	24	0	Go	GAL	1	1	0.394	1	0.0	1	0.9968	0.9971349583631416	-0.0028809418007581973
ubbgbypw5bvfev15ma7swm4j	1	1	97	25	0	Go	GAL	1	1	0.537	1	0.0	1	0.9975	0.9982373108234637	-0.001769377238830595
ubbgbypw5bvfev15ma7swm4j	1	1	104	26	0	Go	GAL	1	1	0.568	1	0.0	1	0.9986	0.9988464040689762	-0.001156761290161856
ubbgbypw5bvfev15ma7swm4j	1	1	105	27	0	Go	GAL	1	1	0.786	1	0.0	1	0.9992	0.9992042912263248	-0.000797359137097124
ubbgbypw5bvfev15ma7swm4j	1	1	110	28	0	Go	GAL	1	1	0.665	1	0.0	1	0.9993	0.9994255293754432	-0.0005754058416679035
ubbgbypw5bvfev15ma7swm4j	1	1	115	29	0	Go	GAL	1	1	0.64	1	1.0	0	0.9995	0.9995682803746743	-0.00043229012517121806
ubbgbypw5bvfev15ma7swm4j	1	1	119	30	0	Go	GAL	1	1	0.546	1	0.0	1	0.9971	0.9975537921353768	-0.0024629399392967323
ubbgbypw5bvfev15ma7swm4j	1	1	3	1	1	No-Go	NGW	0	1	0.609	0	0.0	0	0.7591	0.7522956729204594	-0.297430403464048
ubbgbypw5bvfev15ma7swm4j	1	1	7	2	1	No-Go	NGW	0	1	0.226	0	0.0	0	0.5199	0.5170875811185036	-0.6987313570396693
ubbgbypw5bvfev15ma7swm4j	1	1	10	3	1	No-Go	NGW	0	1	0.654	0	0.0	0	0.307	0.29960843474184756	-1.3062450325815962
ubbgbypw5bvfev15ma7swm4j	1	1	16	4	1	No-Go	NGW	0	0		1	0.0	1	0.1671	0.8387676068127509	-0.18241826822517088
ubbgbypw5bvfev15ma7swm4j	1	1	20	5	1	No-Go	NGW	0	0		1	1.0	0	0.0648	0.933303910564294	-0.0709722805177902
ubbgbypw5bvfev15ma7swm4j	1	1	22	6	1	No-Go	NGW	0	1	0.533	0	0.0	0	0.176	0.1776785276892131	-1.8869537723788425
ubbgbypw5bvfev15ma7swm4j	1	1	27	7	1	No-Go	NGW	0	0		1	1.0	0	0.0992	0.903591485635545	-0.10405552355749771
ubbgbypw5bvfev15ma7swm4j	1	1	30	8	1	No-Go	NGW	0	0		1	0.0	1	0.2349	0.7735914393877081	-0.26627307572363385
ubbgbypw5bvfev15ma7swm4j	1	1	35	9	1	No-Go	NGW	0	0		1	0.0	1	0.0832	0.9151206097895136	-0.09112270674989388
ubbgbypw5bvfev15ma7swm4j	1	1	37	10	1	No-Go	NGW	0	0		1	0.0	1	0.0336	0.9659925693202771	-0.03526273342191929
ubbgbypw5bvfev15ma7swm4j	1	1	44	11	1	No-Go	NGW	0	0		1	0.0	1	0.0113	0.9850256059494769	-0.015277601703537012
ubbgbypw5bvfev15ma7swm4j	1	1	45	12	1	No-Go	NGW	0	0		1	0.0	1	0.0075	0.99279950446367	-0.007285318612316741
ubbgbypw5bvfev15ma7swm4j	1	1	52	13	1	No-Go	NGW	0	0		1	0.0	1	0.0039	0.9962579096571168	-0.0037689391469035933
ubbgbypw5bvfev15ma7swm4j	1	1	53	14	1	No-Go	NGW	0	0		1	0.0	1	0.0016	0.9979174563520823	-0.0020920058741185233
ubbgbypw5bvfev15ma7swm4j	1	1	59	15	1	No-Go	NGW	0	0		1	1.0	0	0.0016	0.998768197992604	-0.0012354732275291023
ubbgbypw5bvfev15ma7swm4j	1	1	61	16	1	No-Go	NGW	0	0		1	0.0	1	0.0053	0.9952079106335155	-0.004824685257273669
ubbgbypw5bvfev15ma7swm4j	1	1	66	17	1	No-Go	NGW	0	0		1	0.0	1	0.0014	0.9974631784116446	-0.0025475435381274877
ubbgbypw5bvfev15ma7swm4j	1	1	69	18	1	No-Go	NGW	0	0		1	0.0	1	0.001	0.9985482122723429	-0.0014558356068240632
ubbgbypw5bvfev15ma7swm4j	1	1	73	19	1	No-Go	NGW	0	0		1	1.0	0	0.0005	0.9991135506737937	-0.0008881497535207374
ubbgbypw5bvfev15ma7swm4j	1	1	80	20	1	No-Go	NGW	0	0		1	0.0	1	0.0037	0.99616096203879	-0.003861636780969967
ubbgbypw5bvfev15ma7swm4j	1	1	82	21	1	No-Go	NGW	0	0		1	0.0	1	0.0022	0.9979743518621457	-0.00203248536096851
ubbgbypw5bvfev15ma7swm4j	1	1	85	22	1	No-Go	NGW	0	0		1	1.0	0	0.0012	0.9988297957860818	-0.001172783628996284
ubbgbypw5bvfev15ma7swm4j	1	1	90	23	1	No-Go	NGW	0	0		1	0.0	1	0.0067	0.9948048737819718	-0.0052384218619801635
ubbgbypw5bvfev15ma7swm4j	1	1	94	24	1	No-Go	NGW	0	0		1	0.0	1	0.0032	0.997424676230491	-0.0025860249216795783
ubbgbypw5bvfev15ma7swm4j	1	1	100	25	1	No-Go	NGW	0	0		1	0.0	1	0.0007	0.998574334218952	-0.001429300590992801
ubbgbypw5bvfev15ma7swm4j	1	1	101	26	1	No-Go	NGW	0	0		1	0.0	1	0.001	0.999143293259384	-0.0008581816208534716
ubbgbypw5bvfev15ma7swm4j	1	1	108	27	1	No-Go	NGW	0	0		1	0.0	1	0.0011	0.9994502239475289	-0.0005504545087022356
ubbgbypw5bvfev15ma7swm4j	1	1	112	28	1	No-Go	NGW	0	0		1	0.0	1	0.0004	0.9996272076262849	-0.0003731374001837322
ubbgbypw5bvfev15ma7swm4j	1	1	113	29	1	No-Go	NGW	0	0		1	1.0	0	0.0002	0.9997349180403263	-0.00026527314067977795
ubbgbypw5bvfev15ma7swm4j	1	1	120	30	1	No-Go	NGW	0	0		1	0.0	1	0.001	0.9985848370103033	-0.0014199995775660734
ubbgbypw5bvfev15ma7swm4j	1	2	124	1	1	Go	GW	1	1	0.497	1	1.0	0	0.755	0.7522956729204594	-0.297430403464048
ubbgbypw5bvfev15ma7swm4j	1	2	127	2	1	Go	GW	1	1	0.917	1	0.0	1	0.514	0.5170875811185036	-0.6987313570396693
ubbgbypw5bvfev15ma7swm4j	1	2	131	3	1	Go	GW	1	1	0.706	1	0.0	1	0.8642	0.8612444245145012	-0.15836097940364413
ubbgbypw5bvfev15ma7swm4j	1	2	135	4	1	Go	GW	1	1	0.407	1	0.0	1	0.9542	0.9540022583568536	-0.04929685733305117
ubbgbypw5bvfev15ma7swm4j	1	2	138	5	1	Go	GW	1	1	0.48	1	0.0	1	0.9829	0.9817463772382933	-0.018988520552318325
ubbgbypw5bvfev15ma7swm4j	1	2	141	6	1	Go	GW	1	1	0.576	1	0.0	1	0.991	0.9917105284184745	-0.008488565439327876
ubbgbypw5bvfev15ma7swm4j	1	2	145	7	1	Go	GW	1	1	0.453	1	0.0	1	0.9963	0.9958172552834571	-0.00424553414316382
ubbgbypw5bvfev15ma7swm4j	1	2	151	8	1	Go	GW	1	1	0.603	1	0.0	1	0.9972	0.9976975025461706	-0.002324895899250956
ubbgbypw5bvfev15ma7swm4j	1	2	155	9	1	Go	GW	1	1	0.479	1	0.0	1	0.9991	0.998633260808215	-0.0013755963137137078
ubbgbypw5bvfev15ma7swm4j	1	2	158	10	1	Go	GW	1	1	0.609	1	1.0	0	0.9983	0.9991318744039247	-0.0008719557555488694
ubbgbypw5bvfev15ma7swm4j	1	2	164	11	1	Go	GW	1	1	0.461	1	1.0	0	0.9964	0.9955928489973225	-0.004461533218150895
ubbgbypw5bvfev15ma7swm4j	1	2	165	12	1	Go	GW	1	1	0.474	1	0.0	1	0.9806	0.9792724726795872	-0.02179810065341085
ubbgbypw5bvfev15ma7swm4j	1	2	172	13	1	Go	GW	1	1	0.416	1	0.0	1	0.9921	0.9921313019231814	-0.008042046896661452
ubbgbypw5bvfev15ma7swm4j	1	2	175	14	1	Go	GW	1	1	0.452	1	0.0	1	0.9955	0.9962162782185111	-0.003834973441132297
ubbgbypw5bvfev15ma7swm4j	1	2	178	15	1	Go	GW	1	1	0.568	1	0.0	1	0.998	0.9979359370655846	-0.002082463065217825
ubbgbypw5bvfev15ma7swm4j	1	2	182	16	1	Go	GW	1	1	0.598	1	0.0	1	0.998	0.9987675096510787	-0.0012399656401079304
ubbgbypw5bvfev15ma7swm4j	1	2	188	17	1	Go	GW	1	1	1.234	1	0.0	1	0.9993	0.999207692474984	-0.0007956499176408835
ubbgbypw5bvfev15ma7swm4j	1	2	190	18	1	Go	GW	1	1	0.534	1	0.0	1	0.9992	0.9994568787677108	-0.0005447448529878983
ubbgbypw5bvfev15ma7swm4j	1	2	196	19	1	Go	GW	1	1	1.065	1	0.0	1	0.9996	0.9996056647371652	-0.00039518841279381566
ubbgbypw5bvfev15ma7swm4j	1	2	199	20	1	Go	GW	1	1	0.775	1	1.0	0	0.9996	0.9996984985184209	-0.0003019871181206754
ubbgbypw5bvfev15ma7swm4j	1	2	201	21	1	Go	GW	1	1	0.512	1	0.0	1	0.9981	0.9979513335213689	-0.0020645899890370913
ubbgbypw5bvfev15ma7swm4j	1	2	207	22	1	Go	GW	1	1	0.833	1	0.0	1	0.9987	0.9989209873159218	-0.0010833332804902397
ubbgbypw5bvfev15ma7swm4j	1	2	209	23	1	Go	GW	1	1	0.514	1	0.0	1	0.999	0.9993287120000411	-0.0006730988949425793
ubbgbypw5bvfev15ma7swm4j	1	2	215	24	1	Go	GW	1	1	0.536	1	1.0	0	0.9994	0.9995398706027109	-0.00046103024579341163
ubbgbypw5bvfev15ma7swm4j	1	2	217	25	1	Go	GW	1	1	0.442	1	0.0	1	0.9978	0.9968711229725661	-0.003165004731782942
ubbgbypw5bvfev15ma7swm4j	1	2	222	26	1	Go	GW	1	1	0.496	1	0.0	1	0.9982	0.9985060536266954	-0.0015018686679493575
ubbgbypw5bvfev15ma7swm4j	1	2	227	27	1	Go	GW	1	1	0.395	1	0.0	1	0.9988	0.9991314967024034	-0.0008713875538641755
ubbgbypw5bvfev15ma7swm4j	1	2	230	28	1	Go	GW	1	1	0.486	1	1.0	0	0.9997	0.9994340054357391	-0.0005672987849213991
ubbgbypw5bvfev15ma7swm4j	1	2	235	29	1	Go	GW	1	1	0.361	1	0.0	1	0.9969	0.9962285529743146	-0.003822427191329432
ubbgbypw5bvfev15ma7swm4j	1	2	240	30	1	Go	GW	1	1	0.434	1	0.0	1	0.998	0.9982488186079923	-0.0017620596196630098
ubbgbypw5bvfev15ma7swm4j	1	2	121	1	1	No-Go	NGW	0	1	0.564	0	0.0	0	0.7529	0.7522956729204594	-0.297430403464048
ubbgbypw5bvfev15ma7swm4j	1	2	126	2	1	No-Go	NGW	0	0		1	0.0	1	0.5191	0.48291241888149633	-0.7718664346287998
ubbgbypw5bvfev15ma7swm4j	1	2	132	3	1	No-Go	NGW	0	0		1	0.0	1	0.267	0.7247903808886573	-0.338633645484663
ubbgbypw5bvfev15ma7swm4j	1	2	134	4	1	No-Go	NGW	0	0		1	0.0	1	0.1438	0.8652799753566782	-0.15053857271979668
ubbgbypw5bvfev15ma7swm4j	1	2	140	5	1	No-Go	NGW	0	0		1	1.0	0	0.0692	0.933303910564294	-0.0709722805177902
ubbgbypw5bvfev15ma7swm4j	1	2	144	6	1	No-Go	NGW	0	0		1	0.0	1	0.2165	0.7918229557546383	-0.24186288985607213
ubbgbypw5bvfev15ma7swm4j	1	2	148	7	1	No-Go	NGW	0	0		1	1.0	0	0.0992	0.9005338712459945	-0.10759612446116781
ubbgbypw5bvfev15ma7swm4j	1	2	150	8	1	No-Go	NGW	0	0		1	0.0	1	0.285	0.7133396995792299	-0.35293068042365716
ubbgbypw5bvfev15ma7swm4j	1	2	156	9	1	No-Go	NGW	0	0		1	0.0	1	0.133	0.8638970637505281	-0.15047889444528825
ubbgbypw5bvfev15ma7swm4j	1	2	159	10	1	No-Go	NGW	0	0		1	0.0	1	0.0643	0.9342667920497283	-0.06939103498205502
ubbgbypw5bvfev15ma7swm4j	1	2	162	11	1	No-Go	NGW	0	0		1	0.0	1	0.0354	0.9662977385224513	-0.03478217753539097
ubbgbypw5bvfev15ma7swm4j	1	2	166	12	1	No-Go	NGW	0	0		1	0.0	1	0.0179	0.9815279331307011	-0.018835360218729363
ubbgbypw5bvfev15ma7swm4j	1	2	171	13	1	No-Go	NGW	0	0		1	0.0	1	0.0098	0.9892062661004478	-0.010931035515022846
ubbgbypw5bvfev15ma7swm4j	1	2	173	14	1	No-Go	NGW	0	0		1	0.0	1	0.0061	0.9933090488240921	-0.006748651855541841
ubbgbypw5bvfev15ma7swm4j	1	2	179	15	1	No-Go	NGW	0	0		1	1.0	0	0.0042	0.9956221601198219	-0.004404606449854511
ubbgbypw5bvfev15ma7swm4j	1	2	184	16	1	No-Go	NGW	0	0		1	0.0	1	0.0228	0.977974889957049	-0.022595278868997964
ubbgbypw5bvfev15ma7swm4j	1	2	185	17	1	No-Go	NGW	0	0		1	0.0	1	0.0115	0.9877812183652737	-0.012396165071927465
ubbgbypw5bvfev15ma7swm4j	1	2	189	18	1	No-Go	NGW	0	0		1	0.0	1	0.0072	0.9926593140570139	-0.007409469520314493
ubbgbypw5bvfev15ma7swm4j	1	2	194	19	1	No-Go	NGW	0	0		1	1.0	0	0.0043	0.9952883901981361	-0.004742546580511518
ubbgbypw5bvfev15ma7swm4j	1	2	200	20	1	No-Go	NGW	0	0		1	0.0	1	0.0248	0.9746320754654564	-0.026370019655602442
ubbgbypw5bvfev15ma7swm4j	1	2	202	21	1	No-Go	NGW	0	0		1	0.0	1	0.0129	0.9865399921417058	-0.013711351038464213
ubbgbypw5bvfev15ma7swm4j	1	2	205	22	1	No-Go	NGW	0	0		1	1.0	0	0.0074	0.9921431875264302	-0.007943575732966194
ubbgbypw5bvfev15ma7swm4j	1	2	212	23	1	No-Go	NGW	0	0		1	0.0	1	0.0381	0.9593974860169788	-0.04340238113054482
ubbgbypw5bvfev15ma7swm4j	1	2	214	24	1	No-Go	NGW	0	0		1	0.0	1	0.0195	0.9799258643715639	-0.020643464390947358
ubbgbypw5bvfev15ma7swm4j	1	2	218	25	1	No-Go	NGW	0	0		1	0.0	1	0.0103	0.9889692265668746	-0.011198966245937537
ubbgbypw5bvfev15ma7swm4j	1	2	223	26	1	No-Go	NGW	0	0		1	0.0	1	0.0077	0.9933824214326558	-0.006680832427394897
ubbgbypw5bvfev15ma7swm4j	1	2	225	27	1	No-Go	NGW	0	0		1	0.0	1	0.0041	0.9957357620661044	-0.004292405320227554
ubbgbypw5bvfev15ma7swm4j	1	2	231	28	1	No-Go	NGW	0	0		1	0.0	1	0.0029	0.9970836562775632	-0.002930617221040264
ubbgbypw5bvfev15ma7swm4j	1	2	233	29	1	No-Go	NGW	0	0		1	1.0	0	0.0024	0.9979018988954136	-0.002106136185971943
ubbgbypw5bvfev15ma7swm4j	1	2	237	30	1	No-Go	NGW	0	0		1	0.0	1	0.0129	0.9868135256365851	-0.013559067351772093
ubbgbypw5bvfev15ma7swm4j	1	2	123	1	0	No-Go	NGAL	0	1	0.515	0	1.0	1	0.5698	0.5714520217069685	-0.5734025339319341
ubbgbypw5bvfev15ma7swm4j	1	2	125	2	0	No-Go	NGAL	0	0		1	0.0	1	0.7899	0.20684144942010124	-1.661704072006306
ubbgbypw5bvfev15ma7swm4j	1	2	129	3	0	No-Go	NGAL	0	0		1	0.0	1	0.5688	0.42854797829303154	-0.8711909003278158
ubbgbypw5bvfev15ma7swm4j	1	2	133	4	0	No-Go	NGAL	0	1	1.055	0	0.0	0	0.3401	0.3428708762168335	-1.1147429826104096
ubbgbypw5bvfev15ma7swm4j	1	2	137	5	0	No-Go	NGAL	0	0		1	0.0	1	0.1423	0.8574140657651161	-0.1589443076755893
ubbgbypw5bvfev15ma7swm4j	1	2	143	6	0	No-Go	NGAL	0	0		1	0.0	1	0.0717	0.929030670939469	-0.0755223732727359
ubbgbypw5bvfev15ma7swm4j	1	2	146	7	0	No-Go	NGAL	0	0		1	1.0	0	0.0352	0.9629095981220372	-0.03850007206779859
ubbgbypw5bvfev15ma7swm4j	1	2	149	8	0	No-Go	NGAL	0	0		1	0.0	1	0.0871	0.911032931677	-0.09558259186603199
ubbgbypw5bvfev15ma7swm4j	1	2	154	9	0	No-Go	NGAL	0	0		1	0.0	1	0.0436	0.9559400694241482	-0.045747491309304875
ubbgbypw5bvfev15ma7swm4j	1	2	160	10	0	No-Go	NGAL	0	0		1	0.0	1	0.0227	0.9765943409224792	-0.023925524014092567
ubbgbypw5bvfev15ma7swm4j	1	2	163	11	0	No-Go	NGAL	0	0		1	0.0	1	0.0148	0.9866650798994154	-0.013521004627967233
ubbgbypw5bvfev15ma7swm4j	1	2	167	12	0	No-Go	NGAL	0	0		1	0.0	1	0.0084	0.9918976542728695	-0.008177912155444977
ubbgbypw5bvfev15ma7swm4j	1	2	169	13	0	No-Go	NGAL	0	0		1	0.0	1	0.0052	0.9947818007576454	-0.0052525036562078575
ubbgbypw5bvfev15ma7swm4j	1	2	174	14	0	No-Go	NGAL	0	0		1	1.0	0	0.0031	0.9964577727394215	-0.003559469947523146
ubbgbypw5bvfev15ma7swm4j	1	2	177	15	0	No-Go	NGAL	0	0		1	0.0	1	0.011	0.9882175858145289	-0.011990293876048736
ubbgbypw5bvfev15ma7swm4j	1	2	181	16	0	No-Go	NGAL	0	0		1	0.0	1	0.0081	0.9931169585979868	-0.006947088830834094
ubbgbypw5bvfev15ma7swm4j	1	2	186	17	0	No-Go	NGAL	0	0		1	0.0	1	0.0031	0.9956306308306033	-0.004395404988976789
ubbgbypw5bvfev15ma7swm4j	1	2	191	18	0	No-Go	NGAL	0	0		1	0.0	1	0.0032	0.9970335440354767	-0.0029791841718200735
ubbgbypw5bvfev15ma7swm4j	1	2	193	19	0	No-Go	NGAL	0	0		1	0.0	1	0.0023	0.9978702601047523	-0.002136878153677053
ubbgbypw5bvfev15ma7swm4j	1	2	198	20	0	No-Go	NGAL	0	0		1	1.0	0	0.0017	0.998396737119912	-0.0016077255431616558
ubbgbypw5bvfev15ma7swm4j	1	2	203	21	0	No-Go	NGAL	0	0		1	0.0	1	0.0068	0.9933223942910206	-0.006801193696499703
ubbgbypw5bvfev15ma7swm4j	1	2	208	22	0	No-Go	NGAL	0	0		1	0.0	1	0.0036	0.9959907784874167	-0.004043798743701655
ubbgbypw5bvfev15ma7swm4j	1	2	211	23	0	No-Go	NGAL	0	0		1	0.0	1	0.0028	0.9973482082894416	-0.002665804397489189
ubbgbypw5bvfev15ma7swm4j	1	2	213	24	0	No-Go	NGAL	0	0		1	1.0	0	0.0019	0.9981131808083287	-0.0018939855548654697
ubbgbypw5bvfev15ma7swm4j	1	2	219	25	0	No-Go	NGAL	0	0		1	0.0	1	0.0092	0.9908942250160124	-0.009446292204479557
ubbgbypw5bvfev15ma7swm4j	1	2	224	26	0	No-Go	NGAL	0	0		1	0.0	1	0.0052	0.9949842879058793	-0.005086549577934409
ubbgbypw5bvfev15ma7swm4j	1	2	228	27	0	No-Go	NGAL	0	0		1	0.0	1	0.0026	0.9968835256204522	-0.0031394884770517897
ubbgbypw5bvfev15ma7swm4j	1	2	229	28	0	No-Go	NGAL	0	0		1	0.0	1	0.0029	0.9978783231041444	-0.0021317803276006014
ubbgbypw5bvfev15ma7swm4j	1	2	236	29	0	No-Go	NGAL	0	0		1	1.0	0	0.0015	0.9984509142141276	-0.001554549381414835
ubbgbypw5bvfev15ma7swm4j	1	2	238	30	0	No-Go	NGAL	0	0		1	0.0	1	0.0085	0.9921542497018978	-0.008112678843456657
ubbgbypw5bvfev15ma7swm4j	1	2	122	1	0	Go	GAL	1	1	0.425	1	0.0	1	0.5779	0.5714520217069685	-0.5734025339319341
ubbgbypw5bvfev15ma7swm4j	1	2	128	2	0	Go	GAL	1	0		0	0.0	0	0.7969	0.20684144942010124	-1.661704072006306
ubbgbypw5bvfev15ma7swm4j	1	2	130	3	0	Go	GAL	1	1	0.717	1	0.0	1	0.8833	0.8802515512902129	-0.13193856601369153
ubbgbypw5bvfev15ma7swm4j	1	2	136	4	0	Go	GAL	1	1	0.546	1	1.0	0	0.9451	0.9458218538620884	-0.05709264492420673
ubbgbypw5bvfev15ma7swm4j	1	2	139	5	0	Go	GAL	1	1	0.603	1	0.0	1	0.8401	0.8409670850135275	-0.17875536460690394
ubbgbypw5bvfev15ma7swm4j	1	2	142	6	0	Go	GAL	1	1	0.77	1	0.0	1	0.9257	0.9302827606568291	-0.07402924074503185
ubbgbypw5bvfev15ma7swm4j	1	2	147	7	0	Go	GAL	1	1	0.456	1	0.0	1	0.9655	0.9673975573402513	-0.033716978913053045
ubbgbypw5bvfev15ma7swm4j	1	2	152	8	0	Go	GAL	1	1	0.594	1	0.0	1	0.9845	0.9835619267913193	-0.016769899957820533
ubbgbypw5bvfev15ma7swm4j	1	2	153	9	0	Go	GAL	1	1	0.603	1	0.0	1	0.9915	0.9910972477525671	-0.009014430508119592
ubbgbypw5bvfev15ma7swm4j	1	2	157	10	0	Go	GAL	1	1	0.441	1	1.0	0	0.9943	0.9948535365063271	-0.005188372108482751
ubbgbypw5bvfev15ma7swm4j	1	2	161	11	0	Go	GAL	1	1	0.515	1	0.0	1	0.9777	0.9791045849255483	-0.021346318874676928
ubbgbypw5bvfev15ma7swm4j	1	2	168	12	0	Go	GAL	1	1	0.517	1	0.0	1	0.9887	0.9892568898018473	-0.010879513465624243
ubbgbypw5bvfev15ma7swm4j	1	2	170	13	0	Go	GAL	1	1	0.448	1	0.0	1	0.9952	0.9940002827500275	-0.0060484631916877425
ubbgbypw5bvfev15ma7swm4j	1	2	176	14	0	Go	GAL	1	1	0.489	1	1.0	0	0.9963	0.996407910079903	-0.0036118345625020735
ubbgbypw5bvfev15ma7swm4j	1	2	180	15	0	Go	GAL	1	1	0.584	1	0.0	1	0.9857	0.9838313995857788	-0.01648481716357783
ubbgbypw5bvfev15ma7swm4j	1	2	183	16	0	Go	GAL	1	1	0.433	1	1.0	0	0.9926	0.9916577943767035	-0.008431088653497556
ubbgbypw5bvfev15ma7swm4j	1	2	187	17	0	Go	GAL	1	1	0.543	1	0.0	1	0.9666	0.9643598176127056	-0.03725332333091933
ubbgbypw5bvfev15ma7swm4j	1	2	192	18	0	Go	GAL	1	1	1.335	1	0.0	1	0.9847	0.9836810040523473	-0.016634798998615998
ubbgbypw5bvfev15ma7swm4j	1	2	195	19	0	Go	GAL	1	1	0.468	1	0.0	1	0.9909	0.9915988824232173	-0.008490894708624519
ubbgbypw5bvfev15ma7swm4j	1	2	197	20	0	Go	GAL	1	1	1.001	1	0.0	1	0.9961	0.9952545869276138	-0.00477728726511891
ubbgbypw5bvfev15ma7swm4j	1	2	204	21	0	Go	GAL	1	1	1.262	1	1.0	0	0.9967	0.9971107340463184	-0.0029024680955320546
ubbgbypw5bvfev15ma7swm4j	1	2	206	22	0	Go	GAL	1	1	1.199	1	0.0	1	0.9871	0.9859986481419257	-0.014280029076793474
ubbgbypw5bvfev15ma7swm4j	1	2	210	23	0	Go	GAL	1	1	0.73	1	0.0	1	0.9931	0.992800539727743	-0.007273308444352519
ubbgbypw5bvfev15ma7swm4j	1	2	216	24	0	Go	GAL	1	1	0.434	1	0.0	1	0.9966	0.9959058421099578	-0.004119891863928299
ubbgbypw5bvfev15ma7swm4j	1	2	220	25	0	Go	GAL	1	1	0.517	1	0.0	1	0.9968	0.9974808827712093	-0.0025298245912249774
ubbgbypw5bvfev15ma7swm4j	1	2	221	26	0	Go	GAL	1	1	0.481	1	0.0	1	0.9987	0.9983469304892003	-0.0016581470506120577
ubbgbypw5bvfev15ma7swm4j	1	2	226	27	0	Go	GAL	1	1	0.402	1	0.0	1	0.9991	0.9988546980201505	-0.0011479763097856192
ubbgbypw5bvfev15ma7swm4j	1	2	232	28	0	Go	GAL	1	1	0.415	1	0.0	1	0.9991	0.9991684781322099	-0.0008330612082625997
ubbgbypw5bvfev15ma7swm4j	1	2	234	29	0	Go	GAL	1	1	0.47	1	1.0	0	0.9989	0.9993711100840866	-0.0006298472482708233
ubbgbypw5bvfev15ma7swm4j	1	2	239	30	0	Go	GAL	1	1	0.531	1	0.0	1	0.9958	0.9961682024849422	-0.0038674355022428495
ul8vo5g8rz3r5jp5zbtpznof	1	2	124	1	0	No-Go	NGAL	0	0		1	0.0	1	0.5961	0.4146446886749528	-0.8941753368337159
ul8vo5g8rz3r5jp5zbtpznof	1	2	127	2	0	No-Go	NGAL	0	0		1	0.0	1	0.5318	0.4670899554100754	-0.770714649303482
ul8vo5g8rz3r5jp5zbtpznof	1	2	129	3	0	No-Go	NGAL	0	0		1	0.0	1	0.488	0.512119504884587	-0.6776149984947988
ul8vo5g8rz3r5jp5zbtpznof	1	2	134	4	0	No-Go	NGAL	0	1	1.416	0	0.0	0	0.4535	0.44939312108952617	-0.8120584075054937
ul8vo5g8rz3r5jp5zbtpznof	1	2	137	5	0	No-Go	NGAL	0	0		1	1.0	0	0.3955	0.6019466059208084	-0.516938339941609
ul8vo5g8rz3r5jp5zbtpznof	1	2	143	6	0	No-Go	NGAL	0	1	1.17	0	1.0	1	0.3977	0.4022199360385154	-0.9298427663941011
ul8vo5g8rz3r5jp5zbtpznof	1	2	146	7	0	No-Go	NGAL	0	0		1	0.0	1	0.4604	0.5378018196269626	-0.627277100363568
ul8vo5g8rz3r5jp5zbtpznof	1	2	152	8	0	No-Go	NGAL	0	1	0.898	0	0.0	0	0.4308	0.4276055844742697	-0.8612044870643756
ul8vo5g8rz3r5jp5zbtpznof	1	2	156	9	0	No-Go	NGAL	0	0		1	0.0	1	0.3679	0.6249096731949668	-0.4775868029807871
ul8vo5g8rz3r5jp5zbtpznof	1	2	157	10	0	No-Go	NGAL	0	0		1	0.0	1	0.3457	0.6527375861395781	-0.4335774980100018
ul8vo5g8rz3r5jp5zbtpznof	1	2	163	11	0	No-Go	NGAL	0	0		1	1.0	0	0.3228	0.6763866170579292	-0.3974262862463434
ul8vo5g8rz3r5jp5zbtpznof	1	2	167	12	0	No-Go	NGAL	0	0		1	0.0	1	0.3215	0.6720216980242177	-0.4035483174818128
ul8vo5g8rz3r5jp5zbtpznof	1	2	170	13	0	No-Go	NGAL	0	1	1.366	0	0.0	0	0.3065	0.30632426541610047	-1.2121103251792613
ul8vo5g8rz3r5jp5zbtpznof	1	2	173	14	0	No-Go	NGAL	0	0		1	0.0	1	0.2709	0.730597944567577	-0.31984382047712717
ul8vo5g8rz3r5jp5zbtpznof	1	2	179	15	0	No-Go	NGAL	0	0		1	0.0	1	0.2612	0.7474667742765794	-0.2964971889062367
ul8vo5g8rz3r5jp5zbtpznof	1	2	181	16	0	No-Go	NGAL	0	0		1	0.0	1	0.2416	0.7618855501322265	-0.27690012107411077
ul8vo5g8rz3r5jp5zbtpznof	1	2	185	17	0	No-Go	NGAL	0	0		1	0.0	1	0.2206	0.7743281279959833	-0.26026860210946595
ul8vo5g8rz3r5jp5zbtpznof	1	2	189	18	0	No-Go	NGAL	0	0		1	0.0	1	0.2103	0.7851441652476009	-0.24603279326774394
ul8vo5g8rz3r5jp5zbtpznof	1	2	194	19	0	No-Go	NGAL	0	0		1	1.0	0	0.2073	0.7946028232437935	-0.23376066074499557
ul8vo5g8rz3r5jp5zbtpznof	1	2	198	20	0	No-Go	NGAL	0	1	0.999	0	0.0	0	0.2064	0.20911292891625144	-1.6211456928033443
ul8vo5g8rz3r5jp5zbtpznof	1	2	204	21	0	No-Go	NGAL	0	0		1	1.0	0	0.179	0.8150749901767408	-0.20819405980043784
ul8vo5g8rz3r5jp5zbtpznof	1	2	208	22	0	No-Go	NGAL	0	0		1	0.0	1	0.1916	0.8117419139769841	-0.21265638792247474
ul8vo5g8rz3r5jp5zbtpznof	1	2	210	23	0	No-Go	NGAL	0	0		1	0.0	1	0.1805	0.8214759764088562	-0.2001646572484912
ul8vo5g8rz3r5jp5zbtpznof	1	2	215	24	0	No-Go	NGAL	0	0		1	0.0	1	0.1745	0.8294390803230394	-0.19023787273522885
ul8vo5g8rz3r5jp5zbtpznof	1	2	220	25	0	No-Go	NGAL	0	0		1	0.0	1	0.1633	0.8361824557788108	-0.181944446466312
ul8vo5g8rz3r5jp5zbtpznof	1	2	222	26	0	No-Go	NGAL	0	1	1.275	0	0.0	0	0.1578	0.1579947614111974	-1.9259029868102895
ul8vo5g8rz3r5jp5zbtpznof	1	2	227	27	0	No-Go	NGAL	0	0		1	1.0	0	0.149	0.8587425996328215	-0.15491938516727122
ul8vo5g8rz3r5jp5zbtpznof	1	2	229	28	0	No-Go	NGAL	0	0		1	0.0	1	0.1416	0.8557211280705351	-0.15872823040568673
ul8vo5g8rz3r5jp5zbtpznof	1	2	234	29	0	No-Go	NGAL	0	0		1	0.0	1	0.127	0.8613461206619837	-0.15190854174555204
ul8vo5g8rz3r5jp5zbtpznof	1	2	239	30	0	No-Go	NGAL	0	0		1	0.0	1	0.135	0.8660222067533335	-0.14634533361469174
ul8vo5g8rz3r5jp5zbtpznof	1	2	123	1	1	Go	GW	1	1	0.887	1	0.0	1	0.5375	0.5436642063694831	-0.6475210052770668
ul8vo5g8rz3r5jp5zbtpznof	1	2	126	2	1	Go	GW	1	1	0.456	1	0.0	1	0.8169	0.8113441337541596	-0.21542397206520242
ul8vo5g8rz3r5jp5zbtpznof	1	2	130	3	1	Go	GW	1	0		0	1.0	1	0.8729	0.13044620693454712	-2.1354797824475855
ul8vo5g8rz3r5jp5zbtpznof	1	2	133	4	1	Go	GW	1	1	0.742	1	0.0	1	0.8413	0.8439977029246482	-0.1727044401740345
ul8vo5g8rz3r5jp5zbtpznof	1	2	140	5	1	Go	GW	1	0		0	0.0	0	0.8698	0.1345680053781224	-2.1074131808415886
ul8vo5g8rz3r5jp5zbtpznof	1	2	144	6	1	Go	GW	1	1	1.458	1	0.0	1	0.8932	0.891759138393062	-0.11609306932714511
ul8vo5g8rz3r5jp5zbtpznof	1	2	148	7	1	Go	GW	1	1	0.703	1	0.0	1	0.8974	0.89948183818211	-0.10726094211167381
ul8vo5g8rz3r5jp5zbtpznof	1	2	151	8	1	Go	GW	1	1	1.144	1	1.0	0	0.8997	0.9031826141085668	-0.10314657094546886
ul8vo5g8rz3r5jp5zbtpznof	1	2	153	9	1	Go	GW	1	0		0	0.0	0	0.8636	0.14221872532115098	-2.0986205690053055
ul8vo5g8rz3r5jp5zbtpznof	1	2	158	10	1	Go	GW	1	0		0	0.0	0	0.8777	0.11814480540481968	-2.270588387934731
ul8vo5g8rz3r5jp5zbtpznof	1	2	161	11	1	Go	GW	1	0		0	0.0	0	0.9019	0.1009828817189217	-2.426780924303539
ul8vo5g8rz3r5jp5zbtpznof	1	2	168	12	1	Go	GW	1	1	1.158	1	1.0	0	0.9076	0.9117560800319657	-0.0936206365059924
ul8vo5g8rz3r5jp5zbtpznof	1	2	172	13	1	Go	GW	1	1	0.865	1	0.0	1	0.8775	0.877960852791315	-0.13279206432985338
ul8vo5g8rz3r5jp5zbtpznof	1	2	175	14	1	Go	GW	1	1	0.824	1	0.0	1	0.9251	0.9269594311648786	-0.07665633220982625
ul8vo5g8rz3r5jp5zbtpznof	1	2	177	15	1	Go	GW	1	1	1.198	1	0.0	1	0.9401	0.9372715733514957	-0.0654362139483086
ul8vo5g8rz3r5jp5zbtpznof	1	2	184	16	1	Go	GW	1	1	1.138	1	0.0	1	0.9447	0.9407463223699719	-0.06170179277410197
ul8vo5g8rz3r5jp5zbtpznof	1	2	187	17	1	Go	GW	1	1	0.928	1	0.0	1	0.9432	0.9422083402191856	-0.06014653851541847
ul8vo5g8rz3r5jp5zbtpznof	1	2	191	18	1	Go	GW	1	1	1.155	1	0.0	1	0.9416	0.9429232029171926	-0.05939396615147534
ul8vo5g8rz3r5jp5zbtpznof	1	2	193	19	1	Go	GW	1	1	0.846	1	0.0	1	0.9418	0.9433139176239423	-0.0589868961976624
ul8vo5g8rz3r5jp5zbtpznof	1	2	197	20	1	Go	GW	1	1	0.919	1	1.0	0	0.9401	0.9435463135823122	-0.058747159935015336
ul8vo5g8rz3r5jp5zbtpznof	1	2	203	21	1	Go	GW	1	1	0.886	1	0.0	1	0.9117	0.9156928983103341	-0.08948801097968746
ul8vo5g8rz3r5jp5zbtpznof	1	2	205	22	1	Go	GW	1	1	1.13	1	0.0	1	0.9383	0.9364918719576526	-0.06636528790892825
ul8vo5g8rz3r5jp5zbtpznof	1	2	211	23	1	Go	GW	1	1	1.071	1	0.0	1	0.9417	0.9412245701882416	-0.061244863888146116
ul8vo5g8rz3r5jp5zbtpznof	1	2	214	24	1	Go	GW	1	1	0.547	1	1.0	0	0.9437	0.9427745458550748	-0.05958256501457407
ul8vo5g8rz3r5jp5zbtpznof	1	2	218	25	1	Go	GW	1	1	1.411	1	0.0	1	0.9159	0.914714054373438	-0.0905814556739158
ul8vo5g8rz3r5jp5zbtpznof	1	2	223	26	1	Go	GW	1	1	1.152	1	0.0	1	0.9331	0.9361802891917858	-0.06671145404785506
ul8vo5g8rz3r5jp5zbtpznof	1	2	226	27	1	Go	GW	1	1	1.014	1	0.0	1	0.9399	0.9411152161424867	-0.061368689113084886
ul8vo5g8rz3r5jp5zbtpznof	1	2	230	28	1	Go	GW	1	1	0.968	1	0.0	1	0.947	0.9427408496405145	-0.05962351095133265
ul8vo5g8rz3r5jp5zbtpznof	1	2	233	29	1	Go	GW	1	1	1.088	1	1.0	0	0.9467	0.9433873129686903	-0.05893444740069911
ul8vo5g8rz3r5jp5zbtpznof	1	2	237	30	1	Go	GW	1	1	0.538	1	0.0	1	0.9175	0.9154698770219076	-0.08976304159471447
ul8vo5g8rz3r5jp5zbtpznof	1	2	122	1	1	No-Go	NGW	0	1	0.588	0	0.0	0	0.5457	0.5436642063694831	-0.6475210052770668
ul8vo5g8rz3r5jp5zbtpznof	1	2	125	2	1	No-Go	NGW	0	0		1	0.0	1	0.4917	0.5078288344693516	-0.7090645145784618
ul8vo5g8rz3r5jp5zbtpznof	1	2	131	3	1	No-Go	NGW	0	1	0.592	0	0.0	0	0.4475	0.43990722300660834	-0.8565748136934891
ul8vo5g8rz3r5jp5zbtpznof	1	2	135	4	1	No-Go	NGW	0	0		1	1.0	0	0.3957	0.6034396875800933	-0.5205553044263481
ul8vo5g8rz3r5jp5zbtpznof	1	2	139	5	1	No-Go	NGW	0	0		1	0.0	1	0.4548	0.5437720325735329	-0.6359495341137656
ul8vo5g8rz3r5jp5zbtpznof	1	2	142	6	1	No-Go	NGW	0	1	0.488	0	0.0	0	0.4052	0.40269246692042204	-0.9483100618929355
ul8vo5g8rz3r5jp5zbtpznof	1	2	147	7	1	No-Go	NGW	0	0		1	0.0	1	0.3631	0.633426034526078	-0.4703065368067082
ul8vo5g8rz3r5jp5zbtpznof	1	2	149	8	1	No-Go	NGW	0	0		1	0.0	1	0.333	0.674837909141241	-0.40420645712647474
ul8vo5g8rz3r5jp5zbtpznof	1	2	154	9	1	No-Go	NGW	0	0		1	1.0	0	0.2968	0.7079939008976412	-0.3547302744459069
ul8vo5g8rz3r5jp5zbtpznof	1	2	159	10	1	No-Go	NGW	0	1	1.135	0	0.0	0	0.3603	0.3548219158260663	-1.0904380993944613
ul8vo5g8rz3r5jp5zbtpznof	1	2	164	11	1	No-Go	NGW	0	0		1	0.0	1	0.3202	0.6746375306544379	-0.4079938362455127
ul8vo5g8rz3r5jp5zbtpznof	1	2	165	12	1	No-Go	NGW	0	0		1	1.0	0	0.285	0.7139309163700406	-0.34690408965408265
ul8vo5g8rz3r5jp5zbtpznof	1	2	171	13	1	No-Go	NGW	0	0		1	0.0	1	0.345	0.6560111777373584	-0.44036420878899285
ul8vo5g8rz3r5jp5zbtpznof	1	2	174	14	1	No-Go	NGW	0	0		1	0.0	1	0.3026	0.6998267870199227	-0.36825570819734993
ul8vo5g8rz3r5jp5zbtpznof	1	2	178	15	1	No-Go	NGW	0	0		1	0.0	1	0.265	0.733555461284162	-0.31870759706179796
ul8vo5g8rz3r5jp5zbtpznof	1	2	183	16	1	No-Go	NGW	0	0		1	0.0	1	0.2389	0.7600725116764971	-0.2819256755013287
ul8vo5g8rz3r5jp5zbtpznof	1	2	188	17	1	No-Go	NGW	0	0		1	0.0	1	0.2174	0.781352591392186	-0.25348306614683513
ul8vo5g8rz3r5jp5zbtpznof	1	2	192	18	1	No-Go	NGW	0	0		1	0.0	1	0.2013	0.7987185283298565	-0.2308974264035548
ul8vo5g8rz3r5jp5zbtpznof	1	2	195	19	1	No-Go	NGW	0	0		1	0.0	1	0.1869	0.8130856247508796	-0.21261234667574871
ul8vo5g8rz3r5jp5zbtpznof	1	2	200	20	1	No-Go	NGW	0	0		1	1.0	0	0.1719	0.8251083273109009	-0.19758372883092595
ul8vo5g8rz3r5jp5zbtpznof	1	2	202	21	1	No-Go	NGW	0	0		1	0.0	1	0.2292	0.7681699450422154	-0.276640672038612
ul8vo5g8rz3r5jp5zbtpznof	1	2	206	22	1	No-Go	NGW	0	0		1	1.0	0	0.204	0.7916509511278554	-0.24223045500720516
ul8vo5g8rz3r5jp5zbtpznof	1	2	212	23	1	No-Go	NGW	0	0		1	0.0	1	0.2644	0.7346320699442437	-0.3286652374100595
ul8vo5g8rz3r5jp5zbtpznof	1	2	213	24	1	No-Go	NGW	0	0		1	0.0	1	0.2313	0.7659450051143175	-0.2781220524942927
ul8vo5g8rz3r5jp5zbtpznof	1	2	217	25	1	No-Go	NGW	0	0		1	0.0	1	0.2036	0.7894155884574515	-0.24488255117222923
ul8vo5g8rz3r5jp5zbtpznof	1	2	221	26	1	No-Go	NGW	0	0		1	0.0	1	0.1872	0.8075695490526202	-0.22068167646358883
ul8vo5g8rz3r5jp5zbtpznof	1	2	228	27	1	No-Go	NGW	0	0		1	1.0	0	0.1749	0.8220061887415372	-0.20212208122542755
ul8vo5g8rz3r5jp5zbtpznof	1	2	231	28	1	No-Go	NGW	0	0		1	0.0	1	0.2261	0.7652302500319637	-0.2834503514256925
ul8vo5g8rz3r5jp5zbtpznof	1	2	236	29	1	No-Go	NGW	0	0		1	0.0	1	0.2063	0.7904626502314952	-0.24514669414907223
ul8vo5g8rz3r5jp5zbtpznof	1	2	238	30	1	No-Go	NGW	0	0		1	0.0	1	0.1848	0.80944469732504	-0.21912468226267487
ul8vo5g8rz3r5jp5zbtpznof	1	2	121	1	0	Go	GAL	1	1	0.791	1	0.0	1	0.5871	0.5853553113250473	-0.5424680454357108
ul8vo5g8rz3r5jp5zbtpznof	1	2	128	2	0	Go	GAL	1	1	0.911	1	0.0	1	0.6309	0.6352714797007396	-0.46199035846867
ul8vo5g8rz3r5jp5zbtpznof	1	2	132	3	0	Go	GAL	1	1	0.718	1	1.0	0	0.6776	0.674904273400513	-0.40201751770386257
ul8vo5g8rz3r5jp5zbtpznof	1	2	136	4	0	Go	GAL	1	0		0	0.0	0	0.6212	0.38554498516996955	-0.9695435322819433
ul8vo5g8rz3r5jp5zbtpznof	1	2	138	5	0	Go	GAL	1	0		0	0.0	0	0.6173	0.38270240655696997	-0.9769654794685452
ul8vo5g8rz3r5jp5zbtpznof	1	2	141	6	0	Go	GAL	1	1	0.882	1	1.0	0	0.6228	0.6198776593158687	-0.48473454630128404
ul8vo5g8rz3r5jp5zbtpznof	1	2	145	7	0	Go	GAL	1	0		0	0.0	0	0.5742	0.4343511789184615	-0.8443623216259443
ul8vo5g8rz3r5jp5zbtpznof	1	2	150	8	0	Go	GAL	1	0		0	0.0	0	0.5689	0.4318016275840089	-0.8502253764959322
ul8vo5g8rz3r5jp5zbtpznof	1	2	155	9	0	Go	GAL	1	0		0	0.0	0	0.5733	0.42941839547907185	-0.855983678092037
ul8vo5g8rz3r5jp5zbtpznof	1	2	160	10	0	Go	GAL	1	0		0	0.0	0	0.5744	0.42717664726235716	-0.8616281558535941
ul8vo5g8rz3r5jp5zbtpznof	1	2	162	11	0	Go	GAL	1	0		0	0.0	0	0.5675	0.4250566704548425	-0.8671562580321391
ul8vo5g8rz3r5jp5zbtpznof	1	2	166	12	0	Go	GAL	1	0		0	1.0	1	0.581	0.4230427424655988	-0.8725688513465604
ul8vo5g8rz3r5jp5zbtpznof	1	2	169	13	0	Go	GAL	1	0		0	0.0	0	0.524	0.4801198030600867	-0.743082457458686
ul8vo5g8rz3r5jp5zbtpznof	1	2	176	14	0	Go	GAL	1	1	1.223	1	0.0	1	0.5254	0.5230819354578525	-0.6555754106785127
ul8vo5g8rz3r5jp5zbtpznof	1	2	180	15	0	Go	GAL	1	1	0.573	1	0.0	1	0.5818	0.5811241534717632	-0.5496839474876565
ul8vo5g8rz3r5jp5zbtpznof	1	2	182	16	0	Go	GAL	1	1	0.765	1	0.0	1	0.6278	0.6273164365749264	-0.47425024971807694
ul8vo5g8rz3r5jp5zbtpznof	1	2	186	17	0	Go	GAL	1	1	0.517	1	0.0	1	0.6719	0.6645871748161036	-0.41679228547287434
ul8vo5g8rz3r5jp5zbtpznof	1	2	190	18	0	Go	GAL	1	1	0.707	1	0.0	1	0.6992	0.6951476450804703	-0.3715088615542518
ul8vo5g8rz3r5jp5zbtpznof	1	2	196	19	0	Go	GAL	1	1	0.954	1	0.0	1	0.7165	0.720540092443514	-0.3350254341969562
ul8vo5g8rz3r5jp5zbtpznof	1	2	199	20	0	Go	GAL	1	0		0	1.0	1	0.7517	0.25813143147792406	-1.407902958533841
ul8vo5g8rz3r5jp5zbtpznof	1	2	201	21	0	Go	GAL	1	0		0	0.0	0	0.708	0.2956475008754951	-1.250896990789132
ul8vo5g8rz3r5jp5zbtpznof	1	2	207	22	0	Go	GAL	1	0		0	0.0	0	0.7042	0.2927155136967089	-1.2641431666794367
ul8vo5g8rz3r5jp5zbtpznof	1	2	209	23	0	Go	GAL	1	1	1.148	1	0.0	1	0.7112	0.7098567485091147	-0.3492792288709444
ul8vo5g8rz3r5jp5zbtpznof	1	2	216	24	0	Go	GAL	1	1	0.55	1	1.0	0	0.7327	0.729442837380618	-0.32136958952453276
ul8vo5g8rz3r5jp5zbtpznof	1	2	219	25	0	Go	GAL	1	1	1.185	1	0.0	1	0.6631	0.6592671519954881	-0.4220489470892281
ul8vo5g8rz3r5jp5zbtpznof	1	2	224	26	0	Go	GAL	1	0		0	0.0	0	0.6919	0.3091376000979468	-1.196612306046938
ul8vo5g8rz3r5jp5zbtpznof	1	2	225	27	0	Go	GAL	1	1	0.672	1	1.0	0	0.6941	0.6935571879932704	-0.3706712760931867
ul8vo5g8rz3r5jp5zbtpznof	1	2	232	28	0	Go	GAL	1	0		0	0.0	0	0.6203	0.37453891692931846	-1.0005465502298112
ul8vo5g8rz3r5jp5zbtpznof	1	2	235	29	0	Go	GAL	1	1	1.151	1	0.0	1	0.6334	0.6283840895738507	-0.4711928323110149
ul8vo5g8rz3r5jp5zbtpznof	1	2	240	30	0	Go	GAL	1	1	0.666	1	0.0	1	0.6729	0.6672490848743325	-0.4095553387524553
ul8vo5g8rz3r5jp5zbtpznof	1	1	4	1	1	Go	GW	1	1	0.603	1	0.0	1	0.5418	0.5436642063694831	-0.6475210052770668
ul8vo5g8rz3r5jp5zbtpznof	1	1	5	2	1	Go	GW	1	1	0.516	1	0.0	1	0.8077	0.8113441337541596	-0.21542397206520242
ul8vo5g8rz3r5jp5zbtpznof	1	1	10	3	1	Go	GW	1	1	0.655	1	1.0	0	0.865	0.8695537930654529	-0.1422802190412976
ul8vo5g8rz3r5jp5zbtpznof	1	1	14	4	1	Go	GW	1	0		0	0.0	0	0.8207	0.1821404872793101	-1.7893825350034
ul8vo5g8rz3r5jp5zbtpznof	1	1	20	5	1	Go	GW	1	1	0.73	1	0.0	1	0.8467	0.8476604454986909	-0.16812179120460385
ul8vo5g8rz3r5jp5zbtpznof	1	1	24	6	1	Go	GW	1	1	1.229	1	0.0	1	0.8972	0.8968941453989948	-0.11031253309319115
ul8vo5g8rz3r5jp5zbtpznof	1	1	25	7	1	Go	GW	1	1	0.681	1	0.0	1	0.9118	0.9107612755413397	-0.09457138146385513
ul8vo5g8rz3r5jp5zbtpznof	1	1	30	8	1	Go	GW	1	1	0.583	1	1.0	0	0.9107	0.9162192729225513	-0.08849946314594476
ul8vo5g8rz3r5jp5zbtpznof	1	1	36	9	1	Go	GW	1	0		0	0.0	0	0.8791	0.12299587873565626	-2.231036784478083
ul8vo5g8rz3r5jp5zbtpznof	1	1	40	10	1	Go	GW	1	0		0	0.0	0	0.8931	0.10458935294365665	-2.3897234105128455
ul8vo5g8rz3r5jp5zbtpznof	1	1	44	11	1	Go	GW	1	1	0.273	1	0.0	1	0.9065	0.9089315150791195	-0.09678512346689279
ul8vo5g8rz3r5jp5zbtpznof	1	1	47	12	1	Go	GW	1	1	0.333	1	1.0	0	0.9302	0.9326055277715559	-0.07049210101209802
ul8vo5g8rz3r5jp5zbtpznof	1	1	52	13	1	Go	GW	1	1	0.252	1	0.0	1	0.9039	0.9020467022322104	-0.10460879101918003
ul8vo5g8rz3r5jp5zbtpznof	1	1	54	14	1	Go	GW	1	1	0.77	1	0.0	1	0.9317	0.9310523891076135	-0.07219474780695734
ul8vo5g8rz3r5jp5zbtpznof	1	1	60	15	1	Go	GW	1	1	0.397	1	0.0	1	0.9391	0.9381093409038557	-0.06454453106850673
ul8vo5g8rz3r5jp5zbtpznof	1	1	62	16	1	Go	GW	1	1	0.434	1	0.0	1	0.9462	0.940621327323396	-0.06185204817086405
ul8vo5g8rz3r5jp5zbtpznof	1	1	67	17	1	Go	GW	1	1	0.272	1	0.0	1	0.9405	0.9417156229392784	-0.06069124696276164
ul8vo5g8rz3r5jp5zbtpznof	1	1	72	18	1	Go	GW	1	1	0.313	1	0.0	1	0.941	0.9422648167150702	-0.06011480059673313
ul8vo5g8rz3r5jp5zbtpznof	1	1	75	19	1	Go	GW	1	1	0.694	1	0.0	1	0.9441	0.9425712422705065	-0.05979649983268481
ul8vo5g8rz3r5jp5zbtpznof	1	1	79	20	1	Go	GW	1	1	0.3	1	1.0	0	0.942	0.9427565776747757	-0.05960585867162072
ul8vo5g8rz3r5jp5zbtpznof	1	1	83	21	1	Go	GW	1	1	0.449	1	0.0	1	0.9126	0.9144130132887321	-0.09096522120863915
ul8vo5g8rz3r5jp5zbtpznof	1	1	87	22	1	Go	GW	1	0		0	0.0	0	0.9374	0.06443423144930056	-2.987747707879804
ul8vo5g8rz3r5jp5zbtpznof	1	1	89	23	1	Go	GW	1	1	0.429	1	0.0	1	0.946	0.9430497831219469	-0.05927706921315455
ul8vo5g8rz3r5jp5zbtpznof	1	1	95	24	1	Go	GW	1	1	0.445	1	1.0	0	0.9498	0.9473031986139733	-0.054707457550953645
ul8vo5g8rz3r5jp5zbtpznof	1	1	98	25	1	Go	GW	1	1	0.819	1	0.0	1	0.9251	0.9215080066916663	-0.08301134749678031
ul8vo5g8rz3r5jp5zbtpznof	1	1	103	26	1	Go	GW	1	1	0.521	1	0.0	1	0.9446	0.9421694574956025	-0.06022500506907866
ul8vo5g8rz3r5jp5zbtpznof	1	1	105	27	1	Go	GW	1	1	0.662	1	0.0	1	0.9487	0.9469372366532045	-0.05509900957997734
ul8vo5g8rz3r5jp5zbtpznof	1	1	112	28	1	Go	GW	1	1	0.506	1	0.0	1	0.95	0.9485193832624329	-0.05341142567882342
ul8vo5g8rz3r5jp5zbtpznof	1	1	114	29	1	Go	GW	1	1	0.529	1	1.0	0	0.9488	0.9491530641760022	-0.0527399044531235
ul8vo5g8rz3r5jp5zbtpznof	1	1	117	30	1	Go	GW	1	1	1.081	1	0.0	1	0.9212	0.9238223630749857	-0.08047871055015933
ul8vo5g8rz3r5jp5zbtpznof	1	1	3	1	0	Go	GAL	1	1	0.638	1	0.0	1	0.5917	0.5853553113250473	-0.5424680454357108
ul8vo5g8rz3r5jp5zbtpznof	1	1	8	2	0	Go	GAL	1	0		0	0.0	0	0.6302	0.36472852029926045	-1.0347385769497854
ul8vo5g8rz3r5jp5zbtpznof	1	1	9	3	0	Go	GAL	1	1	0.584	1	1.0	0	0.6392	0.6378640690458567	-0.45830044806300096
ul8vo5g8rz3r5jp5zbtpznof	1	1	15	4	0	Go	GAL	1	0		0	0.0	0	0.5758	0.4196992305876223	-0.8804958232090849
ul8vo5g8rz3r5jp5zbtpznof	1	1	19	5	0	Go	GAL	1	1	1.275	1	0.0	1	0.5876	0.5829819698069931	-0.546132295218303
ul8vo5g8rz3r5jp5zbtpznof	1	1	22	6	0	Go	GAL	1	0		0	1.0	1	0.6301	0.36532720098014027	-1.0335835909595188
ul8vo5g8rz3r5jp5zbtpznof	1	1	26	7	0	Go	GAL	1	1	0.638	1	0.0	1	0.5845	0.583300661357007	-0.545645325847005
ul8vo5g8rz3r5jp5zbtpznof	1	1	29	8	0	Go	GAL	1	1	0.774	1	0.0	1	0.6363	0.6271821042016471	-0.47375921298763307
ul8vo5g8rz3r5jp5zbtpznof	1	1	34	9	0	Go	GAL	1	1	0.665	1	0.0	1	0.6619	0.662924007890154	-0.4184803596473764
ul8vo5g8rz3r5jp5zbtpznof	1	1	38	10	0	Go	GAL	1	1	0.571	1	0.0	1	0.6855	0.6924229203586372	-0.3746609343092455
ul8vo5g8rz3r5jp5zbtpznof	1	1	41	11	0	Go	GAL	1	1	0.836	1	0.0	1	0.7132	0.717051110331802	-0.339214332908231
ul8vo5g8rz3r5jp5zbtpznof	1	1	45	12	0	Go	GAL	1	1	0.881	1	1.0	0	0.7391	0.737814764114574	-0.31010316040475083
ul8vo5g8rz3r5jp5zbtpznof	1	1	50	13	0	Go	GAL	1	1	0.51	1	0.0	1	0.6723	0.6703641409250782	-0.406623346204082
ul8vo5g8rz3r5jp5zbtpznof	1	1	53	14	0	Go	GAL	1	0		0	0.0	0	0.7094	0.29727139148698767	-1.2403517806428643
ul8vo5g8rz3r5jp5zbtpznof	1	1	58	15	0	Go	GAL	1	1	0.572	1	0.0	1	0.7033	0.7057697219226543	-0.35328139446158113
ul8vo5g8rz3r5jp5zbtpznof	1	1	63	16	0	Go	GAL	1	1	0.782	1	0.0	1	0.7304	0.7311055311524077	-0.3178547206010938
ul8vo5g8rz3r5jp5zbtpznof	1	1	65	17	0	Go	GAL	1	1	0.876	1	0.0	1	0.7552	0.7516828020261725	-0.28989481494911473
ul8vo5g8rz3r5jp5zbtpznof	1	1	69	18	0	Go	GAL	1	1	0.436	1	0.0	1	0.7785	0.7687407848155332	-0.2671913211466006
ul8vo5g8rz3r5jp5zbtpznof	1	1	74	19	0	Go	GAL	1	0		0	0.0	0	0.779	0.21690621809596522	-1.5757648935503665
ul8vo5g8rz3r5jp5zbtpznof	1	1	78	20	0	Go	GAL	1	1	0.59	1	1.0	0	0.7942	0.7852234951390492	-0.24573223885512374
ul8vo5g8rz3r5jp5zbtpznof	1	1	84	21	0	Go	GAL	1	1	0.668	1	0.0	1	0.7228	0.7210193729844941	-0.3324377429960929
ul8vo5g8rz3r5jp5zbtpznof	1	1	85	22	0	Go	GAL	1	0		0	0.0	0	0.7479	0.2528643858599328	-1.4083504842505665
ul8vo5g8rz3r5jp5zbtpznof	1	1	91	23	0	Go	GAL	1	0		0	0.0	0	0.7495	0.2505154253675775	-1.4174171842194678
ul8vo5g8rz3r5jp5zbtpznof	1	1	94	24	0	Go	GAL	1	1	0.333	1	1.0	0	0.7442	0.7516279050395201	-0.28927171464190066
ul8vo5g8rz3r5jp5zbtpznof	1	1	100	25	0	Go	GAL	1	1	0.83	1	0.0	1	0.6791	0.6882509159338389	-0.3801620608554015
ul8vo5g8rz3r5jp5zbtpznof	1	1	101	26	0	Go	GAL	1	1	0.54	1	0.0	1	0.7185	0.7220570094635115	-0.3298186648698705
ul8vo5g8rz3r5jp5zbtpznof	1	1	106	27	0	Go	GAL	1	1	1.295	1	1.0	0	0.7466	0.7478329604939173	-0.29423284509789766
ul8vo5g8rz3r5jp5zbtpznof	1	1	109	28	0	Go	GAL	1	1	1.037	1	0.0	1	0.6821	0.6841744520162732	-0.3859352402022201
ul8vo5g8rz3r5jp5zbtpznof	1	1	113	29	0	Go	GAL	1	0		0	0.0	0	0.716	0.2813961256024645	-1.2955192410662502
ul8vo5g8rz3r5jp5zbtpznof	1	1	119	30	0	Go	GAL	1	0		0	0.0	0	0.7169	0.2792228538729064	-1.3037573810641467
ul8vo5g8rz3r5jp5zbtpznof	1	1	2	1	0	No-Go	NGAL	0	1	0.358	0	0.0	0	0.5831	0.5853553113250473	-0.5424680454357108
ul8vo5g8rz3r5jp5zbtpznof	1	1	7	2	0	No-Go	NGAL	0	0		1	0.0	1	0.5273	0.4670899554100754	-0.770714649303482
ul8vo5g8rz3r5jp5zbtpznof	1	1	11	3	0	No-Go	NGAL	0	0		1	0.0	1	0.4818	0.5202862278809007	-0.6628668266274178
ul8vo5g8rz3r5jp5zbtpznof	1	1	13	4	0	No-Go	NGAL	0	0		1	0.0	1	0.4414	0.5646915817480154	-0.5811708103180488
ul8vo5g8rz3r5jp5zbtpznof	1	1	18	5	0	No-Go	NGAL	0	1	1.023	0	1.0	1	0.3927	0.39805339407919166	-0.945624095399305
ul8vo5g8rz3r5jp5zbtpznof	1	1	21	6	0	No-Go	NGAL	0	1	0.849	0	1.0	1	0.4594	0.4575200128103642	-0.7921273152884706
ul8vo5g8rz3r5jp5zbtpznof	1	1	28	7	0	No-Go	NGAL	0	1	0.551	0	0.0	0	0.5125	0.5088814694259968	-0.6834171980748306
ul8vo5g8rz3r5jp5zbtpznof	1	1	32	8	0	No-Go	NGAL	0	1	0.872	0	0.0	0	0.4406	0.44630894419021633	-0.8209516505211844
ul8vo5g8rz3r5jp5zbtpznof	1	1	33	9	0	No-Go	NGAL	0	1	0.687	0	0.0	0	0.4007	0.39605981137294377	-0.9532634096898028
ul8vo5g8rz3r5jp5zbtpznof	1	1	37	10	0	No-Go	NGAL	0	0		1	0.0	1	0.3555	0.6446645196687961	-0.4491653275890881
ul8vo5g8rz3r5jp5zbtpznof	1	1	42	11	0	No-Go	NGAL	0	0		1	1.0	0	0.3216	0.6743574874628135	-0.4033500232229485
ul8vo5g8rz3r5jp5zbtpznof	1	1	46	12	0	No-Go	NGAL	0	1	0.408	0	0.0	0	0.3302	0.3293923939598347	-1.148029628001199
ul8vo5g8rz3r5jp5zbtpznof	1	1	49	13	0	No-Go	NGAL	0	0		1	0.0	1	0.3019	0.7026588267398854	-0.36115500416377455
ul8vo5g8rz3r5jp5zbtpznof	1	1	56	14	0	No-Go	NGAL	0	1	0.759	0	0.0	0	0.2709	0.2727280911131953	-1.3563753818850923
ul8vo5g8rz3r5jp5zbtpznof	1	1	59	15	0	No-Go	NGAL	0	0		1	0.0	1	0.2494	0.7521750900834598	-0.2919285243706042
ul8vo5g8rz3r5jp5zbtpznof	1	1	64	16	0	No-Go	NGAL	0	0		1	0.0	1	0.2332	0.7713408962570405	-0.26609722233297173
ul8vo5g8rz3r5jp5zbtpznof	1	1	68	17	0	No-Go	NGAL	0	0		1	0.0	1	0.2105	0.7874805750690448	-0.24471467351891268
ul8vo5g8rz3r5jp5zbtpznof	1	1	70	18	0	No-Go	NGAL	0	0		1	0.0	1	0.1938	0.8012158290097643	-0.2267990951061739
ul8vo5g8rz3r5jp5zbtpznof	1	1	73	19	0	No-Go	NGAL	0	0		1	1.0	0	0.1855	0.8130033120906697	-0.211641908699551
ul8vo5g8rz3r5jp5zbtpznof	1	1	77	20	0	No-Go	NGAL	0	1	0.683	0	0.0	0	0.187	0.19006619176841746	-1.7396644301197848
ul8vo5g8rz3r5jp5zbtpznof	1	1	82	21	0	No-Go	NGAL	0	0		1	1.0	0	0.171	0.8266463224134007	-0.1945859645309835
ul8vo5g8rz3r5jp5zbtpznof	1	1	86	22	0	No-Go	NGAL	0	1	1.449	0	0.0	0	0.176	0.17627633471976512	-1.826337400254727
ul8vo5g8rz3r5jp5zbtpznof	1	1	90	23	0	No-Go	NGAL	0	1	0.544	0	0.0	0	0.166	0.1623303967345811	-1.9200887584909454
ul8vo5g8rz3r5jp5zbtpznof	1	1	99	25	0	No-Go	NGAL	0	1	1.128	0	0.0	0	0.1409	0.14082823100795505	-2.0821123259157726
ul8vo5g8rz3r5jp5zbtpznof	1	1	104	26	0	No-Go	NGAL	0	0		1	0.0	1	0.133	0.8675546873240509	-0.14548095714054254
ul8vo5g8rz3r5jp5zbtpznof	1	1	108	27	0	No-Go	NGAL	0	0		1	1.0	0	0.1293	0.8765539243803029	-0.1345991546846305
ul8vo5g8rz3r5jp5zbtpznof	1	1	111	28	0	No-Go	NGAL	0	0		1	0.0	1	0.1276	0.8739771978625247	-0.13792742134186922
ul8vo5g8rz3r5jp5zbtpznof	1	1	115	29	0	No-Go	NGAL	0	0		1	0.0	1	0.1182	0.8821385411308774	-0.12810044283564154
ul8vo5g8rz3r5jp5zbtpznof	1	1	120	30	0	No-Go	NGAL	0	0		1	0.0	1	0.1124	0.888677834494223	-0.12044569673452454
ul8vo5g8rz3r5jp5zbtpznof	1	1	1	1	1	No-Go	NGW	0	1	0.616	0	0.0	0	0.5474	0.5436642063694831	-0.6475210052770668
ul8vo5g8rz3r5jp5zbtpznof	1	1	6	2	1	No-Go	NGW	0	1	0.377	0	0.0	0	0.4856	0.49217116553064844	-0.7453120103241168
ul8vo5g8rz3r5jp5zbtpznof	1	1	12	3	1	No-Go	NGW	0	1	0.533	0	0.0	0	0.4502	0.44807648143803924	-0.840265363759745
ul8vo5g8rz3r5jp5zbtpznof	1	1	16	4	1	No-Go	NGW	0	1	0.639	0	1.0	1	0.4105	0.41074396181920936	-0.9305637315037899
ul8vo5g8rz3r5jp5zbtpznof	1	1	17	5	1	No-Go	NGW	0	1	0.464	0	0.0	0	0.7803	0.78185484013782	-0.25561007436599725
ul8vo5g8rz3r5jp5zbtpznof	1	1	23	6	1	No-Go	NGW	0	1	0.615	0	0.0	0	0.7222	0.7226505428524407	-0.3345571820095809
ul8vo5g8rz3r5jp5zbtpznof	1	1	27	7	1	No-Go	NGW	0	1	0.577	0	0.0	0	0.6687	0.663857347394368	-0.4213684383663479
ul8vo5g8rz3r5jp5zbtpznof	1	1	31	8	1	No-Go	NGW	0	1	0.456	0	0.0	0	0.6148	0.6086975917712677	-0.5110876240125932
ul8vo5g8rz3r5jp5zbtpznof	1	1	35	9	1	No-Go	NGW	0	1	0.504	0	1.0	1	0.5582	0.5584125509339748	-0.6006061587594431
ul8vo5g8rz3r5jp5zbtpznof	1	1	39	10	1	No-Go	NGW	0	1	0.596	0	0.0	0	0.8131	0.8148622444503096	-0.21113446250277432
ul8vo5g8rz3r5jp5zbtpznof	1	1	43	11	1	No-Go	NGW	0	1	0.713	0	0.0	0	0.7716	0.7579273424603864	-0.2854390783435233
ul8vo5g8rz3r5jp5zbtpznof	1	1	48	12	1	No-Go	NGW	0	1	0.7	0	1.0	1	0.7041	0.7003294172422013	-0.368479910079063
ul8vo5g8rz3r5jp5zbtpznof	1	1	51	13	1	No-Go	NGW	0	1	0.277	0	0.0	0	0.8449	0.8460669870497872	-0.1710832242136773
ul8vo5g8rz3r5jp5zbtpznof	1	1	55	14	1	No-Go	NGW	0	1	0.623	0	0.0	0	0.7918	0.7917491361179458	-0.24001206001531347
ul8vo5g8rz3r5jp5zbtpznof	1	1	57	15	1	No-Go	NGW	0	1	0.402	0	0.0	0	0.733	0.7353572692468369	-0.3190187338314171
ul8vo5g8rz3r5jp5zbtpznof	1	1	61	16	1	No-Go	NGW	0	1	0.267	0	0.0	0	0.6747	0.6804656669541028	-0.4029997830665372
ul8vo5g8rz3r5jp5zbtpznof	1	1	66	17	1	No-Go	NGW	0	1	0.696	0	0.0	0	0.6323	0.6287774497920503	-0.4885282846430115
ul8vo5g8rz3r5jp5zbtpznof	1	1	71	18	1	No-Go	NGW	0	0		1	0.0	1	0.5729	0.41894005531624146	-0.9372476960688294
ul8vo5g8rz3r5jp5zbtpznof	1	1	76	19	1	No-Go	NGW	0	1	0.84	0	0.0	0	0.5325	0.529899731712718	-0.6888626020820134
ul8vo5g8rz3r5jp5zbtpznof	1	1	80	20	1	No-Go	NGW	0	1	0.28	0	1.0	1	0.4851	0.4862798552178119	-0.7822231647131344
ul8vo5g8rz3r5jp5zbtpznof	1	1	81	21	1	No-Go	NGW	0	1	0.539	0	0.0	0	0.7796	0.7819517236410749	-0.25344729997779486
ul8vo5g8rz3r5jp5zbtpznof	1	1	88	22	1	No-Go	NGW	0	1	0.602	0	1.0	1	0.7237	0.717286638706087	-0.34613804511517754
ul8vo5g8rz3r5jp5zbtpznof	1	1	93	24	1	No-Go	NGW	0	1	0.201	0	0.0	0	0.7655	0.7702535304664436	-0.27178083903543715
ul8vo5g8rz3r5jp5zbtpznof	1	1	97	25	1	No-Go	NGW	0	1	0.554	0	0.0	0	0.7032	0.7081945542942526	-0.3670217247410735
ul8vo5g8rz3r5jp5zbtpznof	1	1	102	26	1	No-Go	NGW	0	1	0.555	0	0.0	0	0.6562	0.649326429605369	-0.46667133841311614
ul8vo5g8rz3r5jp5zbtpznof	1	1	107	27	1	No-Go	NGW	0	1	1.249	0	1.0	1	0.5926	0.5949986559977429	-0.5662790184239342
ul8vo5g8rz3r5jp5zbtpznof	1	1	110	28	1	No-Go	NGW	0	1	0.452	0	0.0	0	0.8113	0.809061167800458	-0.21751974726289788
ul8vo5g8rz3r5jp5zbtpznof	1	1	116	29	1	No-Go	NGW	0	1	1.164	0	0.0	0	0.7486	0.7458817686983888	-0.30618343764006856
ul8vo5g8rz3r5jp5zbtpznof	1	1	118	30	1	No-Go	NGW	0	1	0.572	0	0.0	0	0.6831	0.6839557444681883	-0.4045862629517405
v32lbqm6bqaj6831d8tng6hn	1	1	3	1	1	No-Go	NGW	0	1	1.324	0	0.0	0	0.7847	0.7865019545338584	-0.254801439038892
v32lbqm6bqaj6831d8tng6hn	1	1	7	2	1	No-Go	NGW	0	1	0.734	0	0.0	0	0.4895	0.4996594800416555	-0.742265262451217
v32lbqm6bqaj6831d8tng6hn	1	1	12	3	1	No-Go	NGW	0	0		1	0.0	1	0.2528	0.7457628347611338	-0.30946410712602923
v32lbqm6bqaj6831d8tng6hn	1	1	16	4	1	No-Go	NGW	0	0		1	1.0	0	0.0859	0.9088929195669251	-0.09988551745346493
v32lbqm6bqaj6831d8tng6hn	1	1	19	5	1	No-Go	NGW	0	0		1	0.0	1	0.2931	0.6998728525480574	-0.3747345865033878
v32lbqm6bqaj6831d8tng6hn	1	1	22	6	1	No-Go	NGW	0	0		1	0.0	1	0.102	0.8953765795766614	-0.11530327704666815
v32lbqm6bqaj6831d8tng6hn	1	1	26	7	1	No-Go	NGW	0	0		1	1.0	0	0.0415	0.959089778686557	-0.043020926580135205
v32lbqm6bqaj6831d8tng6hn	1	1	32	8	1	No-Go	NGW	0	0		1	0.0	1	0.1622	0.8336952467069652	-0.18863656880997984
v32lbqm6bqaj6831d8tng6hn	1	1	33	9	1	No-Go	NGW	0	0		1	0.0	1	0.0587	0.941334396486912	-0.06217916030701912
v32lbqm6bqaj6831d8tng6hn	1	1	40	10	1	No-Go	NGW	0	0		1	0.0	1	0.0264	0.9756297792035553	-0.025151075278083173
v32lbqm6bqaj6831d8tng6hn	1	1	41	11	1	No-Go	NGW	0	0		1	1.0	0	0.0106	0.9884040345378838	-0.011811480562495624
v32lbqm6bqaj6831d8tng6hn	1	1	46	12	1	No-Go	NGW	0	0		1	0.0	1	0.0628	0.9389384574221596	-0.0643929803863292
v32lbqm6bqaj6831d8tng6hn	1	1	50	13	1	No-Go	NGW	0	0		1	0.0	1	0.022	0.9764855020245644	-0.024125441822892262
v32lbqm6bqaj6831d8tng6hn	1	1	53	14	1	No-Go	NGW	0	0		1	0.0	1	0.0108	0.9891121959213144	-0.011051413458049952
v32lbqm6bqaj6831d8tng6hn	1	1	58	15	1	No-Go	NGW	0	0		1	0.0	1	0.0061	0.9942565730778666	-0.005797542155608115
v32lbqm6bqaj6831d8tng6hn	1	1	63	16	1	No-Go	NGW	0	0		1	0.0	1	0.0037	0.9966482870844259	-0.003372680423161234
v32lbqm6bqaj6831d8tng6hn	1	1	66	17	1	No-Go	NGW	0	0		1	0.0	1	0.0017	0.9978748237103473	-0.002134458942770329
v32lbqm6bqaj6831d8tng6hn	1	1	72	18	1	No-Go	NGW	0	0		1	0.0	1	0.0026	0.9985541151329093	-0.0014505147223198896
v32lbqm6bqaj6831d8tng6hn	1	1	73	19	1	No-Go	NGW	0	0		1	0.0	1	0.0012	0.9989545421172332	-0.0010480346215685327
v32lbqm6bqaj6831d8tng6hn	1	1	79	20	1	No-Go	NGW	0	0		1	1.0	0	0.0008	0.9992031009467073	-0.0007984856991917232
v32lbqm6bqaj6831d8tng6hn	1	1	81	21	1	No-Go	NGW	0	0		1	0.0	1	0.0093	0.9919295562627342	-0.008218535226121445
v32lbqm6bqaj6831d8tng6hn	1	1	86	22	1	No-Go	NGW	0	0		1	0.0	1	0.0029	0.996181527247596	-0.003846072600123088
v32lbqm6bqaj6831d8tng6hn	1	1	92	23	1	No-Go	NGW	0	0		1	0.0	1	0.0023	0.9977874518052203	-0.002222331394170016
v32lbqm6bqaj6831d8tng6hn	1	1	95	24	1	No-Go	NGW	0	0		1	0.0	1	0.0019	0.9985543631772275	-0.0014502035543405016
v32lbqm6bqaj6831d8tng6hn	1	1	100	25	1	No-Go	NGW	0	0		1	1.0	0	0.0011	0.9989726434695396	-0.0010298791617025479
v32lbqm6bqaj6831d8tng6hn	1	1	103	26	1	No-Go	NGW	0	0		1	0.0	1	0.012	0.9888819603260693	-0.011415657445624504
v32lbqm6bqaj6831d8tng6hn	1	1	107	27	1	No-Go	NGW	0	0		1	0.0	1	0.0051	0.9952492051920344	-0.004795419911441652
v32lbqm6bqaj6831d8tng6hn	1	1	110	28	1	No-Go	NGW	0	0		1	0.0	1	0.0024	0.9974167642672188	-0.0025968991329569703
v32lbqm6bqaj6831d8tng6hn	1	1	113	29	1	No-Go	NGW	0	0		1	1.0	0	0.0012	0.9983803779500162	-0.0016254406422954576
v32lbqm6bqaj6831d8tng6hn	1	1	120	30	1	No-Go	NGW	0	0		1	0.0	1	0.0158	0.983493481378728	-0.017105114294052638
v32lbqm6bqaj6831d8tng6hn	1	1	4	1	1	Go	GW	1	1	0.827	1	1.0	0	0.7815	0.7865019545338584	-0.254801439038892
v32lbqm6bqaj6831d8tng6hn	1	1	6	2	1	Go	GW	1	1	0.82	1	0.0	1	0.4938	0.4996594800416555	-0.742265262451217
v32lbqm6bqaj6831d8tng6hn	1	1	11	3	1	Go	GW	1	1	0.916	1	0.0	1	0.8911	0.8885321705971506	-0.12572893604799654
v32lbqm6bqaj6831d8tng6hn	1	1	13	4	1	Go	GW	1	1	0.629	1	0.0	1	0.9712	0.9679675725464308	-0.03389803875316763
v32lbqm6bqaj6831d8tng6hn	1	1	18	5	1	Go	GW	1	1	0.733	1	0.0	1	0.9891	0.9882604885690329	-0.012090347349546775
v32lbqm6bqaj6831d8tng6hn	1	1	21	6	1	Go	GW	1	1	0.51	1	0.0	1	0.9946	0.9948672886663826	-0.005216554878046284
v32lbqm6bqaj6831d8tng6hn	1	1	25	7	1	Go	GW	1	1	0.739	1	0.0	1	0.9964	0.9974205327179451	-0.002603447145588065
v32lbqm6bqaj6831d8tng6hn	1	1	31	8	1	Go	GW	1	1	0.653	1	1.0	0	0.998	0.9985406667275923	-0.00146731576869409
v32lbqm6bqaj6831d8tng6hn	1	1	34	9	1	Go	GW	1	1	0.784	1	0.0	1	0.9876	0.987812339213198	-0.01246109181199395
v32lbqm6bqaj6831d8tng6hn	1	1	38	10	1	Go	GW	1	1	0.79	1	0.0	1	0.9965	0.995401951443878	-0.004647197971364158
v32lbqm6bqaj6831d8tng6hn	1	1	44	11	1	Go	GW	1	1	0.612	1	0.0	1	0.9986	0.9977469333953642	-0.0022673126176146535
v32lbqm6bqaj6831d8tng6hn	1	1	48	12	1	Go	GW	1	1	0.626	1	1.0	0	0.9988	0.9987148776950143	-0.0012901669962690732
v32lbqm6bqaj6831d8tng6hn	1	1	51	13	1	Go	GW	1	1	0.945	1	0.0	1	0.9878	0.9873566508475382	-0.012967033160849104
v32lbqm6bqaj6831d8tng6hn	1	1	54	14	1	Go	GW	1	1	0.556	1	0.0	1	0.9958	0.9956061958228268	-0.004436396996276741
v32lbqm6bqaj6831d8tng6hn	1	1	57	15	1	Go	GW	1	1	0.531	1	0.0	1	0.9978	0.997896792269687	-0.002114763904521573
v32lbqm6bqaj6831d8tng6hn	1	1	64	16	1	Go	GW	1	1	0.508	1	0.0	1	0.9987	0.9988021149185196	-0.0012019799132366648
v32lbqm6bqaj6831d8tng6hn	1	1	65	17	1	Go	GW	1	1	0.934	1	1.0	0	0.9994	0.9992266226466727	-0.0007751461508312054
v32lbqm6bqaj6831d8tng6hn	1	1	70	18	1	Go	GW	1	1	0.727	1	0.0	1	0.9931	0.9910798608842096	-0.009107102662689964
v32lbqm6bqaj6831d8tng6hn	1	1	74	19	1	Go	GW	1	1	0.748	1	0.0	1	0.9961	0.9968458618485174	-0.003175981255232054
v32lbqm6bqaj6831d8tng6hn	1	1	77	20	1	Go	GW	1	1	0.549	1	0.0	1	0.9979	0.9984288480165705	-0.0015772256547440385
v32lbqm6bqaj6831d8tng6hn	1	1	82	21	1	Go	GW	1	1	0.51	1	1.0	0	0.9992	0.9990628231362012	-0.000939510260862245
v32lbqm6bqaj6831d8tng6hn	1	1	88	22	1	Go	GW	1	1	0.652	1	0.0	1	0.987	0.9891298296587926	-0.011147840125854487
v32lbqm6bqaj6831d8tng6hn	1	1	91	23	1	Go	GW	1	1	0.557	1	0.0	1	0.9978	0.9963818688443298	-0.003646648784874026
v32lbqm6bqaj6831d8tng6hn	1	1	94	24	1	Go	GW	1	1	0.582	1	0.0	1	0.9988	0.9982680123425627	-0.0017392460006919656
v32lbqm6bqaj6831d8tng6hn	1	1	98	25	1	Go	GW	1	1	0.772	1	0.0	1	0.9996	0.9989943456025523	-0.0010082942527385088
v32lbqm6bqaj6831d8tng6hn	1	1	101	26	1	Go	GW	1	1	0.633	1	0.0	1	0.9988	0.999332806510072	-0.000668423317037865
v32lbqm6bqaj6831d8tng6hn	1	1	106	27	1	Go	GW	1	1	0.619	1	0.0	1	0.9995	0.999510376373183	-0.0004903311780189203
v32lbqm6bqaj6831d8tng6hn	1	1	111	28	1	Go	GW	1	1	0.76	1	0.0	1	0.9995	0.9996115731391887	-0.0003889132444535458
v32lbqm6bqaj6831d8tng6hn	1	1	116	29	1	Go	GW	1	1	0.42	1	0.0	1	0.9999	0.9996729197387467	-0.00032746285218177544
v32lbqm6bqaj6831d8tng6hn	1	1	119	30	1	Go	GW	1	1	0.532	1	1.0	0	0.9998	0.9997119443748661	-0.00028838529347632684
v32lbqm6bqaj6831d8tng6hn	1	1	2	1	0	No-Go	NGAL	0	0		1	0.0	1	0.6052	0.394362568107853	-0.9591400424106635
v32lbqm6bqaj6831d8tng6hn	1	1	8	2	0	No-Go	NGAL	0	0		1	0.0	1	0.2842	0.7120073244784689	-0.3570860008031331
v32lbqm6bqaj6831d8tng6hn	1	1	10	3	0	No-Go	NGAL	0	0		1	1.0	0	0.1227	0.8726903481666671	-0.14329500579588478
v32lbqm6bqaj6831d8tng6hn	1	1	14	4	0	No-Go	NGAL	0	1	0.714	0	0.0	0	0.3581	0.35531928295271764	-1.1506263559869883
v32lbqm6bqaj6831d8tng6hn	1	1	17	5	0	No-Go	NGAL	0	1	1.277	0	0.0	0	0.1254	0.1290473377350422	-2.2979881594508935
v32lbqm6bqaj6831d8tng6hn	1	1	23	6	0	No-Go	NGAL	0	1	1.044	0	0.0	0	0.0514	0.049518370152772516	-3.458395540433338
v32lbqm6bqaj6831d8tng6hn	1	1	27	7	0	No-Go	NGAL	0	0		1	0.0	1	0.0203	0.9782201553452305	-0.022340079487881973
v32lbqm6bqaj6831d8tng6hn	1	1	30	8	0	No-Go	NGAL	0	0		1	0.0	1	0.0072	0.9917900799115227	-0.00833273334269276
v32lbqm6bqaj6831d8tng6hn	1	1	36	9	0	No-Go	NGAL	0	0		1	1.0	0	0.0039	0.9962508914674311	-0.003784918682976286
v32lbqm6bqaj6831d8tng6hn	1	1	37	10	0	No-Go	NGAL	0	0		1	0.0	1	0.0113	0.9878138850410721	-0.012393739734421387
v32lbqm6bqaj6831d8tng6hn	1	1	42	11	0	No-Go	NGAL	0	0		1	0.0	1	0.0044	0.995466912208993	-0.004568982901124635
v32lbqm6bqaj6831d8tng6hn	1	1	45	12	0	No-Go	NGAL	0	0		1	0.0	1	0.0019	0.9978844475146811	-0.002125707925381113
v32lbqm6bqaj6831d8tng6hn	1	1	49	13	0	No-Go	NGAL	0	0		1	0.0	1	0.0013	0.9988577220759578	-0.001145963742553351
v32lbqm6bqaj6831d8tng6hn	1	1	56	14	0	No-Go	NGAL	0	0		1	1.0	0	0.0006	0.9993146728045622	-0.00068689749044129
v32lbqm6bqaj6831d8tng6hn	1	1	59	15	0	No-Go	NGAL	0	0		1	0.0	1	0.0018	0.9972117298693142	-0.002802107515258018
v32lbqm6bqaj6831d8tng6hn	1	1	62	16	0	No-Go	NGAL	0	0		1	0.0	1	0.002	0.9987605646074206	-0.0012424499882398563
v32lbqm6bqaj6831d8tng6hn	1	1	68	17	0	No-Go	NGAL	0	0		1	0.0	1	0.0005	0.9993239067126266	-0.0006771570285545182
v32lbqm6bqaj6831d8tng6hn	1	1	71	18	0	No-Go	NGAL	0	0		1	0.0	1	0.0006	0.999579650879715	-0.00042083429236211914
v32lbqm6bqaj6831d8tng6hn	1	1	76	19	0	No-Go	NGAL	0	0		1	1.0	0	0.0003	0.999713077973356	-0.0002871831476350927
v32lbqm6bqaj6831d8tng6hn	1	1	78	20	0	No-Go	NGAL	0	0		1	0.0	1	0.0014	0.9984923013480027	-0.0015126472580166781
v32lbqm6bqaj6831d8tng6hn	1	1	84	21	0	No-Go	NGAL	0	0		1	1.0	0	0.0003	0.9993083385487127	-0.0006926727251015517
v32lbqm6bqaj6831d8tng6hn	1	1	87	22	0	No-Go	NGAL	0	0		1	0.0	1	0.0052	0.9951108739834799	-0.004959081225066951
v32lbqm6bqaj6831d8tng6hn	1	1	89	23	0	No-Go	NGAL	0	0		1	0.0	1	0.0013	0.9984423632968015	-0.0015631845299513478
v32lbqm6bqaj6831d8tng6hn	1	1	96	24	0	No-Go	NGAL	0	0		1	0.0	1	0.001	0.999291282904949	-0.000709836517234999
v32lbqm6bqaj6831d8tng6hn	1	1	99	25	0	No-Go	NGAL	0	0		1	0.0	1	0.0005	0.9996005677229658	-0.00039981619876573596
v32lbqm6bqaj6831d8tng6hn	1	1	102	26	0	No-Go	NGAL	0	0		1	0.0	1	0.0004	0.9997405577685585	-0.00025962653256857333
v32lbqm6bqaj6831d8tng6hn	1	1	108	27	0	No-Go	NGAL	0	0		1	0.0	1	0.0002	0.999813814297974	-0.00018629558794758017
v32lbqm6bqaj6831d8tng6hn	1	1	112	28	0	No-Go	NGAL	0	0		1	1.0	0	0.0	0.9998562933181442	-0.00014378226538625088
v32lbqm6bqaj6831d8tng6hn	1	1	115	29	0	No-Go	NGAL	0	0		1	0.0	1	0.0006	0.9990950080114118	-0.0009071828200244744
v32lbqm6bqaj6831d8tng6hn	1	1	117	30	0	No-Go	NGAL	0	0		1	0.0	1	0.0001	0.9995632205303955	-0.00043725969853276094
v32lbqm6bqaj6831d8tng6hn	1	1	1	1	0	Go	GAL	1	1	1.478	1	0.0	1	0.6089	0.605637431892147	-0.5136642664476333
v32lbqm6bqaj6831d8tng6hn	1	1	5	2	0	Go	GAL	1	1	1.076	1	0.0	1	0.8509	0.85170638445062	-0.16518619521272984
v32lbqm6bqaj6831d8tng6hn	1	1	9	3	0	Go	GAL	1	1	0.761	1	0.0	1	0.9401	0.9409511144226652	-0.062385407874990306
v32lbqm6bqaj6831d8tng6hn	1	1	15	4	0	Go	GAL	1	1	1.106	1	1.0	0	0.9713	0.9734137848563638	-0.027418687610469814
v32lbqm6bqaj6831d8tng6hn	1	1	20	5	0	Go	GAL	1	0		0	0.0	0	0.8648	0.13676819436762244	-2.1022941665217165
v32lbqm6bqaj6831d8tng6hn	1	1	24	6	0	Go	GAL	1	1	0.914	1	0.0	1	0.9404	0.938471003695616	-0.06560189258508184
v32lbqm6bqaj6831d8tng6hn	1	1	28	7	0	Go	GAL	1	1	0.833	1	0.0	1	0.9777	0.9753922042087161	-0.02549911371344614
v32lbqm6bqaj6831d8tng6hn	1	1	29	8	0	Go	GAL	1	1	0.647	1	1.0	0	0.9879	0.9884568006233035	-0.011793393682776565
v32lbqm6bqaj6831d8tng6hn	1	1	35	9	0	Go	GAL	1	1	1.212	1	0.0	1	0.945	0.9442524862340728	-0.05895549138891523
v32lbqm6bqaj6831d8tng6hn	1	1	39	10	0	Go	GAL	1	1	1.012	1	0.0	1	0.9764	0.9784678782027356	-0.022157720076907497
v32lbqm6bqaj6831d8tng6hn	1	1	43	11	0	Go	GAL	1	1	0.713	1	0.0	1	0.9918	0.9899504048327388	-0.010224371541798317
v32lbqm6bqaj6831d8tng6hn	1	1	47	12	0	Go	GAL	1	1	0.776	1	0.0	1	0.9944	0.9946694838877597	-0.00538986759841902
v32lbqm6bqaj6831d8tng6hn	1	1	52	13	0	Go	GAL	1	1	0.752	1	1.0	0	0.9968	0.9968832225770464	-0.00314010874800406
v32lbqm6bqaj6831d8tng6hn	1	1	55	14	0	Go	GAL	1	1	0.693	1	0.0	1	0.9807	0.9807216422256885	-0.019774786605754654
v32lbqm6bqaj6831d8tng6hn	1	1	60	15	0	Go	GAL	1	1	0.765	1	0.0	1	0.9912	0.9915777984975086	-0.008533609058010783
v32lbqm6bqaj6831d8tng6hn	1	1	61	16	0	Go	GAL	1	1	0.748	1	0.0	1	0.9952	0.9955859813799476	-0.004451068363143228
v32lbqm6bqaj6831d8tng6hn	1	1	67	17	0	Go	GAL	1	1	0.546	1	0.0	1	0.9972	0.9973976024495863	-0.002617435980388327
v32lbqm6bqaj6831d8tng6hn	1	1	69	18	0	Go	GAL	1	1	0.615	1	1.0	0	0.9982	0.9983248394941867	-0.001682201815143395
v32lbqm6bqaj6831d8tng6hn	1	1	75	19	0	Go	GAL	1	1	1.142	1	0.0	1	0.9873	0.9873867115259842	-0.012882825330977567
v32lbqm6bqaj6831d8tng6hn	1	1	80	20	0	Go	GAL	1	1	0.866	1	0.0	1	0.9932	0.9943881103735103	-0.005667716955182339
v32lbqm6bqaj6831d8tng6hn	1	1	83	21	0	Go	GAL	1	1	0.642	1	1.0	0	0.9971	0.9969508487180201	-0.0030682615347967916
v32lbqm6bqaj6831d8tng6hn	1	1	85	22	0	Go	GAL	1	1	0.798	1	0.0	1	0.9759	0.9774176248919908	-0.023437482448448583
v32lbqm6bqaj6831d8tng6hn	1	1	90	23	0	Go	GAL	1	1	0.717	1	0.0	1	0.9921	0.9912932729389716	-0.008831069271862347
v32lbqm6bqaj6831d8tng6hn	1	1	93	24	0	Go	GAL	1	1	0.637	1	0.0	1	0.9965	0.9956907772652052	-0.004344400566013506
v32lbqm6bqaj6831d8tng6hn	1	1	97	25	0	Go	GAL	1	1	0.862	1	0.0	1	0.9967	0.997522281077182	-0.002491175695462572
v32lbqm6bqaj6831d8tng6hn	1	1	104	26	0	Go	GAL	1	1	0.759	1	0.0	1	0.999	0.9984190358762797	-0.001587182414239186
v32lbqm6bqaj6831d8tng6hn	1	1	105	27	0	Go	GAL	1	1	0.677	1	0.0	1	0.9994	0.9989082805294722	-0.0010950213785107445
v32lbqm6bqaj6831d8tng6hn	1	1	109	28	0	Go	GAL	1	1	0.675	1	0.0	1	0.999	0.9991969869127546	-0.0008049725305002593
v32lbqm6bqaj6831d8tng6hn	1	1	114	29	0	Go	GAL	1	1	0.59	1	1.0	0	0.9993	0.9993778747472245	-0.0006234009003387913
v32lbqm6bqaj6831d8tng6hn	1	1	118	30	0	Go	GAL	1	1	0.706	1	0.0	1	0.9934	0.9938263263438301	-0.006270550085202212
v32lbqm6bqaj6831d8tng6hn	1	2	123	1	0	Go	GAL	1	1	1.39	1	0.0	1	0.6017	0.605637431892147	-0.5136642664476333
v32lbqm6bqaj6831d8tng6hn	1	2	125	2	0	Go	GAL	1	1	1.256	1	0.0	1	0.8586	0.85170638445062	-0.16518619521272984
v32lbqm6bqaj6831d8tng6hn	1	2	132	3	0	Go	GAL	1	1	1.18	1	0.0	1	0.9427	0.9409511144226652	-0.062385407874990306
v32lbqm6bqaj6831d8tng6hn	1	2	134	4	0	Go	GAL	1	1	1.239	1	1.0	0	0.9752	0.9734137848563638	-0.027418687610469814
v32lbqm6bqaj6831d8tng6hn	1	2	138	5	0	Go	GAL	1	1	1.205	1	0.0	1	0.8659	0.8632318056323777	-0.14994793164038833
v32lbqm6bqaj6831d8tng6hn	1	2	141	6	0	Go	GAL	1	1	0.981	1	0.0	1	0.9484	0.9490677925605107	-0.053001996003375115
v32lbqm6bqaj6831d8tng6hn	1	2	147	7	0	Go	GAL	1	1	0.777	1	0.0	1	0.9768	0.9774415086261379	-0.023069478789427535
v32lbqm6bqaj6831d8tng6hn	1	2	150	8	0	Go	GAL	1	1	1.176	1	1.0	0	0.9864	0.9885461165601515	-0.011612786530933198
v32lbqm6bqaj6831d8tng6hn	1	2	155	9	0	Go	GAL	1	1	0.949	1	0.0	1	0.925	0.924079173477177	-0.08117897035411505
v32lbqm6bqaj6831d8tng6hn	1	2	158	10	0	Go	GAL	1	0		0	0.0	0	0.9745	0.02885790556589875	-3.8937291312575133
v32lbqm6bqaj6831d8tng6hn	1	2	163	11	0	Go	GAL	1	1	1.033	1	0.0	1	0.9867	0.986560990932947	-0.013704768457511188
v32lbqm6bqaj6831d8tng6hn	1	2	166	12	0	Go	GAL	1	1	0.702	1	0.0	1	0.9934	0.993313516536403	-0.006768679429537233
v32lbqm6bqaj6831d8tng6hn	1	2	172	13	0	Go	GAL	1	1	0.652	1	1.0	0	0.9961	0.9962527525340833	-0.003777824691733519
v32lbqm6bqaj6831d8tng6hn	1	2	176	14	0	Go	GAL	1	1	1.435	1	0.0	1	0.9776	0.9767775831821749	-0.02392768113446291
v32lbqm6bqaj6831d8tng6hn	1	2	179	15	0	Go	GAL	1	1	0.803	1	0.0	1	0.9905	0.990285512283094	-0.009856832165282844
v32lbqm6bqaj6831d8tng6hn	1	2	184	16	0	Go	GAL	1	1	1.014	1	0.0	1	0.9961	0.995049574739405	-0.004995357836167927
v32lbqm6bqaj6831d8tng6hn	1	2	186	17	0	Go	GAL	1	1	0.663	1	0.0	1	0.9972	0.9971397973208276	-0.0028778313786361628
v32lbqm6bqaj6831d8tng6hn	1	2	190	18	0	Go	GAL	1	1	0.768	1	1.0	0	0.9981	0.998187566631135	-0.0018204788148482977
v32lbqm6bqaj6831d8tng6hn	1	2	195	19	0	Go	GAL	1	1	1.16	1	0.0	1	0.985	0.9865412755884637	-0.013757612594885246
v32lbqm6bqaj6831d8tng6hn	1	2	198	20	0	Go	GAL	1	1	0.614	1	0.0	1	0.9932	0.9940664605371067	-0.005994899514949137
v32lbqm6bqaj6831d8tng6hn	1	2	204	21	0	Go	GAL	1	1	0.609	1	1.0	0	0.9965	0.9968028488148162	-0.0032178791690782842
v32lbqm6bqaj6831d8tng6hn	1	2	205	22	0	Go	GAL	1	1	1.178	1	0.0	1	0.9752	0.9766156447398795	-0.02428160169693964
v32lbqm6bqaj6831d8tng6hn	1	2	212	23	0	Go	GAL	1	1	0.642	1	0.0	1	0.9915	0.9910059342011558	-0.009125107572402502
v32lbqm6bqaj6831d8tng6hn	1	2	215	24	0	Go	GAL	1	1	0.629	1	0.0	1	0.9969	0.9955649639643923	-0.004471959888510905
v32lbqm6bqaj6831d8tng6hn	1	2	220	25	0	Go	GAL	1	1	0.675	1	0.0	1	0.997	0.9974594477460401	-0.0025545949851522335
v32lbqm6bqaj6831d8tng6hn	1	2	224	26	0	Go	GAL	1	1	1.218	1	0.0	1	0.9988	0.9983845708718272	-0.0016218793782099064
v32lbqm6bqaj6831d8tng6hn	1	2	227	27	0	Go	GAL	1	1	0.624	1	0.0	1	0.9992	0.9988879802113861	-0.0011154254023525694
v32lbqm6bqaj6831d8tng6hn	1	2	230	28	0	Go	GAL	1	1	0.462	1	0.0	1	0.9996	0.9991843354657173	-0.0008176750054329825
v32lbqm6bqaj6831d8tng6hn	1	2	236	29	0	Go	GAL	1	1	0.607	1	1.0	0	0.9994	0.9993696189877596	-0.000631683817199264
v32lbqm6bqaj6831d8tng6hn	1	2	239	30	0	Go	GAL	1	1	0.64	1	0.0	1	0.9922	0.9937791859474588	-0.006318353329799453
v32lbqm6bqaj6831d8tng6hn	1	2	124	1	0	No-Go	NGAL	0	0		1	0.0	1	0.6056	0.394362568107853	-0.9591400424106635
v32lbqm6bqaj6831d8tng6hn	1	2	126	2	0	No-Go	NGAL	0	0		1	0.0	1	0.2894	0.7120073244784689	-0.3570860008031331
v32lbqm6bqaj6831d8tng6hn	1	2	131	3	0	No-Go	NGAL	0	0		1	1.0	0	0.1278	0.8726903481666671	-0.14329500579588478
v32lbqm6bqaj6831d8tng6hn	1	2	136	4	0	No-Go	NGAL	0	0		1	0.0	1	0.3643	0.6446807170472822	-0.4797539996261088
v32lbqm6bqaj6831d8tng6hn	1	2	139	5	0	No-Go	NGAL	0	0		1	0.0	1	0.1412	0.8541762776615417	-0.16239743088467745
v32lbqm6bqaj6831d8tng6hn	1	2	144	6	0	No-Go	NGAL	0	0		1	0.0	1	0.063	0.9369428806020024	-0.06646125863130804
v32lbqm6bqaj6831d8tng6hn	1	2	145	7	0	No-Go	NGAL	0	0		1	0.0	1	0.0322	0.9690613603591016	-0.031904551174644996
v32lbqm6bqaj6831d8tng6hn	1	2	151	8	0	No-Go	NGAL	0	0		1	0.0	1	0.0159	0.9829581693272943	-0.01738319070273015
v32lbqm6bqaj6831d8tng6hn	1	2	153	9	0	No-Go	NGAL	0	0		1	1.0	0	0.0108	0.989647365793226	-0.010495622037836603
v32lbqm6bqaj6831d8tng6hn	1	2	157	10	0	No-Go	NGAL	0	0		1	0.0	1	0.0575	0.9405687932156649	-0.06492655583036748
v32lbqm6bqaj6831d8tng6hn	1	2	162	11	0	No-Go	NGAL	0	0		1	0.0	1	0.0272	0.9750280257123419	-0.025647191580543217
v32lbqm6bqaj6831d8tng6hn	1	2	167	12	0	No-Go	NGAL	0	0		1	0.0	1	0.0147	0.9870932658469396	-0.013083015213781751
v32lbqm6bqaj6831d8tng6hn	1	2	171	13	0	No-Go	NGAL	0	0		1	0.0	1	0.0059	0.9922392039050908	-0.00783131005803046
v32lbqm6bqaj6831d8tng6hn	1	2	174	14	0	No-Go	NGAL	0	0		1	1.0	0	0.006	0.9947915282377656	-0.005245047106012704
v32lbqm6bqaj6831d8tng6hn	1	2	177	15	0	No-Go	NGAL	0	0		1	0.0	1	0.045	0.9559614767064184	-0.049083802509740405
v32lbqm6bqaj6831d8tng6hn	1	2	182	16	0	No-Go	NGAL	0	0		1	0.0	1	0.0165	0.9821642499295629	-0.018339886944035412
v32lbqm6bqaj6831d8tng6hn	1	2	187	17	0	No-Go	NGAL	0	0		1	0.0	1	0.0095	0.9907719968756071	-0.009346480019519252
v32lbqm6bqaj6831d8tng6hn	1	2	192	18	0	No-Go	NGAL	0	0		1	0.0	1	0.0056	0.9943150427876122	-0.005731794186505161
v32lbqm6bqaj6831d8tng6hn	1	2	196	19	0	No-Go	NGAL	0	0		1	1.0	0	0.0041	0.9960498600289537	-0.003975470543719198
v32lbqm6bqaj6831d8tng6hn	1	2	200	20	0	No-Go	NGAL	0	0		1	0.0	1	0.0387	0.9603248097745062	-0.04463099043028046
v32lbqm6bqaj6831d8tng6hn	1	2	203	21	0	No-Go	NGAL	0	0		1	1.0	0	0.0181	0.9842550892401944	-0.016217447719474896
v32lbqm6bqaj6831d8tng6hn	1	2	207	22	0	No-Go	NGAL	0	0		1	0.0	1	0.1283	0.8779253283117429	-0.19199251604726572
v32lbqm6bqaj6831d8tng6hn	1	2	209	23	0	No-Go	NGAL	0	0		1	0.0	1	0.0423	0.9573426213129406	-0.04704016676925749
v32lbqm6bqaj6831d8tng6hn	1	2	216	24	0	No-Go	NGAL	0	0		1	0.0	1	0.0172	0.9827371601934125	-0.01777635253619142
v32lbqm6bqaj6831d8tng6hn	1	2	219	25	0	No-Go	NGAL	0	0		1	0.0	1	0.0101	0.9912003039729361	-0.008919039486111918
v32lbqm6bqaj6831d8tng6hn	1	2	221	26	0	No-Go	NGAL	0	0		1	0.0	1	0.0053	0.9946441707729933	-0.005401222531743219
v32lbqm6bqaj6831d8tng6hn	1	2	226	27	0	No-Go	NGAL	0	0		1	0.0	1	0.0043	0.9962975998452607	-0.003726388819761536
v32lbqm6bqaj6831d8tng6hn	1	2	231	28	0	No-Go	NGAL	0	0		1	1.0	0	0.0028	0.9971943359510526	-0.002821346856452924
v32lbqm6bqaj6831d8tng6hn	1	2	235	29	0	No-Go	NGAL	0	0		1	0.0	1	0.0326	0.9695892315387425	-0.033336687129517234
v32lbqm6bqaj6831d8tng6hn	1	2	237	30	0	No-Go	NGAL	0	0		1	0.0	1	0.0115	0.9874377862360745	-0.012884274088076292
v32lbqm6bqaj6831d8tng6hn	1	2	121	1	1	No-Go	NGW	0	1	0.84	0	0.0	0	0.7824	0.7865019545338584	-0.254801439038892
v32lbqm6bqaj6831d8tng6hn	1	2	127	2	1	No-Go	NGW	0	1	0.912	0	0.0	0	0.4982	0.4996594800416555	-0.742265262451217
v32lbqm6bqaj6831d8tng6hn	1	2	129	3	1	No-Go	NGW	0	0		1	0.0	1	0.2482	0.7457628347611338	-0.30946410712602923
v32lbqm6bqaj6831d8tng6hn	1	2	133	4	1	No-Go	NGW	0	0		1	1.0	0	0.09	0.9088929195669251	-0.09988551745346493
v32lbqm6bqaj6831d8tng6hn	1	2	137	5	1	No-Go	NGW	0	0		1	0.0	1	0.2974	0.6998728525480574	-0.3747345865033878
v32lbqm6bqaj6831d8tng6hn	1	2	142	6	1	No-Go	NGW	0	0		1	0.0	1	0.1007	0.8953765795766614	-0.11530327704666815
v32lbqm6bqaj6831d8tng6hn	1	2	146	7	1	No-Go	NGW	0	0		1	1.0	0	0.0408	0.959089778686557	-0.043020926580135205
v32lbqm6bqaj6831d8tng6hn	1	2	152	8	1	No-Go	NGW	0	0		1	0.0	1	0.17	0.8336952467069652	-0.18863656880997984
v32lbqm6bqaj6831d8tng6hn	1	2	156	9	1	No-Go	NGW	0	0		1	0.0	1	0.0586	0.941334396486912	-0.06217916030701912
v32lbqm6bqaj6831d8tng6hn	1	2	160	10	1	No-Go	NGW	0	0		1	0.0	1	0.0269	0.9756297792035553	-0.025151075278083173
v32lbqm6bqaj6831d8tng6hn	1	2	161	11	1	No-Go	NGW	0	0		1	1.0	0	0.0105	0.9884040345378838	-0.011811480562495624
v32lbqm6bqaj6831d8tng6hn	1	2	168	12	1	No-Go	NGW	0	0		1	0.0	1	0.0594	0.9389384574221596	-0.0643929803863292
v32lbqm6bqaj6831d8tng6hn	1	2	170	13	1	No-Go	NGW	0	0		1	0.0	1	0.0256	0.9764855020245644	-0.024125441822892262
v32lbqm6bqaj6831d8tng6hn	1	2	175	14	1	No-Go	NGW	0	0		1	0.0	1	0.0099	0.9891121959213144	-0.011051413458049952
v32lbqm6bqaj6831d8tng6hn	1	2	178	15	1	No-Go	NGW	0	0		1	0.0	1	0.0046	0.9942565730778666	-0.005797542155608115
v32lbqm6bqaj6831d8tng6hn	1	2	181	16	1	No-Go	NGW	0	0		1	0.0	1	0.0034	0.9966482870844259	-0.003372680423161234
v32lbqm6bqaj6831d8tng6hn	1	2	188	17	1	No-Go	NGW	0	0		1	0.0	1	0.0009	0.9978748237103473	-0.002134458942770329
v32lbqm6bqaj6831d8tng6hn	1	2	191	18	1	No-Go	NGW	0	0		1	0.0	1	0.0015	0.9985541151329093	-0.0014505147223198896
v32lbqm6bqaj6831d8tng6hn	1	2	193	19	1	No-Go	NGW	0	0		1	0.0	1	0.0014	0.9989545421172332	-0.0010480346215685327
v32lbqm6bqaj6831d8tng6hn	1	2	197	20	1	No-Go	NGW	0	0		1	1.0	0	0.0015	0.9992031009467073	-0.0007984856991917232
v32lbqm6bqaj6831d8tng6hn	1	2	202	21	1	No-Go	NGW	0	0		1	0.0	1	0.0077	0.9919295562627342	-0.008218535226121445
v32lbqm6bqaj6831d8tng6hn	1	2	208	22	1	No-Go	NGW	0	0		1	0.0	1	0.0044	0.996181527247596	-0.003846072600123088
v32lbqm6bqaj6831d8tng6hn	1	2	210	23	1	No-Go	NGW	0	0		1	0.0	1	0.003	0.9977874518052203	-0.002222331394170016
v32lbqm6bqaj6831d8tng6hn	1	2	213	24	1	No-Go	NGW	0	0		1	0.0	1	0.0013	0.9985543631772275	-0.0014502035543405016
v32lbqm6bqaj6831d8tng6hn	1	2	217	25	1	No-Go	NGW	0	0		1	1.0	0	0.001	0.9989726434695396	-0.0010298791617025479
v32lbqm6bqaj6831d8tng6hn	1	2	222	26	1	No-Go	NGW	0	0		1	0.0	1	0.0133	0.9888819603260693	-0.011415657445624504
v32lbqm6bqaj6831d8tng6hn	1	2	225	27	1	No-Go	NGW	0	0		1	0.0	1	0.0059	0.9952492051920344	-0.004795419911441652
v32lbqm6bqaj6831d8tng6hn	1	2	232	28	1	No-Go	NGW	0	0		1	0.0	1	0.0028	0.9974167642672188	-0.0025968991329569703
v32lbqm6bqaj6831d8tng6hn	1	2	233	29	1	No-Go	NGW	0	0		1	1.0	0	0.0019	0.9983803779500162	-0.0016254406422954576
v32lbqm6bqaj6831d8tng6hn	1	2	238	30	1	No-Go	NGW	0	0		1	0.0	1	0.0174	0.983493481378728	-0.017105114294052638
v32lbqm6bqaj6831d8tng6hn	1	2	122	1	1	Go	GW	1	1	0.772	1	1.0	0	0.7856	0.7865019545338584	-0.254801439038892
v32lbqm6bqaj6831d8tng6hn	1	2	128	2	1	Go	GW	1	1	0.549	1	0.0	1	0.4993	0.4996594800416555	-0.742265262451217
v32lbqm6bqaj6831d8tng6hn	1	2	130	3	1	Go	GW	1	1	0.786	1	0.0	1	0.8844	0.8885321705971506	-0.12572893604799654
v32lbqm6bqaj6831d8tng6hn	1	2	135	4	1	Go	GW	1	1	0.771	1	0.0	1	0.9678	0.9679675725464308	-0.03389803875316763
v32lbqm6bqaj6831d8tng6hn	1	2	140	5	1	Go	GW	1	1	0.596	1	0.0	1	0.9878	0.9882604885690329	-0.012090347349546775
v32lbqm6bqaj6831d8tng6hn	1	2	143	6	1	Go	GW	1	1	0.701	1	0.0	1	0.9965	0.9948672886663826	-0.005216554878046284
v32lbqm6bqaj6831d8tng6hn	1	2	148	7	1	Go	GW	1	1	0.507	1	0.0	1	0.9982	0.9974205327179451	-0.002603447145588065
v32lbqm6bqaj6831d8tng6hn	1	2	149	8	1	Go	GW	1	1	0.525	1	1.0	0	0.9988	0.9985406667275923	-0.00146731576869409
v32lbqm6bqaj6831d8tng6hn	1	2	154	9	1	Go	GW	1	1	0.533	1	0.0	1	0.9888	0.987812339213198	-0.01246109181199395
v32lbqm6bqaj6831d8tng6hn	1	2	159	10	1	Go	GW	1	1	0.572	1	0.0	1	0.9954	0.995401951443878	-0.004647197971364158
v32lbqm6bqaj6831d8tng6hn	1	2	164	11	1	Go	GW	1	1	0.484	1	0.0	1	0.9974	0.9977469333953642	-0.0022673126176146535
v32lbqm6bqaj6831d8tng6hn	1	2	165	12	1	Go	GW	1	1	0.538	1	1.0	0	0.9982	0.9987148776950143	-0.0012901669962690732
v32lbqm6bqaj6831d8tng6hn	1	2	169	13	1	Go	GW	1	1	0.581	1	0.0	1	0.9875	0.9873566508475382	-0.012967033160849104
v32lbqm6bqaj6831d8tng6hn	1	2	173	14	1	Go	GW	1	1	0.542	1	0.0	1	0.9955	0.9956061958228268	-0.004436396996276741
v32lbqm6bqaj6831d8tng6hn	1	2	180	15	1	Go	GW	1	1	0.865	1	0.0	1	0.9975	0.997896792269687	-0.002114763904521573
v32lbqm6bqaj6831d8tng6hn	1	2	183	16	1	Go	GW	1	1	0.5	1	0.0	1	0.9987	0.9988021149185196	-0.0012019799132366648
v32lbqm6bqaj6831d8tng6hn	1	2	185	17	1	Go	GW	1	1	0.46	1	1.0	0	0.9995	0.9992266226466727	-0.0007751461508312054
v32lbqm6bqaj6831d8tng6hn	1	2	189	18	1	Go	GW	1	1	0.505	1	0.0	1	0.9913	0.9910798608842096	-0.009107102662689964
v32lbqm6bqaj6831d8tng6hn	1	2	194	19	1	Go	GW	1	1	0.562	1	0.0	1	0.9976	0.9968458618485174	-0.003175981255232054
v32lbqm6bqaj6831d8tng6hn	1	2	199	20	1	Go	GW	1	1	0.523	1	0.0	1	0.9987	0.9984288480165705	-0.0015772256547440385
v32lbqm6bqaj6831d8tng6hn	1	2	201	21	1	Go	GW	1	1	0.578	1	1.0	0	0.9994	0.9990628231362012	-0.000939510260862245
v32lbqm6bqaj6831d8tng6hn	1	2	206	22	1	Go	GW	1	1	0.503	1	0.0	1	0.988	0.9891298296587926	-0.011147840125854487
v32lbqm6bqaj6831d8tng6hn	1	2	211	23	1	Go	GW	1	1	0.379	1	0.0	1	0.9955	0.9963818688443298	-0.003646648784874026
v32lbqm6bqaj6831d8tng6hn	1	2	214	24	1	Go	GW	1	1	0.425	1	0.0	1	0.998	0.9982680123425627	-0.0017392460006919656
v32lbqm6bqaj6831d8tng6hn	1	2	218	25	1	Go	GW	1	1	0.484	1	0.0	1	0.9989	0.9989943456025523	-0.0010082942527385088
v32lbqm6bqaj6831d8tng6hn	1	2	223	26	1	Go	GW	1	1	0.444	1	0.0	1	0.9992	0.999332806510072	-0.000668423317037865
v32lbqm6bqaj6831d8tng6hn	1	2	228	27	1	Go	GW	1	1	0.547	1	0.0	1	0.9995	0.999510376373183	-0.0004903311780189203
v32lbqm6bqaj6831d8tng6hn	1	2	229	28	1	Go	GW	1	1	0.426	1	0.0	1	0.9993	0.9996115731391887	-0.0003889132444535458
v32lbqm6bqaj6831d8tng6hn	1	2	234	29	1	Go	GW	1	1	0.54	1	0.0	1	0.9995	0.9996729197387467	-0.00032746285218177544
v32lbqm6bqaj6831d8tng6hn	1	2	240	30	1	Go	GW	1	1	0.349	1	1.0	0	1.0	0.9997119443748661	-0.00028838529347632684
v6ag7qnuysho3wws8lnmg47r	1	1	4	1	0	Go	GAL	1	0		0	0.0	0	0.6359	0.368389636339427	-1.0236186605773876
v6ag7qnuysho3wws8lnmg47r	1	1	8	2	0	Go	GAL	1	0		0	0.0	0	0.6408	0.34546250442356147	-1.091334225134637
v6ag7qnuysho3wws8lnmg47r	1	1	9	3	0	Go	GAL	1	1	0.573	1	0.0	1	0.6683	0.6740761784596246	-0.4034870318229651
v6ag7qnuysho3wws8lnmg47r	1	1	15	4	0	Go	GAL	1	1	0.959	1	0.0	1	0.8115	0.8075139354179249	-0.21930182245923752
v6ag7qnuysho3wws8lnmg47r	1	1	19	5	0	Go	GAL	1	1	0.409	1	1.0	0	0.8866	0.8806501833249817	-0.1301283841741592
v6ag7qnuysho3wws8lnmg47r	1	1	22	6	0	Go	GAL	1	1	0.622	1	1.0	0	0.7482	0.7447048497777922	-0.30011731404545505
v6ag7qnuysho3wws8lnmg47r	1	1	28	7	0	Go	GAL	1	1	0.661	1	0.0	1	0.5705	0.5708648127458454	-0.5737228104036877
v6ag7qnuysho3wws8lnmg47r	1	1	32	8	0	Go	GAL	1	1	0.561	1	0.0	1	0.749	0.7497777667063059	-0.2938741223962815
v6ag7qnuysho3wws8lnmg47r	1	1	34	9	0	Go	GAL	1	1	0.52	1	0.0	1	0.8468	0.8502084650289023	-0.16576882957179462
v6ag7qnuysho3wws8lnmg47r	1	1	39	10	0	Go	GAL	1	1	0.388	1	0.0	1	0.905	0.9046186470464478	-0.10218888198257538
v6ag7qnuysho3wws8lnmg47r	1	1	41	11	0	Go	GAL	1	1	0.501	1	0.0	1	0.9335	0.9352591344449953	-0.06801532502410515
v6ag7qnuysho3wws8lnmg47r	1	1	45	12	0	Go	GAL	1	1	0.555	1	1.0	0	0.9564	0.9534346126654552	-0.048308797267385975
v6ag7qnuysho3wws8lnmg47r	1	1	49	13	0	Go	GAL	1	1	0.512	1	0.0	1	0.8755	0.8727965873785439	-0.137745972162376
v6ag7qnuysho3wws8lnmg47r	1	1	53	14	0	Go	GAL	1	1	0.513	1	0.0	1	0.9158	0.9191322499130223	-0.08528749580280003
v6ag7qnuysho3wws8lnmg47r	1	1	60	15	0	Go	GAL	1	1	0.443	1	0.0	1	0.9443	0.9445426466386154	-0.057643036486942474
v6ag7qnuysho3wws8lnmg47r	1	1	63	16	0	Go	GAL	1	1	0.275	1	1.0	0	0.9569	0.9594995404460694	-0.04171489726443852
v6ag7qnuysho3wws8lnmg47r	1	1	66	17	0	Go	GAL	1	1	0.416	1	0.0	1	0.8813	0.8836333862855532	-0.12529045119198615
v6ag7qnuysho3wws8lnmg47r	1	1	69	18	0	Go	GAL	1	1	0.512	1	0.0	1	0.9259	0.9260499139912641	-0.0775698853686659
v6ag7qnuysho3wws8lnmg47r	1	1	75	19	0	Go	GAL	1	1	0.483	1	0.0	1	0.9511	0.9490169518322771	-0.05277623022871348
v6ag7qnuysho3wws8lnmg47r	1	1	77	20	0	Go	GAL	1	1	0.443	1	0.0	1	0.9598	0.962471808385972	-0.03854032457779115
v6ag7qnuysho3wws8lnmg47r	1	1	84	21	0	Go	GAL	1	1	0.451	1	0.0	1	0.9665	0.9708749333483023	-0.02975489395871103
v6ag7qnuysho3wws8lnmg47r	1	1	86	22	0	Go	GAL	1	1	0.275	1	0.0	1	0.9769	0.9763968420410901	-0.024027066987290426
v6ag7qnuysho3wws8lnmg47r	1	1	92	23	0	Go	GAL	1	1	0.451	1	0.0	1	0.9827	0.9801763826379901	-0.02012823089964646
v6ag7qnuysho3wws8lnmg47r	1	1	93	24	0	Go	GAL	1	1	0.386	1	1.0	0	0.9853	0.9828502873775246	-0.017381096595322693
v6ag7qnuysho3wws8lnmg47r	1	1	97	25	0	Go	GAL	1	1	0.435	1	0.0	1	0.9429	0.9392478741550171	-0.06346825093376983
v6ag7qnuysho3wws8lnmg47r	1	1	103	26	0	Go	GAL	1	1	0.395	1	0.0	1	0.9569	0.9579404266916456	-0.04331499104984269
v6ag7qnuysho3wws8lnmg47r	1	1	106	27	0	Go	GAL	1	1	0.44	1	0.0	1	0.9689	0.968572127256262	-0.03213967077817494
v6ag7qnuysho3wws8lnmg47r	1	1	111	28	0	Go	GAL	1	0		0	1.0	1	0.9751	0.02485484918135276	-3.9370325174363985
v6ag7qnuysho3wws8lnmg47r	1	1	114	29	0	Go	GAL	1	0		0	0.0	0	0.9468	0.05159735915856354	-3.1494896705120587
v6ag7qnuysho3wws8lnmg47r	1	1	118	30	0	Go	GAL	1	0		0	0.0	0	0.9517	0.04686874083474211	-3.279833970516482
v6ag7qnuysho3wws8lnmg47r	1	1	2	1	0	No-Go	NGAL	0	0		1	0.0	1	0.6304	0.368389636339427	-1.0236186605773876
v6ag7qnuysho3wws8lnmg47r	1	1	7	2	0	No-Go	NGAL	0	1	0.85	0	0.0	0	0.4526	0.4525808092330726	-0.8184123458821443
v6ag7qnuysho3wws8lnmg47r	1	1	10	3	0	No-Go	NGAL	0	0		1	1.0	0	0.2907	0.7114516669792256	-0.352914151959677
v6ag7qnuysho3wws8lnmg47r	1	1	13	4	0	No-Go	NGAL	0	1	0.4	0	0.0	0	0.3124	0.3117387030382979	-1.2192581994324496
v6ag7qnuysho3wws8lnmg47r	1	1	17	5	0	No-Go	NGAL	0	1	0.493	0	0.0	0	0.2029	0.20347432751539363	-1.7021807815224406
v6ag7qnuysho3wws8lnmg47r	1	1	23	6	0	No-Go	NGAL	0	0		1	0.0	1	0.1408	0.8614863441881014	-0.15318945916995966
v6ag7qnuysho3wws8lnmg47r	1	1	26	7	0	No-Go	NGAL	0	0		1	0.0	1	0.0863	0.916822794484266	-0.08909666047510242
v6ag7qnuysho3wws8lnmg47r	1	1	31	8	0	No-Go	NGAL	0	0		1	0.0	1	0.0523	0.9460519284818801	-0.0566754782761488
v6ag7qnuysho3wws8lnmg47r	1	1	35	9	0	No-Go	NGAL	0	0		1	1.0	0	0.0385	0.9626119416266331	-0.038783461167265124
v6ag7qnuysho3wws8lnmg47r	1	1	40	10	0	No-Go	NGAL	0	0		1	0.0	1	0.0424	0.9580656504855141	-0.04353195731183644
v6ag7qnuysho3wws8lnmg47r	1	1	43	11	0	No-Go	NGAL	0	0		1	0.0	1	0.0293	0.9700675280288935	-0.030794086348247176
v6ag7qnuysho3wws8lnmg47r	1	1	47	12	0	No-Go	NGAL	0	0		1	0.0	1	0.0202	0.9773969093785039	-0.023113521660610092
v6ag7qnuysho3wws8lnmg47r	1	1	51	13	0	No-Go	NGAL	0	0		1	1.0	0	0.0152	0.9821299089000224	-0.01819642162377145
v6ag7qnuysho3wws8lnmg47r	1	1	56	14	0	No-Go	NGAL	0	0		1	0.0	1	0.0204	0.9793454544581874	-0.02106034880406812
v6ag7qnuysho3wws8lnmg47r	1	1	57	15	0	No-Go	NGAL	0	0		1	0.0	1	0.0164	0.9836342987643173	-0.016624239329125778
v6ag7qnuysho3wws8lnmg47r	1	1	64	16	0	No-Go	NGAL	0	0		1	0.0	1	0.0127	0.9864557361989271	-0.013724737598266725
v6ag7qnuysho3wws8lnmg47r	1	1	65	17	0	No-Go	NGAL	0	0		1	0.0	1	0.0135	0.9884080728533616	-0.011726167236339872
v6ag7qnuysho3wws8lnmg47r	1	1	71	18	0	No-Go	NGAL	0	0		1	1.0	0	0.0117	0.9898079101325644	-0.01029716015290549
v6ag7qnuysho3wws8lnmg47r	1	1	73	19	0	No-Go	NGAL	0	0		1	0.0	1	0.0117	0.9878808156078552	-0.012265030291617468
v6ag7qnuysho3wws8lnmg47r	1	1	79	20	0	No-Go	NGAL	0	0		1	0.0	1	0.0103	0.9895896135180982	-0.010516270372817868
v6ag7qnuysho3wws8lnmg47r	1	1	81	21	0	No-Go	NGAL	0	0		1	0.0	1	0.0093	0.9907567538566086	-0.009327726976387432
v6ag7qnuysho3wws8lnmg47r	1	1	88	22	0	No-Go	NGAL	0	0		1	0.0	1	0.0095	0.9915977357818402	-0.008473235480657464
v6ag7qnuysho3wws8lnmg47r	1	1	91	23	0	No-Go	NGAL	0	0		1	0.0	1	0.0089	0.9922242733001234	-0.007837527118855778
v6ag7qnuysho3wws8lnmg47r	1	1	95	24	0	No-Go	NGAL	0	0		1	0.0	1	0.0083	0.9927021788268315	-0.007353120306676277
v6ag7qnuysho3wws8lnmg47r	1	1	99	25	0	No-Go	NGAL	0	0		1	1.0	0	0.0071	0.9930732911573916	-0.006977258580980681
v6ag7qnuysho3wws8lnmg47r	1	1	101	26	0	No-Go	NGAL	0	0		1	0.0	1	0.0089	0.9916004708174092	-0.008475669563780671
v6ag7qnuysho3wws8lnmg47r	1	1	107	27	0	No-Go	NGAL	0	0		1	0.0	1	0.0054	0.9923607652981266	-0.007699942305774497
v6ag7qnuysho3wws8lnmg47r	1	1	110	28	0	No-Go	NGAL	0	0		1	0.0	1	0.0076	0.992878646858063	-0.007174347619622321
v6ag7qnuysho3wws8lnmg47r	1	1	113	29	0	No-Go	NGAL	0	0		1	0.0	1	0.007	0.9932545053339269	-0.006793653887222836
v6ag7qnuysho3wws8lnmg47r	1	1	119	30	0	No-Go	NGAL	0	0		1	1.0	0	0.0065	0.9935374644367102	-0.0065073629352240085
v6ag7qnuysho3wws8lnmg47r	1	1	3	1	1	Go	GW	1	0		0	0.0	0	0.4075	0.5807804147664243	-0.5707378630033557
v6ag7qnuysho3wws8lnmg47r	1	1	6	2	1	Go	GW	1	1	0.387	1	1.0	0	0.5968	0.5943675744693735	-0.5597899721814213
v6ag7qnuysho3wws8lnmg47r	1	1	11	3	1	Go	GW	1	0		0	0.0	0	0.4178	0.5807804147664243	-0.5707378630033557
v6ag7qnuysho3wws8lnmg47r	1	1	14	4	1	Go	GW	1	1	0.669	1	0.0	1	0.5544	0.5624630194136861	-0.6142152749753786
v6ag7qnuysho3wws8lnmg47r	1	1	20	5	1	Go	GW	1	1	0.517	1	0.0	1	0.9543	0.9562919604773288	-0.04617019891722784
v6ag7qnuysho3wws8lnmg47r	1	1	21	6	1	Go	GW	1	1	0.291	1	1.0	0	0.9851	0.984163828954021	-0.016163350549998377
v6ag7qnuysho3wws8lnmg47r	1	1	27	7	1	Go	GW	1	1	0.42	1	0.0	1	0.9435	0.9478635343834368	-0.05477274809489873
v6ag7qnuysho3wws8lnmg47r	1	1	30	8	1	Go	GW	1	1	0.469	1	0.0	1	0.9835	0.9836948988994092	-0.0166250097798973
v6ag7qnuysho3wws8lnmg47r	1	1	33	9	1	Go	GW	1	1	0.513	1	0.0	1	0.9879	0.9898137899929869	-0.010303213610396223
v6ag7qnuysho3wws8lnmg47r	1	1	38	10	1	Go	GW	1	1	0.438	1	0.0	1	0.9922	0.9916748740011608	-0.008400899756966982
v6ag7qnuysho3wws8lnmg47r	1	1	42	11	1	Go	GW	1	1	0.539	1	0.0	1	0.9911	0.9923988189398139	-0.007664938718905408
v6ag7qnuysho3wws8lnmg47r	1	1	46	12	1	Go	GW	1	1	0.396	1	0.0	1	0.9911	0.9927243175022	-0.007335122784526287
v6ag7qnuysho3wws8lnmg47r	1	1	52	13	1	Go	GW	1	1	0.546	1	1.0	0	0.9921	0.99288581700304	-0.007171845628602859
v6ag7qnuysho3wws8lnmg47r	1	1	55	14	1	Go	GW	1	1	0.398	1	0.0	1	0.9733	0.9711795224340968	-0.0296622496899421
v6ag7qnuysho3wws8lnmg47r	1	1	59	15	1	Go	GW	1	1	0.406	1	0.0	1	0.987	0.9885942197983066	-0.011537759072834526
v6ag7qnuysho3wws8lnmg47r	1	1	61	16	1	Go	GW	1	1	0.324	1	1.0	0	0.9921	0.9914986817357562	-0.008578210457545287
v6ag7qnuysho3wws8lnmg47r	1	1	68	17	1	Go	GW	1	1	0.367	1	0.0	1	0.9651	0.9666830524984314	-0.03438883600449242
v6ag7qnuysho3wws8lnmg47r	1	1	70	18	1	Go	GW	1	1	0.349	1	0.0	1	0.9893	0.9876676179698496	-0.012486470419880855
v6ag7qnuysho3wws8lnmg47r	1	1	76	19	1	Go	GW	1	1	0.337	1	0.0	1	0.9922	0.9911737756887038	-0.00890840729102182
v6ag7qnuysho3wws8lnmg47r	1	1	78	20	1	Go	GW	1	1	0.332	1	0.0	1	0.9926	0.9922603178904772	-0.007805078891510247
v6ag7qnuysho3wws8lnmg47r	1	1	83	21	1	Go	GW	1	1	0.304	1	1.0	0	0.9918	0.9926873483499281	-0.007372585419077618
v6ag7qnuysho3wws8lnmg47r	1	1	87	22	1	Go	GW	1	1	0.28	1	0.0	1	0.9688	0.9705026006089369	-0.030368754228463912
v6ag7qnuysho3wws8lnmg47r	1	1	89	23	1	Go	GW	1	1	0.241	1	0.0	1	0.9882	0.9884362592469869	-0.011699324550239937
v6ag7qnuysho3wws8lnmg47r	1	1	94	24	1	Go	GW	1	1	0.359	1	0.0	1	0.9897	0.991442445832405	-0.008635320943239752
v6ag7qnuysho3wws8lnmg47r	1	1	98	25	1	Go	GW	1	1	0.265	1	0.0	1	0.9921	0.9923781819770029	-0.007685721540710363
v6ag7qnuysho3wws8lnmg47r	1	1	102	26	1	Go	GW	1	1	0.356	1	0.0	1	0.9917	0.9927460434627549	-0.007313284071561936
v6ag7qnuysho3wws8lnmg47r	1	1	105	27	1	Go	GW	1	1	0.362	1	0.0	1	0.9941	0.9929117035890287	-0.007145840566887222
v6ag7qnuysho3wws8lnmg47r	1	1	112	28	1	Go	GW	1	0		0	0.0	0	0.9928	0.007006332807476782	-5.606135655546305
v6ag7qnuysho3wws8lnmg47r	1	1	116	29	1	Go	GW	1	0		0	1.0	1	0.9952	0.004472576257192772	-6.139735730319336
v6ag7qnuysho3wws8lnmg47r	1	1	120	30	1	Go	GW	1	1	1.463	1	0.0	1	0.9874	0.9873803643016041	-0.012802881314652037
v6ag7qnuysho3wws8lnmg47r	1	1	1	1	1	No-Go	NGW	0	0		1	0.0	1	0.4224	0.5807804147664243	-0.5707378630033557
v6ag7qnuysho3wws8lnmg47r	1	1	5	2	1	No-Go	NGW	0	0		1	0.0	1	0.2564	0.74043109212496	-0.3096162650561189
v6ag7qnuysho3wws8lnmg47r	1	1	12	3	1	No-Go	NGW	0	0		1	0.0	1	0.157	0.8363015098466576	-0.1828423007918291
v6ag7qnuysho3wws8lnmg47r	1	1	16	4	1	No-Go	NGW	0	0		1	1.0	0	0.1108	0.8912471794864308	-0.11720132841954023
v6ag7qnuysho3wws8lnmg47r	1	1	18	5	1	No-Go	NGW	0	1	1.115	0	0.0	0	0.2605	0.25973882042715524	-1.4437658969673066
v6ag7qnuysho3wws8lnmg47r	1	1	24	6	1	No-Go	NGW	0	0		1	0.0	1	0.1523	0.8550911831450388	-0.15978753435401608
v6ag7qnuysho3wws8lnmg47r	1	1	25	7	1	No-Go	NGW	0	0		1	0.0	1	0.0793	0.9141222640661665	-0.0911351017316888
v6ag7qnuysho3wws8lnmg47r	1	1	29	8	1	No-Go	NGW	0	0		1	0.0	1	0.0593	0.944626550703785	-0.0576506755162249
v6ag7qnuysho3wws8lnmg47r	1	1	36	9	1	No-Go	NGW	0	0		1	1.0	0	0.0328	0.9615886591488321	-0.0395509193828301
v6ag7qnuysho3wws8lnmg47r	1	1	37	10	1	No-Go	NGW	0	0		1	0.0	1	0.1075	0.8918632515387446	-0.11668695908170008
v6ag7qnuysho3wws8lnmg47r	1	1	44	11	1	No-Go	NGW	0	0		1	0.0	1	0.0715	0.9340839627700743	-0.06903391832466647
v6ag7qnuysho3wws8lnmg47r	1	1	48	12	1	No-Go	NGW	0	0		1	0.0	1	0.0449	0.9560759598773501	-0.04535262174245313
v6ag7qnuysho3wws8lnmg47r	1	1	50	13	1	No-Go	NGW	0	0		1	0.0	1	0.0332	0.9685348206310422	-0.03222559531297114
v6ag7qnuysho3wws8lnmg47r	1	1	54	14	1	No-Go	NGW	0	0		1	1.0	0	0.0215	0.9760992164857533	-0.02435388475991908
v6ag7qnuysho3wws8lnmg47r	1	1	58	15	1	No-Go	NGW	0	0		1	0.0	1	0.0728	0.9240440353890151	-0.08050106257006108
v6ag7qnuysho3wws8lnmg47r	1	1	62	16	1	No-Go	NGW	0	0		1	0.0	1	0.0451	0.9516669330534858	-0.05008856293898914
v6ag7qnuysho3wws8lnmg47r	1	1	67	17	1	No-Go	NGW	0	0		1	0.0	1	0.0347	0.9663753018197669	-0.03448821470416467
v6ag7qnuysho3wws8lnmg47r	1	1	72	18	1	No-Go	NGW	0	0		1	0.0	1	0.0238	0.9749425923474381	-0.025551196644443525
v6ag7qnuysho3wws8lnmg47r	1	1	74	19	1	No-Go	NGW	0	0		1	1.0	0	0.0207	0.9802884082902259	-0.02002641320019711
v6ag7qnuysho3wws8lnmg47r	1	1	80	20	1	No-Go	NGW	0	0		1	0.0	1	0.0648	0.9337700816790301	-0.06995608881257213
v6ag7qnuysho3wws8lnmg47r	1	1	82	21	1	No-Go	NGW	0	0		1	1.0	0	0.0416	0.9573014279890527	-0.04413395142755502
v6ag7qnuysho3wws8lnmg47r	1	1	85	22	1	No-Go	NGW	0	0		1	0.0	1	0.1184	0.8796294707534005	-0.13351003693909208
v6ag7qnuysho3wws8lnmg47r	1	1	90	23	1	No-Go	NGW	0	0		1	0.0	1	0.0664	0.9299858549410602	-0.0738195453717338
v6ag7qnuysho3wws8lnmg47r	1	1	96	24	1	No-Go	NGW	0	0		1	0.0	1	0.0447	0.954776269637861	-0.04677774356520864
v6ag7qnuysho3wws8lnmg47r	1	1	100	25	1	No-Go	NGW	0	0		1	0.0	1	0.0301	0.9681981866545961	-0.0325839839566108
v6ag7qnuysho3wws8lnmg47r	1	1	104	26	1	No-Go	NGW	0	0		1	0.0	1	0.0261	0.9760975555811212	-0.024356652058230826
v6ag7qnuysho3wws8lnmg47r	1	1	108	27	1	No-Go	NGW	0	0		1	0.0	1	0.0189	0.9810612851305792	-0.019232106752838554
v6ag7qnuysho3wws8lnmg47r	1	1	109	28	1	No-Go	NGW	0	0		1	0.0	1	0.0157	0.9843440796278402	-0.01586194080643508
v6ag7qnuysho3wws8lnmg47r	1	1	115	29	1	No-Go	NGW	0	0		1	0.0	1	0.0145	0.986604786322662	-0.013549966021387697
v6ag7qnuysho3wws8lnmg47r	1	1	117	30	1	No-Go	NGW	0	0		1	1.0	0	0.0128	0.9882129036283138	-0.011909916764775026
v6ag7qnuysho3wws8lnmg47r	1	2	123	1	0	Go	GAL	1	1	0.916	1	0.0	1	0.6325	0.6316103636605731	-0.4679516946733937
v6ag7qnuysho3wws8lnmg47r	1	2	126	2	0	Go	GAL	1	0		0	0.0	0	0.7749	0.22066564033848798	-1.5720287463333922
v6ag7qnuysho3wws8lnmg47r	1	2	129	3	0	Go	GAL	1	1	0.993	1	0.0	1	0.7936	0.7949268844974802	-0.23442752289520408
v6ag7qnuysho3wws8lnmg47r	1	2	134	4	0	Go	GAL	1	1	0.554	1	0.0	1	0.8729	0.8727074583843621	-0.13900116602240517
v6ag7qnuysho3wws8lnmg47r	1	2	137	5	0	Go	GAL	1	1	0.563	1	1.0	0	0.9156	0.916022060471772	-0.08928538494962703
v6ag7qnuysho3wws8lnmg47r	1	2	142	6	0	Go	GAL	1	1	0.565	1	1.0	0	0.7975	0.7984624832841588	-0.22799416167111833
v6ag7qnuysho3wws8lnmg47r	1	2	148	7	0	Go	GAL	1	1	0.329	1	0.0	1	0.6243	0.6262371074373831	-0.478259536846679
v6ag7qnuysho3wws8lnmg47r	1	2	152	8	0	Go	GAL	1	1	0.639	1	0.0	1	0.7809	0.7824962232111792	-0.24860339427805908
v6ag7qnuysho3wws8lnmg47r	1	2	154	9	0	Go	GAL	1	1	0.467	1	0.0	1	0.872	0.8678719968606825	-0.14377484948775418
v6ag7qnuysho3wws8lnmg47r	1	2	160	10	0	Go	GAL	1	1	0.664	1	0.0	1	0.9189	0.91411111824362	-0.09103433730661559
v6ag7qnuysho3wws8lnmg47r	1	2	162	11	0	Go	GAL	1	1	0.522	1	0.0	1	0.937	0.940416088863933	-0.062161116129917024
v6ag7qnuysho3wws8lnmg47r	1	2	165	12	0	Go	GAL	1	1	0.692	1	1.0	0	0.9534	0.956231402967123	-0.045198562037929005
v6ag7qnuysho3wws8lnmg47r	1	2	169	13	0	Go	GAL	1	1	0.36	1	0.0	1	0.8709	0.8749957646087676	-0.13503435874981676
v6ag7qnuysho3wws8lnmg47r	1	2	173	14	0	Go	GAL	1	1	0.455	1	0.0	1	0.9237	0.9200069755234724	-0.0841353271525037
v6ag7qnuysho3wws8lnmg47r	1	2	178	15	0	Go	GAL	1	1	0.676	1	0.0	1	0.9444	0.9446837479357757	-0.057377664891673105
v6ag7qnuysho3wws8lnmg47r	1	2	182	16	0	Go	GAL	1	1	0.479	1	1.0	0	0.9579	0.9592359719270754	-0.041926603878274835
v6ag7qnuysho3wws8lnmg47r	1	2	187	17	0	Go	GAL	1	1	0.38	1	0.0	1	0.8733	0.8796635014920031	-0.12998576239045506
v6ag7qnuysho3wws8lnmg47r	1	2	189	18	0	Go	GAL	1	1	0.47	1	0.0	1	0.9235	0.9234588178871487	-0.08032813133759288
v6ag7qnuysho3wws8lnmg47r	1	2	194	19	0	Go	GAL	1	1	0.251	1	0.0	1	0.9502	0.9471080766803747	-0.054750146664262304
v6ag7qnuysho3wws8lnmg47r	1	2	199	20	0	Go	GAL	1	1	0.348	1	0.0	1	0.9626	0.9609321290250904	-0.04011808899091925
v6ag7qnuysho3wws8lnmg47r	1	2	203	21	0	Go	GAL	1	1	0.418	1	0.0	1	0.9697	0.9695571966888096	-0.031100705535671715
v6ag7qnuysho3wws8lnmg47r	1	2	207	22	0	Go	GAL	1	1	0.426	1	0.0	1	0.9738	0.975223838591108	-0.025223147325310977
v6ag7qnuysho3wws8lnmg47r	1	2	211	23	0	Go	GAL	1	1	0.393	1	0.0	1	0.9806	0.9791033572201255	-0.021221286005594447
v6ag7qnuysho3wws8lnmg47r	1	2	214	24	0	Go	GAL	1	1	0.418	1	1.0	0	0.9798	0.9818491297758154	-0.018400213191856935
v6ag7qnuysho3wws8lnmg47r	1	2	218	25	0	Go	GAL	1	1	0.339	1	0.0	1	0.9321	0.9344920624442314	-0.06874817613546774
v6ag7qnuysho3wws8lnmg47r	1	2	222	26	0	Go	GAL	1	1	0.373	1	0.0	1	0.9545	0.9548032971575742	-0.04663827877569328
v6ag7qnuysho3wws8lnmg47r	1	2	225	27	0	Go	GAL	1	1	0.398	1	0.0	1	0.9681	0.966282804270027	-0.03452116615548478
v6ag7qnuysho3wws8lnmg47r	1	2	231	28	0	Go	GAL	1	1	0.351	1	1.0	0	0.9726	0.9733435441518217	-0.0271689105622388
v6ag7qnuysho3wws8lnmg47r	1	2	235	29	0	Go	GAL	1	1	0.356	1	0.0	1	0.909	0.9108424244747148	-0.095297853380209
v6ag7qnuysho3wws8lnmg47r	1	2	240	30	0	Go	GAL	1	1	0.324	1	0.0	1	0.9407	0.9419042355319072	-0.06046088936162881
v6ag7qnuysho3wws8lnmg47r	1	2	124	1	0	No-Go	NGAL	0	1	0.843	0	0.0	0	0.6335	0.6316103636605731	-0.4679516946733937
v6ag7qnuysho3wws8lnmg47r	1	2	125	2	0	No-Go	NGAL	0	0		1	0.0	1	0.4503	0.5474191907669274	-0.619172329116974
v6ag7qnuysho3wws8lnmg47r	1	2	131	3	0	No-Go	NGAL	0	0		1	1.0	0	0.2964	0.7114516669792256	-0.352914151959677
v6ag7qnuysho3wws8lnmg47r	1	2	133	4	0	No-Go	NGAL	0	1	0.519	0	0.0	0	0.3063	0.3117387030382979	-1.2192581994324496
v6ag7qnuysho3wws8lnmg47r	1	2	140	5	0	No-Go	NGAL	0	1	0.684	0	0.0	0	0.1991	0.20347432751539363	-1.7021807815224406
v6ag7qnuysho3wws8lnmg47r	1	2	144	6	0	No-Go	NGAL	0	0		1	0.0	1	0.136	0.8614863441881014	-0.15318945916995966
v6ag7qnuysho3wws8lnmg47r	1	2	145	7	0	No-Go	NGAL	0	0		1	0.0	1	0.0785	0.916822794484266	-0.08909666047510242
v6ag7qnuysho3wws8lnmg47r	1	2	150	8	0	No-Go	NGAL	0	0		1	0.0	1	0.0574	0.9460519284818801	-0.0566754782761488
v6ag7qnuysho3wws8lnmg47r	1	2	155	9	0	No-Go	NGAL	0	0		1	1.0	0	0.0372	0.9626119416266331	-0.038783461167265124
v6ag7qnuysho3wws8lnmg47r	1	2	158	10	0	No-Go	NGAL	0	0		1	0.0	1	0.0452	0.9580656504855141	-0.04353195731183644
v6ag7qnuysho3wws8lnmg47r	1	2	163	11	0	No-Go	NGAL	0	0		1	0.0	1	0.0324	0.9700675280288935	-0.030794086348247176
v6ag7qnuysho3wws8lnmg47r	1	2	168	12	0	No-Go	NGAL	0	0		1	0.0	1	0.0229	0.9773969093785039	-0.023113521660610092
v6ag7qnuysho3wws8lnmg47r	1	2	170	13	0	No-Go	NGAL	0	0		1	1.0	0	0.0157	0.9821299089000224	-0.01819642162377145
v6ag7qnuysho3wws8lnmg47r	1	2	174	14	0	No-Go	NGAL	0	0		1	0.0	1	0.0201	0.9793454544581874	-0.02106034880406812
v6ag7qnuysho3wws8lnmg47r	1	2	177	15	0	No-Go	NGAL	0	0		1	0.0	1	0.016	0.9836342987643173	-0.016624239329125778
v6ag7qnuysho3wws8lnmg47r	1	2	184	16	0	No-Go	NGAL	0	0		1	0.0	1	0.0128	0.9864557361989271	-0.013724737598266725
v6ag7qnuysho3wws8lnmg47r	1	2	188	17	0	No-Go	NGAL	0	0		1	0.0	1	0.0111	0.9884080728533616	-0.011726167236339872
v6ag7qnuysho3wws8lnmg47r	1	2	190	18	0	No-Go	NGAL	0	0		1	1.0	0	0.01	0.9898079101325644	-0.01029716015290549
v6ag7qnuysho3wws8lnmg47r	1	2	196	19	0	No-Go	NGAL	0	0		1	0.0	1	0.0134	0.9878808156078552	-0.012265030291617468
v6ag7qnuysho3wws8lnmg47r	1	2	198	20	0	No-Go	NGAL	0	0		1	0.0	1	0.0102	0.9895896135180982	-0.010516270372817868
v6ag7qnuysho3wws8lnmg47r	1	2	201	21	0	No-Go	NGAL	0	0		1	0.0	1	0.0081	0.9907567538566086	-0.009327726976387432
v6ag7qnuysho3wws8lnmg47r	1	2	208	22	0	No-Go	NGAL	0	0		1	0.0	1	0.0081	0.9915977357818402	-0.008473235480657464
v6ag7qnuysho3wws8lnmg47r	1	2	210	23	0	No-Go	NGAL	0	0		1	0.0	1	0.0085	0.9922242733001234	-0.007837527118855778
v6ag7qnuysho3wws8lnmg47r	1	2	213	24	0	No-Go	NGAL	0	0		1	0.0	1	0.0072	0.9927021788268315	-0.007353120306676277
v6ag7qnuysho3wws8lnmg47r	1	2	217	25	0	No-Go	NGAL	0	0		1	1.0	0	0.0059	0.9930732911573916	-0.006977258580980681
v6ag7qnuysho3wws8lnmg47r	1	2	221	26	0	No-Go	NGAL	0	0		1	0.0	1	0.008	0.9916004708174092	-0.008475669563780671
v6ag7qnuysho3wws8lnmg47r	1	2	227	27	0	No-Go	NGAL	0	0		1	0.0	1	0.0082	0.9923607652981266	-0.007699942305774497
v6ag7qnuysho3wws8lnmg47r	1	2	232	28	0	No-Go	NGAL	0	0		1	0.0	1	0.0082	0.992878646858063	-0.007174347619622321
v6ag7qnuysho3wws8lnmg47r	1	2	236	29	0	No-Go	NGAL	0	0		1	0.0	1	0.0079	0.9932545053339269	-0.006793653887222836
v6ag7qnuysho3wws8lnmg47r	1	2	239	30	0	No-Go	NGAL	0	0		1	1.0	0	0.0058	0.9935374644367102	-0.0065073629352240085
v6ag7qnuysho3wws8lnmg47r	1	2	121	1	1	No-Go	NGW	0	1	0.444	0	0.0	0	0.4162	0.4192195852335757	-0.9235480073180465
v6ag7qnuysho3wws8lnmg47r	1	2	127	2	1	No-Go	NGW	0	0		1	0.0	1	0.2631	0.7404310921249602	-0.3096162650561187
v6ag7qnuysho3wws8lnmg47r	1	2	130	3	1	No-Go	NGW	0	0		1	0.0	1	0.1414	0.8535267857461056	-0.16204160579712293
v6ag7qnuysho3wws8lnmg47r	1	2	136	4	1	No-Go	NGW	0	0		1	1.0	0	0.0885	0.9116493227812195	-0.0942206679467869
v6ag7qnuysho3wws8lnmg47r	1	2	139	5	1	No-Go	NGW	0	0		1	0.0	1	0.1989	0.800082610653398	-0.22871055347277727
v6ag7qnuysho3wws8lnmg47r	1	2	141	6	1	No-Go	NGW	0	0		1	0.0	1	0.1128	0.885541137492922	-0.12378729073450408
v6ag7qnuysho3wws8lnmg47r	1	2	146	7	1	No-Go	NGW	0	0		1	0.0	1	0.0711	0.9290496973140687	-0.07467821684374207
v6ag7qnuysho3wws8lnmg47r	1	2	151	8	1	No-Go	NGW	0	0		1	0.0	1	0.049	0.9525664799778762	-0.049169488099279166
v6ag7qnuysho3wws8lnmg47r	1	2	156	9	1	No-Go	NGW	0	0		1	1.0	0	0.035	0.9661443400180056	-0.03476867821561279
v6ag7qnuysho3wws8lnmg47r	1	2	159	10	1	No-Go	NGW	0	0		1	0.0	1	0.0929	0.9023307148356793	-0.104596868859423
v6ag7qnuysho3wws8lnmg47r	1	2	161	11	1	No-Go	NGW	0	0		1	0.0	1	0.0642	0.93941254640801	-0.06323555588592807
v6ag7qnuysho3wws8lnmg47r	1	2	166	12	1	No-Go	NGW	0	0		1	0.0	1	0.0386	0.9590204184957886	-0.042232503617107064
v6ag7qnuysho3wws8lnmg47r	1	2	171	13	1	No-Go	NGW	0	0		1	0.0	1	0.0275	0.9702836162239752	-0.03039944205832788
v6ag7qnuysho3wws8lnmg47r	1	2	176	14	1	No-Go	NGW	0	0		1	1.0	0	0.0223	0.9772007023541781	-0.023214106202436018
v6ag7qnuysho3wws8lnmg47r	1	2	179	15	1	No-Go	NGW	0	0		1	0.0	1	0.074	0.9267497588922321	-0.0775080118806199
v6ag7qnuysho3wws8lnmg47r	1	2	181	16	1	No-Go	NGW	0	0		1	0.0	1	0.0409	0.9531413232182596	-0.04851706242560553
v6ag7qnuysho3wws8lnmg47r	1	2	185	17	1	No-Go	NGW	0	0		1	0.0	1	0.0341	0.9672419458003811	-0.033580939555633654
v6ag7qnuysho3wws8lnmg47r	1	2	192	18	1	No-Go	NGW	0	0		1	0.0	1	0.0239	0.9754850110011303	-0.024989249893009848
v6ag7qnuysho3wws8lnmg47r	1	2	195	19	1	No-Go	NGW	0	0		1	1.0	0	0.02	0.9806454660289479	-0.019658987107025707
v6ag7qnuysho3wws8lnmg47r	1	2	200	20	1	No-Go	NGW	0	0		1	0.0	1	0.0637	0.9346503258740331	-0.06900224011493794
v6ag7qnuysho3wws8lnmg47r	1	2	202	21	1	No-Go	NGW	0	0		1	1.0	0	0.0407	0.9578041967079979	-0.043603560119141044
v6ag7qnuysho3wws8lnmg47r	1	2	206	22	1	No-Go	NGW	0	0		1	0.0	1	0.1203	0.8806502043129414	-0.13234106857210196
v6ag7qnuysho3wws8lnmg47r	1	2	212	23	1	No-Go	NGW	0	0		1	0.0	1	0.0693	0.9305413494788504	-0.07321683224594595
v6ag7qnuysho3wws8lnmg47r	1	2	216	24	1	No-Go	NGW	0	0		1	0.0	1	0.0461	0.9550976113105	-0.04643786123407636
v6ag7qnuysho3wws8lnmg47r	1	2	220	25	1	No-Go	NGW	0	0		1	0.0	1	0.0317	0.9683958000460512	-0.032377940882579066
v6ag7qnuysho3wws8lnmg47r	1	2	224	26	1	No-Go	NGW	0	0		1	0.0	1	0.0248	0.976225585844601	-0.02422435708296489
v6ag7qnuysho3wws8lnmg47r	1	2	226	27	1	No-Go	NGW	0	0		1	0.0	1	0.019	0.9811478952772491	-0.01914315485490837
v6ag7qnuysho3wws8lnmg47r	1	2	229	28	1	No-Go	NGW	0	0		1	0.0	1	0.0142	0.9844048015556437	-0.015799846409013222
v6ag7qnuysho3wws8lnmg47r	1	2	234	29	1	No-Go	NGW	0	0		1	0.0	1	0.0148	0.9866486427354777	-0.013505261273861632
v6ag7qnuysho3wws8lnmg47r	1	2	237	30	1	No-Go	NGW	0	0		1	1.0	0	0.0113	0.988245377452825	-0.011876894915388158
v6ag7qnuysho3wws8lnmg47r	1	2	122	1	1	Go	GW	1	1	0.633	1	0.0	1	0.4181	0.4192195852335757	-0.9235480073180465
v6ag7qnuysho3wws8lnmg47r	1	2	128	2	1	Go	GW	1	1	0.376	1	1.0	0	0.8878	0.8949801355288498	-0.11621571626433372
v6ag7qnuysho3wws8lnmg47r	1	2	132	3	1	Go	GW	1	1	0.49	1	0.0	1	0.7346	0.7349856536752233	-0.3328994259762093
v6ag7qnuysho3wws8lnmg47r	1	2	135	4	1	Go	GW	1	1	0.403	1	0.0	1	0.9271	0.9283287550647912	-0.0775202345706995
v6ag7qnuysho3wws8lnmg47r	1	2	138	5	1	Go	GW	1	1	0.413	1	0.0	1	0.9608	0.9601426830825589	-0.041479448933690016
v6ag7qnuysho3wws8lnmg47r	1	2	143	6	1	Go	GW	1	1	0.321	1	1.0	0	0.971	0.9692112329444604	-0.031688019163638496
v6ag7qnuysho3wws8lnmg47r	1	2	147	7	1	Go	GW	1	1	0.413	1	0.0	1	0.8798	0.883554554524192	-0.13054526983378018
v6ag7qnuysho3wws8lnmg47r	1	2	149	8	1	Go	GW	1	1	0.36	1	0.0	1	0.9527	0.9548663807658729	-0.04711834048679368
v6ag7qnuysho3wws8lnmg47r	1	2	153	9	1	Go	GW	1	1	0.432	1	0.0	1	0.9646	0.9680843348809738	-0.03287821062602527
v6ag7qnuysho3wws8lnmg47r	1	2	157	10	1	Go	GW	1	1	0.35	1	0.0	1	0.9731	0.972303591626345	-0.02842338531572282
v6ag7qnuysho3wws8lnmg47r	1	2	164	11	1	Go	GW	1	1	0.29	1	0.0	1	0.9741	0.9739924069137876	-0.026659705688103576
v6ag7qnuysho3wws8lnmg47r	1	2	167	12	1	Go	GW	1	1	0.371	1	0.0	1	0.9748	0.9747657141172811	-0.025858071839329103
v6ag7qnuysho3wws8lnmg47r	1	2	172	13	1	Go	GW	1	1	0.379	1	1.0	0	0.9747	0.9751544415490826	-0.025457338329525632
v6ag7qnuysho3wws8lnmg47r	1	2	175	14	1	Go	GW	1	1	0.359	1	0.0	1	0.8942	0.8997792018729648	-0.11147216439917651
v6ag7qnuysho3wws8lnmg47r	1	2	180	15	1	Go	GW	1	1	0.441	1	0.0	1	0.9621	0.9595807885831795	-0.041956201856892895
v6ag7qnuysho3wws8lnmg47r	1	2	183	16	1	Go	GW	1	1	0.367	1	1.0	0	0.9726	0.9699873369486152	-0.030858873120606367
v6ag7qnuysho3wws8lnmg47r	1	2	186	17	1	Go	GW	1	1	0.393	1	0.0	1	0.8833	0.8847367233586872	-0.1296917888501029
v6ag7qnuysho3wws8lnmg47r	1	2	191	18	1	Go	GW	1	1	0.306	1	0.0	1	0.9549	0.9561311709436219	-0.04570774905249303
v6ag7qnuysho3wws8lnmg47r	1	2	193	19	1	Go	GW	1	1	0.295	1	0.0	1	0.9656	0.9687458298894637	-0.03216989268225736
v6ag7qnuysho3wws8lnmg47r	1	2	197	20	1	Go	GW	1	1	0.345	1	0.0	1	0.9745	0.9726645026258931	-0.02804583697202032
v6ag7qnuysho3wws8lnmg47r	1	2	204	21	1	Go	GW	1	1	0.326	1	1.0	0	0.9733	0.9742021827559618	-0.026443251493355392
v6ag7qnuysho3wws8lnmg47r	1	2	205	22	1	Go	GW	1	1	0.291	1	0.0	1	0.896	0.8968675870142415	-0.11486677140759698
v6ag7qnuysho3wws8lnmg47r	1	2	209	23	1	Go	GW	1	1	0.299	1	0.0	1	0.9607	0.9587569697136589	-0.04284860923867161
v6ag7qnuysho3wws8lnmg47r	1	2	215	24	1	Go	GW	1	1	0.34	1	0.0	1	0.9698	0.9696599138738922	-0.03120399064021253
v6ag7qnuysho3wws8lnmg47r	1	2	219	25	1	Go	GW	1	1	0.604	1	0.0	1	0.9745	0.9730611908233407	-0.02763245531176255
v6ag7qnuysho3wws8lnmg47r	1	2	223	26	1	Go	GW	1	1	0.459	1	0.0	1	0.9725	0.9743973974860463	-0.026241495277434836
v6ag7qnuysho3wws8lnmg47r	1	2	228	27	1	Go	GW	1	1	0.338	1	0.0	1	0.9753	0.9749985329365182	-0.025619419764242625
v6ag7qnuysho3wws8lnmg47r	1	2	230	28	1	Go	GW	1	1	0.307	1	0.0	1	0.9745	0.975295654386209	-0.025313354298680268
v6ag7qnuysho3wws8lnmg47r	1	2	233	29	1	Go	GW	1	1	0.289	1	1.0	0	0.9753	0.9754533564377136	-0.025151519213469996
v6ag7qnuysho3wws8lnmg47r	1	2	238	30	1	Go	GW	1	1	0.341	1	0.0	1	0.9047	0.9006866926984439	-0.11047814193456061
v9k6n64hnw8hkg4cj1gi8b2p	1	2	123	1	1	Go	GW	1	1	0.926	1	0.0	1	0.677	0.6762687765093363	-0.4159621177947181
v9k6n64hnw8hkg4cj1gi8b2p	1	2	128	2	1	Go	GW	1	1	0.648	1	0.0	1	0.9467	0.9474233486557441	-0.056247868729231335
v9k6n64hnw8hkg4cj1gi8b2p	1	2	132	3	1	Go	GW	1	1	0.766	1	1.0	0	0.9842	0.9840123604242471	-0.016512916388665748
v9k6n64hnw8hkg4cj1gi8b2p	1	2	136	4	1	Go	GW	1	1	0.971	1	0.0	1	0.9541	0.9499825887193616	-0.05372736009733354
v9k6n64hnw8hkg4cj1gi8b2p	1	2	140	5	1	Go	GW	1	1	0.634	1	0.0	1	0.9832	0.9841876582019038	-0.016396086542826312
v9k6n64hnw8hkg4cj1gi8b2p	1	2	141	6	1	Go	GW	1	1	0.666	1	0.0	1	0.9928	0.9931436408953277	-0.006992972899043159
v9k6n64hnw8hkg4cj1gi8b2p	1	2	148	7	1	Go	GW	1	1	0.75	1	1.0	0	0.9964	0.9963338833125955	-0.0037074788497010094
v9k6n64hnw8hkg4cj1gi8b2p	1	2	152	8	1	Go	GW	1	1	0.728	1	0.0	1	0.9851	0.9850805059111859	-0.015380962385818086
v9k6n64hnw8hkg4cj1gi8b2p	1	2	153	9	1	Go	GW	1	1	0.66	1	0.0	1	0.995	0.9938935271337989	-0.00620741176259103
v9k6n64hnw8hkg4cj1gi8b2p	1	2	160	10	1	Go	GW	1	1	0.539	1	0.0	1	0.9968	0.9966980827816675	-0.00333397025319635
v9k6n64hnw8hkg4cj1gi8b2p	1	2	162	11	1	Go	GW	1	1	0.563	1	0.0	1	0.998	0.9978771708267473	-0.002135721214773629
v9k6n64hnw8hkg4cj1gi8b2p	1	2	166	12	1	Go	GW	1	1	0.713	1	1.0	0	0.9985	0.9984494569274298	-0.001557007497867996
v9k6n64hnw8hkg4cj1gi8b2p	1	2	170	13	1	Go	GW	1	1	0.755	1	0.0	1	0.9927	0.9922754742836117	-0.007857800031539488
v9k6n64hnw8hkg4cj1gi8b2p	1	2	174	14	1	Go	GW	1	1	0.681	1	0.0	1	0.9953	0.9965691466536944	-0.0034585796472770204
v9k6n64hnw8hkg4cj1gi8b2p	1	2	177	15	1	Go	GW	1	1	1.084	1	0.0	1	0.9976	0.9979003311446141	-0.0021105045187555255
v9k6n64hnw8hkg4cj1gi8b2p	1	2	181	16	1	Go	GW	1	1	0.871	1	1.0	0	0.9981	0.9984850752093273	-0.0015205748955203447
v9k6n64hnw8hkg4cj1gi8b2p	1	2	186	17	1	Go	GW	1	1	0.63	1	0.0	1	0.9929	0.9921930636352606	-0.0079465143764759
v9k6n64hnw8hkg4cj1gi8b2p	1	2	191	18	1	Go	GW	1	1	0.674	1	0.0	1	0.9967	0.9966433266255572	-0.0033826047226665637
v9k6n64hnw8hkg4cj1gi8b2p	1	2	195	19	1	Go	GW	1	1	0.627	1	0.0	1	0.998	0.9979593854054066	-0.002050542537994253
v9k6n64hnw8hkg4cj1gi8b2p	1	2	200	20	1	Go	GW	1	1	0.484	1	0.0	1	0.9987	0.9985239157611814	-0.0014813408552776489
v9k6n64hnw8hkg4cj1gi8b2p	1	2	203	21	1	Go	GW	1	1	0.622	1	0.0	1	0.999	0.9988092772704121	-0.0011942237070712612
v9k6n64hnw8hkg4cj1gi8b2p	1	2	207	22	1	Go	GW	1	1	0.785	1	0.0	1	0.9984	0.9989686526819325	-0.0010340837396198286
v9k6n64hnw8hkg4cj1gi8b2p	1	2	209	23	1	Go	GW	1	1	0.693	1	0.0	1	0.9991	0.9990640321749051	-0.0009383355971486525
v9k6n64hnw8hkg4cj1gi8b2p	1	2	215	24	1	Go	GW	1	1	0.893	1	0.0	1	0.9991	0.9991241308705021	-0.0008780450266348499
v9k6n64hnw8hkg4cj1gi8b2p	1	2	218	25	1	Go	GW	1	1	0.636	1	1.0	0	0.9989	0.9991635566040437	-0.0008385132454070351
v9k6n64hnw8hkg4cj1gi8b2p	1	2	222	26	1	Go	GW	1	1	0.789	1	1.0	0	0.9954	0.9951706784623966	-0.004899779057039428
v9k6n64hnw8hkg4cj1gi8b2p	1	2	226	27	1	Go	GW	1	1	0.635	1	0.0	1	0.9783	0.9782762581971203	-0.023210323040486223
v9k6n64hnw8hkg4cj1gi8b2p	1	2	232	28	1	Go	GW	1	1	0.468	1	0.0	1	0.9936	0.994486729677089	-0.005581056559010872
v9k6n64hnw8hkg4cj1gi8b2p	1	2	234	29	1	Go	GW	1	1	0.531	1	0.0	1	0.9975	0.9972943302676149	-0.0027221411675655937
v9k6n64hnw8hkg4cj1gi8b2p	1	2	240	30	1	Go	GW	1	1	0.901	1	0.0	1	0.999	0.9982541146305988	-0.0017528475130939043
v9k6n64hnw8hkg4cj1gi8b2p	1	2	121	1	0	No-Go	NGAL	0	0		1	0.0	1	0.6608	0.3375634479986332	-1.1157757565344593
v9k6n64hnw8hkg4cj1gi8b2p	1	2	126	2	0	No-Go	NGAL	0	1	0.848	0	1.0	1	0.4509	0.4533044727277232	-0.8179530703614801
v9k6n64hnw8hkg4cj1gi8b2p	1	2	130	3	0	No-Go	NGAL	0	1	0.649	0	0.0	0	0.6731	0.6624365520013669	-0.41926460465772014
v9k6n64hnw8hkg4cj1gi8b2p	1	2	133	4	0	No-Go	NGAL	0	1	0.88	0	0.0	0	0.4278	0.4263438892717348	-0.8890312404035874
v9k6n64hnw8hkg4cj1gi8b2p	1	2	139	5	0	No-Go	NGAL	0	0		1	0.0	1	0.2469	0.7521895630412562	-0.2974912429004596
v9k6n64hnw8hkg4cj1gi8b2p	1	2	142	6	0	No-Go	NGAL	0	0		1	0.0	1	0.1448	0.8588838267696992	-0.1587962182296123
v9k6n64hnw8hkg4cj1gi8b2p	1	2	147	7	0	No-Go	NGAL	0	0		1	0.0	1	0.0834	0.9172116473312181	-0.08961091064501947
v9k6n64hnw8hkg4cj1gi8b2p	1	2	151	8	0	No-Go	NGAL	0	0		1	0.0	1	0.0559	0.9493058594969309	-0.05354117268514574
v9k6n64hnw8hkg4cj1gi8b2p	1	2	156	9	0	No-Go	NGAL	0	0		1	1.0	0	0.0346	0.9675225727676808	-0.033756564762733254
v9k6n64hnw8hkg4cj1gi8b2p	1	2	157	10	0	No-Go	NGAL	0	0		1	0.0	1	0.0414	0.9558539972394249	-0.04598985509305407
v9k6n64hnw8hkg4cj1gi8b2p	1	2	161	11	0	No-Go	NGAL	0	0		1	0.0	1	0.0295	0.9718693330622936	-0.02895297502885285
v9k6n64hnw8hkg4cj1gi8b2p	1	2	167	12	0	No-Go	NGAL	0	0		1	0.0	1	0.0206	0.9811262408451519	-0.019275964343253
v9k6n64hnw8hkg4cj1gi8b2p	1	2	169	13	0	No-Go	NGAL	0	1	1.068	0	0.0	0	0.0125	0.013255110116812886	-4.95273493461957
v9k6n64hnw8hkg4cj1gi8b2p	1	2	176	14	0	No-Go	NGAL	0	0		1	1.0	0	0.0091	0.9930048131432104	-0.007069982189412146
v9k6n64hnw8hkg4cj1gi8b2p	1	2	179	15	0	No-Go	NGAL	0	0		1	0.0	1	0.0102	0.9898085726357405	-0.010321849366169238
v9k6n64hnw8hkg4cj1gi8b2p	1	2	183	16	0	No-Go	NGAL	0	0		1	0.0	1	0.0061	0.9930476902974716	-0.007015509271634855
v9k6n64hnw8hkg4cj1gi8b2p	1	2	188	17	0	No-Go	NGAL	0	0		1	0.0	1	0.0054	0.9949966905968373	-0.00503800908788266
v9k6n64hnw8hkg4cj1gi8b2p	1	2	192	18	0	No-Go	NGAL	0	0		1	0.0	1	0.0036	0.9962387165196039	-0.0037820286959385505
v9k6n64hnw8hkg4cj1gi8b2p	1	2	193	19	0	No-Go	NGAL	0	0		1	1.0	0	0.0028	0.9970660935023025	-0.0029471939751976113
v9k6n64hnw8hkg4cj1gi8b2p	1	2	197	20	0	No-Go	NGAL	0	0		1	0.0	1	0.0043	0.9953375106931927	-0.004695539279909354
v9k6n64hnw8hkg4cj1gi8b2p	1	2	202	21	0	No-Go	NGAL	0	0		1	1.0	0	0.003	0.9965810854460573	-0.0034357650063661137
v9k6n64hnw8hkg4cj1gi8b2p	1	2	205	22	0	No-Go	NGAL	0	0		1	0.0	1	0.0065	0.9937521147908588	-0.006354018445207236
v9k6n64hnw8hkg4cj1gi8b2p	1	2	211	23	0	No-Go	NGAL	0	0		1	0.0	1	0.0053	0.995830446086329	-0.00420117191641318
v9k6n64hnw8hkg4cj1gi8b2p	1	2	213	24	0	No-Go	NGAL	0	0		1	0.0	1	0.0026	0.9969631848310171	-0.0030514533934959303
v9k6n64hnw8hkg4cj1gi8b2p	1	2	219	25	0	No-Go	NGAL	0	0		1	0.0	1	0.0022	0.9976491033092166	-0.0023594592164509647
v9k6n64hnw8hkg4cj1gi8b2p	1	2	224	26	0	No-Go	NGAL	0	0		1	0.0	1	0.003	0.998096258810589	-0.0019095037112830471
v9k6n64hnw8hkg4cj1gi8b2p	1	2	225	27	0	No-Go	NGAL	0	0		1	0.0	1	0.0019	0.9984036797655459	-0.0016005731517015785
v9k6n64hnw8hkg4cj1gi8b2p	1	2	231	28	0	No-Go	NGAL	0	0		1	1.0	0	0.0016	0.998623650324823	-0.001379699317307318
v9k6n64hnw8hkg4cj1gi8b2p	1	2	236	29	0	No-Go	NGAL	0	0		1	0.0	1	0.0027	0.9975814809043122	-0.0024309800192613934
v9k6n64hnw8hkg4cj1gi8b2p	1	2	239	30	0	No-Go	NGAL	0	0		1	0.0	1	0.0011	0.9981149226985468	-0.0018917380174215425
v9k6n64hnw8hkg4cj1gi8b2p	1	2	124	1	1	No-Go	NGW	0	1	0.663	0	0.0	0	0.677	0.6762687765093363	-0.4159621177947181
v9k6n64hnw8hkg4cj1gi8b2p	1	2	125	2	1	No-Go	NGW	0	1	0.614	0	0.0	0	0.4755	0.4756914354800486	-0.7887064345763849
v9k6n64hnw8hkg4cj1gi8b2p	1	2	131	3	1	No-Go	NGW	0	0		1	0.0	1	0.3059	0.696975011351548	-0.37608157033821393
v9k6n64hnw8hkg4cj1gi8b2p	1	2	134	4	1	No-Go	NGW	0	0		1	1.0	0	0.1522	0.8405674728216808	-0.17964712463738514
v9k6n64hnw8hkg4cj1gi8b2p	1	2	138	5	1	No-Go	NGW	0	0		1	0.0	1	0.3187	0.6735793948085059	-0.41188681115215664
v9k6n64hnw8hkg4cj1gi8b2p	1	2	144	6	1	No-Go	NGW	0	0		1	0.0	1	0.1685	0.8285442858577077	-0.19435444141843355
v9k6n64hnw8hkg4cj1gi8b2p	1	2	145	7	1	No-Go	NGW	0	0		1	1.0	0	0.0924	0.9086971819561586	-0.09830923419420198
v9k6n64hnw8hkg4cj1gi8b2p	1	2	150	8	1	No-Go	NGW	0	0		1	0.0	1	0.2108	0.7854882871993119	-0.24926251496578528
v9k6n64hnw8hkg4cj1gi8b2p	1	2	154	9	1	No-Go	NGW	0	0		1	0.0	1	0.1063	0.8882695938010491	-0.12149241075333443
v9k6n64hnw8hkg4cj1gi8b2p	1	2	158	10	1	No-Go	NGW	0	0		1	0.0	1	0.0621	0.9390349292424731	-0.06415730221823958
v9k6n64hnw8hkg4cj1gi8b2p	1	2	164	11	1	No-Go	NGW	0	0		1	0.0	1	0.0338	0.9647014850604357	-0.03647979451012558
v9k6n64hnw8hkg4cj1gi8b2p	1	2	168	12	1	No-Go	NGW	0	0		1	1.0	0	0.0204	0.9783452228512076	-0.022139878583830274
v9k6n64hnw8hkg4cj1gi8b2p	1	2	171	13	1	No-Go	NGW	0	0		1	0.0	1	0.0669	0.9347487081871372	-0.06856743146655428
v9k6n64hnw8hkg4cj1gi8b2p	1	2	175	14	1	No-Go	NGW	0	0		1	0.0	1	0.0395	0.9633277408913509	-0.03780886378710521
v9k6n64hnw8hkg4cj1gi8b2p	1	2	178	15	1	No-Go	NGW	0	0		1	0.0	1	0.0217	0.9779069875890222	-0.022545865776444064
v9k6n64hnw8hkg4cj1gi8b2p	1	2	182	16	1	No-Go	NGW	0	0		1	0.0	1	0.0142	0.9858577974918248	-0.01434432124843019
v9k6n64hnw8hkg4cj1gi8b2p	1	2	187	17	1	No-Go	NGW	0	0		1	1.0	0	0.0102	0.9904562322356177	-0.009642853570650959
v9k6n64hnw8hkg4cj1gi8b2p	1	2	189	18	1	No-Go	NGW	0	0		1	0.0	1	0.0341	0.9667517072533554	-0.034231009483266656
v9k6n64hnw8hkg4cj1gi8b2p	1	2	194	19	1	No-Go	NGW	0	0		1	0.0	1	0.0199	0.9802439935852828	-0.020117571201544872
v9k6n64hnw8hkg4cj1gi8b2p	1	2	198	20	1	No-Go	NGW	0	0		1	0.0	1	0.0126	0.9873855052650282	-0.012772581708889237
v9k6n64hnw8hkg4cj1gi8b2p	1	2	204	21	1	No-Go	NGW	0	0		1	0.0	1	0.0075	0.9914541833362959	-0.00862388577095067
v9k6n64hnw8hkg4cj1gi8b2p	1	2	206	22	1	No-Go	NGW	0	0		1	1.0	0	0.0084	0.9939144720521692	-0.00612795934223699
v9k6n64hnw8hkg4cj1gi8b2p	1	2	212	23	1	No-Go	NGW	0	0		1	0.0	1	0.0233	0.976582692221708	-0.024000663443452128
v9k6n64hnw8hkg4cj1gi8b2p	1	2	216	24	1	No-Go	NGW	0	0		1	0.0	1	0.0136	0.9857351674691407	-0.014479703434911137
v9k6n64hnw8hkg4cj1gi8b2p	1	2	220	25	1	No-Go	NGW	0	0		1	0.0	1	0.0098	0.9906339717236596	-0.009462627472229729
v9k6n64hnw8hkg4cj1gi8b2p	1	2	221	26	1	No-Go	NGW	0	0		1	0.0	1	0.0078	0.9934712350677777	-0.006578486957607502
v9k6n64hnw8hkg4cj1gi8b2p	1	2	227	27	1	No-Go	NGW	0	0		1	0.0	1	0.0048	0.995219296647209	-0.0048090477935241625
v9k6n64hnw8hkg4cj1gi8b2p	1	2	229	28	1	No-Go	NGW	0	0		1	0.0	1	0.0039	0.9963509087368011	-0.0036666384655339927
v9k6n64hnw8hkg4cj1gi8b2p	1	2	233	29	1	No-Go	NGW	0	0		1	1.0	0	0.0026	0.997113718970268	-0.0028979252754841676
v9k6n64hnw8hkg4cj1gi8b2p	1	2	238	30	1	No-Go	NGW	0	0		1	0.0	1	0.0126	0.9872617346361429	-0.012964738864413253
v9k6n64hnw8hkg4cj1gi8b2p	1	2	122	1	0	Go	GAL	1	0		0	0.0	0	0.6715	0.3375634479986332	-1.1157757565344593
v9k6n64hnw8hkg4cj1gi8b2p	1	2	127	2	0	Go	GAL	1	1	0.622	1	1.0	0	0.712	0.7201877180046129	-0.33652459088574177
v9k6n64hnw8hkg4cj1gi8b2p	1	2	129	3	0	Go	GAL	1	0		0	0.0	0	0.5268	0.47680850201018704	-0.7639956450583698
v9k6n64hnw8hkg4cj1gi8b2p	1	2	135	4	0	Go	GAL	1	1	0.776	1	0.0	1	0.5867	0.5843679233397008	-0.5643377713368685
v9k6n64hnw8hkg4cj1gi8b2p	1	2	137	5	0	Go	GAL	1	1	0.811	1	0.0	1	0.7773	0.78028087386308	-0.25915037349066156
v9k6n64hnw8hkg4cj1gi8b2p	1	2	143	6	0	Go	GAL	1	1	0.906	1	0.0	1	0.882	0.8854402068956618	-0.1263485249471733
v9k6n64hnw8hkg4cj1gi8b2p	1	2	146	7	0	Go	GAL	1	1	0.696	1	0.0	1	0.9392	0.9377126369354127	-0.06625726231889052
v9k6n64hnw8hkg4cj1gi8b2p	1	2	149	8	0	Go	GAL	1	1	0.92	1	1.0	0	0.9705	0.9642222115833685	-0.03726176203640017
v9k6n64hnw8hkg4cj1gi8b2p	1	2	155	9	0	Go	GAL	1	1	0.792	1	0.0	1	0.9095	0.9077861283217545	-0.09931314535297271
v9k6n64hnw8hkg4cj1gi8b2p	1	2	159	10	0	Go	GAL	1	1	0.824	1	0.0	1	0.9472	0.9498828592743829	-0.05251560914131382
v9k6n64hnw8hkg4cj1gi8b2p	1	2	163	11	0	Go	GAL	1	1	0.718	1	1.0	0	0.9684	0.9709426038094456	-0.02997562116254759
v9k6n64hnw8hkg4cj1gi8b2p	1	2	165	12	0	Go	GAL	1	1	0.722	1	0.0	1	0.9255	0.9211880326419887	-0.08384822573224975
v9k6n64hnw8hkg4cj1gi8b2p	1	2	172	13	0	Go	GAL	1	1	0.874	1	0.0	1	0.9594	0.957197503819111	-0.044478183931215644
v9k6n64hnw8hkg4cj1gi8b2p	1	2	173	14	0	Go	GAL	1	1	0.721	1	0.0	1	0.9738	0.9750303936598671	-0.025617113371067715
v9k6n64hnw8hkg4cj1gi8b2p	1	2	180	15	0	Go	GAL	1	1	0.771	1	0.0	1	0.9838	0.984493170164254	-0.01578607496369268
v9k6n64hnw8hkg4cj1gi8b2p	1	2	184	16	0	Go	GAL	1	1	0.604	1	0.0	1	0.9896	0.9898327448522785	-0.010298924691947556
v9k6n64hnw8hkg4cj1gi8b2p	1	2	185	17	0	Go	GAL	1	1	0.709	1	0.0	1	0.9929	0.9930090904452586	-0.007057965834631434
v9k6n64hnw8hkg4cj1gi8b2p	1	2	190	18	0	Go	GAL	1	1	0.582	1	0.0	1	0.9957	0.9949862863932549	-0.005050306734107451
v9k6n64hnw8hkg4cj1gi8b2p	1	2	196	19	0	Go	GAL	1	1	0.779	1	1.0	0	0.997	0.9962662919881293	-0.0037549875006724002
v9k6n64hnw8hkg4cj1gi8b2p	1	2	199	20	0	Go	GAL	1	1	0.765	1	0.0	1	0.9858	0.9865203183642715	-0.013678606991639742
v9k6n64hnw8hkg4cj1gi8b2p	1	2	201	21	0	Go	GAL	1	1	0.65	1	1.0	0	0.9902	0.9912802154110597	-0.008808684896825356
v9k6n64hnw8hkg4cj1gi8b2p	1	2	208	22	0	Go	GAL	1	1	0.802	1	0.0	1	0.9695	0.9699062475147557	-0.031076170693117675
v9k6n64hnw8hkg4cj1gi8b2p	1	2	210	23	0	Go	GAL	1	1	1.134	1	0.0	1	0.9824	0.9828344876565185	-0.017479245407578854
v9k6n64hnw8hkg4cj1gi8b2p	1	2	214	24	0	Go	GAL	1	1	0.933	1	0.0	1	0.9895	0.9893070846343526	-0.010821696510350826
v9k6n64hnw8hkg4cj1gi8b2p	1	2	217	25	0	Go	GAL	1	1	0.632	1	0.0	1	0.9928	0.9928682820443635	-0.007193399470459847
v9k6n64hnw8hkg4cj1gi8b2p	1	2	223	26	0	Go	GAL	1	1	1.31	1	0.0	1	0.9957	0.9949749583043633	-0.005058007755437972
v9k6n64hnw8hkg4cj1gi8b2p	1	2	228	27	0	Go	GAL	1	1	0.561	1	1.0	0	0.9965	0.996294102166759	-0.003725092970045209
v9k6n64hnw8hkg4cj1gi8b2p	1	2	230	28	0	Go	GAL	1	1	0.554	1	0.0	1	0.9866	0.9857194251784549	-0.014528711161373878
v9k6n64hnw8hkg4cj1gi8b2p	1	2	235	29	0	Go	GAL	1	1	0.601	1	0.0	1	0.9913	0.9910427368047201	-0.009056275365982809
v9k6n64hnw8hkg4cj1gi8b2p	1	2	237	30	0	Go	GAL	1	1	0.611	1	0.0	1	0.995	0.9939583470894521	-0.006089084044793128
v9k6n64hnw8hkg4cj1gi8b2p	1	1	3	1	0	Go	GAL	1	1	1.206	1	0.0	1	0.6568	0.6624365520013669	-0.41926460465772014
v9k6n64hnw8hkg4cj1gi8b2p	1	1	7	2	0	Go	GAL	1	0		0	1.0	1	0.8175	0.1792595370406792	-1.8070737546619546
v9k6n64hnw8hkg4cj1gi8b2p	1	1	12	3	0	Go	GAL	1	1	1.091	1	0.0	1	0.6587	0.6624365520013669	-0.41926460465772014
v9k6n64hnw8hkg4cj1gi8b2p	1	1	15	4	0	Go	GAL	1	1	1.357	1	0.0	1	0.8001	0.8049496151981419	-0.22076111110052918
v9k6n64hnw8hkg4cj1gi8b2p	1	1	19	5	0	Go	GAL	1	1	0.991	1	0.0	1	0.8811	0.8865185072421109	-0.12242893513985831
v9k6n64hnw8hkg4cj1gi8b2p	1	1	22	6	0	Go	GAL	1	1	0.958	1	0.0	1	0.936	0.9314365694335813	-0.07202047788061886
v9k6n64hnw8hkg4cj1gi8b2p	1	1	28	7	0	Go	GAL	1	1	0.81	1	0.0	1	0.9564	0.9565934613670324	-0.04487834429877861
v9k6n64hnw8hkg4cj1gi8b2p	1	1	30	8	0	Go	GAL	1	1	0.762	1	1.0	0	0.9695	0.9711870727644953	-0.029498024926094487
v9k6n64hnw8hkg4cj1gi8b2p	1	1	36	9	0	Go	GAL	1	1	0.578	1	0.0	1	0.9007	0.9034975876496028	-0.10297356420951163
v9k6n64hnw8hkg4cj1gi8b2p	1	1	39	10	0	Go	GAL	1	1	0.748	1	0.0	1	0.9388	0.9423885036081628	-0.059932108933299276
v9k6n64hnw8hkg4cj1gi8b2p	1	1	44	11	0	Go	GAL	1	1	0.874	1	1.0	0	0.9652	0.9634859272109197	-0.03749631272546572
v9k6n64hnw8hkg4cj1gi8b2p	1	1	48	12	0	Go	GAL	1	1	0.72	1	0.0	1	0.8789	0.8777450599530384	-0.13478164917211277
v9k6n64hnw8hkg4cj1gi8b2p	1	1	49	13	0	Go	GAL	1	1	0.671	1	0.0	1	0.9274	0.9297526111983261	-0.07394809488740532
v9k6n64hnw8hkg4cj1gi8b2p	1	1	54	14	0	Go	GAL	1	1	0.735	1	0.0	1	0.9521	0.9569964699257051	-0.04439016577286084
v9k6n64hnw8hkg4cj1gi8b2p	1	1	59	15	0	Go	GAL	1	1	0.839	1	0.0	1	0.9737	0.9719799255802747	-0.028635332710669783
v9k6n64hnw8hkg4cj1gi8b2p	1	1	64	16	0	Go	GAL	1	1	0.577	1	0.0	1	0.9772	0.9807060728752603	-0.019603528870320883
v9k6n64hnw8hkg4cj1gi8b2p	1	1	67	17	0	Go	GAL	1	1	0.556	1	0.0	1	0.9843	0.9860595636448425	-0.014112723689097429
v9k6n64hnw8hkg4cj1gi8b2p	1	1	72	18	0	Go	GAL	1	1	0.531	1	0.0	1	0.99	0.9894950774196936	-0.010609285515882652
v9k6n64hnw8hkg4cj1gi8b2p	1	1	73	19	0	Go	GAL	1	1	0.995	1	1.0	0	0.9907	0.9917864478334916	-0.00828160822375554
v9k6n64hnw8hkg4cj1gi8b2p	1	1	80	20	0	Go	GAL	1	1	0.972	1	0.0	1	0.9637	0.963217475002422	-0.03840239826284659
v9k6n64hnw8hkg4cj1gi8b2p	1	1	81	21	0	Go	GAL	1	1	0.699	1	1.0	0	0.976	0.9763109711995493	-0.024295037815770457
v9k6n64hnw8hkg4cj1gi8b2p	1	1	87	22	0	Go	GAL	1	1	0.699	1	0.0	1	0.9096	0.9094307023047946	-0.10269877213161412
v9k6n64hnw8hkg4cj1gi8b2p	1	1	89	23	0	Go	GAL	1	1	0.808	1	0.0	1	0.9494	0.9482533231144961	-0.05479977094580057
v9k6n64hnw8hkg4cj1gi8b2p	1	1	93	24	0	Go	GAL	1	1	0.845	1	0.0	1	0.9677	0.9681504788953312	-0.03289512871026502
v9k6n64hnw8hkg4cj1gi8b2p	1	1	98	25	0	Go	GAL	1	1	0.758	1	0.0	1	0.9811	0.9789289586097966	-0.021520111423677993
v9k6n64hnw8hkg4cj1gi8b2p	1	1	101	26	0	Go	GAL	1	1	0.831	1	0.0	1	0.9863	0.9851813894243094	-0.015045298325063296
v9k6n64hnw8hkg4cj1gi8b2p	1	1	108	27	0	Go	GAL	1	1	0.781	1	1.0	0	0.9901	0.9890338846909729	-0.011095247473425243
v9k6n64hnw8hkg4cj1gi8b2p	1	1	110	28	0	Go	GAL	1	1	0.684	1	0.0	1	0.9491	0.9514943898530608	-0.051664229560007574
v9k6n64hnw8hkg4cj1gi8b2p	1	1	115	29	0	Go	GAL	1	1	0.587	1	0.0	1	0.9699	0.9702120279967003	-0.030820984233107737
v9k6n64hnw8hkg4cj1gi8b2p	1	1	120	30	0	Go	GAL	1	1	0.868	1	0.0	1	0.9816	0.9802706255190751	-0.020163335939302012
v9k6n64hnw8hkg4cj1gi8b2p	1	1	2	1	1	No-Go	NGW	0	1	1.18	0	0.0	0	0.6789	0.6762687765093363	-0.4159621177947181
v9k6n64hnw8hkg4cj1gi8b2p	1	1	8	2	1	No-Go	NGW	0	0		1	0.0	1	0.4709	0.5243085645199516	-0.6825868796212028
v9k6n64hnw8hkg4cj1gi8b2p	1	1	9	3	1	No-Go	NGW	0	0		1	0.0	1	0.2802	0.7190432648189194	-0.3438910768275464
v9k6n64hnw8hkg4cj1gi8b2p	1	1	16	4	1	No-Go	NGW	0	0		1	1.0	0	0.1609	0.8405674728216808	-0.17964712463738514
v9k6n64hnw8hkg4cj1gi8b2p	1	1	18	5	1	No-Go	NGW	0	0		1	0.0	1	0.3463	0.6526100853318133	-0.44569486566513494
v9k6n64hnw8hkg4cj1gi8b2p	1	1	21	6	1	No-Go	NGW	0	0		1	0.0	1	0.1919	0.8036107145337087	-0.22571647787941504
v9k6n64hnw8hkg4cj1gi8b2p	1	1	26	7	1	No-Go	NGW	0	0		1	1.0	0	0.1091	0.888588065924472	-0.12113503983080322
v9k6n64hnw8hkg4cj1gi8b2p	1	1	29	8	1	No-Go	NGW	0	0		1	0.0	1	0.2743	0.7298572668662169	-0.3270714187475006
v9k6n64hnw8hkg4cj1gi8b2p	1	1	35	9	1	No-Go	NGW	0	0		1	0.0	1	0.1521	0.8497465737397218	-0.1670480343238441
v9k6n64hnw8hkg4cj1gi8b2p	1	1	37	10	1	No-Go	NGW	0	0		1	0.0	1	0.0858	0.9141558173976533	-0.0915430896829508
v9k6n64hnw8hkg4cj1gi8b2p	1	1	43	11	1	No-Go	NGW	0	0		1	0.0	1	0.0565	0.9484670170740479	-0.053722213358926636
v9k6n64hnw8hkg4cj1gi8b2p	1	1	46	12	1	No-Go	NGW	0	0		1	1.0	0	0.0319	0.9673880225740835	-0.033548116347528446
v9k6n64hnw8hkg4cj1gi8b2p	1	1	52	13	1	No-Go	NGW	0	0		1	0.0	1	0.1045	0.8965079818884975	-0.11184625772248644
v9k6n64hnw8hkg4cj1gi8b2p	1	1	53	14	1	No-Go	NGW	0	0		1	0.0	1	0.0632	0.9402661206476559	-0.06254326417956341
v9k6n64hnw8hkg4cj1gi8b2p	1	1	58	15	1	No-Go	NGW	0	0		1	0.0	1	0.0351	0.963312176242426	-0.037805821556653615
v9k6n64hnw8hkg4cj1gi8b2p	1	1	62	16	1	No-Go	NGW	0	1	0.547	0	0.0	0	0.0271	0.023885597335001854	-4.103606254066448
v9k6n64hnw8hkg4cj1gi8b2p	1	1	68	17	1	No-Go	NGW	0	0		1	1.0	0	0.0118	0.9880062437793733	-0.012139949962833994
v9k6n64hnw8hkg4cj1gi8b2p	1	1	71	18	1	No-Go	NGW	0	0		1	0.0	1	0.0392	0.9589654917787779	-0.042519331896363505
v9k6n64hnw8hkg4cj1gi8b2p	1	1	76	19	1	No-Go	NGW	0	0		1	0.0	1	0.0242	0.9763233551096929	-0.024183236700492685
v9k6n64hnw8hkg4cj1gi8b2p	1	1	78	20	1	No-Go	NGW	0	0		1	0.0	1	0.0127	0.9852485378718558	-0.014961479245751325
v9k6n64hnw8hkg4cj1gi8b2p	1	1	83	21	1	No-Go	NGW	0	0		1	0.0	1	0.0106	0.9902097125742361	-0.009889873809974727
v9k6n64hnw8hkg4cj1gi8b2p	1	1	88	22	1	No-Go	NGW	0	0		1	1.0	0	0.0068	0.9931490023348786	-0.006903366867422822
v9k6n64hnw8hkg4cj1gi8b2p	1	1	92	23	1	No-Go	NGW	0	0		1	0.0	1	0.0296	0.9740496702027094	-0.026648406858322524
v9k6n64hnw8hkg4cj1gi8b2p	1	1	95	24	1	No-Go	NGW	0	0		1	0.0	1	0.0152	0.9843859785563686	-0.015865500800957843
v9k6n64hnw8hkg4cj1gi8b2p	1	1	100	25	1	No-Go	NGW	0	0		1	0.0	1	0.0104	0.9898604905944525	-0.01025032619977829
v9k6n64hnw8hkg4cj1gi8b2p	1	1	103	26	1	No-Go	NGW	0	0		1	0.0	1	0.0072	0.9930004572720558	-0.00705558005201005
v9k6n64hnw8hkg4cj1gi8b2p	1	1	107	27	1	No-Go	NGW	0	0		1	0.0	1	0.0053	0.9949183608962289	-0.005113083208632119
v9k6n64hnw8hkg4cj1gi8b2p	1	1	111	28	1	No-Go	NGW	0	1	0.818	0	0.0	0	0.0042	0.003849469691594554	-6.328851563531533
v9k6n64hnw8hkg4cj1gi8b2p	1	1	114	29	1	No-Go	NGW	0	0		1	1.0	0	0.0023	0.9978910037614193	-0.0021154960269414947
v9k6n64hnw8hkg4cj1gi8b2p	1	1	118	30	1	No-Go	NGW	0	0		1	0.0	1	0.0081	0.991315309889227	-0.008786677224656566
v9k6n64hnw8hkg4cj1gi8b2p	1	1	1	1	0	No-Go	NGAL	0	0		1	0.0	1	0.6605	0.3375634479986332	-1.1157757565344593
v9k6n64hnw8hkg4cj1gi8b2p	1	1	6	2	0	No-Go	NGAL	0	1	0.785	0	1.0	1	0.463	0.4533044727277232	-0.8179530703614801
v9k6n64hnw8hkg4cj1gi8b2p	1	1	11	3	0	No-Go	NGAL	0	1	1.07	0	0.0	0	0.6628	0.6624365520013669	-0.41926460465772014
v9k6n64hnw8hkg4cj1gi8b2p	1	1	13	4	0	No-Go	NGAL	0	1	0.928	0	0.0	0	0.4307	0.4263438892717348	-0.8890312404035874
v9k6n64hnw8hkg4cj1gi8b2p	1	1	17	5	0	No-Go	NGAL	0	0		1	0.0	1	0.2463	0.7521895630412562	-0.2974912429004596
v9k6n64hnw8hkg4cj1gi8b2p	1	1	23	6	0	No-Go	NGAL	0	0		1	0.0	1	0.1372	0.8588838267696992	-0.1587962182296123
v9k6n64hnw8hkg4cj1gi8b2p	1	1	25	7	0	No-Go	NGAL	0	0		1	0.0	1	0.0834	0.9172116473312181	-0.08961091064501947
v9k6n64hnw8hkg4cj1gi8b2p	1	1	32	8	0	No-Go	NGAL	0	0		1	0.0	1	0.0497	0.9493058594969309	-0.05354117268514574
v9k6n64hnw8hkg4cj1gi8b2p	1	1	34	9	0	No-Go	NGAL	0	0		1	1.0	0	0.0339	0.9675225727676808	-0.033756564762733254
v9k6n64hnw8hkg4cj1gi8b2p	1	1	40	10	0	No-Go	NGAL	0	0		1	0.0	1	0.0433	0.9558539972394249	-0.04598985509305407
v9k6n64hnw8hkg4cj1gi8b2p	1	1	42	11	0	No-Go	NGAL	0	0		1	0.0	1	0.028	0.9718693330622936	-0.02895297502885285
v9k6n64hnw8hkg4cj1gi8b2p	1	1	47	12	0	No-Go	NGAL	0	0		1	0.0	1	0.0179	0.9811262408451519	-0.019275964343253
v9k6n64hnw8hkg4cj1gi8b2p	1	1	51	13	0	No-Go	NGAL	0	0		1	0.0	1	0.0129	0.986744889883187	-0.013467504343180722
v9k6n64hnw8hkg4cj1gi8b2p	1	1	56	14	0	No-Go	NGAL	0	0		1	1.0	0	0.0099	0.9903034785260878	-0.009816655372733343
v9k6n64hnw8hkg4cj1gi8b2p	1	1	57	15	0	No-Go	NGAL	0	0		1	0.0	1	0.0162	0.9853679731513038	-0.014874419366601405
v9k6n64hnw8hkg4cj1gi8b2p	1	1	63	16	0	No-Go	NGAL	0	0		1	0.0	1	0.0103	0.9897070826454194	-0.010412692967470173
v9k6n64hnw8hkg4cj1gi8b2p	1	1	65	17	0	No-Go	NGAL	0	0		1	0.0	1	0.0082	0.9923784487510755	-0.007689977739046569
v9k6n64hnw8hkg4cj1gi8b2p	1	1	70	18	0	No-Go	NGAL	0	0		1	0.0	1	0.0055	0.9941150209320334	-0.005927985517787341
v9k6n64hnw8hkg4cj1gi8b2p	1	1	75	19	0	No-Go	NGAL	0	0		1	1.0	0	0.0043	0.9952928018745235	-0.004736310230971515
v9k6n64hnw8hkg4cj1gi8b2p	1	1	77	20	0	No-Go	NGAL	0	0		1	0.0	1	0.0077	0.9921373530436857	-0.007958835673692976
v9k6n64hnw8hkg4cj1gi8b2p	1	1	82	21	0	No-Go	NGAL	0	0		1	1.0	0	0.0053	0.9941717294282304	-0.005874723099508829
v9k6n64hnw8hkg4cj1gi8b2p	1	1	85	22	0	No-Go	NGAL	0	0		1	0.0	1	0.0114	0.988753576046956	-0.011654786954695946
v9k6n64hnw8hkg4cj1gi8b2p	1	1	90	23	0	No-Go	NGAL	0	0		1	0.0	1	0.007	0.9924904160798597	-0.007619851768480463
v9k6n64hnw8hkg4cj1gi8b2p	1	1	96	24	0	No-Go	NGAL	0	0		1	0.0	1	0.0058	0.9945202665292785	-0.005527203473269998
v9k6n64hnw8hkg4cj1gi8b2p	1	1	99	25	0	No-Go	NGAL	0	0		1	0.0	1	0.0051	0.9957375215541903	-0.004289404977926615
v9k6n64hnw8hkg4cj1gi8b2p	1	1	104	26	0	No-Go	NGAL	0	0		1	0.0	1	0.0031	0.9965251658226137	-0.0034928482453527327
v9k6n64hnw8hkg4cj1gi8b2p	1	1	106	27	0	No-Go	NGAL	0	0		1	0.0	1	0.0032	0.99706410343872	-0.002949286798106009
v9k6n64hnw8hkg4cj1gi8b2p	1	1	112	28	0	No-Go	NGAL	0	0		1	1.0	0	0.0017	0.9974486697692017	-0.002562017320115319
v9k6n64hnw8hkg4cj1gi8b2p	1	1	116	29	0	No-Go	NGAL	0	0		1	0.0	1	0.0055	0.9952900341274823	-0.004760453343427556
v9k6n64hnw8hkg4cj1gi8b2p	1	1	117	30	0	No-Go	NGAL	0	0		1	0.0	1	0.0039	0.996350751385052	-0.003674221846601696
v9k6n64hnw8hkg4cj1gi8b2p	1	1	4	1	1	Go	GW	1	1	1.086	1	0.0	1	0.6724	0.6762687765093363	-0.4159621177947181
v9k6n64hnw8hkg4cj1gi8b2p	1	1	5	2	1	Go	GW	1	1	0.926	1	0.0	1	0.9475	0.9474233486557441	-0.056247868729231335
v9k6n64hnw8hkg4cj1gi8b2p	1	1	10	3	1	Go	GW	1	1	0.75	1	1.0	0	0.9828	0.9840123604242471	-0.016512916388665748
v9k6n64hnw8hkg4cj1gi8b2p	1	1	14	4	1	Go	GW	1	1	1.322	1	0.0	1	0.9506	0.9499825887193616	-0.05372736009733354
v9k6n64hnw8hkg4cj1gi8b2p	1	1	20	5	1	Go	GW	1	1	0.658	1	0.0	1	0.9811	0.9841876582019038	-0.016396086542826312
v9k6n64hnw8hkg4cj1gi8b2p	1	1	24	6	1	Go	GW	1	1	0.624	1	0.0	1	0.9937	0.9931436408953277	-0.006992972899043159
v9k6n64hnw8hkg4cj1gi8b2p	1	1	27	7	1	Go	GW	1	1	0.547	1	1.0	0	0.9971	0.9963338833125955	-0.0037074788497010094
v9k6n64hnw8hkg4cj1gi8b2p	1	1	31	8	1	Go	GW	1	1	0.789	1	0.0	1	0.9848	0.9850805059111859	-0.015380962385818086
v9k6n64hnw8hkg4cj1gi8b2p	1	1	33	9	1	Go	GW	1	1	0.693	1	0.0	1	0.9938	0.9938935271337989	-0.00620741176259103
v9k6n64hnw8hkg4cj1gi8b2p	1	1	38	10	1	Go	GW	1	1	0.708	1	0.0	1	0.9975	0.9966980827816675	-0.00333397025319635
v9k6n64hnw8hkg4cj1gi8b2p	1	1	41	11	1	Go	GW	1	1	0.587	1	0.0	1	0.9975	0.9978771708267473	-0.002135721214773629
v9k6n64hnw8hkg4cj1gi8b2p	1	1	45	12	1	Go	GW	1	1	0.828	1	1.0	0	0.9981	0.9984494569274298	-0.001557007497867996
v9k6n64hnw8hkg4cj1gi8b2p	1	1	50	13	1	Go	GW	1	1	0.691	1	0.0	1	0.9918	0.9922754742836117	-0.007857800031539488
v9k6n64hnw8hkg4cj1gi8b2p	1	1	55	14	1	Go	GW	1	1	0.627	1	0.0	1	0.9972	0.9965691466536944	-0.0034585796472770204
v9k6n64hnw8hkg4cj1gi8b2p	1	1	60	15	1	Go	GW	1	1	0.601	1	0.0	1	0.9986	0.9979003311446141	-0.0021105045187555255
v9k6n64hnw8hkg4cj1gi8b2p	1	1	61	16	1	Go	GW	1	1	0.434	1	1.0	0	0.9985	0.9984850752093273	-0.0015205748955203447
v9k6n64hnw8hkg4cj1gi8b2p	1	1	66	17	1	Go	GW	1	1	0.461	1	0.0	1	0.9935	0.9921930636352606	-0.0079465143764759
v9k6n64hnw8hkg4cj1gi8b2p	1	1	69	18	1	Go	GW	1	1	0.443	1	0.0	1	0.9975	0.9966433266255572	-0.0033826047226665637
v9k6n64hnw8hkg4cj1gi8b2p	1	1	74	19	1	Go	GW	1	1	0.443	1	0.0	1	0.9977	0.9979593854054066	-0.002050542537994253
v9k6n64hnw8hkg4cj1gi8b2p	1	1	79	20	1	Go	GW	1	1	0.626	1	0.0	1	0.9985	0.9985239157611814	-0.0014813408552776489
v9k6n64hnw8hkg4cj1gi8b2p	1	1	84	21	1	Go	GW	1	1	0.721	1	0.0	1	0.9992	0.9988092772704121	-0.0011942237070712612
v9k6n64hnw8hkg4cj1gi8b2p	1	1	86	22	1	Go	GW	1	1	0.705	1	0.0	1	0.9993	0.9989686526819325	-0.0010340837396198286
v9k6n64hnw8hkg4cj1gi8b2p	1	1	91	23	1	Go	GW	1	1	0.578	1	0.0	1	0.9987	0.9990640321749051	-0.0009383355971486525
v9k6n64hnw8hkg4cj1gi8b2p	1	1	94	24	1	Go	GW	1	1	0.598	1	0.0	1	0.9986	0.9991241308705021	-0.0008780450266348499
v9k6n64hnw8hkg4cj1gi8b2p	1	1	97	25	1	Go	GW	1	1	0.626	1	1.0	0	0.999	0.9991635566040437	-0.0008385132454070351
v9k6n64hnw8hkg4cj1gi8b2p	1	1	102	26	1	Go	GW	1	1	0.64	1	1.0	0	0.9956	0.9951706784623966	-0.004899779057039428
v9k6n64hnw8hkg4cj1gi8b2p	1	1	105	27	1	Go	GW	1	1	0.673	1	0.0	1	0.9796	0.9782762581971203	-0.023210323040486223
v9k6n64hnw8hkg4cj1gi8b2p	1	1	109	28	1	Go	GW	1	1	0.791	1	0.0	1	0.9937	0.994486729677089	-0.005581056559010872
v9k6n64hnw8hkg4cj1gi8b2p	1	1	113	29	1	Go	GW	1	1	0.624	1	0.0	1	0.9971	0.9972943302676149	-0.0027221411675655937
v9k6n64hnw8hkg4cj1gi8b2p	1	1	119	30	1	Go	GW	1	1	0.633	1	0.0	1	0.9986	0.9982541146305988	-0.0017528475130939043
vkkhzo5vo6hete7ff0czcb04	1	2	121	1	1	No-Go	NGW	0	1	0.49	0	0.0	0	0.6868	0.6906735264539536	-0.39692689086211863
vkkhzo5vo6hete7ff0czcb04	1	2	125	2	1	No-Go	NGW	0	0		1	0.0	1	0.4193	0.5790101515794126	-0.5827073868996496
vkkhzo5vo6hete7ff0czcb04	1	2	130	3	1	No-Go	NGW	0	0		1	0.0	1	0.1867	0.8075531238719935	-0.22415651970601982
vkkhzo5vo6hete7ff0czcb04	1	2	136	4	1	No-Go	NGW	0	0		1	0.0	1	0.0847	0.9142087104424772	-0.09270420733397088
vkkhzo5vo6hete7ff0czcb04	1	2	140	5	1	No-Go	NGW	0	0		1	1.0	0	0.0379	0.9593700229031857	-0.04238356286600744
vkkhzo5vo6hete7ff0czcb04	1	2	144	6	1	No-Go	NGW	0	0		1	0.0	1	0.1533	0.847069210764512	-0.17139158168220198
vkkhzo5vo6hete7ff0czcb04	1	2	145	7	1	No-Go	NGW	0	0		1	0.0	1	0.0651	0.9332473596391917	-0.07058671935706995
vkkhzo5vo6hete7ff0czcb04	1	2	152	8	1	No-Go	NGW	0	0		1	1.0	0	0.0331	0.968179672080198	-0.032816855342282056
vkkhzo5vo6hete7ff0czcb04	1	2	156	9	1	No-Go	NGW	0	0		1	0.0	1	0.1261	0.8695651679011468	-0.1443637341072989
vkkhzo5vo6hete7ff0czcb04	1	2	160	10	1	No-Go	NGW	0	0		1	0.0	1	0.0598	0.9437688811250154	-0.05890189458913445
vkkhzo5vo6hete7ff0czcb04	1	2	164	11	1	No-Go	NGW	0	0		1	0.0	1	0.0261	0.9730882290427542	-0.027603567703065594
vkkhzo5vo6hete7ff0czcb04	1	2	168	12	1	No-Go	NGW	0	0		1	0.0	1	0.014	0.9857757598945667	-0.01444385768530969
vkkhzo5vo6hete7ff0czcb04	1	2	170	13	1	No-Go	NGW	0	0		1	1.0	0	0.0061	0.9918076534452843	-0.008274022468978844
vkkhzo5vo6hete7ff0czcb04	1	2	174	14	1	No-Go	NGW	0	0		1	0.0	1	0.046	0.9564577519935065	-0.04547043391316655
vkkhzo5vo6hete7ff0czcb04	1	2	177	15	1	No-Go	NGW	0	0		1	0.0	1	0.0202	0.979349447971838	-0.02108634049594817
vkkhzo5vo6hete7ff0czcb04	1	2	182	16	1	No-Go	NGW	0	0		1	1.0	0	0.0131	0.9889529826462468	-0.011184112511608873
vkkhzo5vo6hete7ff0czcb04	1	2	188	17	1	No-Go	NGW	0	0		1	0.0	1	0.0607	0.9407590107276553	-0.06343189516542774
vkkhzo5vo6hete7ff0czcb04	1	2	189	18	1	No-Go	NGW	0	0		1	0.0	1	0.0287	0.9737059319561002	-0.027028522494652634
vkkhzo5vo6hete7ff0czcb04	1	2	193	19	1	No-Go	NGW	0	0		1	0.0	1	0.0123	0.9866157941251129	-0.013584703955296975
vkkhzo5vo6hete7ff0czcb04	1	2	200	20	1	No-Go	NGW	0	0		1	0.0	1	0.0071	0.9924025435779164	-0.0076685992308132165
vkkhzo5vo6hete7ff0czcb04	1	2	201	21	1	No-Go	NGW	0	0		1	0.0	1	0.0045	0.995296567443058	-0.004733691060629154
vkkhzo5vo6hete7ff0czcb04	1	2	208	22	1	No-Go	NGW	0	0		1	0.0	1	0.0034	0.9968729499452981	-0.00314186392561055
vkkhzo5vo6hete7ff0czcb04	1	2	211	23	1	No-Go	NGW	0	0		1	0.0	1	0.0019	0.9977921555420025	-0.0022159963892699115
vkkhzo5vo6hete7ff0czcb04	1	2	215	24	1	No-Go	NGW	0	0		1	1.0	0	0.0012	0.9983588132122059	-0.0016461465158027677
vkkhzo5vo6hete7ff0czcb04	1	2	219	25	1	No-Go	NGW	0	0		1	0.0	1	0.0147	0.9875738670359518	-0.012738153370907947
vkkhzo5vo6hete7ff0czcb04	1	2	223	26	1	No-Go	NGW	0	0		1	0.0	1	0.0052	0.9933162570227337	-0.006762478014970766
vkkhzo5vo6hete7ff0czcb04	1	2	226	27	1	No-Go	NGW	0	0		1	0.0	1	0.0037	0.9959277685777873	-0.004101684109943075
vkkhzo5vo6hete7ff0czcb04	1	2	232	28	1	No-Go	NGW	0	0		1	0.0	1	0.0024	0.9972875590322051	-0.0027262608464640133
vkkhzo5vo6hete7ff0czcb04	1	2	234	29	1	No-Go	NGW	0	0		1	0.0	1	0.0022	0.9980654071288702	-0.0019421569998844743
vkkhzo5vo6hete7ff0czcb04	1	2	240	30	1	No-Go	NGW	0	0		1	1.0	0	0.0016	0.9985423124491765	-0.0014623353627817913
vkkhzo5vo6hete7ff0czcb04	1	2	122	1	0	No-Go	NGAL	0	1	0.452	0	0.0	0	0.6442	0.6419454776986678	-0.45271533457319824
vkkhzo5vo6hete7ff0czcb04	1	2	126	2	0	No-Go	NGAL	0	0		1	0.0	1	0.3588	0.6394233788587067	-0.46425827586160084
vkkhzo5vo6hete7ff0czcb04	1	2	131	3	0	No-Go	NGAL	0	0		1	0.0	1	0.1639	0.8408012838221613	-0.1815275530046473
vkkhzo5vo6hete7ff0czcb04	1	2	134	4	0	No-Go	NGAL	0	0		1	1.0	0	0.074	0.9282089569495616	-0.0773503496887451
vkkhzo5vo6hete7ff0czcb04	1	2	137	5	0	No-Go	NGAL	0	0		1	0.0	1	0.1218	0.8821113779348134	-0.1299492692027925
vkkhzo5vo6hete7ff0czcb04	1	2	142	6	0	No-Go	NGAL	0	0		1	0.0	1	0.0503	0.9479821009737103	-0.05470010244809554
vkkhzo5vo6hete7ff0czcb04	1	2	147	7	0	No-Go	NGAL	0	0		1	1.0	0	0.0241	0.9746808824823862	-0.026082950448407787
vkkhzo5vo6hete7ff0czcb04	1	2	149	8	0	No-Go	NGAL	0	0		1	0.0	1	0.0505	0.9497481812449203	-0.05387221562605357
vkkhzo5vo6hete7ff0czcb04	1	2	153	9	0	No-Go	NGAL	0	1	1.291	0	0.0	0	0.0232	0.02296206668478459	-4.4601018151200735
vkkhzo5vo6hete7ff0czcb04	1	2	159	10	0	No-Go	NGAL	0	0		1	0.0	1	0.0091	0.9905503812370007	-0.009585333853922746
vkkhzo5vo6hete7ff0czcb04	1	2	162	11	0	No-Go	NGAL	0	0		1	0.0	1	0.0056	0.9950268883719562	-0.005016066150712025
vkkhzo5vo6hete7ff0czcb04	1	2	165	12	0	No-Go	NGAL	0	0		1	1.0	0	0.0045	0.9971161895409963	-0.0029003789739272573
vkkhzo5vo6hete7ff0czcb04	1	2	169	13	0	No-Go	NGAL	0	0		1	0.0	1	0.0063	0.9936554255641585	-0.006434414550354464
vkkhzo5vo6hete7ff0czcb04	1	2	175	14	0	No-Go	NGAL	0	0		1	0.0	1	0.0024	0.9967423265100411	-0.0032780834970422557
vkkhzo5vo6hete7ff0czcb04	1	2	178	15	0	No-Go	NGAL	0	0		1	0.0	1	0.0015	0.9980908775636439	-0.0019163413679424246
vkkhzo5vo6hete7ff0czcb04	1	2	187	17	0	No-Go	NGAL	0	0		1	0.0	1	0.0004	0.9994110255293864	-0.0005899287495143606
vkkhzo5vo6hete7ff0czcb04	1	2	192	18	0	No-Go	NGAL	0	0		1	0.0	1	0.0002	0.9995887501206322	-0.0004117639435797192
vkkhzo5vo6hete7ff0czcb04	1	2	196	19	0	No-Go	NGAL	0	0		1	1.0	0	0.0003	0.9996965481677995	-0.00030375911547362346
vkkhzo5vo6hete7ff0czcb04	1	2	197	20	0	No-Go	NGAL	0	0		1	0.0	1	0.0001	0.9993142558336034	-0.0006871504060767639
vkkhzo5vo6hete7ff0czcb04	1	2	204	21	0	No-Go	NGAL	0	0		1	1.0	0	0.0005	0.9995673898214693	-0.0004331412072960615
vkkhzo5vo6hete7ff0czcb04	1	2	206	22	0	No-Go	NGAL	0	0		1	0.0	1	0.0012	0.998630721195112	-0.0013814369770849067
vkkhzo5vo6hete7ff0czcb04	1	2	212	23	0	No-Go	NGAL	0	0		1	0.0	1	0.0006	0.9993252079670168	-0.0006764758287157418
vkkhzo5vo6hete7ff0czcb04	1	2	216	24	0	No-Go	NGAL	0	0		1	0.0	1	0.0002	0.9995896200670581	-0.0004109138046741339
vkkhzo5vo6hete7ff0czcb04	1	2	218	25	0	No-Go	NGAL	0	0		1	0.0	1	0.0005	0.9997173310918676	-0.0002829250530376234
vkkhzo5vo6hete7ff0czcb04	1	2	221	26	0	No-Go	NGAL	0	0		1	0.0	1	0.0002	0.9997884416417147	-0.0002117138590550584
vkkhzo5vo6hete7ff0czcb04	1	2	228	27	0	No-Go	NGAL	0	0		1	1.0	0	0.0	0.9998319647918119	-0.00016814415493370137
vkkhzo5vo6hete7ff0czcb04	1	2	229	28	0	No-Go	NGAL	0	0		1	0.0	1	0.0007	0.9995294515566169	-0.00047156573539690783
vkkhzo5vo6hete7ff0czcb04	1	2	235	29	0	No-Go	NGAL	0	0		1	0.0	1	0.0	0.999705892908745	-0.0002944348976439003
vkkhzo5vo6hete7ff0czcb04	1	2	238	30	0	No-Go	NGAL	0	0		1	0.0	1	0.0001	0.9997899107643803	-0.00021025778618700535
vkkhzo5vo6hete7ff0czcb04	1	2	123	1	0	Go	GAL	1	1	0.483	1	0.0	1	0.643	0.6419454776986678	-0.45271533457319824
vkkhzo5vo6hete7ff0czcb04	1	2	127	2	0	Go	GAL	1	1	0.411	1	0.0	1	0.8531	0.8484167444969342	-0.16815379608072822
vkkhzo5vo6hete7ff0czcb04	1	2	129	3	0	Go	GAL	1	1	0.639	1	1.0	0	0.9352	0.9345703063969333	-0.06902033745251945
vkkhzo5vo6hete7ff0czcb04	1	2	135	4	0	Go	GAL	1	1	0.396	1	0.0	1	0.7813	0.781256380869524	-0.251020519716879
vkkhzo5vo6hete7ff0czcb04	1	2	139	5	0	Go	GAL	1	1	0.598	1	0.0	1	0.9139	0.9099528398075799	-0.09591571026062795
vkkhzo5vo6hete7ff0czcb04	1	2	143	6	0	Go	GAL	1	1	0.455	1	0.0	1	0.96	0.9597727246251325	-0.04162249518462352
vkkhzo5vo6hete7ff0czcb04	1	2	148	7	0	Go	GAL	1	1	0.514	1	0.0	1	0.9788	0.9801812426304756	-0.020219931497129223
vkkhzo5vo6hete7ff0czcb04	1	2	150	8	0	Go	GAL	1	1	0.515	1	0.0	1	0.989	0.9893231829182869	-0.010811137181396861
vkkhzo5vo6hete7ff0czcb04	1	2	154	9	0	Go	GAL	1	1	0.512	1	1.0	0	0.9936	0.9937766724232948	-0.006274582930470943
vkkhzo5vo6hete7ff0czcb04	1	2	158	10	0	Go	GAL	1	1	0.518	1	0.0	1	0.9661	0.9683236489343738	-0.03254337397878654
vkkhzo5vo6hete7ff0czcb04	1	2	161	11	0	Go	GAL	1	1	0.504	1	0.0	1	0.9845	0.9846975921552398	-0.015523003792427215
vkkhzo5vo6hete7ff0czcb04	1	2	167	12	0	Go	GAL	1	1	0.541	1	1.0	0	0.9917	0.991692622959505	-0.008382195845220953
vkkhzo5vo6hete7ff0czcb04	1	2	171	13	0	Go	GAL	1	1	0.669	1	0.0	1	0.9587	0.9556739769596874	-0.04635599938656285
vkkhzo5vo6hete7ff0czcb04	1	2	176	14	0	Go	GAL	1	1	0.444	1	0.0	1	0.9805	0.980309625316161	-0.02005704278096479
vkkhzo5vo6hete7ff0czcb04	1	2	179	15	0	Go	GAL	1	1	0.434	1	0.0	1	0.9901	0.9898955354234588	-0.010210603237975582
vkkhzo5vo6hete7ff0czcb04	1	2	183	16	0	Go	GAL	1	1	0.439	1	0.0	1	0.9943	0.994220346260614	-0.005819075942639264
vkkhzo5vo6hete7ff0czcb04	1	2	185	17	0	Go	GAL	1	1	0.483	1	0.0	1	0.9959	0.9964005686294033	-0.0036167318778309795
vkkhzo5vo6hete7ff0czcb04	1	2	191	18	0	Go	GAL	1	1	0.437	1	1.0	0	0.9985	0.9975964745331712	-0.002412168507171925
vkkhzo5vo6hete7ff0czcb04	1	2	195	19	0	Go	GAL	1	1	0.497	1	0.0	1	0.9848	0.9840753149397907	-0.016292219798518245
vkkhzo5vo6hete7ff0czcb04	1	2	198	20	0	Go	GAL	1	1	0.397	1	0.0	1	0.9922	0.9919800032675599	-0.008104463355728056
vkkhzo5vo6hete7ff0czcb04	1	2	202	21	0	Go	GAL	1	1	0.471	1	0.0	1	0.9948	0.9953838749158094	-0.004645635355613193
vkkhzo5vo6hete7ff0czcb04	1	2	207	22	0	Go	GAL	1	1	0.395	1	0.0	1	0.9977	0.9970757335139224	-0.0029372516756507577
vkkhzo5vo6hete7ff0czcb04	1	2	209	23	0	Go	GAL	1	1	0.395	1	0.0	1	0.9983	0.9980052793903633	-0.0020013967883138663
vkkhzo5vo6hete7ff0czcb04	1	2	213	24	0	Go	GAL	1	1	0.458	1	1.0	0	0.9985	0.9985554162766642	-0.001448448141026925
vkkhzo5vo6hete7ff0czcb04	1	2	220	25	0	Go	GAL	1	1	0.426	1	0.0	1	0.9894	0.9889759561077787	-0.011267862852203223
vkkhzo5vo6hete7ff0czcb04	1	2	222	26	0	Go	GAL	1	1	0.379	1	0.0	1	0.9942	0.9942982657019093	-0.005756876185653678
vkkhzo5vo6hete7ff0czcb04	1	2	227	27	0	Go	GAL	1	1	0.56	1	0.0	1	0.9979	0.9966071414155809	-0.0034125322383597562
vkkhzo5vo6hete7ff0czcb04	1	2	230	28	0	Go	GAL	1	1	0.458	1	1.0	0	0.9972	0.9977748932022626	-0.0022341119366968364
vkkhzo5vo6hete7ff0czcb04	1	2	236	29	0	Go	GAL	1	1	0.636	1	0.0	1	0.9829	0.9834269513531697	-0.017149387613823834
vkkhzo5vo6hete7ff0czcb04	1	2	237	30	0	Go	GAL	1	1	0.512	1	0.0	1	0.9903	0.992120970738088	-0.007983454907210872
vkkhzo5vo6hete7ff0czcb04	1	2	124	1	1	Go	GW	1	1	0.499	1	0.0	1	0.6916	0.6906735264539536	-0.39692689086211863
vkkhzo5vo6hete7ff0czcb04	1	2	128	2	1	Go	GW	1	1	0.423	1	0.0	1	0.9606	0.9594818203076848	-0.04299742724197486
vkkhzo5vo6hete7ff0czcb04	1	2	132	3	1	Go	GW	1	1	0.347	1	1.0	0	0.9894	0.9894546550275254	-0.010832574217401662
vkkhzo5vo6hete7ff0czcb04	1	2	133	4	1	Go	GW	1	1	0.513	1	0.0	1	0.9512	0.9523210094929789	-0.05165735511414178
vkkhzo5vo6hete7ff0czcb04	1	2	138	5	1	Go	GW	1	1	0.598	1	0.0	1	0.9877	0.9875307426362737	-0.01294261999358557
vkkhzo5vo6hete7ff0czcb04	1	2	141	6	1	Go	GW	1	1	0.493	1	0.0	1	0.9967	0.9954148669036492	-0.004674606525607876
vkkhzo5vo6hete7ff0czcb04	1	2	146	7	1	Go	GW	1	1	0.38	1	0.0	1	0.9983	0.9978961578266113	-0.0021262748337622242
vkkhzo5vo6hete7ff0czcb04	1	2	151	8	1	Go	GW	1	1	0.333	1	0.0	1	0.9992	0.998849013834839	-0.0011580617644796345
vkkhzo5vo6hete7ff0czcb04	1	2	155	9	1	Go	GW	1	1	0.483	1	0.0	1	0.9991	0.9992692133669894	-0.000733579896564131
vkkhzo5vo6hete7ff0czcb04	1	2	157	10	1	Go	GW	1	1	0.51	1	1.0	0	0.9993	0.9994748101910825	-0.0005265890881298736
vkkhzo5vo6hete7ff0czcb04	1	2	163	11	1	Go	GW	1	1	0.588	1	0.0	1	0.9951	0.9954438453476799	-0.004635695898934423
vkkhzo5vo6hete7ff0czcb04	1	2	166	12	1	Go	GW	1	1	0.548	1	0.0	1	0.9984	0.9983485313857001	-0.0016612093938048744
vkkhzo5vo6hete7ff0czcb04	1	2	172	13	1	Go	GW	1	1	0.467	1	0.0	1	0.9988	0.9990973315270613	-0.0009059087864331711
vkkhzo5vo6hete7ff0czcb04	1	2	173	14	1	Go	GW	1	1	0.408	1	1.0	0	0.999	0.9994008373950343	-0.0006006945561519685
vkkhzo5vo6hete7ff0czcb04	1	2	180	15	1	Go	GW	1	1	0.93	1	0.0	1	0.9941	0.9945680542799621	-0.005544906187494404
vkkhzo5vo6hete7ff0czcb04	1	2	184	16	1	Go	GW	1	1	0.407	1	0.0	1	0.9976	0.9981800983157664	-0.0018316025732693264
vkkhzo5vo6hete7ff0czcb04	1	2	186	17	1	Go	GW	1	1	0.391	1	1.0	0	0.9991	0.9990475095757568	-0.0009559885100993124
vkkhzo5vo6hete7ff0czcb04	1	2	190	18	1	Go	GW	1	1	0.354	1	0.0	1	0.9916	0.9918480948170598	-0.008391596268869629
vkkhzo5vo6hete7ff0czcb04	1	2	194	19	1	Go	GW	1	1	0.428	1	0.0	1	0.998	0.9975081149779184	-0.0025146677014844456
vkkhzo5vo6hete7ff0czcb04	1	2	199	20	1	Go	GW	1	1	0.451	1	0.0	1	0.9992	0.9987998660331777	-0.0012059014784525752
vkkhzo5vo6hete7ff0czcb04	1	2	203	21	1	Go	GW	1	1	0.408	1	0.0	1	0.9992	0.9992710453627038	-0.0007311782462056094
vkkhzo5vo6hete7ff0czcb04	1	2	205	22	1	Go	GW	1	1	0.304	1	0.0	1	0.9994	0.9994827737706186	-0.0005184014552802297
vkkhzo5vo6hete7ff0czcb04	1	2	210	23	1	Go	GW	1	1	0.407	1	0.0	1	0.9997	0.9995907236328123	-0.0004100720029909594
vkkhzo5vo6hete7ff0czcb04	1	2	214	24	1	Go	GW	1	1	0.407	1	0.0	1	0.9996	0.9996507630520788	-0.00034987462234664705
vkkhzo5vo6hete7ff0czcb04	1	2	217	25	1	Go	GW	1	1	0.481	1	1.0	0	0.9996	0.9996863797126149	-0.00031418499120069554
vkkhzo5vo6hete7ff0czcb04	1	2	224	26	1	Go	GW	1	1	0.394	1	0.0	1	0.9977	0.996705202382071	-0.003355134652117135
vkkhzo5vo6hete7ff0czcb04	1	2	225	27	1	Go	GW	1	1	0.422	1	0.0	1	0.9994	0.9988643967489774	-0.001140647177757128
vkkhzo5vo6hete7ff0czcb04	1	2	231	28	1	Go	GW	1	1	0.695	1	1.0	0	0.9992	0.9993454945344762	-0.0006562468751157996
vkkhzo5vo6hete7ff0czcb04	1	2	233	29	1	Go	GW	1	1	0.543	1	0.0	1	0.9927	0.9937655874550162	-0.006398184437304884
vkkhzo5vo6hete7ff0czcb04	1	2	239	30	1	Go	GW	1	1	0.438	1	0.0	1	0.9982	0.9981334932278764	-0.0018789308533037883
vkkhzo5vo6hete7ff0czcb04	1	1	4	1	1	Go	GW	1	1	0.618	1	0.0	1	0.6898	0.6906735264539536	-0.39692689086211863
vkkhzo5vo6hete7ff0czcb04	1	1	7	2	1	Go	GW	1	1	0.481	1	0.0	1	0.9616	0.9594818203076848	-0.04299742724197486
vkkhzo5vo6hete7ff0czcb04	1	1	12	3	1	Go	GW	1	1	0.439	1	1.0	0	0.9892	0.9894546550275254	-0.010832574217401662
vkkhzo5vo6hete7ff0czcb04	1	1	16	4	1	Go	GW	1	1	0.497	1	0.0	1	0.9519	0.9523210094929789	-0.05165735511414178
vkkhzo5vo6hete7ff0czcb04	1	1	20	5	1	Go	GW	1	1	0.548	1	0.0	1	0.9893	0.9875307426362737	-0.01294261999358557
vkkhzo5vo6hete7ff0czcb04	1	1	24	6	1	Go	GW	1	1	0.398	1	0.0	1	0.9951	0.9954148669036492	-0.004674606525607876
vkkhzo5vo6hete7ff0czcb04	1	1	27	7	1	Go	GW	1	1	0.396	1	0.0	1	0.998	0.9978961578266113	-0.0021262748337622242
vkkhzo5vo6hete7ff0czcb04	1	1	32	8	1	Go	GW	1	1	0.546	1	0.0	1	0.9989	0.998849013834839	-0.0011580617644796345
vkkhzo5vo6hete7ff0czcb04	1	1	33	9	1	Go	GW	1	1	0.512	1	0.0	1	0.9992	0.9992692133669894	-0.000733579896564131
vkkhzo5vo6hete7ff0czcb04	1	1	37	10	1	Go	GW	1	1	0.512	1	1.0	0	0.9992	0.9994748101910825	-0.0005265890881298736
vkkhzo5vo6hete7ff0czcb04	1	1	41	11	1	Go	GW	1	1	0.512	1	0.0	1	0.9941	0.9954438453476799	-0.004635695898934423
vkkhzo5vo6hete7ff0czcb04	1	1	48	12	1	Go	GW	1	1	0.487	1	0.0	1	0.9984	0.9983485313857001	-0.0016612093938048744
vkkhzo5vo6hete7ff0czcb04	1	1	51	13	1	Go	GW	1	1	0.53	1	0.0	1	0.9994	0.9990973315270613	-0.0009059087864331711
vkkhzo5vo6hete7ff0czcb04	1	1	54	14	1	Go	GW	1	1	0.365	1	1.0	0	0.9997	0.9994008373950343	-0.0006006945561519685
vkkhzo5vo6hete7ff0czcb04	1	1	57	15	1	Go	GW	1	1	0.483	1	0.0	1	0.9948	0.9945680542799621	-0.005544906187494404
vkkhzo5vo6hete7ff0czcb04	1	1	63	16	1	Go	GW	1	1	0.55	1	0.0	1	0.9985	0.9981800983157664	-0.0018316025732693264
vkkhzo5vo6hete7ff0czcb04	1	1	65	17	1	Go	GW	1	1	0.392	1	1.0	0	0.9992	0.9990475095757568	-0.0009559885100993124
vkkhzo5vo6hete7ff0czcb04	1	1	70	18	1	Go	GW	1	1	0.402	1	0.0	1	0.9934	0.9918480948170598	-0.008391596268869629
vkkhzo5vo6hete7ff0czcb04	1	1	75	19	1	Go	GW	1	1	0.453	1	0.0	1	0.9978	0.9975081149779184	-0.0025146677014844456
vkkhzo5vo6hete7ff0czcb04	1	1	80	20	1	Go	GW	1	1	0.367	1	0.0	1	0.9991	0.9987998660331777	-0.0012059014784525752
vkkhzo5vo6hete7ff0czcb04	1	1	83	21	1	Go	GW	1	1	0.543	1	0.0	1	0.9991	0.9992710453627038	-0.0007311782462056094
vkkhzo5vo6hete7ff0czcb04	1	1	86	22	1	Go	GW	1	1	0.744	1	0.0	1	0.9996	0.9994827737706186	-0.0005184014552802297
vkkhzo5vo6hete7ff0czcb04	1	1	91	23	1	Go	GW	1	1	0.627	1	0.0	1	0.9994	0.9995907236328123	-0.0004100720029909594
vkkhzo5vo6hete7ff0czcb04	1	1	94	24	1	Go	GW	1	1	0.392	1	0.0	1	1.0	0.9996507630520788	-0.00034987462234664705
vkkhzo5vo6hete7ff0czcb04	1	1	100	25	1	Go	GW	1	1	0.604	1	1.0	0	0.9997	0.9996863797126149	-0.00031418499120069554
vkkhzo5vo6hete7ff0czcb04	1	1	103	26	1	Go	GW	1	1	0.467	1	0.0	1	0.9965	0.996705202382071	-0.003355134652117135
vkkhzo5vo6hete7ff0czcb04	1	1	105	27	1	Go	GW	1	1	0.515	1	0.0	1	0.9994	0.9988643967489774	-0.001140647177757128
vkkhzo5vo6hete7ff0czcb04	1	1	112	28	1	Go	GW	1	1	0.507	1	1.0	0	0.9995	0.9993454945344762	-0.0006562468751157996
vkkhzo5vo6hete7ff0czcb04	1	1	115	29	1	Go	GW	1	1	0.453	1	0.0	1	0.9941	0.9937655874550162	-0.006398184437304884
vkkhzo5vo6hete7ff0czcb04	1	1	118	30	1	Go	GW	1	1	0.471	1	0.0	1	0.9984	0.9981334932278764	-0.0018789308533037883
vkkhzo5vo6hete7ff0czcb04	1	1	3	1	1	No-Go	NGW	0	1	0.828	0	0.0	0	0.6891	0.6906735264539536	-0.39692689086211863
vkkhzo5vo6hete7ff0czcb04	1	1	6	2	1	No-Go	NGW	0	1	0.68	0	0.0	0	0.4203	0.4209898484205875	-0.9341894523346441
vkkhzo5vo6hete7ff0czcb04	1	1	11	3	1	No-Go	NGW	0	0		1	0.0	1	0.2148	0.7830813209166505	-0.25585866692995907
vkkhzo5vo6hete7ff0czcb04	1	1	14	4	1	No-Go	NGW	0	0		1	0.0	1	0.0836	0.9142087104424772	-0.09270420733397088
vkkhzo5vo6hete7ff0czcb04	1	1	19	5	1	No-Go	NGW	0	0		1	1.0	0	0.0377	0.9634356658766544	-0.038070663498672504
vkkhzo5vo6hete7ff0czcb04	1	1	22	6	1	No-Go	NGW	0	0		1	0.0	1	0.1277	0.8760268958956545	-0.1364531319327791
vkkhzo5vo6hete7ff0czcb04	1	1	28	7	1	No-Go	NGW	0	0		1	0.0	1	0.0515	0.9502597170374601	-0.05211934339391242
vkkhzo5vo6hete7ff0czcb04	1	1	29	8	1	No-Go	NGW	0	0		1	1.0	0	0.0195	0.977774065530434	-0.0227988134399119
vkkhzo5vo6hete7ff0czcb04	1	1	34	9	1	No-Go	NGW	0	0		1	0.0	1	0.083	0.9167295345279232	-0.08892705351064069
vkkhzo5vo6hete7ff0czcb04	1	1	38	10	1	No-Go	NGW	0	0		1	0.0	1	0.0328	0.9659584596939969	-0.03515599738056302
vkkhzo5vo6hete7ff0czcb04	1	1	44	11	1	No-Go	NGW	0	0		1	0.0	1	0.0157	0.9842734572226626	-0.01601237341771018
vkkhzo5vo6hete7ff0czcb04	1	1	45	12	1	No-Go	NGW	0	0		1	0.0	1	0.0093	0.9919409254207985	-0.00814706328793114
vkkhzo5vo6hete7ff0czcb04	1	1	52	13	1	No-Go	NGW	0	0		1	1.0	0	0.0043	0.9954939031665905	-0.004537422955003059
vkkhzo5vo6hete7ff0czcb04	1	1	53	14	1	No-Go	NGW	0	0		1	0.0	1	0.0207	0.9786522299881557	-0.021805534101277668
vkkhzo5vo6hete7ff0czcb04	1	1	60	15	1	No-Go	NGW	0	0		1	0.0	1	0.0111	0.9899252506233169	-0.010190664527032505
vkkhzo5vo6hete7ff0czcb04	1	1	62	16	1	No-Go	NGW	0	0		1	1.0	0	0.0042	0.9946440537147965	-0.005393920914836101
vkkhzo5vo6hete7ff0czcb04	1	1	67	17	1	No-Go	NGW	0	0		1	0.0	1	0.0264	0.9734987402330396	-0.027259094407024734
vkkhzo5vo6hete7ff0czcb04	1	1	69	18	1	No-Go	NGW	0	0		1	0.0	1	0.0105	0.9882429044384744	-0.011911374196842383
vkkhzo5vo6hete7ff0czcb04	1	1	76	19	1	No-Go	NGW	0	0		1	0.0	1	0.007	0.9939847005392143	-0.006061139900397125
vkkhzo5vo6hete7ff0czcb04	1	1	79	20	1	No-Go	NGW	0	0		1	0.0	1	0.003	0.9965814151574716	-0.0034354784464260533
vkkhzo5vo6hete7ff0czcb04	1	1	84	21	1	No-Go	NGW	0	0		1	0.0	1	0.0019	0.9978894928468297	-0.0021177674448812187
vkkhzo5vo6hete7ff0czcb04	1	1	85	22	1	No-Go	NGW	0	0		1	0.0	1	0.0012	0.9986049136881869	-0.00139861783468292
vkkhzo5vo6hete7ff0czcb04	1	1	89	23	1	No-Go	NGW	0	0		1	0.0	1	0.001	0.9990227034806473	-0.0009792068789906607
vkkhzo5vo6hete7ff0czcb04	1	1	95	24	1	No-Go	NGW	0	0		1	1.0	0	0.0007	0.9992801680599099	-0.0007209671738443756
vkkhzo5vo6hete7ff0czcb04	1	1	99	25	1	No-Go	NGW	0	0		1	0.0	1	0.0045	0.9950962732827809	-0.004950424801344075
vkkhzo5vo6hete7ff0czcb04	1	1	101	26	1	No-Go	NGW	0	0		1	0.0	1	0.0035	0.9973080819990348	-0.0027053448382074225
vkkhzo5vo6hete7ff0czcb04	1	1	107	27	1	No-Go	NGW	0	0		1	0.0	1	0.0021	0.9983377684489	-0.0016676437302626666
vkkhzo5vo6hete7ff0czcb04	1	1	111	28	1	No-Go	NGW	0	0		1	0.0	1	0.0007	0.9988844703305753	-0.0011181753888316519
vkkhzo5vo6hete7ff0czcb04	1	1	116	29	1	No-Go	NGW	0	0		1	0.0	1	0.0006	0.9992016773880134	-0.000799801432597791
vkkhzo5vo6hete7ff0czcb04	1	1	119	30	1	No-Go	NGW	0	0		1	1.0	0	0.0005	0.9993981555628682	-0.0006027610926374438
vkkhzo5vo6hete7ff0czcb04	1	1	2	1	0	No-Go	NGAL	0	1	0.617	0	0.0	0	0.6529	0.6419454776986678	-0.45271533457319824
vkkhzo5vo6hete7ff0czcb04	1	1	8	2	0	No-Go	NGAL	0	1	0.604	0	0.0	0	0.3639	0.3605766211412933	-1.0778933270515805
vkkhzo5vo6hete7ff0czcb04	1	1	10	3	0	No-Go	NGAL	0	0		1	0.0	1	0.1775	0.8209634060047254	-0.2056052236902124
vkkhzo5vo6hete7ff0czcb04	1	1	13	4	0	No-Go	NGAL	0	0		1	1.0	0	0.0701	0.9282089569495616	-0.0773503496887451
vkkhzo5vo6hete7ff0czcb04	1	1	18	5	0	No-Go	NGAL	0	0		1	0.0	1	0.106	0.8883131519255901	-0.12244209538963409
vkkhzo5vo6hete7ff0czcb04	1	1	23	6	0	No-Go	NGAL	0	0		1	0.0	1	0.0487	0.9550841381661792	-0.047096775985222425
vkkhzo5vo6hete7ff0czcb04	1	1	25	7	0	No-Go	NGAL	0	0		1	1.0	0	0.0203	0.9797134704133665	-0.020857277701081083
vkkhzo5vo6hete7ff0czcb04	1	1	30	8	0	No-Go	NGAL	0	0		1	0.0	1	0.0368	0.9632374475422257	-0.03855980028338829
vkkhzo5vo6hete7ff0czcb04	1	1	35	9	0	No-Go	NGAL	0	0		1	0.0	1	0.0143	0.9839806669992315	-0.01637813961639833
vkkhzo5vo6hete7ff0czcb04	1	1	39	10	0	No-Go	NGAL	0	0		1	0.0	1	0.0079	0.9920555319262861	-0.008047035375432278
vkkhzo5vo6hete7ff0czcb04	1	1	42	11	0	No-Go	NGAL	0	0		1	0.0	1	0.0045	0.9956367798103858	-0.004399314576597108
vkkhzo5vo6hete7ff0czcb04	1	1	46	12	0	No-Go	NGAL	0	0		1	1.0	0	0.0024	0.997397120901404	-0.002617547039289852
vkkhzo5vo6hete7ff0czcb04	1	1	50	13	0	No-Go	NGAL	0	0		1	0.0	1	0.005	0.9946209095050039	-0.005435775466591818
vkkhzo5vo6hete7ff0czcb04	1	1	55	14	0	No-Go	NGAL	0	0		1	0.0	1	0.0024	0.9971066897124836	-0.002909090563587455
vkkhzo5vo6hete7ff0czcb04	1	1	59	15	0	No-Go	NGAL	0	0		1	0.0	1	0.0013	0.9982537470218935	-0.0017524115799337969
vkkhzo5vo6hete7ff0czcb04	1	1	61	16	0	No-Go	NGAL	0	0		1	0.0	1	0.001	0.9988532278580001	-0.001149686393747368
vkkhzo5vo6hete7ff0czcb04	1	1	68	17	0	No-Go	NGAL	0	0		1	0.0	1	0.0008	0.9991951416498237	-0.0008064364671803948
vkkhzo5vo6hete7ff0czcb04	1	1	72	18	0	No-Go	NGAL	0	0		1	0.0	1	0.0007	0.9994034290527783	-0.0005975218340787605
vkkhzo5vo6hete7ff0czcb04	1	1	73	19	0	No-Go	NGAL	0	0		1	1.0	0	0.0006	0.9995370801055771	-0.0004635466021001305
vkkhzo5vo6hete7ff0czcb04	1	1	78	20	0	No-Go	NGAL	0	0		1	0.0	1	0.0004	0.9989154919207557	-0.001087768665773253
vkkhzo5vo6hete7ff0czcb04	1	1	81	21	0	No-Go	NGAL	0	0		1	1.0	0	0.0007	0.9992902509602299	-0.0007110213147164493
vkkhzo5vo6hete7ff0czcb04	1	1	87	22	0	No-Go	NGAL	0	0		1	0.0	1	0.0028	0.9975673093333375	-0.0024759056175394298
vkkhzo5vo6hete7ff0czcb04	1	1	92	23	0	No-Go	NGAL	0	0		1	0.0	1	0.0018	0.9987953002913071	-0.0012098445783135631
vkkhzo5vo6hete7ff0czcb04	1	1	96	24	0	No-Go	NGAL	0	0		1	0.0	1	0.0003	0.9992591332766633	-0.0007424408957926587
vkkhzo5vo6hete7ff0czcb04	1	1	97	25	0	No-Go	NGAL	0	0		1	0.0	1	0.0008	0.9994827401076458	-0.0005180163495372874
vkkhzo5vo6hete7ff0czcb04	1	1	104	26	0	No-Go	NGAL	0	0		1	0.0	1	0.0004	0.9996075295837141	-0.00039293681370518
vkkhzo5vo6hete7ff0czcb04	1	1	106	27	0	No-Go	NGAL	0	0		1	1.0	0	0.0002	0.9996842102755777	-0.0003161227464098701
vkkhzo5vo6hete7ff0czcb04	1	1	109	28	0	No-Go	NGAL	0	0		1	0.0	1	0.0011	0.999039145413751	-0.0009651831532129149
vkkhzo5vo6hete7ff0czcb04	1	1	113	29	0	No-Go	NGAL	0	0		1	0.0	1	0.0004	0.9994090584397414	-0.0005921561777519976
vkkhzo5vo6hete7ff0czcb04	1	1	117	30	0	No-Go	NGAL	0	0		1	0.0	1	0.0004	0.9995804925944535	-0.00042009661346018414
vkkhzo5vo6hete7ff0czcb04	1	1	1	1	0	Go	GAL	1	1	0.597	1	0.0	1	0.6405	0.6419454776986678	-0.45271533457319824
vkkhzo5vo6hete7ff0czcb04	1	1	5	2	0	Go	GAL	1	0		0	0.0	0	0.8447	0.15158325550306584	-2.0138059783424485
vkkhzo5vo6hete7ff0czcb04	1	1	9	3	0	Go	GAL	1	1	1.067	1	1.0	0	0.8923	0.8939382018328501	-0.11614380149374212
vkkhzo5vo6hete7ff0czcb04	1	1	15	4	0	Go	GAL	1	1	0.562	1	0.0	1	0.7071	0.7107983803084125	-0.35485061372461385
vkkhzo5vo6hete7ff0czcb04	1	1	17	5	0	Go	GAL	1	1	0.602	1	0.0	1	0.878	0.8822458520931108	-0.1296108562408329
vkkhzo5vo6hete7ff0czcb04	1	1	21	6	0	Go	GAL	1	1	0.497	1	0.0	1	0.9449	0.9494082849776397	-0.053250934910247155
vkkhzo5vo6hete7ff0czcb04	1	1	26	7	0	Go	GAL	1	0		0	0.0	0	0.9762	0.02381912444167505	-4.6563798158752725
vkkhzo5vo6hete7ff0czcb04	1	1	31	8	0	Go	GAL	1	1	0.562	1	0.0	1	0.9802	0.9813770117056733	-0.01917480154698647
vkkhzo5vo6hete7ff0czcb04	1	1	36	9	0	Go	GAL	1	1	0.666	1	1.0	0	0.9893	0.9903175288444136	-0.009856287265364057
vkkhzo5vo6hete7ff0czcb04	1	1	40	10	0	Go	GAL	1	1	0.605	1	0.0	1	0.9637	0.9624878562076387	-0.03911993420063028
vkkhzo5vo6hete7ff0czcb04	1	1	43	11	0	Go	GAL	1	1	0.605	1	0.0	1	0.9822	0.9826277390675338	-0.017789483997385887
vkkhzo5vo6hete7ff0czcb04	1	1	47	12	0	Go	GAL	1	1	0.58	1	1.0	0	0.9916	0.9910524136279281	-0.009079125097937268
vkkhzo5vo6hete7ff0czcb04	1	1	49	13	0	Go	GAL	1	1	1.393	1	0.0	1	0.962	0.9630949050574514	-0.038450669874154006
vkkhzo5vo6hete7ff0czcb04	1	1	56	14	0	Go	GAL	1	1	0.678	1	0.0	1	0.9848	0.9833542171057992	-0.01701011158349169
vkkhzo5vo6hete7ff0czcb04	1	1	58	15	0	Go	GAL	1	1	0.542	1	0.0	1	0.9915	0.9915145266326696	-0.008597568169047269
vkkhzo5vo6hete7ff0czcb04	1	1	64	16	0	Go	GAL	1	1	0.528	1	0.0	1	0.9954	0.9952417036627705	-0.004799208483266789
vkkhzo5vo6hete7ff0czcb04	1	1	66	17	0	Go	GAL	1	1	0.378	1	0.0	1	0.9969	0.9971157575779971	-0.0029012854378432725
vkkhzo5vo6hete7ff0czcb04	1	1	71	18	0	Go	GAL	1	1	0.346	1	1.0	0	0.998	0.9981327027393149	-0.001875237613646903
vkkhzo5vo6hete7ff0czcb04	1	1	74	19	0	Go	GAL	1	1	0.516	1	0.0	1	0.99	0.9902567289709706	-0.009895955205852952
vkkhzo5vo6hete7ff0czcb04	1	1	77	20	0	Go	GAL	1	1	0.665	1	0.0	1	0.9942	0.9948840816780841	-0.005161442313810784
vkkhzo5vo6hete7ff0czcb04	1	1	82	21	0	Go	GAL	1	1	0.74	1	0.0	1	0.997	0.9970030175860708	-0.0030145685176583884
vkkhzo5vo6hete7ff0czcb04	1	1	88	22	0	Go	GAL	1	1	0.395	1	0.0	1	0.9983	0.9980946200148253	-0.0019133584052491524
vkkhzo5vo6hete7ff0czcb04	1	1	90	23	0	Go	GAL	1	1	0.621	1	0.0	1	0.9987	0.9987064673186109	-0.001297618374459337
vkkhzo5vo6hete7ff0czcb04	1	1	93	24	0	Go	GAL	1	1	0.504	1	1.0	0	0.9986	0.9990723814323803	-0.0009299309222109372
vkkhzo5vo6hete7ff0czcb04	1	1	98	25	0	Go	GAL	1	1	0.517	1	0.0	1	0.9941	0.9942690925859852	-0.005804184002601711
vkkhzo5vo6hete7ff0czcb04	1	1	102	26	0	Go	GAL	1	1	0.513	1	0.0	1	0.997	0.9968620174963873	-0.003159697261790857
vkkhzo5vo6hete7ff0czcb04	1	1	108	27	0	Go	GAL	1	1	0.5	1	0.0	1	0.9976	0.998071100838096	-0.001937720410000023
vkkhzo5vo6hete7ff0czcb04	1	1	110	28	0	Go	GAL	1	1	0.515	1	1.0	0	0.9993	0.9987125673304416	-0.0012917320542707848
vkkhzo5vo6hete7ff0czcb04	1	1	114	29	0	Go	GAL	1	1	0.422	1	0.0	1	0.9924	0.991985369821998	-0.008165460536095619
vkkhzo5vo6hete7ff0czcb04	1	1	120	30	0	Go	GAL	1	1	0.618	1	0.0	1	0.9967	0.9959269054190608	-0.004109809324351452
vunoao3ndpdppgruy4molrto	1	1	4	1	0	Go	GAL	1	0		0	0.0	0	0.5967	0.3920765788960587	-0.9512035145296066
vunoao3ndpdppgruy4molrto	1	1	6	2	0	Go	GAL	1	1	0.853	1	1.0	0	0.6055	0.6129244254880678	-0.4955933035209604
vunoao3ndpdppgruy4molrto	1	1	10	3	0	Go	GAL	1	0		0	0.0	0	0.5328	0.46479192713423445	-0.7774981867298808
vunoao3ndpdppgruy4molrto	1	1	13	4	0	Go	GAL	1	0		0	0.0	0	0.5399	0.4595711413933034	-0.7890273737849607
vunoao3ndpdppgruy4molrto	1	1	18	5	0	Go	GAL	1	0		0	0.0	0	0.544	0.45438428784696405	-0.8007267546718065
vunoao3ndpdppgruy4molrto	1	1	23	6	0	Go	GAL	1	1	0.88	1	0.0	1	0.5493	0.5507662592202489	-0.6046138989346141
vunoao3ndpdppgruy4molrto	1	1	25	7	0	Go	GAL	1	1	1.121	1	0.0	1	0.6276	0.6302899347434252	-0.4677039648385769
vunoao3ndpdppgruy4molrto	1	1	29	8	0	Go	GAL	1	1	0.497	1	1.0	0	0.7026	0.700390642736901	-0.36114880889738415
vunoao3ndpdppgruy4molrto	1	1	35	9	0	Go	GAL	1	1	0.616	1	0.0	1	0.6255	0.6273668978437086	-0.4723345541032356
vunoao3ndpdppgruy4molrto	1	1	40	10	0	Go	GAL	1	1	0.679	1	0.0	1	0.6996	0.6979139660411953	-0.3646511153244419
vunoao3ndpdppgruy4molrto	1	1	41	11	0	Go	GAL	1	1	0.575	1	0.0	1	0.7567	0.7576549357296841	-0.2816644534422961
vunoao3ndpdppgruy4molrto	1	1	46	12	0	Go	GAL	1	1	0.455	1	0.0	1	0.8	0.8067428140217939	-0.2181060451237498
vunoao3ndpdppgruy4molrto	1	1	50	13	0	Go	GAL	1	1	0.624	1	0.0	1	0.8495	0.8462648253987458	-0.16956942565966215
vunoao3ndpdppgruy4molrto	1	1	56	14	0	Go	GAL	1	0		0	1.0	1	0.8759	0.12232126874663968	-2.2113903439093376
vunoao3ndpdppgruy4molrto	1	1	57	15	0	Go	GAL	1	1	0.89	1	0.0	1	0.843	0.8405413277015449	-0.1763177889936312
vunoao3ndpdppgruy4molrto	1	1	63	16	0	Go	GAL	1	0		0	1.0	1	0.8753	0.12797317071401432	-2.152849998362364
vunoao3ndpdppgruy4molrto	1	1	67	17	0	Go	GAL	1	0		0	0.0	0	0.8241	0.16517744252694566	-1.8680745781261774
vunoao3ndpdppgruy4molrto	1	1	71	18	0	Go	GAL	1	1	0.329	1	0.0	1	0.8399	0.8376802832345914	-0.17971447126821555
vunoao3ndpdppgruy4molrto	1	1	76	19	0	Go	GAL	1	1	0.502	1	0.0	1	0.8702	0.8686826696379385	-0.14280046456429665
vunoao3ndpdppgruy4molrto	1	1	77	20	0	Go	GAL	1	1	0.638	1	0.0	1	0.8877	0.893582044183782	-0.11407283454772678
vunoao3ndpdppgruy4molrto	1	1	81	21	0	Go	GAL	1	1	0.443	1	0.0	1	0.9128	0.9135023009283652	-0.09165455642934164
vunoao3ndpdppgruy4molrto	1	1	85	22	0	Go	GAL	1	1	0.478	1	1.0	0	0.9332	0.9294188692936536	-0.07409353221551186
vunoao3ndpdppgruy4molrto	1	1	92	23	0	Go	GAL	1	1	0.549	1	0.0	1	0.8948	0.8988242490713731	-0.1079418276078517
vunoao3ndpdppgruy4molrto	1	1	96	24	0	Go	GAL	1	1	0.512	1	0.0	1	0.9198	0.917817338332045	-0.08673919921332827
vunoao3ndpdppgruy4molrto	1	1	98	25	0	Go	GAL	1	1	0.616	1	0.0	1	0.9286	0.932952308144997	-0.07015428830686171
vunoao3ndpdppgruy4molrto	1	1	104	26	0	Go	GAL	1	1	0.433	1	0.0	1	0.9417	0.9450293439937039	-0.05711494223054368
vunoao3ndpdppgruy4molrto	1	1	107	27	0	Go	GAL	1	1	0.326	1	0.0	1	0.9528	0.9546914137331576	-0.046806871767534425
vunoao3ndpdppgruy4molrto	1	1	112	28	0	Go	GAL	1	1	0.501	1	0.0	1	0.9651	0.9624481906358157	-0.03861147955983182
vunoao3ndpdppgruy4molrto	1	1	116	29	0	Go	GAL	1	1	0.512	1	0.0	1	0.9724	0.9687005460460226	-0.03205795459356732
vunoao3ndpdppgruy4molrto	1	1	119	30	0	Go	GAL	1	1	0.494	1	1.0	0	0.9736	0.9737625285462403	-0.026786880568893442
vunoao3ndpdppgruy4molrto	1	1	3	1	1	Go	GW	1	1	0.641	1	0.0	1	0.6109	0.6141297762279045	-0.5120686954683765
vunoao3ndpdppgruy4molrto	1	1	8	2	1	Go	GW	1	1	0.569	1	1.0	0	0.9206	0.9191381910330627	-0.0856139982123951
vunoao3ndpdppgruy4molrto	1	1	11	3	1	Go	GW	1	1	0.496	1	0.0	1	0.8847	0.8870998274319088	-0.12169201362454982
vunoao3ndpdppgruy4molrto	1	1	14	4	1	Go	GW	1	1	0.691	1	0.0	1	0.9736	0.9740715809327134	-0.026505562644647252
vunoao3ndpdppgruy4molrto	1	1	20	5	1	Go	GW	1	1	0.473	1	0.0	1	0.9912	0.9919925697031254	-0.008078782761636705
vunoao3ndpdppgruy4molrto	1	1	22	6	1	Go	GW	1	1	0.512	1	0.0	1	0.9965	0.9967795093126393	-0.0032353368167187826
vunoao3ndpdppgruy4molrto	1	1	28	7	1	Go	GW	1	1	0.556	1	1.0	0	0.9979	0.9983884818533741	-0.001616383111167988
vunoao3ndpdppgruy4molrto	1	1	30	8	1	Go	GW	1	1	0.441	1	0.0	1	0.9968	0.9972677104194522	-0.0027469857462540867
vunoao3ndpdppgruy4molrto	1	1	34	9	1	Go	GW	1	1	0.415	1	0.0	1	0.9981	0.99856275582819	-0.0014424314454761402
vunoao3ndpdppgruy4molrto	1	1	37	10	1	Go	GW	1	1	0.46	1	0.0	1	0.9993	0.9991072588850173	-0.0008952933378462314
vunoao3ndpdppgruy4molrto	1	1	43	11	1	Go	GW	1	1	0.417	1	0.0	1	0.9995	0.9993693502280928	-0.0006322454257919759
vunoao3ndpdppgruy4molrto	1	1	48	12	1	Go	GW	1	1	0.409	1	0.0	1	0.9994	0.9995090532026348	-0.0004921234573993398
vunoao3ndpdppgruy4molrto	1	1	52	13	1	Go	GW	1	1	0.415	1	1.0	0	0.9998	0.9995895401577382	-0.0004114272133701903
vunoao3ndpdppgruy4molrto	1	1	55	14	1	Go	GW	1	1	0.402	1	0.0	1	0.9991	0.9992180527209886	-0.0007860150032925137
vunoao3ndpdppgruy4molrto	1	1	59	15	1	Go	GW	1	1	0.419	1	0.0	1	0.9993	0.9994334303085769	-0.0005686625727026517
vunoao3ndpdppgruy4molrto	1	1	64	16	1	Go	GW	1	1	0.57	1	1.0	0	0.9993	0.9995476675306764	-0.0004537239834003744
vunoao3ndpdppgruy4molrto	1	1	66	17	1	Go	GW	1	1	0.424	1	0.0	1	0.9992	0.9991333937150781	-0.0008724648415099931
vunoao3ndpdppgruy4molrto	1	1	69	18	1	Go	GW	1	1	0.599	1	0.0	1	0.9995	0.9993959291460387	-0.0006066934742296943
vunoao3ndpdppgruy4molrto	1	1	75	19	1	Go	GW	1	1	0.416	1	0.0	1	0.9996	0.9995285221085279	-0.0004730836379086571
vunoao3ndpdppgruy4molrto	1	1	79	20	1	Go	GW	1	1	0.327	1	0.0	1	0.9995	0.9996034525091659	-0.00039772513203418163
vunoao3ndpdppgruy4molrto	1	1	82	21	1	Go	GW	1	1	0.328	1	0.0	1	0.9994	0.9996489434374516	-0.00035202253029837516
vunoao3ndpdppgruy4molrto	1	1	88	22	1	Go	GW	1	1	0.367	1	1.0	0	0.9996	0.9996779657231618	-0.00032288470779473586
vunoao3ndpdppgruy4molrto	1	1	90	23	1	Go	GW	1	1	0.284	1	0.0	1	0.9992	0.9993680375288239	-0.0006356782334229465
vunoao3ndpdppgruy4molrto	1	1	93	24	1	Go	GW	1	1	0.325	1	0.0	1	0.9995	0.9995208742596356	-0.0004810630757035961
vunoao3ndpdppgruy4molrto	1	1	100	25	1	Go	GW	1	1	0.356	1	0.0	1	0.9993	0.9996020965632276	-0.0003992162568061708
vunoao3ndpdppgruy4molrto	1	1	103	26	1	Go	GW	1	1	0.361	1	0.0	1	0.9996	0.9996497266098852	-0.00035130393983781534
vunoao3ndpdppgruy4molrto	1	1	105	27	1	Go	GW	1	1	0.383	1	0.0	1	0.9995	0.9996794346879113	-0.0003214495997682322
vunoao3ndpdppgruy4molrto	1	1	111	28	1	Go	GW	1	1	0.24	1	0.0	1	0.9997	0.9996987649180108	-0.0003020369987048453
vunoao3ndpdppgruy4molrto	1	1	114	29	1	Go	GW	1	1	0.402	1	0.0	1	0.9997	0.9997117375436289	-0.00028901535806534343
vunoao3ndpdppgruy4molrto	1	1	118	30	1	Go	GW	1	1	0.412	1	1.0	0	0.9998	0.9997206528678784	-0.00028006971102061384
vunoao3ndpdppgruy4molrto	1	1	2	1	0	No-Go	NGAL	0	0		1	0.0	1	0.6087	0.3920765788960587	-0.9512035145296066
vunoao3ndpdppgruy4molrto	1	1	7	2	0	No-Go	NGAL	0	1	0.717	0	1.0	1	0.5298	0.5299564693912054	-0.6437807462317803
vunoao3ndpdppgruy4molrto	1	1	12	3	0	No-Go	NGAL	0	1	0.912	0	0.0	0	0.6021	0.6079234211039414	-0.5038580265458473
vunoao3ndpdppgruy4molrto	1	1	16	4	0	No-Go	NGAL	0	0		1	0.0	1	0.5132	0.47295958531115856	-0.7599311534394191
vunoao3ndpdppgruy4molrto	1	1	19	5	0	No-Go	NGAL	0	0		1	0.0	1	0.4549	0.5493968016912759	-0.6084145835004524
vunoao3ndpdppgruy4molrto	1	1	21	6	0	No-Go	NGAL	0	0		1	0.0	1	0.3788	0.6206043422087932	-0.48534151247255397
vunoao3ndpdppgruy4molrto	1	1	27	7	0	No-Go	NGAL	0	0		1	0.0	1	0.3134	0.6842784530998319	-0.38652263685305804
vunoao3ndpdppgruy4molrto	1	1	31	8	0	No-Go	NGAL	0	0		1	0.0	1	0.26	0.7394123712771223	-0.30787169407109083
vunoao3ndpdppgruy4molrto	1	1	36	9	0	No-Go	NGAL	0	0		1	0.0	1	0.2137	0.7860105821042017	-0.2456454349203412
vunoao3ndpdppgruy4molrto	1	1	38	10	0	No-Go	NGAL	0	0		1	1.0	0	0.1764	0.8247143638303452	-0.19658123205825045
vunoao3ndpdppgruy4molrto	1	1	42	11	0	No-Go	NGAL	0	0		1	0.0	1	0.1734	0.8211830943777729	-0.20087107844847032
vunoao3ndpdppgruy4molrto	1	1	45	12	0	No-Go	NGAL	0	0		1	1.0	0	0.1397	0.8536268649309885	-0.16128863096922422
vunoao3ndpdppgruy4molrto	1	1	51	13	0	No-Go	NGAL	0	1	0.6	0	0.0	0	0.1493	0.14948014335255322	-2.003243985382815
vunoao3ndpdppgruy4molrto	1	1	53	14	0	No-Go	NGAL	0	0		1	0.0	1	0.1122	0.8849962069414076	-0.12448841531207412
vunoao3ndpdppgruy4molrto	1	1	58	15	0	No-Go	NGAL	0	0		1	0.0	1	0.0947	0.9063284621663293	-0.10011106958378667
vunoao3ndpdppgruy4molrto	1	1	61	16	0	No-Go	NGAL	0	0		1	0.0	1	0.0807	0.9234362869127953	-0.08097882602319265
vunoao3ndpdppgruy4molrto	1	1	68	17	0	No-Go	NGAL	0	0		1	0.0	1	0.0667	0.9371574075399872	-0.06590059409191845
vunoao3ndpdppgruy4molrto	1	1	72	18	0	No-Go	NGAL	0	0		1	0.0	1	0.0465	0.9481787584174072	-0.0539613701772166
vunoao3ndpdppgruy4molrto	1	1	73	19	0	No-Go	NGAL	0	0		1	0.0	1	0.0447	0.9570538287304371	-0.04445975468122507
vunoao3ndpdppgruy4molrto	1	1	80	20	0	No-Go	NGAL	0	0		1	1.0	0	0.0322	0.9642237401789083	-0.036858114057501584
vunoao3ndpdppgruy4molrto	1	1	83	21	0	No-Go	NGAL	0	0		1	1.0	0	0.036	0.9633178606728249	-0.03780771579639339
vunoao3ndpdppgruy4molrto	1	1	87	22	0	No-Go	NGAL	0	1	0.503	0	0.0	0	0.0384	0.03762324443897857	-3.5686273171225396
vunoao3ndpdppgruy4molrto	1	1	89	23	0	No-Go	NGAL	0	0		1	0.0	1	0.0314	0.9713663165970277	-0.0293611688686533
vunoao3ndpdppgruy4molrto	1	1	94	24	0	No-Go	NGAL	0	0		1	0.0	1	0.0256	0.9760844982020779	-0.024439442780129324
vunoao3ndpdppgruy4molrto	1	1	99	25	0	No-Go	NGAL	0	0		1	0.0	1	0.0201	0.9799122387717487	-0.020469250131771095
vunoao3ndpdppgruy4molrto	1	1	101	26	0	No-Go	NGAL	0	1	0.319	0	0.0	0	0.0197	0.01696738010421561	-4.505506913629286
vunoao3ndpdppgruy4molrto	1	1	106	27	0	No-Go	NGAL	0	0		1	0.0	1	0.013	0.9869750951506965	-0.013202878160166532
vunoao3ndpdppgruy4molrto	1	1	110	28	0	No-Go	NGAL	0	1	0.257	0	0.0	0	0.0113	0.0110608635648533	-5.025190856984005
vunoao3ndpdppgruy4molrto	1	1	113	29	0	No-Go	NGAL	0	0		1	1.0	0	0.0091	0.9914237534854763	-0.008661880816935528
vunoao3ndpdppgruy4molrto	1	1	117	30	0	No-Go	NGAL	0	0		1	0.0	1	0.0078	0.9911967665893683	-0.008892427795885461
vunoao3ndpdppgruy4molrto	1	1	1	1	1	No-Go	NGW	0	0		1	0.0	1	0.6227	0.3858702237720956	-1.014046579110854
vunoao3ndpdppgruy4molrto	1	1	5	2	1	No-Go	NGW	0	1	0.89	0	0.0	0	0.5399	0.5387858209888972	-0.6499730478838124
vunoao3ndpdppgruy4molrto	1	1	9	3	1	No-Go	NGW	0	1	0.551	0	0.0	0	0.462	0.4611732015708496	-0.8143656401267502
vunoao3ndpdppgruy4molrto	1	1	15	4	1	No-Go	NGW	0	0		1	0.0	1	0.3885	0.6120624822404881	-0.511375173793454
vunoao3ndpdppgruy4molrto	1	1	17	5	1	No-Go	NGW	0	0		1	1.0	0	0.3204	0.6805089658562902	-0.3992882285852892
vunoao3ndpdppgruy4molrto	1	1	24	6	1	No-Go	NGW	0	1	1.013	0	0.0	0	0.4029	0.39601418865563137	-0.97653224568733
vunoao3ndpdppgruy4molrto	1	1	26	7	1	No-Go	NGW	0	1	0.695	0	1.0	1	0.3321	0.3292719313802806	-1.1739673289945654
vunoao3ndpdppgruy4molrto	1	1	32	8	1	No-Go	NGW	0	1	0.425	0	0.0	0	0.8136	0.8116523203494932	-0.21302242272006608
vunoao3ndpdppgruy4molrto	1	1	33	9	1	No-Go	NGW	0	1	0.503	0	0.0	0	0.7471	0.7515201406212539	-0.2916795862692418
vunoao3ndpdppgruy4molrto	1	1	39	10	1	No-Go	NGW	0	1	0.49	0	0.0	0	0.6841	0.6817877957056053	-0.3915925602479093
vunoao3ndpdppgruy4molrto	1	1	44	11	1	No-Go	NGW	0	1	0.399	0	0.0	0	0.6038	0.6054150506174153	-0.5144292986756391
vunoao3ndpdppgruy4molrto	1	1	47	12	1	No-Go	NGW	0	1	0.448	0	1.0	1	0.5234	0.5265069400843188	-0.660419067042327
vunoao3ndpdppgruy4molrto	1	1	49	13	1	No-Go	NGW	0	1	0.5	0	0.0	0	0.8863	0.8870415837808836	-0.12288831349739973
vunoao3ndpdppgruy4molrto	1	1	54	14	1	No-Go	NGW	0	1	0.435	0	0.0	0	0.8365	0.8443471230326756	-0.17424300392642036
vunoao3ndpdppgruy4molrto	1	1	60	15	1	No-Go	NGW	0	1	0.376	0	0.0	0	0.7954	0.7910987757790795	-0.24276305344047802
vunoao3ndpdppgruy4molrto	1	1	62	16	1	No-Go	NGW	0	1	0.737	0	1.0	1	0.7245	0.7279197782257283	-0.33147270563518744
vunoao3ndpdppgruy4molrto	1	1	65	17	1	No-Go	NGW	0	1	0.351	0	0.0	0	0.9357	0.9370741908015332	-0.0666391905709294
vunoao3ndpdppgruy4molrto	1	1	70	18	1	No-Go	NGW	0	1	0.369	0	0.0	0	0.906	0.9097762040033301	-0.09763764981357528
vunoao3ndpdppgruy4molrto	1	1	74	19	1	No-Go	NGW	0	1	0.354	0	0.0	0	0.8761	0.873554153277409	-0.1408981222594934
vunoao3ndpdppgruy4molrto	1	1	78	20	1	No-Go	NGW	0	1	0.393	0	0.0	0	0.8264	0.8274889823005126	-0.19970215677511258
vunoao3ndpdppgruy4molrto	1	1	84	21	1	No-Go	NGW	0	1	0.453	0	0.0	0	0.7781	0.7716301655229478	-0.27727167277203524
vunoao3ndpdppgruy4molrto	1	1	86	22	1	No-Go	NGW	0	1	0.312	0	1.0	1	0.7104	0.7072452118076488	-0.37626572622411886
vunoao3ndpdppgruy4molrto	1	1	91	23	1	No-Go	NGW	0	1	0.382	0	0.0	0	0.9304	0.9313367067961024	-0.07372437876698552
vunoao3ndpdppgruy4molrto	1	1	95	24	1	No-Go	NGW	0	1	0.353	0	0.0	0	0.899	0.9020722519987566	-0.10802494513888432
vunoao3ndpdppgruy4molrto	1	1	97	25	1	No-Go	NGW	0	1	0.481	0	0.0	0	0.8634	0.8638578465317017	-0.1556036513361499
vunoao3ndpdppgruy4molrto	1	1	102	26	1	No-Go	NGW	0	1	0.447	0	0.0	0	0.8133	0.8161331141981037	-0.21975728428310815
vunoao3ndpdppgruy4molrto	1	1	108	27	1	No-Go	NGW	0	1	0.295	0	1.0	1	0.7572	0.7593295380531692	-0.3035637394395749
vunoao3ndpdppgruy4molrto	1	1	109	28	1	No-Go	NGW	0	1	0.254	0	0.0	0	0.9405	0.9428187884444281	-0.06119039371310861
vunoao3ndpdppgruy4molrto	1	1	115	29	1	No-Go	NGW	0	1	0.353	0	0.0	0	0.919	0.9175144311249794	-0.090614210356519
vunoao3ndpdppgruy4molrto	1	1	120	30	1	No-Go	NGW	0	1	0.371	0	0.0	0	0.8865	0.8839667591949341	-0.1319488835002703
vunoao3ndpdppgruy4molrto	1	2	124	1	0	No-Go	NGAL	0	1	0.526	0	0.0	0	0.6009	0.6079234211039414	-0.5038580265458473
vunoao3ndpdppgruy4molrto	1	2	125	2	0	No-Go	NGAL	0	0		1	1.0	0	0.5353	0.47004353060879456	-0.7661380462985661
vunoao3ndpdppgruy4molrto	1	2	131	3	0	No-Go	NGAL	0	1	0.451	0	0.0	0	0.533	0.5352080728657657	-0.6336342025944353
vunoao3ndpdppgruy4molrto	1	2	135	4	0	No-Go	NGAL	0	0		1	0.0	1	0.4612	0.5413107154291357	-0.6231612433512248
vunoao3ndpdppgruy4molrto	1	2	138	5	0	No-Go	NGAL	0	0		1	0.0	1	0.3843	0.618493971417981	-0.488773857357161
vunoao3ndpdppgruy4molrto	1	2	144	6	0	No-Go	NGAL	0	0		1	0.0	1	0.3129	0.6870798583030598	-0.38257801090141025
vunoao3ndpdppgruy4molrto	1	2	146	7	0	No-Go	NGAL	0	0		1	0.0	1	0.2623	0.74576730022318	-0.29947422408604346
vunoao3ndpdppgruy4molrto	1	2	152	8	0	No-Go	NGAL	0	0		1	0.0	1	0.205	0.7946237300976938	-0.23486239281426405
vunoao3ndpdppgruy4molrto	1	2	155	9	0	No-Go	NGAL	0	0		1	0.0	1	0.1711	0.8345271136420624	-0.18480377224299965
vunoao3ndpdppgruy4molrto	1	2	160	10	0	No-Go	NGAL	0	0		1	1.0	0	0.1313	0.8667109512331234	-0.1460584187564575
vunoao3ndpdppgruy4molrto	1	2	163	11	0	No-Go	NGAL	0	1	0.555	0	0.0	0	0.1311	0.1359636937689285	-2.12526096228112
vunoao3ndpdppgruy4molrto	1	2	165	12	0	No-Go	NGAL	0	0		1	1.0	0	0.1073	0.8936572675790985	-0.11470717686963892
vunoao3ndpdppgruy4molrto	1	2	170	13	0	No-Go	NGAL	0	0		1	0.0	1	0.1064	0.8914858973108573	-0.11716149021661143
vunoao3ndpdppgruy4molrto	1	2	176	14	0	No-Go	NGAL	0	0		1	0.0	1	0.0873	0.9129729010421692	-0.09276336895693572
vunoao3ndpdppgruy4molrto	1	2	178	15	0	No-Go	NGAL	0	0		1	0.0	1	0.0663	0.9299287768261209	-0.07391701017096228
vunoao3ndpdppgruy4molrto	1	2	181	16	0	No-Go	NGAL	0	0		1	0.0	1	0.0543	0.9433178885601983	-0.059288493658607666
vunoao3ndpdppgruy4molrto	1	2	186	17	0	No-Go	NGAL	0	0		1	0.0	1	0.0458	0.9539131846585455	-0.04787256959363684
vunoao3ndpdppgruy4molrto	1	2	192	18	0	No-Go	NGAL	0	0		1	0.0	1	0.0384	0.9623242630559841	-0.038912632494828556
vunoao3ndpdppgruy4molrto	1	2	196	19	0	No-Go	NGAL	0	0		1	0.0	1	0.0336	0.9690273402235685	-0.03183871438853916
vunoao3ndpdppgruy4molrto	1	2	200	20	0	No-Go	NGAL	0	0		1	1.0	0	0.025	0.9743925384952585	-0.026220400475423972
vunoao3ndpdppgruy4molrto	1	2	201	21	0	No-Go	NGAL	0	0		1	1.0	0	0.0272	0.9737716142199648	-0.026863737781553106
vunoao3ndpdppgruy4molrto	1	2	206	22	0	No-Go	NGAL	0	0		1	0.0	1	0.0261	0.9731279326657366	-0.02753171884826868
vunoao3ndpdppgruy4molrto	1	2	211	23	0	No-Go	NGAL	0	0		1	0.0	1	0.0236	0.9776970642705426	-0.022773330643719003
vunoao3ndpdppgruy4molrto	1	2	216	24	0	No-Go	NGAL	0	0		1	0.0	1	0.0213	0.9813815252938243	-0.018957571014496025
vunoao3ndpdppgruy4molrto	1	2	219	25	0	No-Go	NGAL	0	0		1	0.0	1	0.0159	0.9843677027378103	-0.015879358958982286
vunoao3ndpdppgruy4molrto	1	2	224	26	0	No-Go	NGAL	0	0		1	0.0	1	0.0129	0.9868002538997863	-0.01338164932336129
vunoao3ndpdppgruy4molrto	1	2	228	27	0	No-Go	NGAL	0	0		1	0.0	1	0.0104	0.9887918389895054	-0.011343484548939409
vunoao3ndpdppgruy4molrto	1	2	229	28	0	No-Go	NGAL	0	0		1	0.0	1	0.0093	0.9904305383522766	-0.009671171167760268
vunoao3ndpdppgruy4molrto	1	2	234	29	0	No-Go	NGAL	0	0		1	1.0	0	0.0079	0.9917855003977851	-0.008291727308449834
vunoao3ndpdppgruy4molrto	1	2	239	30	0	No-Go	NGAL	0	0		1	0.0	1	0.0076	0.9915573632286292	-0.008523412534845317
vunoao3ndpdppgruy4molrto	1	2	121	1	1	Go	GW	1	1	0.522	1	0.0	1	0.6114	0.6141297762279045	-0.5120686954683765
vunoao3ndpdppgruy4molrto	1	2	126	2	1	Go	GW	1	1	0.508	1	1.0	0	0.9241	0.9191381910330627	-0.0856139982123951
vunoao3ndpdppgruy4molrto	1	2	129	3	1	Go	GW	1	1	0.978	1	0.0	1	0.8825	0.8870998274319088	-0.12169201362454982
vunoao3ndpdppgruy4molrto	1	2	136	4	1	Go	GW	1	1	0.534	1	0.0	1	0.974	0.9740715809327134	-0.026505562644647252
vunoao3ndpdppgruy4molrto	1	2	140	5	1	Go	GW	1	1	0.512	1	0.0	1	0.9914	0.9919925697031254	-0.008078782761636705
vunoao3ndpdppgruy4molrto	1	2	142	6	1	Go	GW	1	1	0.491	1	0.0	1	0.9961	0.9967795093126393	-0.0032353368167187826
vunoao3ndpdppgruy4molrto	1	2	147	7	1	Go	GW	1	1	0.331	1	1.0	0	0.9979	0.9983884818533741	-0.001616383111167988
vunoao3ndpdppgruy4molrto	1	2	150	8	1	Go	GW	1	1	0.439	1	0.0	1	0.9975	0.9972677104194522	-0.0027469857462540867
vunoao3ndpdppgruy4molrto	1	2	153	9	1	Go	GW	1	1	0.391	1	0.0	1	0.9987	0.99856275582819	-0.0014424314454761402
vunoao3ndpdppgruy4molrto	1	2	159	10	1	Go	GW	1	1	0.419	1	0.0	1	0.9991	0.9991072588850173	-0.0008952933378462314
vunoao3ndpdppgruy4molrto	1	2	161	11	1	Go	GW	1	1	0.566	1	0.0	1	0.9994	0.9993693502280928	-0.0006322454257919759
vunoao3ndpdppgruy4molrto	1	2	166	12	1	Go	GW	1	1	0.427	1	0.0	1	0.9993	0.9995090532026348	-0.0004921234573993398
vunoao3ndpdppgruy4molrto	1	2	171	13	1	Go	GW	1	1	0.425	1	1.0	0	0.9999	0.9995895401577382	-0.0004114272133701903
vunoao3ndpdppgruy4molrto	1	2	173	14	1	Go	GW	1	1	0.374	1	0.0	1	0.9991	0.9992180527209886	-0.0007860150032925137
vunoao3ndpdppgruy4molrto	1	2	180	15	1	Go	GW	1	1	0.584	1	0.0	1	0.9997	0.9994334303085769	-0.0005686625727026517
vunoao3ndpdppgruy4molrto	1	2	182	16	1	Go	GW	1	1	0.43	1	1.0	0	0.9995	0.9995476675306764	-0.0004537239834003744
vunoao3ndpdppgruy4molrto	1	2	185	17	1	Go	GW	1	1	0.605	1	0.0	1	0.9989	0.9991333937150781	-0.0008724648415099931
vunoao3ndpdppgruy4molrto	1	2	189	18	1	Go	GW	1	1	0.416	1	0.0	1	0.9996	0.9993959291460387	-0.0006066934742296943
vunoao3ndpdppgruy4molrto	1	2	194	19	1	Go	GW	1	1	0.413	1	0.0	1	0.9998	0.9995285221085279	-0.0004730836379086571
vunoao3ndpdppgruy4molrto	1	2	199	20	1	Go	GW	1	1	0.688	1	0.0	1	0.9997	0.9996034525091659	-0.00039772513203418163
vunoao3ndpdppgruy4molrto	1	2	203	21	1	Go	GW	1	1	0.708	1	0.0	1	0.9996	0.9996489434374516	-0.00035202253029837516
vunoao3ndpdppgruy4molrto	1	2	205	22	1	Go	GW	1	1	0.537	1	1.0	0	0.9999	0.9996779657231618	-0.00032288470779473586
vunoao3ndpdppgruy4molrto	1	2	209	23	1	Go	GW	1	1	0.318	1	0.0	1	0.9996	0.9993680375288239	-0.0006356782334229465
vunoao3ndpdppgruy4molrto	1	2	213	24	1	Go	GW	1	1	0.464	1	0.0	1	0.9996	0.9995208742596356	-0.0004810630757035961
vunoao3ndpdppgruy4molrto	1	2	217	25	1	Go	GW	1	1	0.39	1	0.0	1	0.9991	0.9996020965632276	-0.0003992162568061708
vunoao3ndpdppgruy4molrto	1	2	221	26	1	Go	GW	1	1	0.456	1	0.0	1	0.9996	0.9996497266098852	-0.00035130393983781534
vunoao3ndpdppgruy4molrto	1	2	227	27	1	Go	GW	1	1	0.869	1	0.0	1	0.9997	0.9996794346879113	-0.0003214495997682322
vunoao3ndpdppgruy4molrto	1	2	231	28	1	Go	GW	1	1	0.332	1	0.0	1	0.9999	0.9996987649180108	-0.0003020369987048453
vunoao3ndpdppgruy4molrto	1	2	235	29	1	Go	GW	1	1	0.269	1	0.0	1	0.9996	0.9997117375436289	-0.00028901535806534343
vunoao3ndpdppgruy4molrto	1	2	238	30	1	Go	GW	1	1	0.389	1	1.0	0	0.9996	0.9997206528678784	-0.00028006971102061384
vunoao3ndpdppgruy4molrto	1	2	123	1	0	Go	GAL	1	1	0.671	1	0.0	1	0.6064	0.6079234211039414	-0.5038580265458473
vunoao3ndpdppgruy4molrto	1	2	128	2	0	Go	GAL	1	0		0	1.0	1	0.678	0.31950151135531624	-1.163346234412775
vunoao3ndpdppgruy4molrto	1	2	130	3	0	Go	GAL	1	0		0	0.0	0	0.61	0.3920765788960587	-0.9512035145296066
vunoao3ndpdppgruy4molrto	1	2	134	4	0	Go	GAL	1	0		0	0.0	0	0.6178	0.3868800969337867	-0.9650531921891644
vunoao3ndpdppgruy4molrto	1	2	139	5	0	Go	GAL	1	1	0.869	1	0.0	1	0.6178	0.6182549506690431	-0.4869224066237067
vunoao3ndpdppgruy4molrto	1	2	143	6	0	Go	GAL	1	1	1.233	1	0.0	1	0.6882	0.6873218762577468	-0.3798312663096514
vunoao3ndpdppgruy4molrto	1	2	148	7	0	Go	GAL	1	1	0.719	1	0.0	1	0.7479	0.7465189651439343	-0.296357534747236
vunoao3ndpdppgruy4molrto	1	2	149	8	0	Go	GAL	1	1	0.381	1	1.0	0	0.7933	0.7957796978663895	-0.23171139746928845
vunoao3ndpdppgruy4molrto	1	2	156	9	0	Go	GAL	1	1	0.483	1	0.0	1	0.7305	0.7320062914667566	-0.3158647792923506
vunoao3ndpdppgruy4molrto	1	2	157	10	0	Go	GAL	1	1	0.481	1	0.0	1	0.7821	0.7839991732155454	-0.24654190272029355
vunoao3ndpdppgruy4molrto	1	2	164	11	0	Go	GAL	1	1	0.481	1	0.0	1	0.824	0.8265350597062643	-0.19309114239352293
vunoao3ndpdppgruy4molrto	1	2	168	12	0	Go	GAL	1	1	0.687	1	0.0	1	0.8597	0.8608055598373227	-0.15192395501609976
vunoao3ndpdppgruy4molrto	1	2	172	13	0	Go	GAL	1	1	0.551	1	0.0	1	0.8891	0.8881593842811966	-0.1201842795578179
vunoao3ndpdppgruy4molrto	1	2	175	14	0	Go	GAL	1	1	0.389	1	1.0	0	0.9105	0.9098834264284394	-0.095647412569969
vunoao3ndpdppgruy4molrto	1	2	177	15	0	Go	GAL	1	1	0.419	1	0.0	1	0.8738	0.873620648074829	-0.13673881216809458
vunoao3ndpdppgruy4molrto	1	2	183	16	0	Go	GAL	1	1	0.502	1	1.0	0	0.8936	0.898494265530586	-0.10830162303382389
vunoao3ndpdppgruy4molrto	1	2	188	17	0	Go	GAL	1	1	0.454	1	0.0	1	0.8567	0.858422533710892	-0.15442260156680665
vunoao3ndpdppgruy4molrto	1	2	190	18	0	Go	GAL	1	1	0.471	1	0.0	1	0.8823	0.8865852344806187	-0.12174281097503692
vunoao3ndpdppgruy4molrto	1	2	193	19	0	Go	GAL	1	1	0.745	1	0.0	1	0.9076	0.9088612138748251	-0.0966150282697879
vunoao3ndpdppgruy4molrto	1	2	198	20	0	Go	GAL	1	1	0.452	1	0.0	1	0.9255	0.9264498435568057	-0.0772016651538595
vunoao3ndpdppgruy4molrto	1	2	202	21	0	Go	GAL	1	1	0.456	1	0.0	1	0.941	0.9403469252436989	-0.062121317690400406
vunoao3ndpdppgruy4molrto	1	2	207	22	0	Go	GAL	1	1	0.531	1	1.0	0	0.9569	0.9513529566120995	-0.05033783511971217
vunoao3ndpdppgruy4molrto	1	2	212	23	0	Go	GAL	1	1	0.745	1	0.0	1	0.9238	0.929104678377442	-0.07427950113110496
vunoao3ndpdppgruy4molrto	1	2	214	24	0	Go	GAL	1	1	0.944	1	0.0	1	0.9438	0.9425379119113968	-0.05974233761079105
vunoao3ndpdppgruy4molrto	1	2	218	25	0	Go	GAL	1	1	0.537	1	0.0	1	0.9559	0.9531534733212044	-0.04840634300518095
vunoao3ndpdppgruy4molrto	1	2	223	26	0	Go	GAL	1	1	0.65	1	0.0	1	0.9628	0.9615757680563575	-0.03950664631321734
vunoao3ndpdppgruy4molrto	1	2	226	27	0	Go	GAL	1	1	0.539	1	0.0	1	0.9687	0.9682890094284515	-0.03247249554753198
vunoao3ndpdppgruy4molrto	1	2	232	28	0	Go	GAL	1	1	0.504	1	0.0	1	0.9736	0.9736670228303772	-0.02687583903566375
vunoao3ndpdppgruy4molrto	1	2	233	29	0	Go	GAL	1	1	0.456	1	0.0	1	0.9798	0.9779980916327053	-0.022393884932698588
vunoao3ndpdppgruy4molrto	1	2	240	30	0	Go	GAL	1	1	0.435	1	1.0	0	0.9814	0.9815047631576297	-0.01878180881906398
vunoao3ndpdppgruy4molrto	1	2	122	1	1	No-Go	NGW	0	1	0.504	0	0.0	0	0.62	0.6141297762279045	-0.5120686954683765
vunoao3ndpdppgruy4molrto	1	2	127	2	1	No-Go	NGW	0	1	0.591	0	0.0	0	0.538	0.5387858209888972	-0.6499730478838124
vunoao3ndpdppgruy4molrto	1	2	132	3	1	No-Go	NGW	0	1	0.575	0	0.0	0	0.4539	0.464018088672215	-0.8079645620464082
vunoao3ndpdppgruy4molrto	1	2	133	4	1	No-Go	NGW	0	0		1	0.0	1	0.4012	0.6067246818128841	-0.520744830472241
vunoao3ndpdppgruy4molrto	1	2	137	5	1	No-Go	NGW	0	0		1	1.0	0	0.3136	0.6781355689082728	-0.4029442380364739
vunoao3ndpdppgruy4molrto	1	2	141	6	1	No-Go	NGW	0	0		1	0.0	1	0.393	0.6039858113443687	-0.5256149145880362
vunoao3ndpdppgruy4molrto	1	2	145	7	1	No-Go	NGW	0	0		1	1.0	0	0.3283	0.6757499897478306	-0.4066406899476972
vunoao3ndpdppgruy4molrto	1	2	151	8	1	No-Go	NGW	0	0		1	0.0	1	0.3948	0.6014678477488021	-0.5301176186188203
vunoao3ndpdppgruy4molrto	1	2	154	9	1	No-Go	NGW	0	0		1	0.0	1	0.334	0.6735500704322278	-0.4100672273552963
vunoao3ndpdppgruy4molrto	1	2	158	10	1	No-Go	NGW	0	0		1	0.0	1	0.2658	0.7358649698558228	-0.3171196816811272
vunoao3ndpdppgruy4molrto	1	2	162	11	1	No-Go	NGW	0	0		1	0.0	1	0.2015	0.787951038622868	-0.24568575740798695
vunoao3ndpdppgruy4molrto	1	2	167	12	1	No-Go	NGW	0	1	0.639	0	1.0	1	0.1748	0.16954039261390835	-1.9004817730850692
vunoao3ndpdppgruy4molrto	1	2	169	13	1	No-Go	NGW	0	0		1	0.0	1	0.6435	0.3603989763258234	-1.0577738321117687
vunoao3ndpdppgruy4molrto	1	2	174	14	1	No-Go	NGW	0	0		1	0.0	1	0.58	0.4252752380219383	-0.8849929598429955
vunoao3ndpdppgruy4molrto	1	2	179	15	1	No-Go	NGW	0	0		1	0.0	1	0.5157	0.4903468970785232	-0.7370107084497417
vunoao3ndpdppgruy4molrto	1	2	184	16	1	No-Go	NGW	0	0		1	1.0	0	0.4472	0.5533037229739739	-0.6117126829687336
vunoao3ndpdppgruy4molrto	1	2	187	17	1	No-Go	NGW	0	0		1	0.0	1	0.5374	0.4573339850603469	-0.8096317922119284
vunoao3ndpdppgruy4molrto	1	2	191	18	1	No-Go	NGW	0	0		1	0.0	1	0.4775	0.5218276289823326	-0.6722541825324466
vunoao3ndpdppgruy4molrto	1	2	195	19	1	No-Go	NGW	0	0		1	0.0	1	0.4076	0.5832343969228143	-0.5567681831917236
vunoao3ndpdppgruy4molrto	1	2	197	20	1	No-Go	NGW	0	0		1	0.0	1	0.3598	0.6399584969059259	-0.4605615814727442
vunoao3ndpdppgruy4molrto	1	2	204	21	1	No-Go	NGW	0	0		1	0.0	1	0.3161	0.6910446093272786	-0.3809973857241268
vunoao3ndpdppgruy4molrto	1	2	208	22	1	No-Go	NGW	0	0		1	1.0	0	0.2619	0.7361179775844582	-0.31555250136703894
vunoao3ndpdppgruy4molrto	1	2	210	23	1	No-Go	NGW	0	0		1	0.0	1	0.3476	0.6493269113477599	-0.44640973278406265
vunoao3ndpdppgruy4molrto	1	2	215	24	1	No-Go	NGW	0	0		1	0.0	1	0.2933	0.6995814196404937	-0.3687982036295069
vunoao3ndpdppgruy4molrto	1	2	220	25	1	No-Go	NGW	0	0		1	0.0	1	0.2595	0.743754570275074	-0.30518179768654247
vunoao3ndpdppgruy4molrto	1	2	222	26	1	No-Go	NGW	0	0		1	0.0	1	0.2179	0.7819763800848456	-0.2531888670945804
vunoao3ndpdppgruy4molrto	1	2	225	27	1	No-Go	NGW	0	0		1	1.0	0	0.1807	0.8146626527131317	-0.21075411488731552
vunoao3ndpdppgruy4molrto	1	2	230	28	1	No-Go	NGW	0	0		1	0.0	1	0.2555	0.7419497854377695	-0.309397341460653
vunoao3ndpdppgruy4molrto	1	2	236	29	1	No-Go	NGW	0	1	0.582	0	0.0	0	0.2258	0.21945231973447302	-1.6151694509136714
vunoao3ndpdppgruy4molrto	1	2	237	30	1	No-Go	NGW	0	0		1	0.0	1	0.1685	0.8354739957227579	-0.18455926773285078
w4i3zftzk81kn6zqkd7jt2k7	1	2	122	1	1	Go	GW	1	1	0.713	1	0.0	1	0.6745	0.6750632206243691	-0.4283805698920594
w4i3zftzk81kn6zqkd7jt2k7	1	2	128	2	1	Go	GW	1	1	0.497	1	0.0	1	0.9761	0.9761298698878349	-0.02457167347329608
w4i3zftzk81kn6zqkd7jt2k7	1	2	129	3	1	Go	GW	1	1	0.595	1	0.0	1	0.9923	0.9914044381360853	-0.00870141771019285
w4i3zftzk81kn6zqkd7jt2k7	1	2	135	4	1	Go	GW	1	1	0.483	1	1.0	0	0.9953	0.9941906386430317	-0.0058604231453958456
w4i3zftzk81kn6zqkd7jt2k7	1	2	139	5	1	Go	GW	1	1	0.399	1	0.0	1	0.9724	0.9723127751483737	-0.02912963394148955
w4i3zftzk81kn6zqkd7jt2k7	1	2	141	6	1	Go	GW	1	1	0.547	1	0.0	1	0.9922	0.9915237108176936	-0.008593925558316801
w4i3zftzk81kn6zqkd7jt2k7	1	2	146	7	1	Go	GW	1	1	0.527	1	0.0	1	0.9962	0.9942851024177575	-0.005767835140567213
w4i3zftzk81kn6zqkd7jt2k7	1	2	150	8	1	Go	GW	1	1	0.473	1	0.0	1	0.9957	0.9950794812504371	-0.004960509382263406
w4i3zftzk81kn6zqkd7jt2k7	1	2	153	9	1	Go	GW	1	1	0.554	1	1.0	0	0.995	0.9953748622002999	-0.004661262309405204
w4i3zftzk81kn6zqkd7jt2k7	1	2	159	10	1	Go	GW	1	1	0.359	1	0.0	1	0.9745	0.97603074967805	-0.02519736230783972
w4i3zftzk81kn6zqkd7jt2k7	1	2	161	11	1	Go	GW	1	1	0.523	1	0.0	1	0.9941	0.9923133105148776	-0.007785715735388645
w4i3zftzk81kn6zqkd7jt2k7	1	2	166	12	1	Go	GW	1	1	0.51	1	1.0	0	0.9958	0.9945599918412196	-0.00548892344551583
w4i3zftzk81kn6zqkd7jt2k7	1	2	171	13	1	Go	GW	1	1	0.503	1	0.0	1	0.9715	0.9728055716121293	-0.028747744319235387
w4i3zftzk81kn6zqkd7jt2k7	1	2	175	14	1	Go	GW	1	1	0.418	1	0.0	1	0.9929	0.9918112152106645	-0.008303466025573336
w4i3zftzk81kn6zqkd7jt2k7	1	2	179	15	1	Go	GW	1	1	0.45	1	0.0	1	0.9943	0.9944074046545084	-0.005644416760431727
w4i3zftzk81kn6zqkd7jt2k7	1	2	182	16	1	Go	GW	1	1	0.506	1	0.0	1	0.9952	0.9951382784654488	-0.004901315141017073
w4i3zftzk81kn6zqkd7jt2k7	1	2	187	17	1	Go	GW	1	1	0.543	1	0.0	1	0.9952	0.9954059504684357	-0.004630012875274472
w4i3zftzk81kn6zqkd7jt2k7	1	2	191	18	1	Go	GW	1	1	0.608	1	1.0	0	0.9956	0.9955195120634964	-0.00451512415906478
w4i3zftzk81kn6zqkd7jt2k7	1	2	193	19	1	Go	GW	1	1	0.706	1	0.0	1	0.975	0.9765611751997427	-0.02463336796516728
w4i3zftzk81kn6zqkd7jt2k7	1	2	198	20	1	Go	GW	1	1	0.625	1	0.0	1	0.9924	0.9924440250232192	-0.007651871298538557
w4i3zftzk81kn6zqkd7jt2k7	1	2	201	21	1	Go	GW	1	1	0.689	1	0.0	1	0.9952	0.9946112063174841	-0.005436959867954748
w4i3zftzk81kn6zqkd7jt2k7	1	2	206	22	1	Go	GW	1	1	0.57	1	1.0	0	0.9958	0.9952233280099831	-0.004815142453770117
w4i3zftzk81kn6zqkd7jt2k7	1	2	209	23	1	Go	GW	1	1	0.533	1	0.0	1	0.9772	0.9753615074038584	-0.025935112443925917
w4i3zftzk81kn6zqkd7jt2k7	1	2	215	24	1	Go	GW	1	1	0.439	1	0.0	1	0.9921	0.9922231641390715	-0.00787903501374319
w4i3zftzk81kn6zqkd7jt2k7	1	2	220	25	1	Go	GW	1	1	0.683	1	0.0	1	0.9955	0.994538115305632	-0.0055113328892309
w4i3zftzk81kn6zqkd7jt2k7	1	2	223	26	1	Go	GW	1	1	0.582	1	1.0	0	0.9957	0.9951924735567612	-0.004846401549264252
w4i3zftzk81kn6zqkd7jt2k7	1	2	227	27	1	Go	GW	1	1	0.364	1	0.0	1	0.9754	0.9752454583469468	-0.02605996413173078
w4i3zftzk81kn6zqkd7jt2k7	1	2	232	28	1	Go	GW	1	1	0.48	1	0.0	1	0.9925	0.9921943036775305	-0.007908802453022383
w4i3zftzk81kn6zqkd7jt2k7	1	2	233	29	1	Go	GW	1	1	0.666	1	0.0	1	0.9952	0.9945272137352691	-0.00552243961547945
w4i3zftzk81kn6zqkd7jt2k7	1	2	238	30	1	Go	GW	1	1	0.541	1	0.0	1	0.9949	0.9951874226589443	-0.004851519790082225
w4i3zftzk81kn6zqkd7jt2k7	1	2	124	1	1	No-Go	NGW	0	1	0.85	0	0.0	0	0.6723	0.6750632206243691	-0.4283805698920594
w4i3zftzk81kn6zqkd7jt2k7	1	2	125	2	1	No-Go	NGW	0	0		1	0.0	1	0.5114	0.48610709837464045	-0.7654360849370687
w4i3zftzk81kn6zqkd7jt2k7	1	2	131	3	1	No-Go	NGW	0	0		1	0.0	1	0.3424	0.6566127154566385	-0.43706679449475566
w4i3zftzk81kn6zqkd7jt2k7	1	2	136	4	1	No-Go	NGW	0	0		1	0.0	1	0.2315	0.771758410893383	-0.2677082602644413
w4i3zftzk81kn6zqkd7jt2k7	1	2	137	5	1	No-Go	NGW	0	0		1	1.0	0	0.1516	0.8440628645725761	-0.17418002468074562
w4i3zftzk81kn6zqkd7jt2k7	1	2	142	6	1	No-Go	NGW	0	0		1	0.0	1	0.332	0.6636447452676382	-0.4331442306540717
w4i3zftzk81kn6zqkd7jt2k7	1	2	147	7	1	No-Go	NGW	0	0		1	0.0	1	0.2183	0.7832379944950052	-0.2511189833304913
w4i3zftzk81kn6zqkd7jt2k7	1	2	149	8	1	No-Go	NGW	0	0		1	0.0	1	0.1475	0.8547514209475449	-0.16026286933448203
w4i3zftzk81kn6zqkd7jt2k7	1	2	154	9	1	No-Go	NGW	0	0		1	0.0	1	0.1001	0.8978327747885528	-0.10963170550043555
w4i3zftzk81kn6zqkd7jt2k7	1	2	158	10	1	No-Go	NGW	0	0		1	1.0	0	0.0732	0.9247690148796939	-0.07933213014394247
w4i3zftzk81kn6zqkd7jt2k7	1	2	164	11	1	No-Go	NGW	0	0		1	0.0	1	0.2089	0.7909607784998157	-0.25348540095351013
w4i3zftzk81kn6zqkd7jt2k7	1	2	167	12	1	No-Go	NGW	0	0		1	1.0	0	0.138	0.8654834896479157	-0.14916086474601364
w4i3zftzk81kn6zqkd7jt2k7	1	2	172	13	1	No-Go	NGW	0	0		1	0.0	1	0.3052	0.6943724978321376	-0.429941747973894
w4i3zftzk81kn6zqkd7jt2k7	1	2	174	14	1	No-Go	NGW	0	0		1	0.0	1	0.1944	0.8085108145177642	-0.2247333714950619
w4i3zftzk81kn6zqkd7jt2k7	1	2	180	15	1	No-Go	NGW	0	0		1	0.0	1	0.1246	0.8747722128906262	-0.13773835165999176
w4i3zftzk81kn6zqkd7jt2k7	1	2	181	16	1	No-Go	NGW	0	1	0.643	0	1.0	1	0.0855	0.08734046703741419	-2.654977077139239
w4i3zftzk81kn6zqkd7jt2k7	1	2	188	17	1	No-Go	NGW	0	1	0.545	0	0.0	0	0.7516	0.752757877375014	-0.3235339176475267
w4i3zftzk81kn6zqkd7jt2k7	1	2	192	18	1	No-Go	NGW	0	1	0.553	0	0.0	0	0.5193	0.5230992664452896	-0.8049126072944957
w4i3zftzk81kn6zqkd7jt2k7	1	2	196	19	1	No-Go	NGW	0	1	0.623	0	0.0	0	0.3444	0.3324871471346663	-1.4802578980249872
w4i3zftzk81kn6zqkd7jt2k7	1	2	199	20	1	No-Go	NGW	0	1	1.226	0	0.0	0	0.2052	0.20638966360707464	-2.15741362513011
w4i3zftzk81kn6zqkd7jt2k7	1	2	204	21	1	No-Go	NGW	0	0		1	0.0	1	0.1254	0.8716785626373363	-0.1559187168453074
w4i3zftzk81kn6zqkd7jt2k7	1	2	207	22	1	No-Go	NGW	0	0		1	0.0	1	0.1001	0.9012794086489752	-0.1154261613900589
w4i3zftzk81kn6zqkd7jt2k7	1	2	211	23	1	No-Go	NGW	0	0		1	0.0	1	0.0721	0.9224760503661986	-0.08780759926354212
w4i3zftzk81kn6zqkd7jt2k7	1	2	214	24	1	No-Go	NGW	0	0		1	1.0	0	0.0638	0.937954709260889	-0.06850376923305405
w4i3zftzk81kn6zqkd7jt2k7	1	2	218	25	1	No-Go	NGW	0	1	0.904	0	0.0	0	0.1533	0.15075890386519644	-2.144654447078983
w4i3zftzk81kn6zqkd7jt2k7	1	2	221	26	1	No-Go	NGW	0	0		1	0.0	1	0.0971	0.9043854791160169	-0.10469262929479012
w4i3zftzk81kn6zqkd7jt2k7	1	2	225	27	1	No-Go	NGW	0	0		1	0.0	1	0.0702	0.9336093260457136	-0.0713508776957053
w4i3zftzk81kn6zqkd7jt2k7	1	2	229	28	1	No-Go	NGW	0	0		1	0.0	1	0.0498	0.9507422796518604	-0.052230344274873934
w4i3zftzk81kn6zqkd7jt2k7	1	2	234	29	1	No-Go	NGW	0	0		1	1.0	0	0.0368	0.9619017763939959	-0.03995439073273083
w4i3zftzk81kn6zqkd7jt2k7	1	2	239	30	1	No-Go	NGW	0	0		1	0.0	1	0.1018	0.8983605382979963	-0.11043961118922102
w4i3zftzk81kn6zqkd7jt2k7	1	2	123	1	0	Go	GAL	1	1	0.841	1	0.0	1	0.675	0.684452361671098	-0.38588540187276416
w4i3zftzk81kn6zqkd7jt2k7	1	2	126	2	0	Go	GAL	1	1	0.689	1	0.0	1	0.8172	0.8118960045981191	-0.21389726935835698
w4i3zftzk81kn6zqkd7jt2k7	1	2	130	3	0	Go	GAL	1	1	0.707	1	0.0	1	0.8825	0.8816342232609757	-0.12946177154160443
w4i3zftzk81kn6zqkd7jt2k7	1	2	134	4	0	Go	GAL	1	1	0.654	1	0.0	1	0.9213	0.9215599854295505	-0.0836423570464806
w4i3zftzk81kn6zqkd7jt2k7	1	2	140	5	0	Go	GAL	1	1	0.394	1	1.0	0	0.9398	0.9455958522870914	-0.057007972692407614
w4i3zftzk81kn6zqkd7jt2k7	1	2	143	6	0	Go	GAL	1	1	0.575	1	0.0	1	0.8664	0.8657322280760309	-0.14619781713675983
w4i3zftzk81kn6zqkd7jt2k7	1	2	148	7	0	Go	GAL	1	1	0.456	1	1.0	0	0.9186	0.9175057715856748	-0.08707375628846223
w4i3zftzk81kn6zqkd7jt2k7	1	2	152	8	0	Go	GAL	1	1	0.544	1	0.0	1	0.8095	0.8068093801685207	-0.22130366184367226
w4i3zftzk81kn6zqkd7jt2k7	1	2	156	9	0	Go	GAL	1	1	0.51	1	0.0	1	0.889	0.8893260464085646	-0.11851185493934763
w4i3zftzk81kn6zqkd7jt2k7	1	2	160	10	0	Go	GAL	1	1	0.337	1	0.0	1	0.9278	0.9300519936282162	-0.07322566512043173
w4i3zftzk81kn6zqkd7jt2k7	1	2	162	11	0	Go	GAL	1	1	0.451	1	1.0	0	0.9535	0.9523874371800762	-0.04922631628148274
w4i3zftzk81kn6zqkd7jt2k7	1	2	168	12	0	Go	GAL	1	1	0.431	1	0.0	1	0.8807	0.8725442433880713	-0.13947021836986406
w4i3zftzk81kn6zqkd7jt2k7	1	2	169	13	0	Go	GAL	1	1	0.552	1	0.0	1	0.9262	0.9243722158381835	-0.07935536334714408
w4i3zftzk81kn6zqkd7jt2k7	1	2	173	14	0	Go	GAL	1	1	0.495	1	0.0	1	0.9532	0.9503134047003885	-0.05134513511910129
w4i3zftzk81kn6zqkd7jt2k7	1	2	178	15	0	Go	GAL	1	1	0.517	1	0.0	1	0.9647	0.9649292954742319	-0.0359366329904275
w4i3zftzk81kn6zqkd7jt2k7	1	2	184	16	0	Go	GAL	1	1	0.666	1	1.0	0	0.973	0.9738699450661177	-0.026630003735776116
w4i3zftzk81kn6zqkd7jt2k7	1	2	185	17	0	Go	GAL	1	0		0	0.0	0	0.9204	0.0822171887580124	-2.7476844122115516
w4i3zftzk81kn6zqkd7jt2k7	1	2	189	18	0	Go	GAL	1	0		0	0.0	0	0.9277	0.07352613614465976	-2.806354895502019
w4i3zftzk81kn6zqkd7jt2k7	1	2	194	19	0	Go	GAL	1	1	0.546	1	0.0	1	0.9306	0.9324429171716673	-0.07090180459079219
w4i3zftzk81kn6zqkd7jt2k7	1	2	200	20	0	Go	GAL	1	1	1.065	1	0.0	1	0.9549	0.9576246923140361	-0.04364581211416559
w4i3zftzk81kn6zqkd7jt2k7	1	2	203	21	0	Go	GAL	1	1	0.68	1	1.0	0	0.9702	0.9707013751720468	-0.029932023430626276
w4i3zftzk81kn6zqkd7jt2k7	1	2	205	22	0	Go	GAL	1	1	0.568	1	0.0	1	0.9184	0.9150525811128113	-0.090796912562773
w4i3zftzk81kn6zqkd7jt2k7	1	2	212	23	0	Go	GAL	1	1	0.318	1	0.0	1	0.9487	0.9496495222741763	-0.05218611387837886
w4i3zftzk81kn6zqkd7jt2k7	1	2	216	24	0	Go	GAL	1	1	0.81	1	0.0	1	0.9643	0.9664962089394749	-0.03433099689590986
w4i3zftzk81kn6zqkd7jt2k7	1	2	219	25	0	Go	GAL	1	1	0.554	1	0.0	1	0.9778	0.975950045086378	-0.024493274613835252
w4i3zftzk81kn6zqkd7jt2k7	1	2	224	26	0	Go	GAL	1	1	0.442	1	0.0	1	0.9827	0.9817583998462076	-0.018506642557838345
w4i3zftzk81kn6zqkd7jt2k7	1	2	228	27	0	Go	GAL	1	1	0.458	1	0.0	1	0.9875	0.9855539201474747	-0.014618075889831173
w4i3zftzk81kn6zqkd7jt2k7	1	2	230	28	0	Go	GAL	1	1	0.527	1	0.0	1	0.988	0.9881479859909911	-0.011971458223969701
w4i3zftzk81kn6zqkd7jt2k7	1	2	235	29	0	Go	GAL	1	1	0.466	1	1.0	0	0.9899	0.9899829864253086	-0.01010498863576333
w4i3zftzk81kn6zqkd7jt2k7	1	2	240	30	0	Go	GAL	1	1	0.336	1	0.0	1	0.9645	0.9627018211663139	-0.03872232446108581
w4i3zftzk81kn6zqkd7jt2k7	1	2	121	1	0	No-Go	NGAL	0	1	0.971	0	0.0	0	0.6857	0.684452361671098	-0.38588540187276416
w4i3zftzk81kn6zqkd7jt2k7	1	2	127	2	0	No-Go	NGAL	0	0		1	1.0	0	0.5099	0.4850944449180672	-0.7457171778065116
w4i3zftzk81kn6zqkd7jt2k7	1	2	132	3	0	No-Go	NGAL	0	0		1	0.0	1	0.5379	0.46239641841742923	-0.7903420930452537
w4i3zftzk81kn6zqkd7jt2k7	1	2	133	4	0	No-Go	NGAL	0	0		1	0.0	1	0.3571	0.6396542610330633	-0.4663358622526888
w4i3zftzk81kn6zqkd7jt2k7	1	2	138	5	0	No-Go	NGAL	0	0		1	0.0	1	0.2419	0.7569688484138487	-0.29309269899389917
w4i3zftzk81kn6zqkd7jt2k7	1	2	144	6	0	No-Go	NGAL	0	0		1	0.0	1	0.1658	0.8315104925268237	-0.19356666060370933
w4i3zftzk81kn6zqkd7jt2k7	1	2	145	7	0	No-Go	NGAL	0	0		1	0.0	1	0.1258	0.8795538080926566	-0.1336100579041986
w4i3zftzk81kn6zqkd7jt2k7	1	2	151	8	0	No-Go	NGAL	0	0		1	0.0	1	0.0874	0.9111892595850826	-0.09604577116820269
w4i3zftzk81kn6zqkd7jt2k7	1	2	155	9	0	No-Go	NGAL	0	0		1	0.0	1	0.0677	0.9324825550105048	-0.07168879036824186
w4i3zftzk81kn6zqkd7jt2k7	1	2	157	10	0	No-Go	NGAL	0	0		1	1.0	0	0.0553	0.9471227626150638	-0.055407571159870196
w4i3zftzk81kn6zqkd7jt2k7	1	2	163	11	0	No-Go	NGAL	0	0		1	0.0	1	0.0659	0.9397982951512073	-0.0632342692966563
w4i3zftzk81kn6zqkd7jt2k7	1	2	165	12	0	No-Go	NGAL	0	0		1	0.0	1	0.05	0.953136790288653	-0.048693830494768366
w4i3zftzk81kn6zqkd7jt2k7	1	2	170	13	0	No-Go	NGAL	0	0		1	1.0	0	0.04	0.9620603446441292	-0.0391529101023459
w4i3zftzk81kn6zqkd7jt2k7	1	2	176	14	0	No-Go	NGAL	0	0		1	0.0	1	0.0461	0.954150951097852	-0.04799847212116446
w4i3zftzk81kn6zqkd7jt2k7	1	2	177	15	0	No-Go	NGAL	0	0		1	0.0	1	0.034	0.9639924226302694	-0.03715549623085486
w4i3zftzk81kn6zqkd7jt2k7	1	2	183	16	0	No-Go	NGAL	0	1	0.659	0	0.0	0	0.0317	0.02980293191999338	-3.8649280932510712
w4i3zftzk81kn6zqkd7jt2k7	1	2	186	17	0	No-Go	NGAL	0	0		1	1.0	0	0.0196	0.9827122659762779	-0.017574090338171276
w4i3zftzk81kn6zqkd7jt2k7	1	2	190	18	0	No-Go	NGAL	0	0		1	0.0	1	0.021	0.978460283968232	-0.022126256847011857
w4i3zftzk81kn6zqkd7jt2k7	1	2	195	19	0	No-Go	NGAL	0	0		1	0.0	1	0.0166	0.9830038127581845	-0.017295635691587083
w4i3zftzk81kn6zqkd7jt2k7	1	2	197	20	0	No-Go	NGAL	0	0		1	0.0	1	0.0164	0.9857232579041131	-0.014483817529352568
w4i3zftzk81kn6zqkd7jt2k7	1	2	202	21	0	No-Go	NGAL	0	0		1	0.0	1	0.0135	0.9875549255147816	-0.012605688886485718
w4i3zftzk81kn6zqkd7jt2k7	1	2	208	22	0	No-Go	NGAL	0	0		1	1.0	0	0.0121	0.9888669768449734	-0.011265951829011469
w4i3zftzk81kn6zqkd7jt2k7	1	2	210	23	0	No-Go	NGAL	0	0		1	0.0	1	0.0124	0.9855905741669636	-0.01470969032881885
w4i3zftzk81kn6zqkd7jt2k7	1	2	213	24	0	No-Go	NGAL	0	0		1	0.0	1	0.0114	0.9879837204471869	-0.012193083363419354
w4i3zftzk81kn6zqkd7jt2k7	1	2	217	25	0	No-Go	NGAL	0	0		1	0.0	1	0.0113	0.9894147858915167	-0.01071976806755811
w4i3zftzk81kn6zqkd7jt2k7	1	2	222	26	0	No-Go	NGAL	0	0		1	0.0	1	0.0098	0.9903795302310741	-0.00973374626843721
w4i3zftzk81kn6zqkd7jt2k7	1	2	226	27	0	No-Go	NGAL	0	0		1	0.0	1	0.0074	0.9910734764126055	-0.009027087968707711
w4i3zftzk81kn6zqkd7jt2k7	1	2	231	28	0	No-Go	NGAL	0	0		1	1.0	0	0.0087	0.9915929645825545	-0.00849930446950781
w4i3zftzk81kn6zqkd7jt2k7	1	2	236	29	0	No-Go	NGAL	0	0		1	0.0	1	0.0138	0.9887174850741142	-0.011507242795223598
w4i3zftzk81kn6zqkd7jt2k7	1	2	237	30	0	No-Go	NGAL	0	0		1	0.0	1	0.0101	0.9903094598601158	-0.009830366323081822
w4i3zftzk81kn6zqkd7jt2k7	1	1	1	1	0	No-Go	NGAL	0	1	0.481	0	0.0	0	0.6869	0.684452361671098	-0.38588540187276416
w4i3zftzk81kn6zqkd7jt2k7	1	1	6	2	0	No-Go	NGAL	0	1	0.425	0	1.0	1	0.5099	0.5149055550819328	-0.6850742055329493
w4i3zftzk81kn6zqkd7jt2k7	1	1	9	3	0	No-Go	NGAL	0	1	0.674	0	0.0	0	0.7105	0.710740076847531	-0.34946205763394844
w4i3zftzk81kn6zqkd7jt2k7	1	1	13	4	0	No-Go	NGAL	0	1	0.874	0	0.0	0	0.5486	0.5399844412676114	-0.6310409808392972
w4i3zftzk81kn6zqkd7jt2k7	1	1	20	5	0	No-Go	NGAL	0	0		1	0.0	1	0.399	0.6080965389134587	-0.5148744338378861
w4i3zftzk81kn6zqkd7jt2k7	1	1	24	6	0	No-Go	NGAL	0	0		1	0.0	1	0.2451	0.7517107944103635	-0.30053013799530653
w4i3zftzk81kn6zqkd7jt2k7	1	1	25	7	0	No-Go	NGAL	0	0		1	0.0	1	0.1604	0.8370714219561017	-0.1873216370331596
w4i3zftzk81kn6zqkd7jt2k7	1	1	32	8	0	No-Go	NGAL	0	0		1	0.0	1	0.1104	0.8889494436691775	-0.12311801445122843
w4i3zftzk81kn6zqkd7jt2k7	1	1	34	9	0	No-Go	NGAL	0	0		1	0.0	1	0.0751	0.9215323552184355	-0.0847415137919552
w4i3zftzk81kn6zqkd7jt2k7	1	1	39	10	0	No-Go	NGAL	0	0		1	1.0	0	0.0569	0.9426306954128449	-0.06079069378421921
w4i3zftzk81kn6zqkd7jt2k7	1	1	42	11	0	No-Go	NGAL	0	0		1	0.0	1	0.0649	0.9369875128971702	-0.0666716741514369
w4i3zftzk81kn6zqkd7jt2k7	1	1	48	12	0	No-Go	NGAL	0	0		1	0.0	1	0.045	0.9535510087804807	-0.048508563631625305
w4i3zftzk81kn6zqkd7jt2k7	1	1	50	13	0	No-Go	NGAL	0	0		1	1.0	0	0.0361	0.9643667488681087	-0.0368649959955246
w4i3zftzk81kn6zqkd7jt2k7	1	1	55	14	0	No-Go	NGAL	0	0		1	0.0	1	0.0406	0.9589796540285124	-0.04259887472507448
w4i3zftzk81kn6zqkd7jt2k7	1	1	57	15	0	No-Go	NGAL	0	0		1	0.0	1	0.0366	0.9688641881557276	-0.03202296881033984
w4i3zftzk81kn6zqkd7jt2k7	1	1	62	16	0	No-Go	NGAL	0	1	0.931	0	0.0	0	0.024	0.024813648629444452	-4.075866185993917
w4i3zftzk81kn6zqkd7jt2k7	1	1	67	17	0	No-Go	NGAL	0	0		1	1.0	0	0.0162	0.9841959880251768	-0.016065446732902604
w4i3zftzk81kn6zqkd7jt2k7	1	1	69	18	0	No-Go	NGAL	0	0		1	0.0	1	0.019	0.9810792460688361	-0.01932965506622298
w4i3zftzk81kn6zqkd7jt2k7	1	1	74	19	0	No-Go	NGAL	0	1	0.49	0	0.0	0	0.0147	0.014625536301530758	-4.719556193516722
w4i3zftzk81kn6zqkd7jt2k7	1	1	78	20	0	No-Go	NGAL	0	0		1	0.0	1	0.0096	0.9900091952563503	-0.010103707114901597
w4i3zftzk81kn6zqkd7jt2k7	1	1	83	21	0	No-Go	NGAL	0	0		1	0.0	1	0.0096	0.9918239036544677	-0.008252142565642677
w4i3zftzk81kn6zqkd7jt2k7	1	1	88	22	0	No-Go	NGAL	0	0		1	1.0	0	0.0053	0.9930584612466169	-0.006997465750095774
w4i3zftzk81kn6zqkd7jt2k7	1	1	91	23	0	No-Go	NGAL	0	0		1	0.0	1	0.0087	0.9912932227280087	-0.00881472983376934
w4i3zftzk81kn6zqkd7jt2k7	1	1	94	24	0	No-Go	NGAL	0	0		1	0.0	1	0.0068	0.9929943406384771	-0.007066443976080437
w4i3zftzk81kn6zqkd7jt2k7	1	1	97	25	0	No-Go	NGAL	0	0		1	0.0	1	0.0077	0.9940194443552469	-0.0060246288092562494
w4i3zftzk81kn6zqkd7jt2k7	1	1	101	26	0	No-Go	NGAL	0	0		1	0.0	1	0.0069	0.9947154666923876	-0.0053198384555687445
w4i3zftzk81kn6zqkd7jt2k7	1	1	105	27	0	No-Go	NGAL	0	0		1	0.0	1	0.0045	0.9952176202955417	-0.004812334430650832
w4i3zftzk81kn6zqkd7jt2k7	1	1	110	28	0	No-Go	NGAL	0	0		1	1.0	0	0.0031	0.9955934218487063	-0.004433019807939298
w4i3zftzk81kn6zqkd7jt2k7	1	1	116	29	0	No-Go	NGAL	0	0		1	0.0	1	0.0065	0.9942106160368174	-0.005848721829811941
w4i3zftzk81kn6zqkd7jt2k7	1	1	119	30	0	No-Go	NGAL	0	0		1	0.0	1	0.0049	0.9950868024668376	-0.004950164840078395
w4i3zftzk81kn6zqkd7jt2k7	1	1	2	1	1	No-Go	NGW	0	1	0.586	0	0.0	0	0.6795	0.6750632206243691	-0.4283805698920594
w4i3zftzk81kn6zqkd7jt2k7	1	1	5	2	1	No-Go	NGW	0	1	0.802	0	0.0	0	0.5135	0.5138929016253595	-0.7081717154015398
w4i3zftzk81kn6zqkd7jt2k7	1	1	12	3	1	No-Go	NGW	0	1	0.683	0	0.0	0	0.3763	0.3730707703122458	-1.0412961759595034
w4i3zftzk81kn6zqkd7jt2k7	1	1	15	4	1	No-Go	NGW	0	0		1	0.0	1	0.2671	0.7303450853619096	-0.3240060192448305
w4i3zftzk81kn6zqkd7jt2k7	1	1	18	5	1	No-Go	NGW	0	0		1	1.0	0	0.1574	0.8440628645725761	-0.17418002468074562
w4i3zftzk81kn6zqkd7jt2k7	1	1	22	6	1	No-Go	NGW	0	0		1	0.0	1	0.3038	0.7033305315819238	-0.36511350348598537
w4i3zftzk81kn6zqkd7jt2k7	1	1	27	7	1	No-Go	NGW	0	0		1	0.0	1	0.171	0.8316355492082191	-0.18908048677154796
w4i3zftzk81kn6zqkd7jt2k7	1	1	31	8	1	No-Go	NGW	0	0		1	0.0	1	0.1057	0.897770455185088	-0.11035702758269303
w4i3zftzk81kn6zqkd7jt2k7	1	1	35	9	1	No-Go	NGW	0	0		1	0.0	1	0.0622	0.9337713324455832	-0.06985691601652542
w4i3zftzk81kn6zqkd7jt2k7	1	1	40	10	1	No-Go	NGW	0	0		1	1.0	0	0.0473	0.9546809576593347	-0.047090190161955
w4i3zftzk81kn6zqkd7jt2k7	1	1	41	11	1	No-Go	NGW	0	0		1	0.0	1	0.1157	0.8833505624428207	-0.12692176505840508
w4i3zftzk81kn6zqkd7jt2k7	1	1	47	12	1	No-Go	NGW	0	0		1	1.0	0	0.0663	0.9299696570935374	-0.07360795529331961
w4i3zftzk81kn6zqkd7jt2k7	1	1	49	13	1	No-Go	NGW	0	0		1	0.0	1	0.1662	0.8310231071061904	-0.19440288872412978
w4i3zftzk81kn6zqkd7jt2k7	1	1	54	14	1	No-Go	NGW	0	0		1	0.0	1	0.0913	0.905595477629812	-0.10089376318940745
w4i3zftzk81kn6zqkd7jt2k7	1	1	60	15	1	No-Go	NGW	0	0		1	0.0	1	0.0572	0.9412787725987897	-0.061265670731729005
w4i3zftzk81kn6zqkd7jt2k7	1	1	63	16	1	No-Go	NGW	0	0		1	1.0	0	0.0357	0.960389445499293	-0.040821265196774974
w4i3zftzk81kn6zqkd7jt2k7	1	1	65	17	1	No-Go	NGW	0	0		1	0.0	1	0.1142	0.8899820960796555	-0.12074919822327032
w4i3zftzk81kn6zqkd7jt2k7	1	1	70	18	1	No-Go	NGW	0	0		1	0.0	1	0.0638	0.9358932165493025	-0.06723827545289417
w4i3zftzk81kn6zqkd7jt2k7	1	1	75	19	1	No-Go	NGW	0	0		1	0.0	1	0.0408	0.9583226195442905	-0.04301020232995157
w4i3zftzk81kn6zqkd7jt2k7	1	1	77	20	1	No-Go	NGW	0	0		1	0.0	1	0.0285	0.9707300268194274	-0.029951426140358867
w4i3zftzk81kn6zqkd7jt2k7	1	1	84	21	1	No-Go	NGW	0	0		1	0.0	1	0.0206	0.9782139459195897	-0.02217864887247675
w4i3zftzk81kn6zqkd7jt2k7	1	1	85	22	1	No-Go	NGW	0	0		1	0.0	1	0.016	0.9830099576538672	-0.017238413288624774
w4i3zftzk81kn6zqkd7jt2k7	1	1	90	23	1	No-Go	NGW	0	0		1	0.0	1	0.0159	0.9862244487059652	-0.013945845103704686
w4i3zftzk81kn6zqkd7jt2k7	1	1	96	24	1	No-Go	NGW	0	0		1	1.0	0	0.0122	0.9884553786487924	-0.011669996498497178
w4i3zftzk81kn6zqkd7jt2k7	1	1	98	25	1	No-Go	NGW	0	0		1	0.0	1	0.0491	0.9545673906040847	-0.04837423013074478
w4i3zftzk81kn6zqkd7jt2k7	1	1	102	26	1	No-Go	NGW	0	0		1	0.0	1	0.0313	0.9715326870281071	-0.029348621299779432
w4i3zftzk81kn6zqkd7jt2k7	1	1	106	27	1	No-Go	NGW	0	0		1	0.0	1	0.0215	0.9798328711611375	-0.020584712579828857
w4i3zftzk81kn6zqkd7jt2k7	1	1	109	28	1	No-Go	NGW	0	0		1	0.0	1	0.0166	0.984568404688446	-0.0156772264214619
w4i3zftzk81kn6zqkd7jt2k7	1	1	113	29	1	No-Go	NGW	0	0		1	1.0	0	0.0141	0.98753780441729	-0.012626982214705419
w4i3zftzk81kn6zqkd7jt2k7	1	1	120	30	1	No-Go	NGW	0	0		1	0.0	1	0.0503	0.9498229247274325	-0.05426435841579659
w4i3zftzk81kn6zqkd7jt2k7	1	1	4	1	1	Go	GW	1	1	0.795	1	0.0	1	0.6772	0.6750632206243691	-0.4283805698920594
w4i3zftzk81kn6zqkd7jt2k7	1	1	8	2	1	Go	GW	1	1	0.666	1	0.0	1	0.9776	0.9761298698878349	-0.02457167347329608
w4i3zftzk81kn6zqkd7jt2k7	1	1	11	3	1	Go	GW	1	1	0.642	1	0.0	1	0.992	0.9914044381360853	-0.00870141771019285
w4i3zftzk81kn6zqkd7jt2k7	1	1	14	4	1	Go	GW	1	1	0.667	1	1.0	0	0.9948	0.9941906386430317	-0.0058604231453958456
w4i3zftzk81kn6zqkd7jt2k7	1	1	17	5	1	Go	GW	1	1	0.579	1	0.0	1	0.9735	0.9723127751483737	-0.02912963394148955
w4i3zftzk81kn6zqkd7jt2k7	1	1	21	6	1	Go	GW	1	1	0.731	1	0.0	1	0.9928	0.9915237108176936	-0.008593925558316801
w4i3zftzk81kn6zqkd7jt2k7	1	1	28	7	1	Go	GW	1	1	0.631	1	0.0	1	0.9945	0.9942851024177575	-0.005767835140567213
w4i3zftzk81kn6zqkd7jt2k7	1	1	29	8	1	Go	GW	1	1	0.709	1	0.0	1	0.9953	0.9950794812504371	-0.004960509382263406
w4i3zftzk81kn6zqkd7jt2k7	1	1	33	9	1	Go	GW	1	1	0.527	1	1.0	0	0.9939	0.9953748622002999	-0.004661262309405204
w4i3zftzk81kn6zqkd7jt2k7	1	1	38	10	1	Go	GW	1	1	0.729	1	0.0	1	0.9775	0.97603074967805	-0.02519736230783972
w4i3zftzk81kn6zqkd7jt2k7	1	1	44	11	1	Go	GW	1	1	0.61	1	0.0	1	0.9927	0.9923133105148776	-0.007785715735388645
w4i3zftzk81kn6zqkd7jt2k7	1	1	45	12	1	Go	GW	1	1	0.664	1	1.0	0	0.9949	0.9945599918412196	-0.00548892344551583
w4i3zftzk81kn6zqkd7jt2k7	1	1	52	13	1	Go	GW	1	1	0.619	1	0.0	1	0.9716	0.9728055716121293	-0.028747744319235387
w4i3zftzk81kn6zqkd7jt2k7	1	1	53	14	1	Go	GW	1	1	0.562	1	0.0	1	0.9923	0.9918112152106645	-0.008303466025573336
w4i3zftzk81kn6zqkd7jt2k7	1	1	59	15	1	Go	GW	1	1	0.619	1	0.0	1	0.9936	0.9944074046545084	-0.005644416760431727
w4i3zftzk81kn6zqkd7jt2k7	1	1	61	16	1	Go	GW	1	1	0.685	1	0.0	1	0.9951	0.9951382784654488	-0.004901315141017073
w4i3zftzk81kn6zqkd7jt2k7	1	1	68	17	1	Go	GW	1	1	0.649	1	0.0	1	0.9958	0.9954059504684357	-0.004630012875274472
w4i3zftzk81kn6zqkd7jt2k7	1	1	71	18	1	Go	GW	1	1	0.494	1	1.0	0	0.9955	0.9955195120634964	-0.00451512415906478
w4i3zftzk81kn6zqkd7jt2k7	1	1	76	19	1	Go	GW	1	1	0.551	1	0.0	1	0.976	0.9765611751997427	-0.02463336796516728
w4i3zftzk81kn6zqkd7jt2k7	1	1	80	20	1	Go	GW	1	1	0.592	1	0.0	1	0.9927	0.9924440250232192	-0.007651871298538557
w4i3zftzk81kn6zqkd7jt2k7	1	1	81	21	1	Go	GW	1	1	0.538	1	0.0	1	0.9961	0.9946112063174841	-0.005436959867954748
w4i3zftzk81kn6zqkd7jt2k7	1	1	87	22	1	Go	GW	1	1	0.394	1	1.0	0	0.9958	0.9952233280099831	-0.004815142453770117
w4i3zftzk81kn6zqkd7jt2k7	1	1	89	23	1	Go	GW	1	1	0.664	1	0.0	1	0.9798	0.9753615074038584	-0.025935112443925917
w4i3zftzk81kn6zqkd7jt2k7	1	1	93	24	1	Go	GW	1	1	0.611	1	0.0	1	0.9917	0.9922231641390715	-0.00787903501374319
w4i3zftzk81kn6zqkd7jt2k7	1	1	99	25	1	Go	GW	1	1	0.476	1	0.0	1	0.9946	0.994538115305632	-0.0055113328892309
w4i3zftzk81kn6zqkd7jt2k7	1	1	104	26	1	Go	GW	1	1	0.522	1	1.0	0	0.9949	0.9951924735567612	-0.004846401549264252
w4i3zftzk81kn6zqkd7jt2k7	1	1	107	27	1	Go	GW	1	1	0.574	1	0.0	1	0.9733	0.9752454583469468	-0.02605996413173078
w4i3zftzk81kn6zqkd7jt2k7	1	1	111	28	1	Go	GW	1	1	0.599	1	0.0	1	0.9921	0.9921943036775305	-0.007908802453022383
w4i3zftzk81kn6zqkd7jt2k7	1	1	115	29	1	Go	GW	1	1	0.466	1	0.0	1	0.9946	0.9945272137352691	-0.00552243961547945
w4i3zftzk81kn6zqkd7jt2k7	1	1	117	30	1	Go	GW	1	1	0.487	1	0.0	1	0.9942	0.9951874226589443	-0.004851519790082225
w4i3zftzk81kn6zqkd7jt2k7	1	1	3	1	0	Go	GAL	1	1	0.77	1	0.0	1	0.685	0.684452361671098	-0.38588540187276416
w4i3zftzk81kn6zqkd7jt2k7	1	1	7	2	0	Go	GAL	1	1	0.233	1	0.0	1	0.8175	0.8118960045981191	-0.21389726935835698
w4i3zftzk81kn6zqkd7jt2k7	1	1	10	3	0	Go	GAL	1	1	0.705	1	0.0	1	0.8867	0.8816342232609757	-0.12946177154160443
w4i3zftzk81kn6zqkd7jt2k7	1	1	16	4	0	Go	GAL	1	1	0.754	1	0.0	1	0.9229	0.9215599854295505	-0.0836423570464806
w4i3zftzk81kn6zqkd7jt2k7	1	1	19	5	0	Go	GAL	1	1	0.721	1	1.0	0	0.9436	0.9455958522870914	-0.057007972692407614
w4i3zftzk81kn6zqkd7jt2k7	1	1	23	6	0	Go	GAL	1	0		0	0.0	0	0.8683	0.13426777192396913	-2.0892597099292542
w4i3zftzk81kn6zqkd7jt2k7	1	1	26	7	0	Go	GAL	1	1	0.962	1	1.0	0	0.8726	0.8760368746967373	-0.13399598891185419
w4i3zftzk81kn6zqkd7jt2k7	1	1	30	8	0	Go	GAL	1	1	0.786	1	0.0	1	0.7442	0.7459983056194831	-0.3019031640747087
w4i3zftzk81kn6zqkd7jt2k7	1	1	36	9	0	Go	GAL	1	1	0.716	1	0.0	1	0.8619	0.8580938748580098	-0.15490892633209552
w4i3zftzk81kn6zqkd7jt2k7	1	1	37	10	0	Go	GAL	1	1	0.602	1	0.0	1	0.9146	0.9128878654383475	-0.09239626723742765
w4i3zftzk81kn6zqkd7jt2k7	1	1	43	11	0	Go	GAL	1	1	0.69	1	1.0	0	0.9444	0.9423825723127467	-0.06012006302383678
w4i3zftzk81kn6zqkd7jt2k7	1	1	46	12	0	Go	GAL	1	1	0.625	1	0.0	1	0.8569	0.8593874972627371	-0.15353886766210942
w4i3zftzk81kn6zqkd7jt2k7	1	1	51	13	0	Go	GAL	1	1	0.64	1	0.0	1	0.9213	0.9163925728796838	-0.08819292880823429
w4i3zftzk81kn6zqkd7jt2k7	1	1	56	14	0	Go	GAL	1	1	0.72	1	0.0	1	0.9475	0.9454461363708196	-0.05665154935824664
w4i3zftzk81kn6zqkd7jt2k7	1	1	58	15	0	Go	GAL	1	1	0.649	1	0.0	1	0.961	0.9619782053596682	-0.03910430696158266
w4i3zftzk81kn6zqkd7jt2k7	1	1	64	16	0	Go	GAL	1	1	0.793	1	1.0	0	0.9712	0.9721162059343449	-0.028490395482653693
w4i3zftzk81kn6zqkd7jt2k7	1	1	66	17	0	Go	GAL	1	1	0.802	1	0.0	1	0.9171	0.9192762382769059	-0.08539185494403073
w4i3zftzk81kn6zqkd7jt2k7	1	1	72	18	0	Go	GAL	1	1	0.77	1	0.0	1	0.9493	0.9499990491221147	-0.05169422205060669
w4i3zftzk81kn6zqkd7jt2k7	1	1	73	19	0	Go	GAL	1	1	0.611	1	0.0	1	0.9684	0.9658062834219158	-0.035018323266271245
w4i3zftzk81kn6zqkd7jt2k7	1	1	79	20	0	Go	GAL	1	1	0.43	1	0.0	1	0.9747	0.975017546827494	-0.02544332000335333
w4i3zftzk81kn6zqkd7jt2k7	1	1	82	21	0	Go	GAL	1	1	0.371	1	1.0	0	0.9803	0.9808207796817416	-0.019461464381866096
w4i3zftzk81kn6zqkd7jt2k7	1	1	86	22	0	Go	GAL	1	1	0.461	1	0.0	1	0.935	0.9373733334017774	-0.0660012070738443
w4i3zftzk81kn6zqkd7jt2k7	1	1	92	23	0	Go	GAL	1	1	0.556	1	0.0	1	0.9617	0.9610956357507648	-0.04003501351950702
w4i3zftzk81kn6zqkd7jt2k7	1	1	95	24	0	Go	GAL	1	1	0.536	1	0.0	1	0.972	0.9730062017654378	-0.02753930987316873
w4i3zftzk81kn6zqkd7jt2k7	1	1	100	25	0	Go	GAL	1	1	0.521	1	0.0	1	0.9794	0.9798882730703672	-0.020423950842805936
w4i3zftzk81kn6zqkd7jt2k7	1	1	103	26	0	Go	GAL	1	1	0.5	1	0.0	1	0.9857	0.9842245161796702	-0.01597446687283999
w4i3zftzk81kn6zqkd7jt2k7	1	1	108	27	0	Go	GAL	1	1	0.634	1	0.0	1	0.9876	0.9871197329248769	-0.013017697935524071
w4i3zftzk81kn6zqkd7jt2k7	1	1	112	28	0	Go	GAL	1	1	0.539	1	0.0	1	0.9897	0.9891353003267037	-0.010966068730438329
w4i3zftzk81kn6zqkd7jt2k7	1	1	114	29	0	Go	GAL	1	1	0.666	1	1.0	0	0.9911	0.9905838853838986	-0.009495172042859636
w4i3zftzk81kn6zqkd7jt2k7	1	1	118	30	0	Go	GAL	1	1	0.49	1	0.0	1	0.9605	0.961865486629026	-0.03989563454874972
wbzt9bh8zuien3221yh6rao0	1	2	122	1	0	No-Go	NGAL	0	1	0.369	0	0.0	0	0.5609	0.5520256253673332	-0.6104079468165549
wbzt9bh8zuien3221yh6rao0	1	2	128	2	0	No-Go	NGAL	0	0		1	1.0	0	0.2775	0.7226120667496387	-0.3341845407029341
wbzt9bh8zuien3221yh6rao0	1	2	132	3	0	No-Go	NGAL	0	1	0.677	0	0.0	0	0.5024	0.5027806561806974	-0.7155628743341956
wbzt9bh8zuien3221yh6rao0	1	2	136	4	0	No-Go	NGAL	0	1	0.699	0	0.0	0	0.2669	0.2660367882931708	-1.4049301976081672
wbzt9bh8zuien3221yh6rao0	1	2	138	5	0	No-Go	NGAL	0	0		1	0.0	1	0.1267	0.8708382287981401	-0.14177805259741227
wbzt9bh8zuien3221yh6rao0	1	2	141	6	0	No-Go	NGAL	0	0		1	1.0	0	0.0409	0.9568848614161148	-0.04489169340305537
wbzt9bh8zuien3221yh6rao0	1	2	145	7	0	No-Go	NGAL	0	0		1	0.0	1	0.1042	0.8940701310469032	-0.11627899704314192
wbzt9bh8zuien3221yh6rao0	1	2	151	8	0	No-Go	NGAL	0	0		1	0.0	1	0.0318	0.9641798381094057	-0.03723328725367431
wbzt9bh8zuien3221yh6rao0	1	2	155	9	0	No-Go	NGAL	0	0		1	0.0	1	0.0123	0.9864927589639884	-0.013760378855176897
wbzt9bh8zuien3221yh6rao0	1	2	157	10	0	No-Go	NGAL	0	0		1	0.0	1	0.0041	0.9943132935559126	-0.005742538778204898
wbzt9bh8zuien3221yh6rao0	1	2	163	11	0	No-Go	NGAL	0	0		1	0.0	1	0.0032	0.9973638158610598	-0.0026507082317919267
wbzt9bh8zuien3221yh6rao0	1	2	165	12	0	No-Go	NGAL	0	0		1	0.0	1	0.0014	0.998672196052768	-0.001332137566530447
wbzt9bh8zuien3221yh6rao0	1	2	171	13	0	No-Go	NGAL	0	0		1	0.0	1	0.0008	0.9992811046545317	-0.0007203505996381131
wbzt9bh8zuien3221yh6rao0	1	2	173	14	0	No-Go	NGAL	0	0		1	1.0	0	0.0005	0.9995851633939504	-0.0004153792571888199
wbzt9bh8zuien3221yh6rao0	1	2	180	15	0	No-Go	NGAL	0	0		1	0.0	1	0.0013	0.9985355236564967	-0.001468957365281661
wbzt9bh8zuien3221yh6rao0	1	2	182	16	0	No-Go	NGAL	0	0		1	0.0	1	0.0001	0.9992377061273379	-0.0007636677669975144
wbzt9bh8zuien3221yh6rao0	1	2	186	17	0	No-Go	NGAL	0	0		1	1.0	0	0.0009	0.999570810169524	-0.00042967915348285737
wbzt9bh8zuien3221yh6rao0	1	2	189	18	0	No-Go	NGAL	0	0		1	0.0	1	0.0022	0.9982719842098843	-0.0017351927895577707
wbzt9bh8zuien3221yh6rao0	1	2	193	19	0	No-Go	NGAL	0	0		1	0.0	1	0.0003	0.9991505164585311	-0.0008512544193758099
wbzt9bh8zuien3221yh6rao0	1	2	198	20	0	No-Go	NGAL	0	0		1	0.0	1	0.0007	0.9995389349947172	-0.0004616245569559426
wbzt9bh8zuien3221yh6rao0	1	2	202	21	0	No-Go	NGAL	0	0		1	1.0	0	0.0003	0.9997292372126684	-0.00027097258851522843
wbzt9bh8zuien3221yh6rao0	1	2	208	22	0	No-Go	NGAL	0	0		1	0.0	1	0.0005	0.9987916821962343	-0.0012126897302750328
wbzt9bh8zuien3221yh6rao0	1	2	210	23	0	No-Go	NGAL	0	0		1	0.0	1	0.0006	0.9993952432728833	-0.0006058023716934519
wbzt9bh8zuien3221yh6rao0	1	2	216	24	0	No-Go	NGAL	0	0		1	0.0	1	0.0003	0.9996643680559253	-0.00033596283552455236
wbzt9bh8zuien3221yh6rao0	1	2	219	25	0	No-Go	NGAL	0	0		1	0.0	1	0.0003	0.9997980474231015	-0.00020207939803568693
wbzt9bh8zuien3221yh6rao0	1	2	224	26	0	No-Go	NGAL	0	0		1	0.0	1	0.0002	0.9998701848316498	-0.00012987136306732663
wbzt9bh8zuien3221yh6rao0	1	2	227	27	0	No-Go	NGAL	0	0		1	1.0	0	0.0	0.9999117832730097	-8.824472101064463e-05
wbzt9bh8zuien3221yh6rao0	1	2	231	28	0	No-Go	NGAL	0	0		1	0.0	1	0.0003	0.9995637127989309	-0.00043697974207119187
wbzt9bh8zuien3221yh6rao0	1	2	235	29	0	No-Go	NGAL	0	0		1	0.0	1	0.0	0.999754929182079	-0.000245280003732561
wbzt9bh8zuien3221yh6rao0	1	2	237	30	0	No-Go	NGAL	0	0		1	0.0	1	0.0003	0.9998496162304061	-0.00015046415080493598
wbzt9bh8zuien3221yh6rao0	1	2	123	1	0	Go	GAL	1	1	0.513	1	0.0	1	0.5512	0.5520256253673332	-0.6104079468165549
wbzt9bh8zuien3221yh6rao0	1	2	127	2	0	Go	GAL	1	0		0	1.0	1	0.8027	0.20304489929462147	-1.6892484833890937
wbzt9bh8zuien3221yh6rao0	1	2	131	3	0	Go	GAL	1	0		0	0.0	0	0.5534	0.44797437463266676	-0.8264252447338336
wbzt9bh8zuien3221yh6rao0	1	2	135	4	0	Go	GAL	1	0		0	0.0	0	0.7781	0.21991149166727478	-1.6505625363683127
wbzt9bh8zuien3221yh6rao0	1	2	139	5	0	Go	GAL	1	0		0	0.0	0	0.8911	0.1068166689385602	-2.7022273937116084
wbzt9bh8zuien3221yh6rao0	1	2	142	6	0	Go	GAL	1	1	0.972	1	0.0	1	0.944	0.9448294926756678	-0.05931248933821331
wbzt9bh8zuien3221yh6rao0	1	2	147	7	0	Go	GAL	1	1	0.32	1	0.0	1	0.9766	0.9773108732767866	-0.023539205308011724
wbzt9bh8zuien3221yh6rao0	1	2	150	8	0	Go	GAL	1	1	0.47	1	1.0	0	0.9898	0.989846459130512	-0.010358757839144236
wbzt9bh8zuien3221yh6rao0	1	2	153	9	0	Go	GAL	1	1	0.401	1	0.0	1	0.9639	0.9634540236047209	-0.03834565670779999
wbzt9bh8zuien3221yh6rao0	1	2	159	10	0	Go	GAL	1	1	0.351	1	0.0	1	0.9859	0.9846402828490767	-0.015747200998381214
wbzt9bh8zuien3221yh6rao0	1	2	161	11	0	Go	GAL	1	1	0.417	1	0.0	1	0.9932	0.9929177152291028	-0.0071816426298421535
wbzt9bh8zuien3221yh6rao0	1	2	166	12	0	Go	GAL	1	1	0.492	1	0.0	1	0.997	0.9964501384852594	-0.003579313899010191
wbzt9bh8zuien3221yh6rao0	1	2	170	13	0	Go	GAL	1	1	0.449	1	1.0	0	0.9978	0.9980849344809376	-0.0019249447494627315
wbzt9bh8zuien3221yh6rao0	1	2	174	14	0	Go	GAL	1	1	0.508	1	0.0	1	0.9911	0.9917937691687044	-0.008318295910558927
wbzt9bh8zuien3221yh6rao0	1	2	179	15	0	Go	GAL	1	1	0.446	1	0.0	1	0.996	0.9960264011715364	-0.004004981433539469
wbzt9bh8zuien3221yh6rao0	1	2	183	16	0	Go	GAL	1	1	0.498	1	0.0	1	0.9972	0.9979048877752552	-0.002105353526918092
wbzt9bh8zuien3221yh6rao0	1	2	188	17	0	Go	GAL	1	1	0.408	1	0.0	1	0.9989	0.9988124712815436	-0.0011913125577137829
wbzt9bh8zuien3221yh6rao0	1	2	190	18	0	Go	GAL	1	1	0.411	1	0.0	1	0.9998	0.9992834015643465	-0.0007181529373040498
wbzt9bh8zuien3221yh6rao0	1	2	196	19	0	Go	GAL	1	1	0.421	1	1.0	0	0.9998	0.9995431016410624	-0.0004575998111933926
wbzt9bh8zuien3221yh6rao0	1	2	200	20	0	Go	GAL	1	1	0.575	1	0.0	1	0.9972	0.9976708819286532	-0.0023407251183718385
wbzt9bh8zuien3221yh6rao0	1	2	201	21	0	Go	GAL	1	1	0.425	1	0.0	1	0.9989	0.9987228175060522	-0.001281170259283356
wbzt9bh8zuien3221yh6rao0	1	2	207	22	0	Go	GAL	1	1	0.336	1	0.0	1	0.9993	0.999244894576885	-0.0007566917927677929
wbzt9bh8zuien3221yh6rao0	1	2	211	23	0	Go	GAL	1	1	0.446	1	0.0	1	0.9995	0.999524615557609	-0.00047609231291224826
wbzt9bh8zuien3221yh6rao0	1	2	215	24	0	Go	GAL	1	1	0.468	1	1.0	0	0.9994	0.9996841752496637	-0.00031617249516076
wbzt9bh8zuien3221yh6rao0	1	2	218	25	0	Go	GAL	1	1	0.431	1	0.0	1	0.9983	0.9982402556415589	-0.0017673407802833306
wbzt9bh8zuien3221yh6rao0	1	2	222	26	0	Go	GAL	1	1	0.357	1	0.0	1	0.9994	0.9990203228871	-0.000982266170685792
wbzt9bh8zuien3221yh6rao0	1	2	228	27	0	Go	GAL	1	1	0.398	1	0.0	1	0.9994	0.9994095780220751	-0.00059147146441156
wbzt9bh8zuien3221yh6rao0	1	2	229	28	0	Go	GAL	1	1	0.488	1	0.0	1	0.9995	0.9996204705746597	-0.0003800127507742875
wbzt9bh8zuien3221yh6rao0	1	2	233	29	0	Go	GAL	1	1	0.521	1	1.0	0	0.9997	0.9997424742229821	-0.0002577722549678238
wbzt9bh8zuien3221yh6rao0	1	2	238	30	0	Go	GAL	1	1	0.317	1	0.0	1	0.9991	0.9984844085355445	-0.0015219066732669207
wbzt9bh8zuien3221yh6rao0	1	2	124	1	1	Go	GW	1	1	0.512	1	0.0	1	0.7248	0.7222666366640315	-0.3426363158743418
wbzt9bh8zuien3221yh6rao0	1	2	125	2	1	Go	GW	1	1	0.409	1	0.0	1	0.9179	0.914221947066557	-0.09202122833209374
wbzt9bh8zuien3221yh6rao0	1	2	129	3	1	Go	GW	1	1	0.464	1	0.0	1	0.9715	0.9703157098780912	-0.03066827673192803
wbzt9bh8zuien3221yh6rao0	1	2	134	4	1	Go	GW	1	1	0.432	1	1.0	0	0.9899	0.9880396587599173	-0.012169790308811452
wbzt9bh8zuien3221yh6rao0	1	2	140	5	1	Go	GW	1	1	0.304	1	0.0	1	0.9543	0.9519789783680135	-0.05035441418133393
wbzt9bh8zuien3221yh6rao0	1	2	143	6	1	Go	GW	1	1	0.344	1	0.0	1	0.9831	0.9817465613753168	-0.018706925774315528
wbzt9bh8zuien3221yh6rao0	1	2	146	7	1	Go	GW	1	1	0.485	1	1.0	0	0.9947	0.9920469973486402	-0.00806433404144538
wbzt9bh8zuien3221yh6rao0	1	2	152	8	1	Go	GW	1	1	0.347	1	0.0	1	0.9665	0.9659259087044484	-0.03553575485442281
wbzt9bh8zuien3221yh6rao0	1	2	156	9	1	Go	GW	1	1	0.409	1	0.0	1	0.9865	0.9864165456525398	-0.013885306457951397
wbzt9bh8zuien3221yh6rao0	1	2	160	10	1	Go	GW	1	1	0.383	1	0.0	1	0.9935	0.9938358053134984	-0.006242500471405296
wbzt9bh8zuien3221yh6rao0	1	2	162	11	1	Go	GW	1	1	0.327	1	1.0	0	0.9966	0.9968991350216205	-0.0031247360594279473
wbzt9bh8zuien3221yh6rao0	1	2	167	12	1	Go	GW	1	1	0.415	1	0.0	1	0.9837	0.9851374631864437	-0.01524065599049106
wbzt9bh8zuien3221yh6rao0	1	2	172	13	1	Go	GW	1	1	0.452	1	0.0	1	0.9925	0.9934511492548592	-0.006639416999263911
wbzt9bh8zuien3221yh6rao0	1	2	175	14	1	Go	GW	1	1	0.36	1	0.0	1	0.9969	0.9967593120710957	-0.0032673178845931796
wbzt9bh8zuien3221yh6rao0	1	2	177	15	1	Go	GW	1	1	0.347	1	0.0	1	0.9977	0.9982425327024208	-0.0017665266434867325
wbzt9bh8zuien3221yh6rao0	1	2	181	16	1	Go	GW	1	1	0.425	1	1.0	0	0.9985	0.9989716686368599	-0.0010317956216342812
wbzt9bh8zuien3221yh6rao0	1	2	187	17	1	Go	GW	1	1	0.352	1	0.0	1	0.9942	0.9943221925370601	-0.005749158616116517
wbzt9bh8zuien3221yh6rao0	1	2	192	18	1	Go	GW	1	1	0.311	1	0.0	1	0.9971	0.9972188730628555	-0.00280093621485843
wbzt9bh8zuien3221yh6rao0	1	2	194	19	1	Go	GW	1	1	0.349	1	0.0	1	0.9983	0.9984866180383777	-0.0015200836193669978
wbzt9bh8zuien3221yh6rao0	1	2	199	20	1	Go	GW	1	1	0.48	1	0.0	1	0.999	0.9991057749368419	-0.0008968269978313527
wbzt9bh8zuien3221yh6rao0	1	2	204	21	1	Go	GW	1	1	0.274	1	0.0	1	0.9997	0.9994342481485131	-0.0005668804977007856
wbzt9bh8zuien3221yh6rao0	1	2	206	22	1	Go	GW	1	1	0.324	1	1.0	0	0.9997	0.9996203759942588	-0.00038016343706657904
wbzt9bh8zuien3221yh6rao0	1	2	212	23	1	Go	GW	1	1	0.318	1	0.0	1	0.9979	0.9975479778492159	-0.0024684672250699607
wbzt9bh8zuien3221yh6rao0	1	2	213	24	1	Go	GW	1	1	0.472	1	0.0	1	0.9984	0.9986928690905712	-0.001312113445395817
wbzt9bh8zuien3221yh6rao0	1	2	220	25	1	Go	GW	1	1	0.381	1	0.0	1	0.9993	0.9992288941664849	-0.0007729968282443863
wbzt9bh8zuien3221yh6rao0	1	2	223	26	1	Go	GW	1	1	0.392	1	0.0	1	0.9991	0.9995084294625393	-0.0004924013539648875
wbzt9bh8zuien3221yh6rao0	1	2	226	27	1	Go	GW	1	1	0.301	1	1.0	0	0.9997	0.9996661510165401	-0.0003342581817414337
wbzt9bh8zuien3221yh6rao0	1	2	232	28	1	Go	GW	1	1	0.328	1	0.0	1	0.9979	0.9977011558830593	-0.002314720271558494
wbzt9bh8zuien3221yh6rao0	1	2	236	29	1	Go	GW	1	1	0.338	1	0.0	1	0.9983	0.9987913454550132	-0.0012131050270618499
wbzt9bh8zuien3221yh6rao0	1	2	240	30	1	Go	GW	1	1	0.371	1	0.0	1	0.9993	0.9992891691290986	-0.0007124739545608979
wbzt9bh8zuien3221yh6rao0	1	2	121	1	1	No-Go	NGW	0	1	0.392	0	0.0	0	0.724	0.7222666366640315	-0.3426363158743418
wbzt9bh8zuien3221yh6rao0	1	2	126	2	1	No-Go	NGW	0	1	0.592	0	1.0	1	0.4516	0.4537189795172237	-0.8542318850466911
wbzt9bh8zuien3221yh6rao0	1	2	130	3	1	No-Go	NGW	0	1	0.544	0	0.0	0	0.8029	0.8023629581254271	-0.22882648609824535
wbzt9bh8zuien3221yh6rao0	1	2	133	4	1	No-Go	NGW	0	1	0.59	0	0.0	0	0.5532	0.5516983413490445	-0.6292353256084189
wbzt9bh8zuien3221yh6rao0	1	2	137	5	1	No-Go	NGW	0	1	0.623	0	0.0	0	0.2915	0.29961073793509846	-1.3145631687177626
wbzt9bh8zuien3221yh6rao0	1	2	144	6	1	No-Go	NGW	0	0		1	1.0	0	0.1429	0.8541438130243714	-0.16403148425609276
wbzt9bh8zuien3221yh6rao0	1	2	148	7	1	No-Go	NGW	0	0		1	0.0	1	0.3356	0.6563881392072761	-0.4413585585457202
wbzt9bh8zuien3221yh6rao0	1	2	149	8	1	No-Go	NGW	0	0		1	0.0	1	0.1305	0.8683208265252624	-0.14708504640466333
wbzt9bh8zuien3221yh6rao0	1	2	154	9	1	No-Go	NGW	0	0		1	0.0	1	0.0528	0.949685975878135	-0.053118020392718936
wbzt9bh8zuien3221yh6rao0	1	2	158	10	1	No-Go	NGW	0	0		1	0.0	1	0.0188	0.9792382687990268	-0.021362520264753874
wbzt9bh8zuien3221yh6rao0	1	2	164	11	1	No-Go	NGW	0	0		1	1.0	0	0.0094	0.9906505019487652	-0.009499135374315385
wbzt9bh8zuien3221yh6rao0	1	2	168	12	1	No-Go	NGW	0	0		1	0.0	1	0.0319	0.9660187025902949	-0.03521754810622301
wbzt9bh8zuien3221yh6rao0	1	2	169	13	1	No-Go	NGW	0	0		1	0.0	1	0.0156	0.9856802856858394	-0.014597262488680079
wbzt9bh8zuien3221yh6rao0	1	2	176	14	1	No-Go	NGW	0	0		1	0.0	1	0.0062	0.993368011428048	-0.006705207435689189
wbzt9bh8zuien3221yh6rao0	1	2	178	15	1	No-Go	NGW	0	0		1	0.0	1	0.0037	0.9966616792334282	-0.003360424810463519
wbzt9bh8zuien3221yh6rao0	1	2	184	16	1	No-Go	NGW	0	0		1	0.0	1	0.002	0.9981924055921223	-0.00181509126154098
wbzt9bh8zuien3221yh6rao0	1	2	185	17	1	No-Go	NGW	0	0		1	0.0	1	0.0007	0.9989561150962679	-0.0010467037149144427
wbzt9bh8zuien3221yh6rao0	1	2	191	18	1	No-Go	NGW	0	0		1	0.0	1	0.0011	0.9993615051742382	-0.0006396584549539532
wbzt9bh8zuien3221yh6rao0	1	2	195	19	1	No-Go	NGW	0	0		1	0.0	1	0.0004	0.9995887442815813	-0.00041177935146431997
wbzt9bh8zuien3221yh6rao0	1	2	197	20	1	No-Go	NGW	0	0		1	1.0	0	0.0004	0.9997224170342637	-0.0002778384641204925
wbzt9bh8zuien3221yh6rao0	1	2	203	21	1	No-Go	NGW	0	0		1	0.0	1	0.0015	0.9985494190669131	-0.0014546450152141499
wbzt9bh8zuien3221yh6rao0	1	2	205	22	1	No-Go	NGW	0	0		1	0.0	1	0.001	0.9991587054630123	-0.000842860499171826
wbzt9bh8zuien3221yh6rao0	1	2	209	23	1	No-Go	NGW	0	0		1	1.0	0	0.0003	0.999478705744076	-0.00052197481485121
wbzt9bh8zuien3221yh6rao0	1	2	214	24	1	No-Go	NGW	0	0		1	0.0	1	0.0029	0.9972156971682956	-0.0027979500870221755
wbzt9bh8zuien3221yh6rao0	1	2	217	25	1	No-Go	NGW	0	0		1	0.0	1	0.0014	0.9985400622979193	-0.0014641128313207647
wbzt9bh8zuien3221yh6rao0	1	2	221	26	1	No-Go	NGW	0	0		1	0.0	1	0.0007	0.999162986672952	-0.0008385657082057067
wbzt9bh8zuien3221yh6rao0	1	2	225	27	1	No-Go	NGW	0	0		1	1.0	0	0.0003	0.9994845564436875	-0.0005161074921213544
wbzt9bh8zuien3221yh6rao0	1	2	230	28	1	No-Go	NGW	0	0		1	0.0	1	0.0036	0.9971684678127632	-0.002846329741787527
wbzt9bh8zuien3221yh6rao0	1	2	234	29	1	No-Go	NGW	0	0		1	0.0	1	0.0016	0.9985343817259571	-0.0014699531171336422
wbzt9bh8zuien3221yh6rao0	1	2	239	30	1	No-Go	NGW	0	0		1	0.0	1	0.0009	0.9991662717704151	-0.0008352989434350843
wbzt9bh8zuien3221yh6rao0	1	1	4	1	1	No-Go	NGW	0	1	0.581	0	0.0	0	0.7153	0.7222666366640315	-0.3426363158743418
wbzt9bh8zuien3221yh6rao0	1	1	6	2	1	No-Go	NGW	0	1	0.519	0	1.0	1	0.4568	0.4537189795172237	-0.8542318850466911
wbzt9bh8zuien3221yh6rao0	1	1	10	3	1	No-Go	NGW	0	0		1	0.0	1	0.8044	0.19763704187457284	-1.7705171815911749
wbzt9bh8zuien3221yh6rao0	1	1	16	4	1	No-Go	NGW	0	0		1	0.0	1	0.5581	0.43579386214240273	-0.8887751391407764
wbzt9bh8zuien3221yh6rao0	1	1	18	5	1	No-Go	NGW	0	0		1	0.0	1	0.3308	0.6794607455535131	-0.40908085177755027
wbzt9bh8zuien3221yh6rao0	1	1	21	6	1	No-Go	NGW	0	0		1	1.0	0	0.1628	0.8363605276585855	-0.18666002842393045
wbzt9bh8zuien3221yh6rao0	1	1	28	7	1	No-Go	NGW	0	0		1	0.0	1	0.4695	0.539940129103309	-0.6571573539329257
wbzt9bh8zuien3221yh6rao0	1	1	29	8	1	No-Go	NGW	0	0		1	0.0	1	0.2387	0.7554072223280129	-0.2936013485128033
wbzt9bh8zuien3221yh6rao0	1	1	33	9	1	No-Go	NGW	0	0		1	0.0	1	0.1203	0.877972038498191	-0.13451155192497408
wbzt9bh8zuien3221yh6rao0	1	1	40	10	1	No-Go	NGW	0	0		1	0.0	1	0.0634	0.9378811961445234	-0.06564130212065578
wbzt9bh8zuien3221yh6rao0	1	1	44	11	1	No-Go	NGW	0	0		1	1.0	0	0.0311	0.9666866101663679	-0.03443546552553309
wbzt9bh8zuien3221yh6rao0	1	1	46	12	1	No-Go	NGW	0	0		1	0.0	1	0.147	0.8479312151788425	-0.17229054830183696
wbzt9bh8zuien3221yh6rao0	1	1	51	13	1	No-Go	NGW	0	0		1	0.0	1	0.075	0.9247647055916836	-0.08027968691002965
wbzt9bh8zuien3221yh6rao0	1	1	56	14	1	No-Go	NGW	0	0		1	0.0	1	0.0375	0.9608110150291719	-0.04067522361613382
wbzt9bh8zuien3221yh6rao0	1	1	59	15	1	No-Go	NGW	0	0		1	0.0	1	0.0206	0.9782061588016477	-0.022303583312681518
wbzt9bh8zuien3221yh6rao0	1	1	61	16	1	No-Go	NGW	0	0		1	0.0	1	0.0138	0.9870723683284643	-0.01312730274408772
wbzt9bh8zuien3221yh6rao0	1	1	68	17	1	No-Go	NGW	0	0		1	0.0	1	0.0076	0.9918608349295311	-0.008227122882837713
wbzt9bh8zuien3221yh6rao0	1	1	70	18	1	No-Go	NGW	0	0		1	0.0	1	0.005	0.9945914621575581	-0.00545158618199902
wbzt9bh8zuien3221yh6rao0	1	1	75	19	1	No-Go	NGW	0	0		1	0.0	1	0.0038	0.9962270610167662	-0.003796111994734114
wbzt9bh8zuien3221yh6rao0	1	1	80	20	1	No-Go	NGW	0	0		1	1.0	0	0.0028	0.9972506963114067	-0.0027629003034678637
wbzt9bh8zuien3221yh6rao0	1	1	82	21	1	No-Go	NGW	0	0		1	0.0	1	0.019	0.9802234244557975	-0.020451675727126934
wbzt9bh8zuien3221yh6rao0	1	1	88	22	1	No-Go	NGW	0	0		1	0.0	1	0.0139	0.9884480781521532	-0.011781073403982927
wbzt9bh8zuien3221yh6rao0	1	1	91	23	1	No-Go	NGW	0	0		1	1.0	0	0.0078	0.9927473290080532	-0.0073469563605536945
wbzt9bh8zuien3221yh6rao0	1	1	93	24	1	No-Go	NGW	0	0		1	0.0	1	0.0488	0.9517814752187802	-0.05288197147870025
wbzt9bh8zuien3221yh6rao0	1	1	98	25	1	No-Go	NGW	0	0		1	0.0	1	0.024	0.9749497809150984	-0.026168357617416083
wbzt9bh8zuien3221yh6rao0	1	1	102	26	1	No-Go	NGW	0	0		1	0.0	1	0.0153	0.9858682864209141	-0.014480364680929446
wbzt9bh8zuien3221yh6rao0	1	1	108	27	1	No-Go	NGW	0	0		1	1.0	0	0.0085	0.9913868895657044	-0.00874688871643917
wbzt9bh8zuien3221yh6rao0	1	1	110	28	1	No-Go	NGW	0	0		1	0.0	1	0.059	0.9439230099857877	-0.06238386220684982
wbzt9bh8zuien3221yh6rao0	1	1	114	29	1	No-Go	NGW	0	0		1	0.0	1	0.0299	0.9713685035985116	-0.030089176238559896
wbzt9bh8zuien3221yh6rao0	1	1	119	30	1	No-Go	NGW	0	0		1	0.0	1	0.0155	0.9841418904902939	-0.016295155376771488
wbzt9bh8zuien3221yh6rao0	1	1	3	1	0	Go	GAL	1	0		0	0.0	0	0.5502	0.44797437463266676	-0.8264252447338336
wbzt9bh8zuien3221yh6rao0	1	1	5	2	0	Go	GAL	1	1	0.497	1	1.0	0	0.7666	0.7621593374229964	-0.2808986169031109
wbzt9bh8zuien3221yh6rao0	1	1	11	3	0	Go	GAL	1	0		0	0.0	0	0.5071	0.4972193438193025	-0.7276355861653713
wbzt9bh8zuien3221yh6rao0	1	1	14	4	0	Go	GAL	1	1	0.539	1	0.0	1	0.7001	0.7005368123555163	-0.3789465187658822
wbzt9bh8zuien3221yh6rao0	1	1	19	5	0	Go	GAL	1	1	0.684	1	0.0	1	0.8946	0.8881831141890488	-0.12375398744830494
wbzt9bh8zuien3221yh6rao0	1	1	24	6	0	Go	GAL	1	1	0.522	1	0.0	1	0.9585	0.9576882383261202	-0.04441869690656744
wbzt9bh8zuien3221yh6rao0	1	1	26	7	0	Go	GAL	1	1	0.611	1	0.0	1	0.98	0.9825980383579197	-0.01784681317052986
wbzt9bh8zuien3221yh6rao0	1	1	30	8	0	Go	GAL	1	1	0.513	1	1.0	0	0.9937	0.9921673986739276	-0.007942773571130143
wbzt9bh8zuien3221yh6rao0	1	1	35	9	0	Go	GAL	1	1	0.475	1	0.0	1	0.9699	0.9714673738712886	-0.029466530984158284
wbzt9bh8zuien3221yh6rao0	1	1	37	10	0	Go	GAL	1	1	0.498	1	0.0	1	0.9882	0.9879940729884947	-0.012213102538043322
wbzt9bh8zuien3221yh6rao0	1	1	43	11	0	Go	GAL	1	1	0.455	1	0.0	1	0.9946	0.9944378889329851	-0.005616539145097253
wbzt9bh8zuien3221yh6rao0	1	1	45	12	0	Go	GAL	1	1	0.452	1	0.0	1	0.9983	0.9971970544647091	-0.002819381337319616
wbzt9bh8zuien3221yh6rao0	1	1	49	13	0	Go	GAL	1	1	0.538	1	1.0	0	0.9981	0.9984799935205472	-0.0015255986720666757
wbzt9bh8zuien3221yh6rao0	1	1	55	14	0	Go	GAL	1	1	0.5	1	0.0	1	0.9941	0.9934570573015028	-0.006604578394609
wbzt9bh8zuien3221yh6rao0	1	1	57	15	0	Go	GAL	1	1	0.412	1	0.0	1	0.9965	0.9968211773242612	-0.003196443948702756
wbzt9bh8zuien3221yh6rao0	1	1	64	16	0	Go	GAL	1	1	0.517	1	0.0	1	0.9978	0.9983176778153225	-0.0016881665246433492
wbzt9bh8zuien3221yh6rao0	1	1	66	17	0	Go	GAL	1	1	0.459	1	0.0	1	0.9993	0.9990429566238145	-0.0009592307275894901
wbzt9bh8zuien3221yh6rao0	1	1	71	18	0	Go	GAL	1	1	0.542	1	0.0	1	0.9994	0.9994204839638434	-0.0005804244585390242
wbzt9bh8zuien3221yh6rao0	1	1	74	19	0	Go	GAL	1	1	0.436	1	1.0	0	0.9999	0.9996292971850976	-0.00037111675247387136
wbzt9bh8zuien3221yh6rao0	1	1	78	20	0	Go	GAL	1	1	0.346	1	0.0	1	0.9975	0.9981013381198265	-0.0019054703379428085
wbzt9bh8zuien3221yh6rao0	1	1	84	21	0	Go	GAL	1	1	0.474	1	0.0	1	0.9986	0.9989573922881884	-0.001044967968174947
wbzt9bh8zuien3221yh6rao0	1	1	87	22	0	Go	GAL	1	1	0.393	1	0.0	1	0.9998	0.9993824630812954	-0.0006184846809106743
wbzt9bh8zuien3221yh6rao0	1	1	90	23	0	Go	GAL	1	1	0.385	1	0.0	1	0.9997	0.9996104596746178	-0.0003899671083517915
wbzt9bh8zuien3221yh6rao0	1	1	95	24	0	Go	GAL	1	1	1.087	1	1.0	0	0.9998	0.9997406853666198	-0.00025952618240791825
wbzt9bh8zuien3221yh6rao0	1	1	97	25	0	Go	GAL	1	1	0.373	1	0.0	1	0.9988	0.9985477155082195	-0.0014569157742893046
wbzt9bh8zuien3221yh6rao0	1	1	104	26	0	Go	GAL	1	1	0.48	1	0.0	1	0.9994	0.9991917154342366	-0.0008098666650932192
wbzt9bh8zuien3221yh6rao0	1	1	107	27	0	Go	GAL	1	1	0.52	1	0.0	1	0.9993	0.9995126217530665	-0.0004880230282251094
wbzt9bh8zuien3221yh6rao0	1	1	111	28	0	Go	GAL	1	1	0.332	1	0.0	1	0.9996	0.9996864208773355	-0.0003138780219739728
wbzt9bh8zuien3221yh6rao0	1	1	115	29	0	Go	GAL	1	1	0.501	1	1.0	0	0.9996	0.9997869806190983	-0.0002131729019735256
wbzt9bh8zuien3221yh6rao0	1	1	120	30	0	Go	GAL	1	1	0.505	1	0.0	1	0.9986	0.9987402526647567	-0.0012636850214016193
wbzt9bh8zuien3221yh6rao0	1	1	2	1	1	Go	GW	1	1	0.576	1	0.0	1	0.7256	0.7222666366640315	-0.3426363158743418
wbzt9bh8zuien3221yh6rao0	1	1	8	2	1	Go	GW	1	1	0.549	1	0.0	1	0.9101	0.914221947066557	-0.09202122833209374
wbzt9bh8zuien3221yh6rao0	1	1	9	3	1	Go	GW	1	1	0.527	1	0.0	1	0.9717	0.9703157098780912	-0.03066827673192803
wbzt9bh8zuien3221yh6rao0	1	1	15	4	1	Go	GW	1	1	0.536	1	1.0	0	0.9859	0.9880396587599173	-0.012169790308811452
wbzt9bh8zuien3221yh6rao0	1	1	17	5	1	Go	GW	1	1	0.51	1	0.0	1	0.9496	0.9519789783680135	-0.05035441418133393
wbzt9bh8zuien3221yh6rao0	1	1	23	6	1	Go	GW	1	1	0.409	1	0.0	1	0.9804	0.9817465613753168	-0.018706925774315528
wbzt9bh8zuien3221yh6rao0	1	1	27	7	1	Go	GW	1	1	0.416	1	1.0	0	0.9908	0.9920469973486402	-0.00806433404144538
wbzt9bh8zuien3221yh6rao0	1	1	31	8	1	Go	GW	1	1	0.385	1	0.0	1	0.9656	0.9659259087044484	-0.03553575485442281
wbzt9bh8zuien3221yh6rao0	1	1	36	9	1	Go	GW	1	1	0.497	1	0.0	1	0.9849	0.9864165456525398	-0.013885306457951397
wbzt9bh8zuien3221yh6rao0	1	1	39	10	1	Go	GW	1	1	0.43	1	0.0	1	0.9931	0.9938358053134984	-0.006242500471405296
wbzt9bh8zuien3221yh6rao0	1	1	42	11	1	Go	GW	1	1	0.417	1	1.0	0	0.9974	0.9968991350216205	-0.0031247360594279473
wbzt9bh8zuien3221yh6rao0	1	1	48	12	1	Go	GW	1	1	0.481	1	0.0	1	0.9842	0.9851374631864437	-0.01524065599049106
wbzt9bh8zuien3221yh6rao0	1	1	50	13	1	Go	GW	1	1	0.39	1	0.0	1	0.993	0.9934511492548592	-0.006639416999263911
wbzt9bh8zuien3221yh6rao0	1	1	53	14	1	Go	GW	1	1	0.465	1	0.0	1	0.9969	0.9967593120710957	-0.0032673178845931796
wbzt9bh8zuien3221yh6rao0	1	1	60	15	1	Go	GW	1	1	0.347	1	0.0	1	0.9984	0.9982425327024208	-0.0017665266434867325
wbzt9bh8zuien3221yh6rao0	1	1	62	16	1	Go	GW	1	1	0.326	1	1.0	0	0.999	0.9989716686368599	-0.0010317956216342812
wbzt9bh8zuien3221yh6rao0	1	1	65	17	1	Go	GW	1	1	0.357	1	0.0	1	0.9955	0.9943221925370601	-0.005749158616116517
wbzt9bh8zuien3221yh6rao0	1	1	72	18	1	Go	GW	1	1	0.494	1	0.0	1	0.9966	0.9972188730628555	-0.00280093621485843
wbzt9bh8zuien3221yh6rao0	1	1	76	19	1	Go	GW	1	1	0.451	1	0.0	1	0.9982	0.9984866180383777	-0.0015200836193669978
wbzt9bh8zuien3221yh6rao0	1	1	79	20	1	Go	GW	1	1	0.609	1	0.0	1	0.9993	0.9991057749368419	-0.0008968269978313527
wbzt9bh8zuien3221yh6rao0	1	1	83	21	1	Go	GW	1	1	0.394	1	0.0	1	0.9996	0.9994342481485131	-0.0005668804977007856
wbzt9bh8zuien3221yh6rao0	1	1	85	22	1	Go	GW	1	1	0.648	1	1.0	0	0.9999	0.9996203759942588	-0.00038016343706657904
wbzt9bh8zuien3221yh6rao0	1	1	92	23	1	Go	GW	1	1	0.733	1	0.0	1	0.9976	0.9975479778492159	-0.0024684672250699607
wbzt9bh8zuien3221yh6rao0	1	1	94	24	1	Go	GW	1	1	0.82	1	0.0	1	0.9987	0.9986928690905712	-0.001312113445395817
wbzt9bh8zuien3221yh6rao0	1	1	100	25	1	Go	GW	1	1	0.399	1	0.0	1	0.9991	0.9992288941664849	-0.0007729968282443863
wbzt9bh8zuien3221yh6rao0	1	1	103	26	1	Go	GW	1	1	0.411	1	0.0	1	0.9994	0.9995084294625393	-0.0004924013539648875
wbzt9bh8zuien3221yh6rao0	1	1	106	27	1	Go	GW	1	1	0.42	1	1.0	0	0.9996	0.9996661510165401	-0.0003342581817414337
wbzt9bh8zuien3221yh6rao0	1	1	109	28	1	Go	GW	1	1	0.444	1	0.0	1	0.9968	0.9977011558830593	-0.002314720271558494
wbzt9bh8zuien3221yh6rao0	1	1	116	29	1	Go	GW	1	1	0.4	1	0.0	1	0.9981	0.9987913454550132	-0.0012131050270618499
wbzt9bh8zuien3221yh6rao0	1	1	117	30	1	Go	GW	1	1	0.488	1	0.0	1	0.9992	0.9992891691290986	-0.0007124739545608979
wbzt9bh8zuien3221yh6rao0	1	1	1	1	0	No-Go	NGAL	0	1	1.447	0	0.0	0	0.5476	0.5520256253673332	-0.6104079468165549
wbzt9bh8zuien3221yh6rao0	1	1	7	2	0	No-Go	NGAL	0	0		1	1.0	0	0.2787	0.7226120667496387	-0.3341845407029341
wbzt9bh8zuien3221yh6rao0	1	1	12	3	0	No-Go	NGAL	0	0		1	0.0	1	0.4993	0.4972193438193025	-0.7276355861653713
wbzt9bh8zuien3221yh6rao0	1	1	13	4	0	No-Go	NGAL	0	0		1	0.0	1	0.2214	0.7776817622819968	-0.259827367225278
wbzt9bh8zuien3221yh6rao0	1	1	20	5	0	No-Go	NGAL	0	0		1	0.0	1	0.0913	0.9111457406189846	-0.09556622005395801
wbzt9bh8zuien3221yh6rao0	1	1	22	6	0	No-Go	NGAL	0	0		1	1.0	0	0.0373	0.9629136472165215	-0.03849279297458902
wbzt9bh8zuien3221yh6rao0	1	1	25	7	0	No-Go	NGAL	0	0		1	0.0	1	0.1106	0.8921021149212395	-0.11869650183977774
wbzt9bh8zuien3221yh6rao0	1	1	32	8	0	No-Go	NGAL	0	0		1	0.0	1	0.0441	0.9564409470309958	-0.045492051382143066
wbzt9bh8zuien3221yh6rao0	1	1	34	9	0	No-Go	NGAL	0	0		1	0.0	1	0.0197	0.9809549270477913	-0.01947135819945211
wbzt9bh8zuien3221yh6rao0	1	1	38	10	0	No-Go	NGAL	0	0		1	0.0	1	0.01	0.9909150690953422	-0.00919705870942709
wbzt9bh8zuien3221yh6rao0	1	1	41	11	0	No-Go	NGAL	0	0		1	0.0	1	0.005	0.995303812527765	-0.004730365668312432
wbzt9bh8zuien3221yh6rao0	1	1	47	12	0	No-Go	NGAL	0	0		1	0.0	1	0.0027	0.9973919890666672	-0.00261983838339721
wbzt9bh8zuien3221yh6rao0	1	1	52	13	0	No-Go	NGAL	0	0		1	0.0	1	0.0017	0.9984561079392986	-0.0015484720593495884
wbzt9bh8zuien3221yh6rao0	1	1	54	14	0	No-Go	NGAL	0	0		1	1.0	0	0.0008	0.9990322400744197	-0.0009697238867574868
wbzt9bh8zuien3221yh6rao0	1	1	58	15	0	No-Go	NGAL	0	0		1	0.0	1	0.0043	0.995884502705975	-0.004143333917637974
wbzt9bh8zuien3221yh6rao0	1	1	63	16	0	No-Go	NGAL	0	0		1	0.0	1	0.0027	0.9977601820631357	-0.0022484342997946953
wbzt9bh8zuien3221yh6rao0	1	1	67	17	0	No-Go	NGAL	0	0		1	1.0	0	0.0012	0.9986803225983995	-0.0013229009580424424
wbzt9bh8zuien3221yh6rao0	1	1	69	18	0	No-Go	NGAL	0	0		1	0.0	1	0.0055	0.9935506191288519	-0.006548929927640986
wbzt9bh8zuien3221yh6rao0	1	1	73	19	0	No-Go	NGAL	0	0		1	0.0	1	0.0029	0.9968169273804981	-0.003204022911350038
wbzt9bh8zuien3221yh6rao0	1	1	77	20	0	No-Go	NGAL	0	0		1	0.0	1	0.002	0.9982515498253921	-0.001754625667417343
wbzt9bh8zuien3221yh6rao0	1	1	81	21	0	No-Go	NGAL	0	0		1	1.0	0	0.0014	0.998954802397383	-0.0010474783427289638
wbzt9bh8zuien3221yh6rao0	1	1	86	22	0	No-Go	NGAL	0	0		1	0.0	1	0.0065	0.994430162390343	-0.005663137999733097
wbzt9bh8zuien3221yh6rao0	1	1	89	23	0	No-Go	NGAL	0	0		1	0.0	1	0.0034	0.9972626201253605	-0.002755931903874062
wbzt9bh8zuien3221yh6rao0	1	1	96	24	0	No-Go	NGAL	0	0		1	0.0	1	0.0019	0.9984929966804488	-0.0015122746929661876
wbzt9bh8zuien3221yh6rao0	1	1	99	25	0	No-Go	NGAL	0	0		1	0.0	1	0.0007	0.9990932739087593	-0.0009086411366149123
wbzt9bh8zuien3221yh6rao0	1	1	101	26	0	No-Go	NGAL	0	0		1	0.0	1	0.0007	0.9994139885813663	-0.0005868437391853314
wbzt9bh8zuien3221yh6rao0	1	1	105	27	0	No-Go	NGAL	0	0		1	1.0	0	0.0006	0.9995981696135688	-0.0004022457765699482
wbzt9bh8zuien3221yh6rao0	1	1	112	28	0	No-Go	NGAL	0	0		1	0.0	1	0.0022	0.9976690079710552	-0.002349132993498547
wbzt9bh8zuien3221yh6rao0	1	1	113	29	0	No-Go	NGAL	0	0		1	0.0	1	0.0013	0.9987251001016259	-0.001279574267683053
wbzt9bh8zuien3221yh6rao0	1	1	118	30	0	No-Go	NGAL	0	0		1	0.0	1	0.0006	0.999230252243577	-0.0007713781477911073
wcl8t0q0vchm8ituba7c1ls5	1	2	124	1	0	No-Go	NGAL	0	0		1	0.0	1	0.5668	0.43325069780770836	-0.852014606592975
wcl8t0q0vchm8ituba7c1ls5	1	2	125	2	0	No-Go	NGAL	0	0		1	0.0	1	0.4678	0.5342144490725893	-0.6385967571550185
wcl8t0q0vchm8ituba7c1ls5	1	2	132	3	0	No-Go	NGAL	0	0		1	1.0	0	0.3734	0.62585576352869	-0.47823220914484366
wcl8t0q0vchm8ituba7c1ls5	1	2	135	4	0	No-Go	NGAL	0	0		1	0.0	1	0.4141	0.5812835295547366	-0.5513502612087569
wcl8t0q0vchm8ituba7c1ls5	1	2	139	5	0	No-Go	NGAL	0	0		1	0.0	1	0.3238	0.6669632745649325	-0.4122786518272549
wcl8t0q0vchm8ituba7c1ls5	1	2	142	6	0	No-Go	NGAL	0	0		1	0.0	1	0.2626	0.7379522521360811	-0.3096267220904468
wcl8t0q0vchm8ituba7c1ls5	1	2	146	7	0	No-Go	NGAL	0	0		1	0.0	1	0.205	0.794716616508369	-0.23409694856913413
wcl8t0q0vchm8ituba7c1ls5	1	2	150	8	0	No-Go	NGAL	0	0		1	0.0	1	0.1594	0.8391453510262515	-0.17850682626325337
wcl8t0q0vchm8ituba7c1ls5	1	2	155	9	0	No-Go	NGAL	0	0		1	1.0	0	0.1235	0.8735085018285618	-0.13745873381444404
wcl8t0q0vchm8ituba7c1ls5	1	2	157	10	0	No-Go	NGAL	0	0		1	0.0	1	0.1532	0.8477886523427601	-0.1677589783192417
wcl8t0q0vchm8ituba7c1ls5	1	2	162	11	0	No-Go	NGAL	0	0		1	0.0	1	0.1201	0.8805574188387424	-0.12904242308846883
wcl8t0q0vchm8ituba7c1ls5	1	2	168	12	0	No-Go	NGAL	0	0		1	0.0	1	0.0946	0.9056025611366213	-0.10044865079541625
wcl8t0q0vchm8ituba7c1ls5	1	2	169	13	0	No-Go	NGAL	0	0		1	0.0	1	0.0773	0.9247604110638072	-0.07913536786238808
wcl8t0q0vchm8ituba7c1ls5	1	2	173	14	0	No-Go	NGAL	0	0		1	1.0	0	0.0617	0.9394661822640447	-0.06309737653793554
wcl8t0q0vchm8ituba7c1ls5	1	2	178	15	0	No-Go	NGAL	0	0		1	0.0	1	0.0781	0.9240150893254137	-0.08011276506901892
wcl8t0q0vchm8ituba7c1ls5	1	2	183	16	0	No-Go	NGAL	0	0		1	0.0	1	0.0631	0.9391307323126604	-0.0635325875931943
wcl8t0q0vchm8ituba7c1ls5	1	2	186	17	0	No-Go	NGAL	0	0		1	0.0	1	0.0522	0.9507000027320147	-0.051072814842462955
wcl8t0q0vchm8ituba7c1ls5	1	2	190	18	0	No-Go	NGAL	0	0		1	1.0	0	0.0418	0.9596249681484663	-0.04158966637993447
wcl8t0q0vchm8ituba7c1ls5	1	2	195	19	0	No-Go	NGAL	0	0		1	0.0	1	0.0554	0.9477289565088366	-0.05456961822887023
wcl8t0q0vchm8ituba7c1ls5	1	2	200	20	0	No-Go	NGAL	0	0		1	0.0	1	0.0406	0.9575349905091902	-0.04396232431668459
wcl8t0q0vchm8ituba7c1ls5	1	2	204	21	0	No-Go	NGAL	0	0		1	1.0	0	0.0355	0.9650672895020913	-0.03595290965565035
wcl8t0q0vchm8ituba7c1ls5	1	2	207	22	0	No-Go	NGAL	0	0		1	0.0	1	0.0468	0.953806672486557	-0.04843723421328458
wcl8t0q0vchm8ituba7c1ls5	1	2	212	23	0	No-Go	NGAL	0	0		1	0.0	1	0.0393	0.9624051135776553	-0.03900365199158547
wcl8t0q0vchm8ituba7c1ls5	1	2	216	24	0	No-Go	NGAL	0	0		1	0.0	1	0.0308	0.9689784512595164	-0.031963337365956086
wcl8t0q0vchm8ituba7c1ls5	1	2	219	25	0	No-Go	NGAL	0	0		1	0.0	1	0.0244	0.9740650149402219	-0.0265958947574195
wcl8t0q0vchm8ituba7c1ls5	1	2	224	26	0	No-Go	NGAL	0	0		1	0.0	1	0.0239	0.9780475120637446	-0.022435461583283932
wcl8t0q0vchm8ituba7c1ls5	1	2	226	27	0	No-Go	NGAL	0	0		1	0.0	1	0.0171	0.9811997384303246	-0.01916591624270165
wcl8t0q0vchm8ituba7c1ls5	1	2	229	28	0	No-Go	NGAL	0	0		1	1.0	0	0.0184	0.9837199847968066	-0.016565754583204462
wcl8t0q0vchm8ituba7c1ls5	1	2	234	29	0	No-Go	NGAL	0	0		1	0.0	1	0.0245	0.9774504184806928	-0.02327042835550898
wcl8t0q0vchm8ituba7c1ls5	1	2	237	30	0	No-Go	NGAL	0	0		1	0.0	1	0.0192	0.9808612478846209	-0.01963987376953807
wcl8t0q0vchm8ituba7c1ls5	1	2	123	1	1	Go	GW	1	1	0.546	1	1.0	0	0.679	0.6821813636042188	-0.39599047050298974
wcl8t0q0vchm8ituba7c1ls5	1	2	128	2	1	Go	GW	1	1	0.688	1	0.0	1	0.5971	0.590505167413673	-0.546397346049548
wcl8t0q0vchm8ituba7c1ls5	1	2	130	3	1	Go	GW	1	1	0.687	1	0.0	1	0.7916	0.7943819867123367	-0.23642844345407873
wcl8t0q0vchm8ituba7c1ls5	1	2	136	4	1	Go	GW	1	1	0.574	1	0.0	1	0.8919	0.8939969530778712	-0.11556586996892733
wcl8t0q0vchm8ituba7c1ls5	1	2	137	5	1	Go	GW	1	1	0.697	1	0.0	1	0.9399	0.9410811988006414	-0.0625116473558106
wcl8t0q0vchm8ituba7c1ls5	1	2	141	6	1	Go	GW	1	1	0.547	1	0.0	1	0.9653	0.9648400595096338	-0.03668455849050714
wcl8t0q0vchm8ituba7c1ls5	1	2	147	7	1	Go	GW	1	1	0.448	1	0.0	1	0.9771	0.9776985433696295	-0.02300922330529372
wcl8t0q0vchm8ituba7c1ls5	1	2	149	8	1	Go	GW	1	1	0.583	1	0.0	1	0.9848	0.9850913998649258	-0.015262209163313703
wcl8t0q0vchm8ituba7c1ls5	1	2	154	9	1	Go	GW	1	1	0.482	1	1.0	0	0.9892	0.9895622828006765	-0.010626215563081631
wcl8t0q0vchm8ituba7c1ls5	1	2	159	10	1	Go	GW	1	1	0.511	1	0.0	1	0.9812	0.9812048767144701	-0.019321540393208228
wcl8t0q0vchm8ituba7c1ls5	1	2	161	11	1	Go	GW	1	1	0.47	1	0.0	1	0.9862	0.9873011515970116	-0.012966720340371395
wcl8t0q0vchm8ituba7c1ls5	1	2	167	12	1	Go	GW	1	1	0.528	1	0.0	1	0.9901	0.9909725498074992	-0.009175196380449384
wcl8t0q0vchm8ituba7c1ls5	1	2	172	13	1	Go	GW	1	1	0.52	1	0.0	1	0.9937	0.9933026736529151	-0.006784308772791536
wcl8t0q0vchm8ituba7c1ls5	1	2	176	14	1	Go	GW	1	1	0.528	1	1.0	0	0.995	0.9948417162231821	-0.005212680801021584
wcl8t0q0vchm8ituba7c1ls5	1	2	179	15	1	Go	GW	1	1	0.515	1	0.0	1	0.9895	0.9897204314391045	-0.010491043211286452
wcl8t0q0vchm8ituba7c1ls5	1	2	181	16	1	Go	GW	1	1	0.488	1	1.0	0	0.9941	0.9926760672856674	-0.007434357350662257
wcl8t0q0vchm8ituba7c1ls5	1	2	187	17	1	Go	GW	1	1	0.45	1	0.0	1	0.9857	0.9854408920644322	-0.015030761572534664
wcl8t0q0vchm8ituba7c1ls5	1	2	192	18	1	Go	GW	1	1	0.434	1	0.0	1	0.99	0.9903184907643182	-0.00988257277850562
wcl8t0q0vchm8ituba7c1ls5	1	2	193	19	1	Go	GW	1	1	0.441	1	0.0	1	0.9949	0.9930607575833738	-0.007045601701939355
wcl8t0q0vchm8ituba7c1ls5	1	2	197	20	1	Go	GW	1	1	0.473	1	0.0	1	0.9949	0.9947532070936616	-0.005310099260336374
wcl8t0q0vchm8ituba7c1ls5	1	2	202	21	1	Go	GW	1	1	0.449	1	0.0	1	0.9964	0.9958625082103847	-0.004178469729026598
wcl8t0q0vchm8ituba7c1ls5	1	2	206	22	1	Go	GW	1	1	0.507	1	0.0	1	0.9965	0.9966211995502472	-0.0034072219878528215
wcl8t0q0vchm8ituba7c1ls5	1	2	211	23	1	Go	GW	1	1	0.433	1	0.0	1	0.9965	0.9971570995025791	-0.002863848252743476
wcl8t0q0vchm8ituba7c1ls5	1	2	214	24	1	Go	GW	1	1	0.464	1	1.0	0	0.998	0.9975454668540166	-0.002470834973018187
wcl8t0q0vchm8ituba7c1ls5	1	2	217	25	1	Go	GW	1	1	0.525	1	0.0	1	0.9934	0.9944288023803085	-0.005667396125724363
wcl8t0q0vchm8ituba7c1ls5	1	2	221	26	1	Go	GW	1	1	0.419	1	0.0	1	0.9957	0.9958146671682272	-0.004236541645841728
wcl8t0q0vchm8ituba7c1ls5	1	2	225	27	1	Go	GW	1	1	0.443	1	0.0	1	0.9973	0.9966649724236318	-0.003367434729346234
wcl8t0q0vchm8ituba7c1ls5	1	2	232	28	1	Go	GW	1	1	0.418	1	1.0	0	0.9976	0.9972279648619017	-0.0027948189969073285
wcl8t0q0vchm8ituba7c1ls5	1	2	236	29	1	Go	GW	1	1	0.49	1	0.0	1	0.9942	0.993649651919958	-0.0064898405434699186
wcl8t0q0vchm8ituba7c1ls5	1	2	239	30	1	Go	GW	1	1	0.427	1	0.0	1	0.996	0.9954073923903984	-0.004659194973259612
wcl8t0q0vchm8ituba7c1ls5	1	2	122	1	0	Go	GAL	1	1	0.739	1	0.0	1	0.5682	0.5667493021922916	-0.5771389608606236
wcl8t0q0vchm8ituba7c1ls5	1	2	126	2	0	Go	GAL	1	1	0.628	1	0.0	1	0.6679	0.662167055083204	-0.4190799291576514
wcl8t0q0vchm8ituba7c1ls5	1	2	131	3	0	Go	GAL	1	0		0	0.0	0	0.7466	0.2596387464826097	-1.3935670409446625
wcl8t0q0vchm8ituba7c1ls5	1	2	133	4	0	Go	GAL	1	0		0	1.0	1	0.7702	0.22942671831879383	-1.5303838665667495
wcl8t0q0vchm8ituba7c1ls5	1	2	140	5	0	Go	GAL	1	1	0.468	1	0.0	1	0.6926	0.6907535662581269	-0.3756216508558485
wcl8t0q0vchm8ituba7c1ls5	1	2	144	6	0	Go	GAL	1	1	0.652	1	1.0	0	0.754	0.7604607021162539	-0.27821696756594655
wcl8t0q0vchm8ituba7c1ls5	1	2	145	7	0	Go	GAL	1	1	0.713	1	0.0	1	0.661	0.6646120810868364	-0.4140466089258569
wcl8t0q0vchm8ituba7c1ls5	1	2	151	8	0	Go	GAL	1	1	0.534	1	0.0	1	0.7417	0.7403808443535655	-0.3046573467432001
wcl8t0q0vchm8ituba7c1ls5	1	2	153	9	0	Go	GAL	1	1	0.516	1	0.0	1	0.796	0.8000514011115106	-0.2261629562125681
wcl8t0q0vchm8ituba7c1ls5	1	2	160	10	0	Go	GAL	1	1	0.479	1	0.0	1	0.8466	0.845888939275675	-0.16964203289828
wcl8t0q0vchm8ituba7c1ls5	1	2	163	11	0	Go	GAL	1	1	0.521	1	0.0	1	0.8783	0.8806717604321229	-0.12870448698805304
wcl8t0q0vchm8ituba7c1ls5	1	2	166	12	0	Go	GAL	1	1	0.499	1	1.0	0	0.9115	0.9069489536219888	-0.09882476084044443
wcl8t0q0vchm8ituba7c1ls5	1	2	170	13	0	Go	GAL	1	1	0.379	1	0.0	1	0.8453	0.8518008889204417	-0.16238689131264283
wcl8t0q0vchm8ituba7c1ls5	1	2	175	14	0	Go	GAL	1	1	0.465	1	0.0	1	0.889	0.8858430357720308	-0.1225745418593483
wcl8t0q0vchm8ituba7c1ls5	1	2	180	15	0	Go	GAL	1	1	0.506	1	0.0	1	0.9088	0.9112714493680354	-0.09387538126618805
wcl8t0q0vchm8ituba7c1ls5	1	2	184	16	0	Go	GAL	1	1	0.419	1	0.0	1	0.9299	0.9303236582429363	-0.07291088533672131
wcl8t0q0vchm8ituba7c1ls5	1	2	188	17	0	Go	GAL	1	1	0.561	1	0.0	1	0.9408	0.9446835974317938	-0.0574031522707106
wcl8t0q0vchm8ituba7c1ls5	1	2	191	18	0	Go	GAL	1	1	0.506	1	1.0	0	0.9548	0.9555877629818788	-0.04579362032927669
wcl8t0q0vchm8ituba7c1ls5	1	2	196	19	0	Go	GAL	1	1	0.433	1	0.0	1	0.9207	0.9229578675362301	-0.08134789022139695
wcl8t0q0vchm8ituba7c1ls5	1	2	198	20	0	Go	GAL	1	1	0.472	1	0.0	1	0.9358	0.9395581362553463	-0.06308713592124711
wcl8t0q0vchm8ituba7c1ls5	1	2	203	21	0	Go	GAL	1	1	0.418	1	0.0	1	0.9528	0.9519427299212404	-0.0497552191602539
wcl8t0q0vchm8ituba7c1ls5	1	2	205	22	0	Go	GAL	1	1	0.484	1	0.0	1	0.9585	0.9612858034963853	-0.03984460786161235
wcl8t0q0vchm8ituba7c1ls5	1	2	210	23	0	Go	GAL	1	1	0.505	1	0.0	1	0.972	0.9684139858483995	-0.03236350549856555
wcl8t0q0vchm8ituba7c1ls5	1	2	213	24	0	Go	GAL	1	1	0.471	1	1.0	0	0.973	0.9739117346880303	-0.0266394703024024
wcl8t0q0vchm8ituba7c1ls5	1	2	218	25	0	Go	GAL	1	1	0.552	1	0.0	1	0.9513	0.9515452908291027	-0.05070334956923214
wcl8t0q0vchm8ituba7c1ls5	1	2	222	26	0	Go	GAL	1	1	0.505	1	0.0	1	0.9597	0.9613154240867737	-0.04008095723114023
wcl8t0q0vchm8ituba7c1ls5	1	2	228	27	0	Go	GAL	1	1	0.557	1	0.0	1	0.9697	0.9686354080862768	-0.032284504845566
wcl8t0q0vchm8ituba7c1ls5	1	2	231	28	0	Go	GAL	1	1	0.467	1	0.0	1	0.9733	0.9742017562827173	-0.026432821437894563
wcl8t0q0vchm8ituba7c1ls5	1	2	235	29	0	Go	GAL	1	1	0.483	1	0.0	1	0.9813	0.9784934230963301	-0.02196150367634396
wcl8t0q0vchm8ituba7c1ls5	1	2	240	30	0	Go	GAL	1	1	0.499	1	1.0	0	0.9816	0.9818441365207966	-0.018493180145960395
wcl8t0q0vchm8ituba7c1ls5	1	2	121	1	1	No-Go	NGW	0	1	0.501	0	0.0	0	0.6785	0.6821813636042188	-0.39599047050298974
wcl8t0q0vchm8ituba7c1ls5	1	2	127	2	1	No-Go	NGW	0	1	0.842	0	0.0	0	0.5905	0.590505167413673	-0.546397346049548
wcl8t0q0vchm8ituba7c1ls5	1	2	129	3	1	No-Go	NGW	0	0		1	1.0	0	0.4957	0.5020209633402849	-0.7173153066620505
wcl8t0q0vchm8ituba7c1ls5	1	2	134	4	1	No-Go	NGW	0	1	1.05	0	0.0	0	0.5991	0.5966700814450383	-0.5356068752465378
wcl8t0q0vchm8ituba7c1ls5	1	2	138	5	1	No-Go	NGW	0	0		1	0.0	1	0.5111	0.4897407964496802	-0.7428996034832489
wcl8t0q0vchm8ituba7c1ls5	1	2	143	6	1	No-Go	NGW	0	0		1	1.0	0	0.4063	0.5947212562898603	-0.5398307830509653
wcl8t0q0vchm8ituba7c1ls5	1	2	148	7	1	No-Go	NGW	0	0		1	0.0	1	0.5074	0.495615680482785	-0.7304807251914874
wcl8t0q0vchm8ituba7c1ls5	1	2	152	8	1	No-Go	NGW	0	0		1	0.0	1	0.3913	0.599808143157871	-0.5313381754107351
wcl8t0q0vchm8ituba7c1ls5	1	2	156	9	1	No-Go	NGW	0	0		1	0.0	1	0.3047	0.6889376644972608	-0.38713581856605395
wcl8t0q0vchm8ituba7c1ls5	1	2	158	10	1	No-Go	NGW	0	0		1	0.0	1	0.233	0.7608676506799639	-0.2834085849330227
wcl8t0q0vchm8ituba7c1ls5	1	2	164	11	1	No-Go	NGW	0	0		1	0.0	1	0.1828	0.8169314529030635	-0.20900821172508627
wcl8t0q0vchm8ituba7c1ls5	1	2	165	12	1	No-Go	NGW	0	0		1	0.0	1	0.1424	0.859763259329136	-0.1555803747353598
wcl8t0q0vchm8ituba7c1ls5	1	2	171	13	1	No-Go	NGW	0	0		1	0.0	1	0.1082	0.8921457110256366	-0.11704175890663143
wcl8t0q0vchm8ituba7c1ls5	1	2	174	14	1	No-Go	NGW	0	1	0.591	0	0.0	0	0.0828	0.08347256378670083	-2.729889120698425
wcl8t0q0vchm8ituba7c1ls5	1	2	177	15	1	No-Go	NGW	0	0		1	1.0	0	0.0643	0.9377515620483995	-0.06547239392255907
wcl8t0q0vchm8ituba7c1ls5	1	2	182	16	1	No-Go	NGW	0	0		1	0.0	1	0.099	0.9023816900434806	-0.10469394896425219
wcl8t0q0vchm8ituba7c1ls5	1	2	185	17	1	No-Go	NGW	0	0		1	0.0	1	0.0735	0.9257893674745632	-0.07840964555299004
wcl8t0q0vchm8ituba7c1ls5	1	2	189	18	1	No-Go	NGW	0	0		1	0.0	1	0.0545	0.9429824434885764	-0.05956443928626641
wcl8t0q0vchm8ituba7c1ls5	1	2	194	19	1	No-Go	NGW	0	0		1	0.0	1	0.0441	0.9557060014222009	-0.04587179493087324
wcl8t0q0vchm8ituba7c1ls5	1	2	199	20	1	No-Go	NGW	0	0		1	1.0	0	0.0351	0.9652019630810413	-0.03579619004911297
wcl8t0q0vchm8ituba7c1ls5	1	2	201	21	1	No-Go	NGW	0	0		1	0.0	1	0.0561	0.9422559107556195	-0.0602272333269762
wcl8t0q0vchm8ituba7c1ls5	1	2	208	22	1	No-Go	NGW	0	0		1	0.0	1	0.0451	0.9554660696942141	-0.04604947195537151
wcl8t0q0vchm8ituba7c1ls5	1	2	209	23	1	No-Go	NGW	0	0		1	0.0	1	0.0374	0.9651888980980923	-0.03576410773584654
wcl8t0q0vchm8ituba7c1ls5	1	2	215	24	1	No-Go	NGW	0	0		1	0.0	1	0.0256	0.9724358550401135	-0.028179491275371688
wcl8t0q0vchm8ituba7c1ls5	1	2	220	25	1	No-Go	NGW	0	0		1	1.0	0	0.0232	0.9779017464655312	-0.022505579444904514
wcl8t0q0vchm8ituba7c1ls5	1	2	223	26	1	No-Go	NGW	0	0		1	0.0	1	0.0381	0.9615016176245399	-0.039688922196326526
wcl8t0q0vchm8ituba7c1ls5	1	2	227	27	1	No-Go	NGW	0	0		1	0.0	1	0.0297	0.9699083887443248	-0.030829681942437362
wcl8t0q0vchm8ituba7c1ls5	1	2	230	28	1	No-Go	NGW	0	0		1	0.0	1	0.0205	0.9761186569454813	-0.0243578919369442
wcl8t0q0vchm8ituba7c1ls5	1	2	233	29	1	No-Go	NGW	0	0		1	1.0	0	0.0172	0.980779620487353	-0.01953846276858844
wcl8t0q0vchm8ituba7c1ls5	1	2	238	30	1	No-Go	NGW	0	0		1	0.0	1	0.0297	0.9656353492403705	-0.03542693833877822
wcl8t0q0vchm8ituba7c1ls5	1	1	1	1	0	Go	GAL	1	0		0	0.0	0	0.5709	0.43325069780770836	-0.852014606592975
wcl8t0q0vchm8ituba7c1ls5	1	1	8	2	0	Go	GAL	1	0		0	0.0	0	0.6086	0.3925484848274985	-0.9525760677759242
wcl8t0q0vchm8ituba7c1ls5	1	1	9	3	0	Go	GAL	1	1	0.705	1	0.0	1	0.6536	0.6448275521956363	-0.4465257550351567
wcl8t0q0vchm8ituba7c1ls5	1	1	14	4	0	Go	GAL	1	1	0.792	1	1.0	0	0.7372	0.7301780112242383	-0.3206732902800061
wcl8t0q0vchm8ituba7c1ls5	1	1	20	5	0	Go	GAL	1	0		0	0.0	0	0.6362	0.36101652826381997	-1.0436303276628947
wcl8t0q0vchm8ituba7c1ls5	1	1	21	6	0	Go	GAL	1	1	0.663	1	1.0	0	0.6763	0.6731142358544454	-0.4045751144305677
wcl8t0q0vchm8ituba7c1ls5	1	1	28	7	0	Go	GAL	1	0		0	0.0	0	0.5814	0.4199782553420402	-0.8930499791801642
wcl8t0q0vchm8ituba7c1ls5	1	1	31	8	0	Go	GAL	1	1	0.864	1	0.0	1	0.6133	0.6152069194553155	-0.49999603185269936
wcl8t0q0vchm8ituba7c1ls5	1	1	33	9	0	Go	GAL	1	1	1.12	1	0.0	1	0.7143	0.7095121683211913	-0.3531135785093576
wcl8t0q0vchm8ituba7c1ls5	1	1	40	10	0	Go	GAL	1	1	0.802	1	0.0	1	0.7805	0.7830298544272336	-0.25161290279836923
wcl8t0q0vchm8ituba7c1ls5	1	1	42	11	0	Go	GAL	1	1	0.774	1	0.0	1	0.8401	0.8382632768838372	-0.18123394026877418
wcl8t0q0vchm8ituba7c1ls5	1	1	47	12	0	Go	GAL	1	1	0.945	1	1.0	0	0.8785	0.879037560960047	-0.13213127925087748
wcl8t0q0vchm8ituba7c1ls5	1	1	50	13	0	Go	GAL	1	1	0.625	1	0.0	1	0.8194	0.8232842019187195	-0.19916201629528074
wcl8t0q0vchm8ituba7c1ls5	1	1	55	14	0	Go	GAL	1	0		0	0.0	0	0.8695	0.13146465238144261	-2.1958688277103127
wcl8t0q0vchm8ituba7c1ls5	1	1	59	15	0	Go	GAL	1	1	0.448	1	0.0	1	0.8781	0.882313582703272	-0.12835441292006705
wcl8t0q0vchm8ituba7c1ls5	1	1	64	16	0	Go	GAL	1	1	0.391	1	0.0	1	0.9098	0.9120426600597742	-0.09411810972738212
wcl8t0q0vchm8ituba7c1ls5	1	1	65	17	0	Go	GAL	1	1	0.681	1	0.0	1	0.9357	0.9336279841623826	-0.07000601793345107
wcl8t0q0vchm8ituba7c1ls5	1	1	69	18	0	Go	GAL	1	1	0.812	1	1.0	0	0.9521	0.9493856165726015	-0.052802816372843585
wcl8t0q0vchm8ituba7c1ls5	1	1	75	19	0	Go	GAL	1	1	0.754	1	0.0	1	0.9223	0.9207267983608667	-0.08405612214941445
wcl8t0q0vchm8ituba7c1ls5	1	1	78	20	0	Go	GAL	1	1	0.921	1	0.0	1	0.9426	0.9402762458623489	-0.0625439618787872
wcl8t0q0vchm8ituba7c1ls5	1	1	82	21	0	Go	GAL	1	1	0.702	1	0.0	1	0.9519	0.9544424577131242	-0.047262570362067664
wcl8t0q0vchm8ituba7c1ls5	1	1	88	22	0	Go	GAL	1	1	0.536	1	0.0	1	0.9681	0.9648168533225349	-0.036238153996803975
wcl8t0q0vchm8ituba7c1ls5	1	1	90	23	0	Go	GAL	1	1	0.632	1	0.0	1	0.9716	0.9724966555054012	-0.02817073353196685
wcl8t0q0vchm8ituba7c1ls5	1	1	93	24	0	Go	GAL	1	1	0.777	1	1.0	0	0.9782	0.9782428555810305	-0.022188469184176544
wcl8t0q0vchm8ituba7c1ls5	1	1	97	25	0	Go	GAL	1	1	0.844	1	0.0	1	0.9606	0.9635531102480721	-0.03751056370552761
wcl8t0q0vchm8ituba7c1ls5	1	1	103	26	0	Go	GAL	1	0		0	0.0	0	0.9748	0.02826655167056667	-3.893712842975452
wcl8t0q0vchm8ituba7c1ls5	1	1	108	27	0	Go	GAL	1	1	0.5	1	0.0	1	0.9769	0.9747893563577616	-0.025770129778618648
wcl8t0q0vchm8ituba7c1ls5	1	1	111	28	0	Go	GAL	1	1	0.644	1	0.0	1	0.9802	0.9801702713344894	-0.020189507881679926
wcl8t0q0vchm8ituba7c1ls5	1	1	114	29	0	Go	GAL	1	1	0.673	1	0.0	1	0.9839	0.984196395177465	-0.016040745826272344
wcl8t0q0vchm8ituba7c1ls5	1	1	117	30	0	Go	GAL	1	1	0.6	1	1.0	0	0.9882	0.9872476406188738	-0.012912330579545652
wcl8t0q0vchm8ituba7c1ls5	1	1	2	1	1	Go	GW	1	1	0.822	1	1.0	0	0.6827	0.6821813636042188	-0.39599047050298974
wcl8t0q0vchm8ituba7c1ls5	1	1	5	2	1	Go	GW	1	0		0	0.0	0	0.5835	0.40949483258632696	-0.9330392039506517
wcl8t0q0vchm8ituba7c1ls5	1	1	10	3	1	Go	GW	1	0		0	0.0	0	0.6789	0.31781863639578123	-1.207416986649106
wcl8t0q0vchm8ituba7c1ls5	1	1	15	4	1	Go	GW	1	1	0.656	1	0.0	1	0.7531	0.7562994127360919	-0.28883570910912953
wcl8t0q0vchm8ituba7c1ls5	1	1	17	5	1	Go	GW	1	1	0.661	1	0.0	1	0.886	0.8906890338235226	-0.11855023144340529
wcl8t0q0vchm8ituba7c1ls5	1	1	23	6	1	Go	GW	1	1	0.811	1	0.0	1	0.9465	0.9459094789239881	-0.05685576354357455
wcl8t0q0vchm8ituba7c1ls5	1	1	27	7	1	Go	GW	1	1	0.576	1	0.0	1	0.9679	0.9704964715634266	-0.03051831329751856
wcl8t0q0vchm8ituba7c1ls5	1	1	32	8	1	Go	GW	1	1	0.776	1	0.0	1	0.9819	0.982591964380011	-0.017831367646815446
wcl8t0q0vchm8ituba7c1ls5	1	1	34	9	1	Go	GW	1	1	0.706	1	1.0	0	0.9875	0.9890535121892441	-0.011140258568659996
wcl8t0q0vchm8ituba7c1ls5	1	1	39	10	1	Go	GW	1	1	0.713	1	0.0	1	0.9818	0.9818083768498204	-0.018638147551866702
wcl8t0q0vchm8ituba7c1ls5	1	1	44	11	1	Go	GW	1	1	0.6	1	0.0	1	0.9879	0.9886315800107961	-0.011575049338311182
wcl8t0q0vchm8ituba7c1ls5	1	1	46	12	1	Go	GW	1	1	0.776	1	0.0	1	0.9934	0.9924796811094384	-0.0076233108886634504
wcl8t0q0vchm8ituba7c1ls5	1	1	49	13	1	Go	GW	1	1	0.685	1	0.0	1	0.9959	0.9947844824759259	-0.005270108038288214
wcl8t0q0vchm8ituba7c1ls5	1	1	54	14	1	Go	GW	1	1	0.638	1	1.0	0	0.9955	0.9962311903824796	-0.0037993819891289585
wcl8t0q0vchm8ituba7c1ls5	1	1	57	15	1	Go	GW	1	1	0.874	1	0.0	1	0.9916	0.993125170694217	-0.006959757627959183
wcl8t0q0vchm8ituba7c1ls5	1	1	62	16	1	Go	GW	1	1	0.572	1	1.0	0	0.9941	0.995249605420246	-0.00479531324667215
wcl8t0q0vchm8ituba7c1ls5	1	1	66	17	1	Go	GW	1	1	0.889	1	0.0	1	0.9916	0.9912430206895778	-0.008893929099973445
wcl8t0q0vchm8ituba7c1ls5	1	1	70	18	1	Go	GW	1	1	0.489	1	0.0	1	0.992	0.9942234472866112	-0.005841982054082213
wcl8t0q0vchm8ituba7c1ls5	1	1	74	19	1	Go	GW	1	1	0.588	1	0.0	1	0.996	0.995936790787879	-0.004098560164968255
wcl8t0q0vchm8ituba7c1ls5	1	1	80	20	1	Go	GW	1	1	0.381	1	0.0	1	0.9968	0.9970022075761604	-0.0030183915853754374
wcl8t0q0vchm8ituba7c1ls5	1	1	83	21	1	Go	GW	1	1	0.711	1	0.0	1	0.9973	0.9976999660221411	-0.0023127818496445096
wcl8t0q0vchm8ituba7c1ls5	1	1	86	22	1	Go	GW	1	1	0.51	1	0.0	1	0.9974	0.9981747073977516	-0.0018336217364586331
wcl8t0q0vchm8ituba7c1ls5	1	1	92	23	1	Go	GW	1	1	0.479	1	0.0	1	0.9989	0.9985075462568331	-0.0014981857994312558
wcl8t0q0vchm8ituba7c1ls5	1	1	95	24	1	Go	GW	1	1	0.518	1	1.0	0	0.9989	0.9987467118854924	-0.0012574377579268048
wcl8t0q0vchm8ituba7c1ls5	1	1	99	25	1	Go	GW	1	1	0.446	1	0.0	1	0.9979	0.9973413870750868	-0.002676767402987286
wcl8t0q0vchm8ituba7c1ls5	1	1	104	26	1	Go	GW	1	1	0.472	1	0.0	1	0.9987	0.9979978945867566	-0.0020124735199386194
wcl8t0q0vchm8ituba7c1ls5	1	1	106	27	1	Go	GW	1	1	0.525	1	0.0	1	0.9987	0.9984132460837972	-0.001593445777354439
wcl8t0q0vchm8ituba7c1ls5	1	1	112	28	1	Go	GW	1	1	0.682	1	1.0	0	0.9988	0.9986937166658701	-0.0013109617849193797
wcl8t0q0vchm8ituba7c1ls5	1	1	115	29	1	Go	GW	1	1	0.545	1	0.0	1	0.9969	0.9971579552216266	-0.002865053818737024
wcl8t0q0vchm8ituba7c1ls5	1	1	118	30	1	Go	GW	1	1	0.512	1	0.0	1	0.9979	0.9979226729313585	-0.0020892843995787592
wcl8t0q0vchm8ituba7c1ls5	1	1	4	1	0	No-Go	NGAL	0	0		1	0.0	1	0.5658	0.43325069780770836	-0.852014606592975
wcl8t0q0vchm8ituba7c1ls5	1	1	7	2	0	No-Go	NGAL	0	0		1	0.0	1	0.4691	0.5342144490725893	-0.6385967571550185
wcl8t0q0vchm8ituba7c1ls5	1	1	11	3	0	No-Go	NGAL	0	0		1	1.0	0	0.3824	0.62585576352869	-0.47823220914484366
wcl8t0q0vchm8ituba7c1ls5	1	1	16	4	0	No-Go	NGAL	0	0		1	0.0	1	0.4183	0.5812835295547366	-0.5513502612087569
wcl8t0q0vchm8ituba7c1ls5	1	1	18	5	0	No-Go	NGAL	0	0		1	0.0	1	0.332	0.6669632745649325	-0.4122786518272549
wcl8t0q0vchm8ituba7c1ls5	1	1	24	6	0	No-Go	NGAL	0	0		1	0.0	1	0.2609	0.7379522521360811	-0.3096267220904468
wcl8t0q0vchm8ituba7c1ls5	1	1	26	7	0	No-Go	NGAL	0	0		1	0.0	1	0.2045	0.794716616508369	-0.23409694856913413
wcl8t0q0vchm8ituba7c1ls5	1	1	29	8	0	No-Go	NGAL	0	0		1	0.0	1	0.1599	0.8391453510262515	-0.17850682626325337
wcl8t0q0vchm8ituba7c1ls5	1	1	35	9	0	No-Go	NGAL	0	1	0.914	0	1.0	1	0.129	0.12649149817143815	-2.17730533062973
wcl8t0q0vchm8ituba7c1ls5	1	1	37	10	0	No-Go	NGAL	0	1	0.889	0	0.0	0	0.1802	0.17623003917973487	-1.8028017109808103
wcl8t0q0vchm8ituba7c1ls5	1	1	41	11	0	No-Go	NGAL	0	0		1	0.0	1	0.1248	0.8760117162941736	-0.13462476599029247
wcl8t0q0vchm8ituba7c1ls5	1	1	45	12	0	No-Go	NGAL	0	1	0.914	0	0.0	0	0.099	0.09802457225844459	-2.4591673161640997
wcl8t0q0vchm8ituba7c1ls5	1	1	51	13	0	No-Go	NGAL	0	0		1	0.0	1	0.0685	0.9307125714882036	-0.07287539155569718
wcl8t0q0vchm8ituba7c1ls5	1	1	56	14	0	No-Go	NGAL	0	0		1	1.0	0	0.0542	0.9451286149587135	-0.05716283612336868
wcl8t0q0vchm8ituba7c1ls5	1	1	60	15	0	No-Go	NGAL	0	0		1	0.0	1	0.0653	0.9327131770849107	-0.0705308113442574
wcl8t0q0vchm8ituba7c1ls5	1	1	61	16	0	No-Go	NGAL	0	0		1	0.0	1	0.0517	0.9468204257209094	-0.055247172703955225
wcl8t0q0vchm8ituba7c1ls5	1	1	67	17	0	No-Go	NGAL	0	0		1	0.0	1	0.0411	0.9575224663345214	-0.04382452296708474
wcl8t0q0vchm8ituba7c1ls5	1	1	72	18	0	No-Go	NGAL	0	0		1	1.0	0	0.0328	0.9657057069964458	-0.03519119215387477
wcl8t0q0vchm8ituba7c1ls5	1	1	73	19	0	No-Go	NGAL	0	0		1	0.0	1	0.0414	0.9566915510791254	-0.04472563086321006
wcl8t0q0vchm8ituba7c1ls5	1	1	77	20	0	No-Go	NGAL	0	1	0.758	0	0.0	0	0.0337	0.03478569165618222	-3.5979750928354393
wcl8t0q0vchm8ituba7c1ls5	1	1	84	21	0	No-Go	NGAL	0	1	0.582	0	1.0	1	0.0253	0.024538908473759724	-3.9966041602318043
wcl8t0q0vchm8ituba7c1ls5	1	1	87	22	0	No-Go	NGAL	0	1	0.584	0	0.0	0	0.037	0.03754192249848745	-3.517013306442519
wcl8t0q0vchm8ituba7c1ls5	1	1	89	23	0	No-Go	NGAL	0	0		1	0.0	1	0.026	0.9737620296716363	-0.026789769662657264
wcl8t0q0vchm8ituba7c1ls5	1	1	94	24	0	No-Go	NGAL	0	0		1	0.0	1	0.0228	0.9786910987890173	-0.021681042643624346
wcl8t0q0vchm8ituba7c1ls5	1	1	98	25	0	No-Go	NGAL	0	0		1	0.0	1	0.0179	0.9824850278828402	-0.01777300899568967
wcl8t0q0vchm8ituba7c1ls5	1	1	102	26	0	No-Go	NGAL	0	0		1	0.0	1	0.0137	0.9854366303630555	-0.01474705177066943
wcl8t0q0vchm8ituba7c1ls5	1	1	105	27	0	No-Go	NGAL	0	0		1	0.0	1	0.0133	0.9877557836954427	-0.012378353998396003
wcl8t0q0vchm8ituba7c1ls5	1	1	110	28	0	No-Go	NGAL	0	0		1	1.0	0	0.0091	0.989594959141363	-0.01050548931020567
wcl8t0q0vchm8ituba7c1ls5	1	1	116	29	0	No-Go	NGAL	0	0		1	0.0	1	0.015	0.9861981834638076	-0.013994990375811206
wcl8t0q0vchm8ituba7c1ls5	1	1	119	30	0	No-Go	NGAL	0	0		1	0.0	1	0.0106	0.9884216307907316	-0.011715396994630081
wcl8t0q0vchm8ituba7c1ls5	1	1	3	1	1	No-Go	NGW	0	1	0.752	0	0.0	0	0.6812	0.6821813636042188	-0.39599047050298974
wcl8t0q0vchm8ituba7c1ls5	1	1	6	2	1	No-Go	NGW	0	0		1	0.0	1	0.5887	0.40949483258632696	-0.9330392039506517
wcl8t0q0vchm8ituba7c1ls5	1	1	12	3	1	No-Go	NGW	0	0		1	1.0	0	0.4917	0.5084135719022247	-0.70452432433757
wcl8t0q0vchm8ituba7c1ls5	1	1	13	4	1	No-Go	NGW	0	1	0.856	0	0.0	0	0.6004	0.5966700814450383	-0.5356068752465378
wcl8t0q0vchm8ituba7c1ls5	1	1	19	5	1	No-Go	NGW	0	1	0.599	0	0.0	0	0.5001	0.504384319517215	-0.7122752141428024
wcl8t0q0vchm8ituba7c1ls5	1	1	22	6	1	No-Go	NGW	0	1	0.705	0	1.0	1	0.4168	0.4175016479265453	-0.9132216164307172
wcl8t0q0vchm8ituba7c1ls5	1	1	25	7	1	No-Go	NGW	0	1	0.494	0	0.0	0	0.6783	0.6805234706363613	-0.3986422856131524
wcl8t0q0vchm8ituba7c1ls5	1	1	30	8	1	No-Go	NGW	0	1	0.716	0	0.0	0	0.593	0.5894121514935022	-0.5472278373236911
wcl8t0q0vchm8ituba7c1ls5	1	1	36	9	1	No-Go	NGW	0	1	0.794	0	0.0	0	0.4962	0.49705141344489445	-0.7245474241798444
wcl8t0q0vchm8ituba7c1ls5	1	1	38	10	1	No-Go	NGW	0	1	0.825	0	0.0	0	0.4133	0.41030422560551927	-0.9257392107739473
wcl8t0q0vchm8ituba7c1ls5	1	1	43	11	1	No-Go	NGW	0	1	0.864	0	0.0	0	0.3443	0.33361978037032214	-1.1442940873058667
wcl8t0q0vchm8ituba7c1ls5	1	1	48	12	1	No-Go	NGW	0	0		1	0.0	1	0.2708	0.731199400462646	-0.3209613506194223
wcl8t0q0vchm8ituba7c1ls5	1	1	52	13	1	No-Go	NGW	0	0		1	0.0	1	0.1996	0.8016070337377925	-0.2266653350922893
wcl8t0q0vchm8ituba7c1ls5	1	1	53	14	1	No-Go	NGW	0	0		1	0.0	1	0.1462	0.8534838658229496	-0.1622223571503673
wcl8t0q0vchm8ituba7c1ls5	1	1	58	15	1	No-Go	NGW	0	1	0.506	0	1.0	1	0.1078	0.1088083694866456	-2.401423222645072
wcl8t0q0vchm8ituba7c1ls5	1	1	63	16	1	No-Go	NGW	0	0		1	0.0	1	0.2869	0.7154352819244776	-0.3608328517213557
wcl8t0q0vchm8ituba7c1ls5	1	1	68	17	1	No-Go	NGW	0	0		1	0.0	1	0.223	0.7755877000486243	-0.2710523484495202
wcl8t0q0vchm8ituba7c1ls5	1	1	71	18	1	No-Go	NGW	0	0		1	0.0	1	0.1782	0.8233796353124595	-0.20535948809216667
wcl8t0q0vchm8ituba7c1ls5	1	1	76	19	1	No-Go	NGW	0	0		1	0.0	1	0.145	0.8607403740730699	-0.1571697809710146
wcl8t0q0vchm8ituba7c1ls5	1	1	79	20	1	No-Go	NGW	0	0		1	1.0	0	0.1124	0.8896885395042841	-0.12163564328388053
wcl8t0q0vchm8ituba7c1ls5	1	1	81	21	1	No-Go	NGW	0	0		1	0.0	1	0.1735	0.8266274610153401	-0.20142936975100867
wcl8t0q0vchm8ituba7c1ls5	1	1	85	22	1	No-Go	NGW	0	0		1	0.0	1	0.1341	0.864005111587615	-0.15317417206210332
wcl8t0q0vchm8ituba7c1ls5	1	1	91	23	1	No-Go	NGW	0	0		1	0.0	1	0.1068	0.8926758395878717	-0.11808926715101421
wcl8t0q0vchm8ituba7c1ls5	1	1	96	24	1	No-Go	NGW	0	0		1	0.0	1	0.0858	0.9146198263303584	-0.09228529184079472
wcl8t0q0vchm8ituba7c1ls5	1	1	100	25	1	No-Go	NGW	0	0		1	1.0	0	0.0685	0.9314453400893578	-0.07309108193670368
wcl8t0q0vchm8ituba7c1ls5	1	1	101	26	1	No-Go	NGW	0	0		1	0.0	1	0.1132	0.8846823859693504	-0.12915389028048357
wcl8t0q0vchm8ituba7c1ls5	1	1	107	27	1	No-Go	NGW	0	0		1	0.0	1	0.0841	0.9090205781864648	-0.0994927974028279
wcl8t0q0vchm8ituba7c1ls5	1	1	109	28	1	No-Go	NGW	0	0		1	0.0	1	0.071	0.9274773469662847	-0.07796130798994674
wcl8t0q0vchm8ituba7c1ls5	1	1	113	29	1	No-Go	NGW	0	0		1	1.0	0	0.0619	0.9415405544837875	-0.06205245154713346
wcl8t0q0vchm8ituba7c1ls5	1	1	120	30	1	No-Go	NGW	0	0		1	0.0	1	0.0954	0.8989012490362122	-0.11363032176357173
xe4y3wjth90p0vfgki0beff4	1	2	123	1	1	No-Go	NGW	0	0		1	0.0	1	0.8175	0.18268191502926157	-1.7978773020894905
xe4y3wjth90p0vfgki0beff4	1	2	128	2	1	No-Go	NGW	0	1	0.783	0	0.0	0	0.7156	0.720522633677335	-0.3448046913431175
xe4y3wjth90p0vfgki0beff4	1	2	131	3	1	No-Go	NGW	0	1	0.727	0	1.0	1	0.6041	0.6007279175491175	-0.6294564391077058
xe4y3wjth90p0vfgki0beff4	1	2	135	4	1	No-Go	NGW	0	1	0.942	0	0.0	0	0.7535	0.7506328396920129	-0.29330209886592684
xe4y3wjth90p0vfgki0beff4	1	2	138	5	1	No-Go	NGW	0	1	0.605	0	0.0	0	0.6131	0.6153267299897499	-0.554304144195955
xe4y3wjth90p0vfgki0beff4	1	2	143	6	1	No-Go	NGW	0	1	0.455	0	1.0	1	0.5246	0.5192977169535112	-0.8295995424246945
xe4y3wjth90p0vfgki0beff4	1	2	145	7	1	No-Go	NGW	0	1	0.498	0	0.0	0	0.6799	0.687143053009567	-0.3862891092782313
xe4y3wjth90p0vfgki0beff4	1	2	150	8	1	No-Go	NGW	0	0		1	0.0	1	0.55	0.44810205815183124	-0.865172245844642
xe4y3wjth90p0vfgki0beff4	1	2	156	9	1	No-Go	NGW	0	1	0.831	0	0.0	0	0.4562	0.4598804128807883	-0.9058029323706993
xe4y3wjth90p0vfgki0beff4	1	2	160	10	1	No-Go	NGW	0	0		1	0.0	1	0.3721	0.6265387662417234	-0.5148905680164151
xe4y3wjth90p0vfgki0beff4	1	2	162	11	1	No-Go	NGW	0	0		1	1.0	0	0.3122	0.6928125516854833	-0.3990462822249176
xe4y3wjth90p0vfgki0beff4	1	2	168	12	1	No-Go	NGW	0	0		1	0.0	1	0.4738	0.5208575311039974	-0.6806899493568287
xe4y3wjth90p0vfgki0beff4	1	2	170	13	1	No-Go	NGW	0	1	1.035	0	0.0	0	0.3473	0.35112217075850166	-1.1251248477299562
xe4y3wjth90p0vfgki0beff4	1	2	176	14	1	No-Go	NGW	0	0		1	0.0	1	0.2865	0.7149179570792823	-0.3498224187468084
xe4y3wjth90p0vfgki0beff4	1	2	178	15	1	No-Go	NGW	0	0		1	0.0	1	0.2201	0.7798966697691929	-0.26054439842813015
xe4y3wjth90p0vfgki0beff4	1	2	183	16	1	No-Go	NGW	0	0		1	0.0	1	0.1812	0.8249163002605067	-0.2006190400321559
xe4y3wjth90p0vfgki0beff4	1	2	186	17	1	No-Go	NGW	0	0		1	0.0	1	0.1429	0.8587536849570894	-0.1574847703721969
xe4y3wjth90p0vfgki0beff4	1	2	192	18	1	No-Go	NGW	0	0		1	1.0	0	0.1149	0.884803728777964	-0.12567340667818222
xe4y3wjth90p0vfgki0beff4	1	2	196	19	1	No-Go	NGW	0	0		1	0.0	1	0.24	0.7584689113135133	-0.315087298786575
xe4y3wjth90p0vfgki0beff4	1	2	200	20	1	No-Go	NGW	0	0		1	0.0	1	0.1558	0.8446593000943808	-0.17242015999557098
xe4y3wjth90p0vfgki0beff4	1	2	202	21	1	No-Go	NGW	0	0		1	0.0	1	0.1138	0.8837939262152189	-0.12573117356035265
xe4y3wjth90p0vfgki0beff4	1	2	205	22	1	No-Go	NGW	0	0		1	1.0	0	0.0924	0.907573194746628	-0.09855491857889337
xe4y3wjth90p0vfgki0beff4	1	2	210	23	1	No-Go	NGW	0	0		1	0.0	1	0.2119	0.786328301943908	-0.29212808057705414
xe4y3wjth90p0vfgki0beff4	1	2	216	24	1	No-Go	NGW	0	0		1	0.0	1	0.1329	0.8697210796817322	-0.14376841204709545
xe4y3wjth90p0vfgki0beff4	1	2	220	25	1	No-Go	NGW	0	0		1	0.0	1	0.0971	0.9045754683884566	-0.10210811046952611
xe4y3wjth90p0vfgki0beff4	1	2	223	26	1	No-Go	NGW	0	0		1	1.0	0	0.0745	0.9242821650725825	-0.079973620934188
xe4y3wjth90p0vfgki0beff4	1	2	227	27	1	No-Go	NGW	0	0		1	0.0	1	0.193	0.8086610000810828	-0.27057222233868666
xe4y3wjth90p0vfgki0beff4	1	2	231	28	1	No-Go	NGW	0	0		1	0.0	1	0.1123	0.887659996756601	-0.12424177737624403
xe4y3wjth90p0vfgki0beff4	1	2	235	29	1	No-Go	NGW	0	0		1	0.0	1	0.0768	0.9188254370887978	-0.08660315159548572
xe4y3wjth90p0vfgki0beff4	1	2	240	30	1	No-Go	NGW	0	0		1	0.0	1	0.0647	0.9355506848530647	-0.06786931949761908
xe4y3wjth90p0vfgki0beff4	1	2	122	1	0	No-Go	NGAL	0	1	0.703	0	1.0	1	0.5967	0.5969889477064513	-0.5255520906482207
xe4y3wjth90p0vfgki0beff4	1	2	127	2	0	No-Go	NGAL	0	1	0.733	0	0.0	0	0.7177	0.7121293868546928	-0.353178570935748
xe4y3wjth90p0vfgki0beff4	1	2	132	3	0	No-Go	NGAL	0	0		1	0.0	1	0.5616	0.4404894100734893	-0.8514277676231669
xe4y3wjth90p0vfgki0beff4	1	2	136	4	0	No-Go	NGAL	0	0		1	0.0	1	0.4377	0.5659347674508737	-0.6191070767549903
xe4y3wjth90p0vfgki0beff4	1	2	140	5	0	No-Go	NGAL	0	0		1	0.0	1	0.3589	0.6492085839645916	-0.47070185225475947
xe4y3wjth90p0vfgki0beff4	1	2	144	6	0	No-Go	NGAL	0	0		1	1.0	0	0.2912	0.7138912818600759	-0.3627835570250341
xe4y3wjth90p0vfgki0beff4	1	2	146	7	0	No-Go	NGAL	0	0		1	0.0	1	0.4611	0.5339742507083372	-0.6474476038297355
xe4y3wjth90p0vfgki0beff4	1	2	152	8	0	No-Go	NGAL	0	0		1	0.0	1	0.3429	0.659015503720957	-0.43402565714187014
xe4y3wjth90p0vfgki0beff4	1	2	153	9	0	No-Go	NGAL	0	0		1	0.0	1	0.2625	0.7327307509286669	-0.32551414722932853
xe4y3wjth90p0vfgki0beff4	1	2	158	10	0	No-Go	NGAL	0	0		1	0.0	1	0.2155	0.7855503220900346	-0.2511126292956623
xe4y3wjth90p0vfgki0beff4	1	2	164	11	0	No-Go	NGAL	0	0		1	0.0	1	0.1781	0.8261301079650446	-0.19705565825684931
xe4y3wjth90p0vfgki0beff4	1	2	166	12	0	No-Go	NGAL	0	0		1	1.0	0	0.1442	0.8578444395520959	-0.1570092644265527
xe4y3wjth90p0vfgki0beff4	1	2	169	13	0	No-Go	NGAL	0	0		1	0.0	1	0.2847	0.7036959518401849	-0.3894328640846503
xe4y3wjth90p0vfgki0beff4	1	2	174	14	0	No-Go	NGAL	0	0		1	0.0	1	0.1938	0.800527154670748	-0.2263400402703083
xe4y3wjth90p0vfgki0beff4	1	2	179	15	0	No-Go	NGAL	0	0		1	0.0	1	0.1576	0.8488960245479648	-0.16636676432275033
xe4y3wjth90p0vfgki0beff4	1	2	182	16	0	No-Go	NGAL	0	0		1	0.0	1	0.1204	0.8796390861423743	-0.1300193376212263
xe4y3wjth90p0vfgki0beff4	1	2	187	17	0	No-Go	NGAL	0	0		1	0.0	1	0.0957	0.9015058460173674	-0.10494275639485827
xe4y3wjth90p0vfgki0beff4	1	2	190	18	0	No-Go	NGAL	0	0		1	0.0	1	0.0847	0.9177791115723382	-0.08676358878937254
xe4y3wjth90p0vfgki0beff4	1	2	194	19	0	No-Go	NGAL	0	0		1	0.0	1	0.0677	0.9301590598831745	-0.0732376703629035
xe4y3wjth90p0vfgki0beff4	1	2	198	20	0	No-Go	NGAL	0	0		1	1.0	0	0.0609	0.9397027235984206	-0.06300052739061307
xe4y3wjth90p0vfgki0beff4	1	2	203	21	0	No-Go	NGAL	0	0		1	0.0	1	0.1838	0.8203079276167671	-0.2594445606754601
xe4y3wjth90p0vfgki0beff4	1	2	208	22	0	No-Go	NGAL	0	0		1	1.0	0	0.1092	0.8925235198673855	-0.11978387714550795
xe4y3wjth90p0vfgki0beff4	1	2	211	23	0	No-Go	NGAL	0	0		1	0.0	1	0.2401	0.7593446186534054	-0.402310934512784
xe4y3wjth90p0vfgki0beff4	1	2	213	24	0	No-Go	NGAL	0	0		1	0.0	1	0.1382	0.8570511750047719	-0.16672540821835008
xe4y3wjth90p0vfgki0beff4	1	2	219	25	0	No-Go	NGAL	0	0		1	0.0	1	0.0972	0.8989863033691523	-0.1105357333875804
xe4y3wjth90p0vfgki0beff4	1	2	224	26	0	No-Go	NGAL	0	0		1	0.0	1	0.0767	0.9211129985125454	-0.0843717709156625
xe4y3wjth90p0vfgki0beff4	1	2	228	27	0	No-Go	NGAL	0	0		1	1.0	0	0.067	0.9350505582320667	-0.06869213751045722
xe4y3wjth90p0vfgki0beff4	1	2	229	28	0	No-Go	NGAL	0	0		1	0.0	1	0.1948	0.8099146190838881	-0.2833363722109751
xe4y3wjth90p0vfgki0beff4	1	2	236	29	0	No-Go	NGAL	0	0		1	0.0	1	0.1131	0.8871126425193498	-0.12863060141022337
xe4y3wjth90p0vfgki0beff4	1	2	237	30	0	No-Go	NGAL	0	0		1	0.0	1	0.0775	0.9184309599646345	-0.08856820845066592
xe4y3wjth90p0vfgki0beff4	1	2	124	1	1	Go	GW	1	1	1.064	1	0.0	1	0.8179	0.8173180849707385	-0.2070105234930377
xe4y3wjth90p0vfgki0beff4	1	2	125	2	1	Go	GW	1	1	0.496	1	0.0	1	0.8807	0.8770379217162552	-0.13499657551358835
xe4y3wjth90p0vfgki0beff4	1	2	130	3	1	Go	GW	1	1	0.791	1	0.0	1	0.9075	0.9078431452605892	-0.0991656636539531
xe4y3wjth90p0vfgki0beff4	1	2	133	4	1	Go	GW	1	1	0.578	1	0.0	1	0.9339	0.9283903485262371	-0.075907618057657
xe4y3wjth90p0vfgki0beff4	1	2	137	5	1	Go	GW	1	1	0.408	1	1.0	0	0.9421	0.9431021155714269	-0.059639378538645364
xe4y3wjth90p0vfgki0beff4	1	2	141	6	1	Go	GW	1	1	0.547	1	1.0	0	0.8863	0.8840491028568711	-0.12760957406166265
xe4y3wjth90p0vfgki0beff4	1	2	148	7	1	Go	GW	1	0		0	0.0	0	0.804	0.19430798813398986	-1.9129745033655712
xe4y3wjth90p0vfgki0beff4	1	2	151	8	1	Go	GW	1	0		0	0.0	0	0.8801	0.1148874474405282	-2.3107297136437834
xe4y3wjth90p0vfgki0beff4	1	2	154	9	1	Go	GW	1	1	0.659	1	0.0	1	0.9195	0.9198145491075899	-0.08475948795008482
xe4y3wjth90p0vfgki0beff4	1	2	159	10	1	Go	GW	1	1	0.711	1	0.0	1	0.9515	0.9519525410158367	-0.05002885857852464
xe4y3wjth90p0vfgki0beff4	1	2	161	11	1	Go	GW	1	1	0.959	1	0.0	1	0.9612	0.9639064755947151	-0.037385820401757225
xe4y3wjth90p0vfgki0beff4	1	2	165	12	1	Go	GW	1	1	0.659	1	0.0	1	0.9733	0.9716775499399468	-0.029186499600902308
xe4y3wjth90p0vfgki0beff4	1	2	172	13	1	Go	GW	1	1	0.535	1	1.0	0	0.9768	0.9772998311613692	-0.023289324698381873
xe4y3wjth90p0vfgki0beff4	1	2	175	14	1	Go	GW	1	1	0.642	1	0.0	1	0.9576	0.9591679360003225	-0.042166096909903195
xe4y3wjth90p0vfgki0beff4	1	2	180	15	1	Go	GW	1	1	0.589	1	0.0	1	0.9704	0.9720986120575024	-0.028692088173711276
xe4y3wjth90p0vfgki0beff4	1	2	181	16	1	Go	GW	1	1	0.58	1	0.0	1	0.9784	0.9781370019101246	-0.022412202187348216
xe4y3wjth90p0vfgki0beff4	1	2	188	17	1	Go	GW	1	1	0.702	1	0.0	1	0.9805	0.9822975143588984	-0.018090187494944426
xe4y3wjth90p0vfgki0beff4	1	2	191	18	1	Go	GW	1	1	0.705	1	0.0	1	0.9835	0.9854125636114681	-0.014864901849374702
xe4y3wjth90p0vfgki0beff4	1	2	193	19	1	Go	GW	1	1	0.497	1	1.0	0	0.9877	0.9878239751720612	-0.012377223247377299
xe4y3wjth90p0vfgki0beff4	1	2	199	20	1	Go	GW	1	1	0.393	1	0.0	1	0.9754	0.9744669561868917	-0.026196512169190535
xe4y3wjth90p0vfgki0beff4	1	2	201	21	1	Go	GW	1	1	0.597	1	0.0	1	0.9848	0.9835443976780353	-0.016762408761039713
xe4y3wjth90p0vfgki0beff4	1	2	206	22	1	Go	GW	1	1	0.52	1	0.0	1	0.9877	0.9869975092610466	-0.013220846265688072
xe4y3wjth90p0vfgki0beff4	1	2	209	23	1	Go	GW	1	1	0.582	1	0.0	1	0.9888	0.9892623633221247	-0.010897834418426067
xe4y3wjth90p0vfgki0beff4	1	2	214	24	1	Go	GW	1	1	0.504	1	0.0	1	0.9921	0.9909468721233803	-0.009172453871857266
xe4y3wjth90p0vfgki0beff4	1	2	218	25	1	Go	GW	1	1	0.413	1	1.0	0	0.994	0.9922608873738095	-0.007829163008852995
xe4y3wjth90p0vfgki0beff4	1	2	222	26	1	Go	GW	1	1	0.534	1	0.0	1	0.9798	0.980888121912774	-0.01960118244671886
xe4y3wjth90p0vfgki0beff4	1	2	225	27	1	Go	GW	1	1	0.418	1	0.0	1	0.9874	0.988641263534597	-0.0115179042225218
xe4y3wjth90p0vfgki0beff4	1	2	230	28	1	Go	GW	1	1	0.505	1	0.0	1	0.9931	0.9910880113368574	-0.009022864552279877
xe4y3wjth90p0vfgki0beff4	1	2	234	29	1	Go	GW	1	1	0.518	1	0.0	1	0.9912	0.9925727788027685	-0.007509872938702369
xe4y3wjth90p0vfgki0beff4	1	2	238	30	1	Go	GW	1	1	0.558	1	1.0	0	0.9942	0.9936452082620464	-0.006417954745717228
xe4y3wjth90p0vfgki0beff4	1	2	121	1	0	Go	GAL	1	1	0.902	1	0.0	1	0.5934	0.5969889477064513	-0.5255520906482207
xe4y3wjth90p0vfgki0beff4	1	2	126	2	0	Go	GAL	1	1	0.783	1	0.0	1	0.7064	0.7121293868546928	-0.353178570935748
xe4y3wjth90p0vfgki0beff4	1	2	129	3	0	Go	GAL	1	1	0.655	1	0.0	1	0.7781	0.7804286826254955	-0.2583153576487372
xe4y3wjth90p0vfgki0beff4	1	2	134	4	0	Go	GAL	1	1	0.692	1	1.0	0	0.8318	0.8287148200311085	-0.194430699991097
xe4y3wjth90p0vfgki0beff4	1	2	139	5	0	Go	GAL	1	0		0	0.0	0	0.6879	0.30772735908459925	-1.2504822934633926
xe4y3wjth90p0vfgki0beff4	1	2	142	6	0	Go	GAL	1	1	0.838	1	1.0	0	0.8082	0.8054011477895733	-0.2199779064566615
xe4y3wjth90p0vfgki0beff4	1	2	147	7	0	Go	GAL	1	1	1.041	1	0.0	1	0.7056	0.7045279613729469	-0.3653336885230001
xe4y3wjth90p0vfgki0beff4	1	2	149	8	0	Go	GAL	1	1	0.886	1	0.0	1	0.8218	0.8212082720438213	-0.20214696220047387
xe4y3wjth90p0vfgki0beff4	1	2	155	9	0	Go	GAL	1	1	0.798	1	0.0	1	0.8706	0.8707829921458115	-0.14274308979154873
xe4y3wjth90p0vfgki0beff4	1	2	157	10	0	Go	GAL	1	1	0.59	1	0.0	1	0.9037	0.902156330104404	-0.10587937042540436
xe4y3wjth90p0vfgki0beff4	1	2	163	11	0	Go	GAL	1	1	0.594	1	1.0	0	0.921	0.924365322985471	-0.08047199302073953
xe4y3wjth90p0vfgki0beff4	1	2	167	12	0	Go	GAL	1	1	0.623	1	0.0	1	0.8538	0.8554013356591235	-0.15954079366576598
xe4y3wjth90p0vfgki0beff4	1	2	171	13	0	Go	GAL	1	1	0.557	1	0.0	1	0.9078	0.9080674213773001	-0.0978643218746107
xe4y3wjth90p0vfgki0beff4	1	2	173	14	0	Go	GAL	1	1	0.558	1	0.0	1	0.9331	0.9319681329648042	-0.07154298858275397
xe4y3wjth90p0vfgki0beff4	1	2	177	15	0	Go	GAL	1	1	0.589	1	0.0	1	0.9477	0.9473423020005732	-0.05482149634753987
xe4y3wjth90p0vfgki0beff4	1	2	184	16	0	Go	GAL	1	1	0.546	1	0.0	1	0.9568	0.9582264481526989	-0.04314249219634637
xe4y3wjth90p0vfgki0beff4	1	2	185	17	0	Go	GAL	1	1	0.614	1	1.0	0	0.9673	0.9662235906602413	-0.03466826926638058
xe4y3wjth90p0vfgki0beff4	1	2	189	18	0	Go	GAL	1	1	0.701	1	0.0	1	0.9117	0.9146111024995714	-0.0942643089593455
xe4y3wjth90p0vfgki0beff4	1	2	195	19	0	Go	GAL	1	1	1.114	1	0.0	1	0.953	0.9512494262833883	-0.05050955878156489
xe4y3wjth90p0vfgki0beff4	1	2	197	20	0	Go	GAL	1	1	0.616	1	0.0	1	0.9651	0.9643221673390608	-0.0366283101256816
xe4y3wjth90p0vfgki0beff4	1	2	204	21	0	Go	GAL	1	1	0.491	1	0.0	1	0.9717	0.9718462839985019	-0.028763769557080394
xe4y3wjth90p0vfgki0beff4	1	2	207	22	0	Go	GAL	1	1	0.706	1	1.0	0	0.9761	0.976926772577729	-0.023496040350203348
xe4y3wjth90p0vfgki0beff4	1	2	212	23	0	Go	GAL	1	1	0.507	1	0.0	1	0.9276	0.929298297123293	-0.07969846663673409
xe4y3wjth90p0vfgki0beff4	1	2	215	24	0	Go	GAL	1	1	0.605	1	0.0	1	0.965	0.9630712970677138	-0.03824308001167014
xe4y3wjth90p0vfgki0beff4	1	2	217	25	0	Go	GAL	1	1	0.576	1	0.0	1	0.9719	0.9735315852484983	-0.027094160771743113
xe4y3wjth90p0vfgki0beff4	1	2	221	26	0	Go	GAL	1	1	0.535	1	0.0	1	0.9785	0.9790062990524613	-0.02139222389391976
xe4y3wjth90p0vfgki0beff4	1	2	226	27	0	Go	GAL	1	1	0.591	1	1.0	0	0.9844	0.9825145687152502	-0.01777364063455966
xe4y3wjth90p0vfgki0beff4	1	2	232	28	0	Go	GAL	1	1	0.578	1	0.0	1	0.936	0.93745893812566	-0.07163446368872033
xe4y3wjth90p0vfgki0beff4	1	2	233	29	0	Go	GAL	1	1	0.543	1	0.0	1	0.9674	0.9694062464304576	-0.03179052667459511
xe4y3wjth90p0vfgki0beff4	1	2	239	30	0	Go	GAL	1	1	0.646	1	0.0	1	0.9783	0.978465001628449	-0.02206473127414739
xe4y3wjth90p0vfgki0beff4	1	1	3	1	0	No-Go	NGAL	0	1	0.896	0	1.0	1	0.5962	0.5969889477064513	-0.5255520906482207
xe4y3wjth90p0vfgki0beff4	1	1	6	2	0	No-Go	NGAL	0	0		1	0.0	1	0.705	0.2878706131453071	-1.3697006927875877
xe4y3wjth90p0vfgki0beff4	1	1	11	3	0	No-Go	NGAL	0	1	0.494	0	0.0	0	0.6038	0.5969889477064513	-0.5255520906482207
xe4y3wjth90p0vfgki0beff4	1	1	15	4	0	No-Go	NGAL	0	1	0.75	0	0.0	0	0.4259	0.43406523254912643	-1.0127525070366383
xe4y3wjth90p0vfgki0beff4	1	1	19	5	0	No-Go	NGAL	0	0		1	0.0	1	0.3409	0.6590633085031068	-0.4595763501606358
xe4y3wjth90p0vfgki0beff4	1	1	24	6	0	No-Go	NGAL	0	0		1	1.0	0	0.2701	0.7290893627422705	-0.34602640985738214
xe4y3wjth90p0vfgki0beff4	1	1	27	7	0	No-Go	NGAL	0	1	0.737	0	0.0	0	0.4184	0.4178827381872247	-0.9222388646363421
xe4y3wjth90p0vfgki0beff4	1	1	30	8	0	No-Go	NGAL	0	1	0.799	0	0.0	0	0.3346	0.3360888006718558	-1.1719602355472445
xe4y3wjth90p0vfgki0beff4	1	1	33	9	0	No-Go	NGAL	0	1	1.108	0	0.0	0	0.2744	0.27387314538138957	-1.390683424545001
xe4y3wjth90p0vfgki0beff4	1	1	37	10	0	No-Go	NGAL	0	0		1	0.0	1	0.2247	0.7749582901497395	-0.2619372998177602
xe4y3wjth90p0vfgki0beff4	1	1	41	11	0	No-Go	NGAL	0	0		1	0.0	1	0.1516	0.8479806153516254	-0.17181352420759374
xe4y3wjth90p0vfgki0beff4	1	1	46	12	0	No-Go	NGAL	0	0		1	1.0	0	0.1149	0.8863120077858648	-0.12553817151224783
xe4y3wjth90p0vfgki0beff4	1	1	51	13	0	No-Go	NGAL	0	1	0.439	0	0.0	0	0.1987	0.2020770512743866	-1.7155630407608018
xe4y3wjth90p0vfgki0beff4	1	1	53	14	0	No-Go	NGAL	0	1	0.925	0	0.0	0	0.1663	0.16731724890329144	-1.9215669399681437
xe4y3wjth90p0vfgki0beff4	1	1	59	15	0	No-Go	NGAL	0	1	0.82	0	0.0	0	0.1421	0.14035871727241492	-2.1254935817229423
xe4y3wjth90p0vfgki0beff4	1	1	62	16	0	No-Go	NGAL	0	0		1	0.0	1	0.1133	0.880525180140413	-0.13261366173893752
xe4y3wjth90p0vfgki0beff4	1	1	67	17	0	No-Go	NGAL	0	0		1	0.0	1	0.0673	0.9298289167716848	-0.07379467988685808
xe4y3wjth90p0vfgki0beff4	1	1	69	18	0	No-Go	NGAL	0	0		1	0.0	1	0.0511	0.9497141419254298	-0.0523374964177303
xe4y3wjth90p0vfgki0beff4	1	1	73	19	0	No-Go	NGAL	0	0		1	0.0	1	0.0395	0.9619439184405139	-0.03928065345604773
xe4y3wjth90p0vfgki0beff4	1	1	77	20	0	No-Go	NGAL	0	0		1	1.0	0	0.0334	0.9703646972472943	-0.030389976049662485
xe4y3wjth90p0vfgki0beff4	1	1	81	21	0	No-Go	NGAL	0	0		1	0.0	1	0.0779	0.9243582321375526	-0.08382536858564336
xe4y3wjth90p0vfgki0beff4	1	1	85	22	0	No-Go	NGAL	0	0		1	1.0	0	0.0387	0.9583514197997427	-0.042962910044903685
xe4y3wjth90p0vfgki0beff4	1	1	91	23	0	No-Go	NGAL	0	1	0.961	0	0.0	0	0.1007	0.1002558121110839	-2.790219285609252
xe4y3wjth90p0vfgki0beff4	1	1	94	24	0	No-Go	NGAL	0	0		1	0.0	1	0.0852	0.9106317136764807	-0.10442135552342202
xe4y3wjth90p0vfgki0beff4	1	1	100	25	0	No-Go	NGAL	0	0		1	0.0	1	0.0443	0.9569958876308352	-0.04449674491990284
xe4y3wjth90p0vfgki0beff4	1	1	104	26	0	No-Go	NGAL	0	0		1	0.0	1	0.0276	0.9706952101942956	-0.029996858612838066
xe4y3wjth90p0vfgki0beff4	1	1	107	27	0	No-Go	NGAL	0	0		1	1.0	0	0.0216	0.9779027555435578	-0.022506191904781384
xe4y3wjth90p0vfgki0beff4	1	1	112	28	0	No-Go	NGAL	0	1	0.393	0	0.0	0	0.0638	0.06583851355125511	-3.4286540782414616
xe4y3wjth90p0vfgki0beff4	1	1	114	29	0	No-Go	NGAL	0	1	0.69	0	0.0	0	0.0578	0.05981015582196607	-3.6713798162563682
xe4y3wjth90p0vfgki0beff4	1	1	120	30	0	No-Go	NGAL	0	0		1	0.0	1	0.0541	0.9447794919479334	-0.06364167830285969
xe4y3wjth90p0vfgki0beff4	1	1	4	1	1	Go	GW	1	1	0.702	1	0.0	1	0.8208	0.8173180849707385	-0.2070105234930377
xe4y3wjth90p0vfgki0beff4	1	1	7	2	1	Go	GW	1	1	0.435	1	0.0	1	0.8769	0.8770379217162552	-0.13499657551358835
xe4y3wjth90p0vfgki0beff4	1	1	9	3	1	Go	GW	1	1	0.517	1	0.0	1	0.9075	0.9078431452605892	-0.0991656636539531
xe4y3wjth90p0vfgki0beff4	1	1	14	4	1	Go	GW	1	1	0.517	1	0.0	1	0.926	0.9283903485262371	-0.075907618057657
xe4y3wjth90p0vfgki0beff4	1	1	20	5	1	Go	GW	1	1	0.429	1	1.0	0	0.9517	0.9431021155714269	-0.059639378538645364
xe4y3wjth90p0vfgki0beff4	1	1	22	6	1	Go	GW	1	1	0.599	1	1.0	0	0.8878	0.8840491028568711	-0.12760957406166265
xe4y3wjth90p0vfgki0beff4	1	1	28	7	1	Go	GW	1	1	0.59	1	0.0	1	0.8069	0.8056920118660102	-0.2446189632069397
xe4y3wjth90p0vfgki0beff4	1	1	31	8	1	Go	GW	1	1	0.584	1	0.0	1	0.8961	0.8961592885011445	-0.11140793407040814
xe4y3wjth90p0vfgki0beff4	1	1	34	9	1	Go	GW	1	1	0.439	1	0.0	1	0.9235	0.925179043986599	-0.07923647240653343
xe4y3wjth90p0vfgki0beff4	1	1	39	10	1	Go	GW	1	1	0.55	1	0.0	1	0.9419	0.9417275972564833	-0.06118074148554898
xe4y3wjth90p0vfgki0beff4	1	1	44	11	1	Go	GW	1	1	0.612	1	0.0	1	0.9573	0.9530753094304432	-0.048912058490271595
xe4y3wjth90p0vfgki0beff4	1	1	47	12	1	Go	GW	1	1	0.609	1	0.0	1	0.9642	0.9614154433397536	-0.03997747856793973
xe4y3wjth90p0vfgki0beff4	1	1	49	13	1	Go	GW	1	1	0.579	1	1.0	0	0.9674	0.9677584336287266	-0.033240617828064575
xe4y3wjth90p0vfgki0beff4	1	1	56	14	1	Go	GW	1	1	0.553	1	0.0	1	0.918	0.9188279989138719	-0.09056029094877108
xe4y3wjth90p0vfgki0beff4	1	1	60	15	1	Go	GW	1	1	0.646	1	0.0	1	0.9571	0.9536571888482452	-0.04820006129269728
xe4y3wjth90p0vfgki0beff4	1	1	64	16	1	Go	GW	1	1	0.566	1	0.0	1	0.9653	0.9648656745591266	-0.03627875828241997
xe4y3wjth90p0vfgki0beff4	1	1	68	17	1	Go	GW	1	1	0.657	1	0.0	1	0.9745	0.9713581997297082	-0.029450364833258504
xe4y3wjth90p0vfgki0beff4	1	1	71	18	1	Go	GW	1	1	0.411	1	0.0	1	0.9747	0.9758747131664033	-0.024724383713468304
xe4y3wjth90p0vfgki0beff4	1	1	75	19	1	Go	GW	1	1	0.558	1	1.0	0	0.9817	0.9792601226689946	-0.021198273381769918
xe4y3wjth90p0vfgki0beff4	1	1	80	20	1	Go	GW	1	1	0.58	1	0.0	1	0.9378	0.9351438723776062	-0.07389666566128333
xe4y3wjth90p0vfgki0beff4	1	1	82	21	1	Go	GW	1	1	0.602	1	0.0	1	0.968	0.9665909876777641	-0.03462793204573381
xe4y3wjth90p0vfgki0beff4	1	1	87	22	1	Go	GW	1	1	1.08	1	0.0	1	0.974	0.9751669559733215	-0.02549541547939935
xe4y3wjth90p0vfgki0beff4	1	1	92	23	1	Go	GW	1	1	0.534	1	0.0	1	0.9776	0.9796256476520828	-0.020837626947667262
xe4y3wjth90p0vfgki0beff4	1	1	95	24	1	Go	GW	1	1	0.41	1	0.0	1	0.9838	0.9825582941218015	-0.01779522714549742
xe4y3wjth90p0vfgki0beff4	1	1	98	25	1	Go	GW	1	1	0.558	1	1.0	0	0.9838	0.9846995440307407	-0.015583815997127682
xe4y3wjth90p0vfgki0beff4	1	1	102	26	1	Go	GW	1	1	0.512	1	0.0	1	0.9425	0.9430387925469363	-0.06597334448072581
xe4y3wjth90p0vfgki0beff4	1	1	106	27	1	Go	GW	1	1	0.668	1	0.0	1	0.9729	0.9729658953287009	-0.028046171071536372
xe4y3wjth90p0vfgki0beff4	1	1	110	28	1	Go	GW	1	1	0.548	1	0.0	1	0.9815	0.9803527503921355	-0.020139609519537662
xe4y3wjth90p0vfgki0beff4	1	1	113	29	1	Go	GW	1	1	0.519	1	0.0	1	0.9847	0.9838720721451361	-0.01646357446045005
xe4y3wjth90p0vfgki0beff4	1	1	117	30	1	Go	GW	1	1	0.56	1	1.0	0	0.9865	0.9860563376698872	-0.014203191094263932
xe4y3wjth90p0vfgki0beff4	1	1	1	1	1	No-Go	NGW	0	1	0.892	0	0.0	0	0.8142	0.8173180849707385	-0.2070105234930377
xe4y3wjth90p0vfgki0beff4	1	1	5	2	1	No-Go	NGW	0	1	0.479	0	0.0	0	0.7204	0.720522633677335	-0.3448046913431175
xe4y3wjth90p0vfgki0beff4	1	1	10	3	1	No-Go	NGW	0	1	0.501	0	1.0	1	0.6364	0.6362194446411723	-0.4912990376944646
xe4y3wjth90p0vfgki0beff4	1	1	16	4	1	No-Go	NGW	0	1	0.53	0	0.0	0	0.7838	0.7841922326407148	-0.25171636733859687
xe4y3wjth90p0vfgki0beff4	1	1	18	5	1	No-Go	NGW	0	1	0.558	0	0.0	0	0.6814	0.6808889105391565	-0.3933101390627623
xe4y3wjth90p0vfgki0beff4	1	1	23	6	1	No-Go	NGW	0	0		1	1.0	0	0.5876	0.41199550417772696	-0.9284385638803728
xe4y3wjth90p0vfgki0beff4	1	1	25	7	1	No-Go	NGW	0	1	0.604	0	0.0	0	0.7094	0.7107556646284113	-0.34970274643174176
xe4y3wjth90p0vfgki0beff4	1	1	29	8	1	No-Go	NGW	0	1	0.542	0	0.0	0	0.6352	0.6429113626219755	-0.4540038574790704
xe4y3wjth90p0vfgki0beff4	1	1	35	9	1	No-Go	NGW	0	1	0.529	0	0.0	0	0.5785	0.5800166073442411	-0.5644814848299446
xe4y3wjth90p0vfgki0beff4	1	1	38	10	1	No-Go	NGW	0	1	0.489	0	0.0	0	0.5227	0.5218778926357119	-0.6830822269404315
xe4y3wjth90p0vfgki0beff4	1	1	43	11	1	No-Go	NGW	0	1	0.503	0	1.0	1	0.4682	0.4687505755818066	-0.8112193677747004
xe4y3wjth90p0vfgki0beff4	1	1	48	12	1	No-Go	NGW	0	1	0.621	0	0.0	0	0.6282	0.6214449957766338	-0.5533310171361565
xe4y3wjth90p0vfgki0beff4	1	1	52	13	1	No-Go	NGW	0	1	0.591	0	0.0	0	0.5487	0.5448065086304672	-0.6967394382066985
xe4y3wjth90p0vfgki0beff4	1	1	55	14	1	No-Go	NGW	0	0		1	0.0	1	0.4813	0.5262274261687608	-0.8023760310158774
xe4y3wjth90p0vfgki0beff4	1	1	58	15	1	No-Go	NGW	0	1	0.918	0	0.0	0	0.3155	0.31385444602123674	-1.209415088190796
xe4y3wjth90p0vfgki0beff4	1	1	61	16	1	No-Go	NGW	0	0		1	0.0	1	0.2633	0.7390427249827156	-0.30997887139964037
xe4y3wjth90p0vfgki0beff4	1	1	65	17	1	No-Go	NGW	0	0		1	0.0	1	0.1821	0.8171482317595185	-0.20702871463147218
xe4y3wjth90p0vfgki0beff4	1	1	70	18	1	No-Go	NGW	0	0		1	1.0	0	0.14	0.8632963316906025	-0.15050259859057208
xe4y3wjth90p0vfgki0beff4	1	1	76	19	1	No-Go	NGW	0	0		1	0.0	1	0.2643	0.7355844207718117	-0.35009104472667146
xe4y3wjth90p0vfgki0beff4	1	1	78	20	1	No-Go	NGW	0	0		1	0.0	1	0.1596	0.8366518788389787	-0.1821935763135937
xe4y3wjth90p0vfgki0beff4	1	1	84	21	1	No-Go	NGW	0	0		1	0.0	1	0.1165	0.883052184492907	-0.1266085908313465
xe4y3wjth90p0vfgki0beff4	1	1	86	22	1	No-Go	NGW	0	0		1	1.0	0	0.0896	0.9106159969012148	-0.0951615956772837
xe4y3wjth90p0vfgki0beff4	1	1	90	23	1	No-Go	NGW	0	0		1	0.0	1	0.2024	0.7968118363066397	-0.2786153287648447
xe4y3wjth90p0vfgki0beff4	1	1	96	24	1	No-Go	NGW	0	0		1	0.0	1	0.1185	0.8812034571351866	-0.13045444486228558
xe4y3wjth90p0vfgki0beff4	1	1	99	25	1	No-Go	NGW	0	0		1	0.0	1	0.0814	0.9159734374529342	-0.08937751930563775
xe4y3wjth90p0vfgki0beff4	1	1	101	26	1	No-Go	NGW	0	0		1	1.0	0	0.0662	0.9351853396407992	-0.06807452075517934
xe4y3wjth90p0vfgki0beff4	1	1	108	27	1	No-Go	NGW	0	0		1	0.0	1	0.1637	0.8298332709596896	-0.24519756285672278
xe4y3wjth90p0vfgki0beff4	1	1	111	28	1	No-Go	NGW	0	0		1	0.0	1	0.0935	0.9058082796880366	-0.1037725381211316
xe4y3wjth90p0vfgki0beff4	1	1	116	29	1	No-Go	NGW	0	0		1	0.0	1	0.0667	0.9344129085942734	-0.06953035180978244
xe4y3wjth90p0vfgki0beff4	1	1	118	30	1	No-Go	NGW	0	0		1	0.0	1	0.0487	0.9490860435422964	-0.05331910273670912
xe4y3wjth90p0vfgki0beff4	1	1	2	1	0	Go	GAL	1	0		0	0.0	0	0.6005	0.4030110522935487	-0.9296976589041812
xe4y3wjth90p0vfgki0beff4	1	1	8	2	0	Go	GAL	1	0		0	0.0	0	0.7242	0.27550443377951467	-1.3983475793917992
xe4y3wjth90p0vfgki0beff4	1	1	12	3	0	Go	GAL	1	0		0	0.0	0	0.7974	0.20150719655197216	-1.7946811397604263
xe4y3wjth90p0vfgki0beff4	1	1	13	4	0	Go	GAL	1	1	0.68	1	1.0	0	0.8462	0.8476881576904806	-0.17177442430771267
xe4y3wjth90p0vfgki0beff4	1	1	17	5	0	Go	GAL	1	1	0.867	1	0.0	1	0.7726	0.7728068968121199	-0.26537100390961316
xe4y3wjth90p0vfgki0beff4	1	1	21	6	0	Go	GAL	1	1	0.788	1	1.0	0	0.8618	0.857481030753292	-0.16158743152287616
xe4y3wjth90p0vfgki0beff4	1	1	26	7	0	Go	GAL	1	0		0	0.0	0	0.7875	0.21459734507406852	-1.6499962604489822
xe4y3wjth90p0vfgki0beff4	1	1	32	8	0	Go	GAL	1	1	0.687	1	0.0	1	0.8288	0.8299281189501655	-0.19306866828728697
xe4y3wjth90p0vfgki0beff4	1	1	36	9	0	Go	GAL	1	1	0.496	1	0.0	1	0.896	0.8927688529322108	-0.11905948119215218
xe4y3wjth90p0vfgki0beff4	1	1	40	10	0	Go	GAL	1	1	0.918	1	0.0	1	0.9221	0.9226015889019916	-0.08422446319367104
xe4y3wjth90p0vfgki0beff4	1	1	42	11	0	Go	GAL	1	1	0.913	1	1.0	0	0.9425	0.9422655440534047	-0.06172385682751847
xe4y3wjth90p0vfgki0beff4	1	1	45	12	0	Go	GAL	1	1	0.807	1	0.0	1	0.8998	0.9021551674714048	-0.10590755738853898
xe4y3wjth90p0vfgki0beff4	1	1	50	13	0	Go	GAL	1	1	0.756	1	0.0	1	0.9347	0.9365324520927673	-0.06766643338659684
xe4y3wjth90p0vfgki0beff4	1	1	54	14	0	Go	GAL	1	1	0.668	1	0.0	1	0.9567	0.9534026573196639	-0.04908695452325038
xe4y3wjth90p0vfgki0beff4	1	1	57	15	0	Go	GAL	1	1	0.582	1	0.0	1	0.965	0.9646195768798481	-0.03687946811699557
xe4y3wjth90p0vfgki0beff4	1	1	63	16	0	Go	GAL	1	1	0.801	1	0.0	1	0.9733	0.9726027675512998	-0.028314720105288016
xe4y3wjth90p0vfgki0beff4	1	1	66	17	0	Go	GAL	1	1	1.131	1	1.0	0	0.9798	0.9784381997227724	-0.02213381259031957
xe4y3wjth90p0vfgki0beff4	1	1	72	18	0	Go	GAL	1	0		0	0.0	0	0.9533	0.04729826606702706	-3.580078449813787
xe4y3wjth90p0vfgki0beff4	1	1	74	19	0	Go	GAL	1	1	1.295	1	0.0	1	0.9624	0.9607581369825311	-0.041268654221161646
xe4y3wjth90p0vfgki0beff4	1	1	79	20	0	Go	GAL	1	1	1.084	1	0.0	1	0.9791	0.9778340634602353	-0.022692871153572672
xe4y3wjth90p0vfgki0beff4	1	1	83	21	0	Go	GAL	1	0		0	0.0	0	0.9826	0.01619209576889954	-4.7454979559744865
xe4y3wjth90p0vfgki0beff4	1	1	88	22	0	Go	GAL	1	1	0.559	1	1.0	0	0.9871	0.9868581391397522	-0.013364481934020053
xe4y3wjth90p0vfgki0beff4	1	1	89	23	0	Go	GAL	1	1	0.519	1	0.0	1	0.9623	0.9643725009156912	-0.03789916865664083
xe4y3wjth90p0vfgki0beff4	1	1	93	24	0	Go	GAL	1	1	1.16	1	0.0	1	0.9828	0.9825060156183405	-0.017851441304720474
xe4y3wjth90p0vfgki0beff4	1	1	97	25	0	Go	GAL	1	1	0.692	1	0.0	1	0.9897	0.9876910843777292	-0.012498901914155949
xe4y3wjth90p0vfgki0beff4	1	1	103	26	0	Go	GAL	1	1	1.178	1	0.0	1	0.9887	0.9904639109628893	-0.009656296341944478
xe4y3wjth90p0vfgki0beff4	1	1	105	27	0	Go	GAL	1	1	0.77	1	1.0	0	0.9926	0.9922729035182654	-0.007808566755430309
xe4y3wjth90p0vfgki0beff4	1	1	109	28	0	Go	GAL	1	1	0.726	1	0.0	1	0.9735	0.9739205900816598	-0.027719062178516114
xe4y3wjth90p0vfgki0beff4	1	1	115	29	0	Go	GAL	1	1	0.583	1	0.0	1	0.9892	0.9878698945765627	-0.01232845120161666
xe4y3wjth90p0vfgki0beff4	1	1	119	30	0	Go	GAL	1	1	0.937	1	0.0	1	0.9911	0.9914919736734351	-0.008605088856214612
xet0i5hcytbgz14tmtwlr9dy	1	2	121	1	0	No-Go	NGAL	0	1	0.507	0	0.0	0	0.6524	0.6495753181635804	-0.43795864939616913
xet0i5hcytbgz14tmtwlr9dy	1	2	127	2	0	No-Go	NGAL	0	0		1	1.0	0	0.5284	0.4674782536390103	-0.7793472784066888
xet0i5hcytbgz14tmtwlr9dy	1	2	131	3	0	No-Go	NGAL	0	1	0.411	0	0.0	0	0.5998	0.6098822910196119	-0.49923646823225265
xet0i5hcytbgz14tmtwlr9dy	1	2	133	4	0	No-Go	NGAL	0	1	1.015	0	0.0	0	0.5428	0.547162272363292	-0.6095405298405675
xet0i5hcytbgz14tmtwlr9dy	1	2	139	5	0	No-Go	NGAL	0	1	0.662	0	0.0	0	0.5119	0.511420102721211	-0.6786336659887663
xet0i5hcytbgz14tmtwlr9dy	1	2	143	6	0	No-Go	NGAL	0	0		1	0.0	1	0.4853	0.5095403298270635	-0.6832442342467774
xet0i5hcytbgz14tmtwlr9dy	1	2	146	7	0	No-Go	NGAL	0	0		1	0.0	1	0.3405	0.6619922918301765	-0.4218297170859152
xet0i5hcytbgz14tmtwlr9dy	1	2	150	8	0	No-Go	NGAL	0	1	0.648	0	1.0	1	0.2684	0.27027897184238453	-1.3687287745305419
xet0i5hcytbgz14tmtwlr9dy	1	2	156	9	0	No-Go	NGAL	0	0		1	0.0	1	0.4839	0.5209347568439205	-0.6641158728886932
xet0i5hcytbgz14tmtwlr9dy	1	2	159	10	0	No-Go	NGAL	0	1	0.965	0	0.0	0	0.4298	0.4345885619397619	-0.8550348935750847
xet0i5hcytbgz14tmtwlr9dy	1	2	164	11	0	No-Go	NGAL	0	0		1	0.0	1	0.3228	0.6796429972002547	-0.39441061477810063
xet0i5hcytbgz14tmtwlr9dy	1	2	167	12	0	No-Go	NGAL	0	0		1	0.0	1	0.3057	0.7015785028439127	-0.36185879616748184
xet0i5hcytbgz14tmtwlr9dy	1	2	170	13	0	No-Go	NGAL	0	0		1	0.0	1	0.2871	0.7143010449049522	-0.3434773207726433
xet0i5hcytbgz14tmtwlr9dy	1	2	174	14	0	No-Go	NGAL	0	0		1	1.0	0	0.2825	0.7220410225583107	-0.33251939488216226
xet0i5hcytbgz14tmtwlr9dy	1	2	177	15	0	No-Go	NGAL	0	0		1	0.0	1	0.4117	0.585752852755862	-0.5536088841885131
xet0i5hcytbgz14tmtwlr9dy	1	2	184	16	0	No-Go	NGAL	0	1	1.332	0	0.0	0	0.342	0.33771984297591123	-1.1109356467559177
xet0i5hcytbgz14tmtwlr9dy	1	2	185	17	0	No-Go	NGAL	0	0		1	1.0	0	0.2786	0.7150336145058814	-0.34076981371598847
xet0i5hcytbgz14tmtwlr9dy	1	2	191	18	0	No-Go	NGAL	0	0		1	0.0	1	0.3927	0.6011186566745824	-0.5265632460202269
xet0i5hcytbgz14tmtwlr9dy	1	2	194	19	0	No-Go	NGAL	0	1	0.769	0	0.0	0	0.3136	0.305688231979695	-1.2155637330292324
xet0i5hcytbgz14tmtwlr9dy	1	2	200	20	0	No-Go	NGAL	0	0		1	0.0	1	0.2771	0.7214915357390932	-0.3317687700606136
xet0i5hcytbgz14tmtwlr9dy	1	2	201	21	0	No-Go	NGAL	0	1	1.492	0	0.0	0	0.2445	0.2402534692783839	-1.4742101967713634
xet0i5hcytbgz14tmtwlr9dy	1	2	205	22	0	No-Go	NGAL	0	0		1	1.0	0	0.2294	0.7729549541801469	-0.26206408091731737
xet0i5hcytbgz14tmtwlr9dy	1	2	210	23	0	No-Go	NGAL	0	1	0.557	0	0.0	0	0.3338	0.33740904071443556	-1.1412284930385361
xet0i5hcytbgz14tmtwlr9dy	1	2	215	24	0	No-Go	NGAL	0	1	0.834	0	0.0	0	0.3286	0.3280334869072068	-1.1759463683805993
xet0i5hcytbgz14tmtwlr9dy	1	2	219	25	0	No-Go	NGAL	0	1	0.673	0	0.0	0	0.3274	0.32242258911310656	-1.1987113324246201
xet0i5hcytbgz14tmtwlr9dy	1	2	222	26	0	No-Go	NGAL	0	0		1	0.0	1	0.322	0.6810779246697117	-0.39922070191276204
xet0i5hcytbgz14tmtwlr9dy	1	2	227	27	0	No-Go	NGAL	0	1	0.64	0	1.0	1	0.2422	0.2416448546800159	-1.4726112945274061
xet0i5hcytbgz14tmtwlr9dy	1	2	231	28	0	No-Go	NGAL	0	1	0.565	0	0.0	0	0.4434	0.45400145202596587	-0.8366037487593488
xet0i5hcytbgz14tmtwlr9dy	1	2	235	29	0	No-Go	NGAL	0	0		1	0.0	1	0.3462	0.658377119401208	-0.4257114480455911
xet0i5hcytbgz14tmtwlr9dy	1	2	240	30	0	No-Go	NGAL	0	0		1	0.0	1	0.3068	0.6992441704092477	-0.3642898707143205
xet0i5hcytbgz14tmtwlr9dy	1	2	123	1	1	No-Go	NGW	0	1	0.903	0	0.0	0	0.7443	0.734519708534253	-0.31281680155658437
xet0i5hcytbgz14tmtwlr9dy	1	2	125	2	1	No-Go	NGW	0	1	1.386	0	0.0	0	0.6246	0.6297472847542506	-0.47052720550590404
xet0i5hcytbgz14tmtwlr9dy	1	2	129	3	1	No-Go	NGW	0	0		1	1.0	0	0.5804	0.4316688177412446	-0.8603635466765142
xet0i5hcytbgz14tmtwlr9dy	1	2	135	4	1	No-Go	NGW	0	1	0.723	0	0.0	0	0.6809	0.6817585415347794	-0.38886199394057075
xet0i5hcytbgz14tmtwlr9dy	1	2	140	5	1	No-Go	NGW	0	1	0.693	0	0.0	0	0.6479	0.649884546617568	-0.4383919210606867
xet0i5hcytbgz14tmtwlr9dy	1	2	141	6	1	No-Go	NGW	0	0		1	1.0	0	0.631	0.3695167144380635	-1.0220412488246586
xet0i5hcytbgz14tmtwlr9dy	1	2	147	7	1	No-Go	NGW	0	1	0.772	0	0.0	0	0.6846	0.6878853475148493	-0.3806822065898003
xet0i5hcytbgz14tmtwlr9dy	1	2	149	8	1	No-Go	NGW	0	0		1	0.0	1	0.6782	0.3233847135716707	-1.1618931374856922
xet0i5hcytbgz14tmtwlr9dy	1	2	155	9	1	No-Go	NGW	0	1	0.674	0	0.0	0	0.4753	0.47789681149682467	-0.7592391229507526
xet0i5hcytbgz14tmtwlr9dy	1	2	157	10	1	No-Go	NGW	0	1	0.582	0	0.0	0	0.4695	0.4698751155271046	-0.7757368089317095
xet0i5hcytbgz14tmtwlr9dy	1	2	162	11	1	No-Go	NGW	0	0		1	1.0	0	0.469	0.5353890676780853	-0.6401183961161735
xet0i5hcytbgz14tmtwlr9dy	1	2	166	12	1	No-Go	NGW	0	1	0.651	0	0.0	0	0.6018	0.5986990227687852	-0.524387019431764
xet0i5hcytbgz14tmtwlr9dy	1	2	172	13	1	No-Go	NGW	0	1	0.534	0	0.0	0	0.6005	0.5951814425985572	-0.5312044209494818
xet0i5hcytbgz14tmtwlr9dy	1	2	176	14	1	No-Go	NGW	0	1	0.548	0	0.0	0	0.5838	0.5927087994762266	-0.5362145007256013
xet0i5hcytbgz14tmtwlr9dy	1	2	178	15	1	No-Go	NGW	0	0		1	0.0	1	0.604	0.4090783190230212	-0.9212179535805454
xet0i5hcytbgz14tmtwlr9dy	1	2	183	16	1	No-Go	NGW	0	0		1	0.0	1	0.4131	0.5802128371369377	-0.5573565035321928
xet0i5hcytbgz14tmtwlr9dy	1	2	188	17	1	No-Go	NGW	0	1	1.033	0	1.0	1	0.3319	0.3360890701460065	-1.1314357897107123
xet0i5hcytbgz14tmtwlr9dy	1	2	192	18	1	No-Go	NGW	0	1	0.504	0	0.0	0	0.665	0.6594215186567605	-0.4312430946670045
xet0i5hcytbgz14tmtwlr9dy	1	2	195	19	1	No-Go	NGW	0	0		1	0.0	1	0.5172	0.48988555410469165	-0.7354818656531964
xet0i5hcytbgz14tmtwlr9dy	1	2	197	20	1	No-Go	NGW	0	0		1	0.0	1	0.4632	0.5392821238427169	-0.634817846507096
xet0i5hcytbgz14tmtwlr9dy	1	2	202	21	1	No-Go	NGW	0	0		1	1.0	0	0.4304	0.5675899187969538	-0.5813125522519359
xet0i5hcytbgz14tmtwlr9dy	1	2	206	22	1	No-Go	NGW	0	1	0.876	0	0.0	0	0.658	0.650818936458904	-0.44406050016068915
xet0i5hcytbgz14tmtwlr9dy	1	2	209	23	1	No-Go	NGW	0	1	1.01	0	0.0	0	0.5727	0.576445878234498	-0.5658911775056651
xet0i5hcytbgz14tmtwlr9dy	1	2	213	24	1	No-Go	NGW	0	0		1	0.0	1	0.5342	0.4657924558980176	-0.7891189223069782
xet0i5hcytbgz14tmtwlr9dy	1	2	220	25	1	No-Go	NGW	0	0		1	0.0	1	0.4052	0.5901237676614106	-0.5390049581962285
xet0i5hcytbgz14tmtwlr9dy	1	2	224	26	1	No-Go	NGW	0	0		1	1.0	0	0.3555	0.6495418506090443	-0.44167313907378647
xet0i5hcytbgz14tmtwlr9dy	1	2	226	27	1	No-Go	NGW	0	0		1	0.0	1	0.5536	0.44703681691243147	-0.8314717306499568
xet0i5hcytbgz14tmtwlr9dy	1	2	232	28	1	No-Go	NGW	0	0		1	0.0	1	0.4099	0.5801499815490865	-0.556479145426073
xet0i5hcytbgz14tmtwlr9dy	1	2	233	29	1	No-Go	NGW	0	0		1	0.0	1	0.3482	0.6443437953052957	-0.4499175651721322
xet0i5hcytbgz14tmtwlr9dy	1	2	237	30	1	No-Go	NGW	0	0		1	0.0	1	0.323	0.676978852951639	-0.39950719391612005
xet0i5hcytbgz14tmtwlr9dy	1	2	124	1	1	Go	GW	1	0		0	0.0	0	0.7374	0.265480291465747	-1.3586370271191237
xet0i5hcytbgz14tmtwlr9dy	1	2	128	2	1	Go	GW	1	1	0.709	1	1.0	0	0.8127	0.8168447281600268	-0.20561162758232474
xet0i5hcytbgz14tmtwlr9dy	1	2	132	3	1	Go	GW	1	1	0.799	1	0.0	1	0.736	0.734519708534253	-0.31281680155658437
xet0i5hcytbgz14tmtwlr9dy	1	2	134	4	1	Go	GW	1	1	0.606	1	0.0	1	0.8753	0.8787955002281739	-0.13165573596049088
xet0i5hcytbgz14tmtwlr9dy	1	2	137	5	1	Go	GW	1	1	0.653	1	0.0	1	0.9085	0.9092185678667823	-0.09666305760632096
xet0i5hcytbgz14tmtwlr9dy	1	2	142	6	1	Go	GW	1	1	0.447	1	1.0	0	0.9222	0.91991479038117	-0.08456860794218672
xet0i5hcytbgz14tmtwlr9dy	1	2	145	7	1	Go	GW	1	1	0.48	1	0.0	1	0.8255	0.8249698429150267	-0.19476916346307815
xet0i5hcytbgz14tmtwlr9dy	1	2	151	8	1	Go	GW	1	1	0.789	1	0.0	1	0.9003	0.9000760331402813	-0.10663172108243325
xet0i5hcytbgz14tmtwlr9dy	1	2	154	9	1	Go	GW	1	1	0.479	1	0.0	1	0.9157	0.9174518229775411	-0.08719646216122462
xet0i5hcytbgz14tmtwlr9dy	1	2	158	10	1	Go	GW	1	1	0.496	1	0.0	1	0.9251	0.923869126831861	-0.08007261858042573
xet0i5hcytbgz14tmtwlr9dy	1	2	161	11	1	Go	GW	1	1	0.542	1	0.0	1	0.9235	0.9268028420571387	-0.07682612210692777
xet0i5hcytbgz14tmtwlr9dy	1	2	168	12	1	Go	GW	1	1	0.408	1	0.0	1	0.9305	0.9283403509040581	-0.07512724009581134
xet0i5hcytbgz14tmtwlr9dy	1	2	171	13	1	Go	GW	1	1	0.489	1	0.0	1	0.9292	0.929230316565499	-0.07414452206817401
xet0i5hcytbgz14tmtwlr9dy	1	2	175	14	1	Go	GW	1	1	0.326	1	1.0	0	0.93	0.9297866877421392	-0.07353034553446014
xet0i5hcytbgz14tmtwlr9dy	1	2	180	15	1	Go	GW	1	1	0.423	1	0.0	1	0.8356	0.8363060164773256	-0.1814405224977055
xet0i5hcytbgz14tmtwlr9dy	1	2	181	16	1	Go	GW	1	1	0.458	1	0.0	1	0.9026	0.9053035654627646	-0.1005248899547657
xet0i5hcytbgz14tmtwlr9dy	1	2	186	17	1	Go	GW	1	1	0.44	1	0.0	1	0.9188	0.920430171577101	-0.08375576570018868
xet0i5hcytbgz14tmtwlr9dy	1	2	190	18	1	Go	GW	1	1	0.39	1	0.0	1	0.9254	0.925771197961331	-0.07789191445968012
xet0i5hcytbgz14tmtwlr9dy	1	2	193	19	1	Go	GW	1	1	0.433	1	1.0	0	0.9292	0.9281120316373866	-0.07533344713098569
xet0i5hcytbgz14tmtwlr9dy	1	2	198	20	1	Go	GW	1	1	0.416	1	0.0	1	0.8352	0.8342920742305627	-0.1837879426912245
xet0i5hcytbgz14tmtwlr9dy	1	2	204	21	1	Go	GW	1	1	0.221	1	1.0	0	0.9041	0.9045204921325548	-0.10141260225784365
xet0i5hcytbgz14tmtwlr9dy	1	2	207	22	1	Go	GW	1	1	0.322	1	0.0	1	0.8079	0.8093251319407098	-0.21425315847376902
xet0i5hcytbgz14tmtwlr9dy	1	2	211	23	1	Go	GW	1	1	0.368	1	0.0	1	0.8962	0.8970566642850261	-0.10996364913558539
xet0i5hcytbgz14tmtwlr9dy	1	2	214	24	1	Go	GW	1	1	0.596	1	0.0	1	0.922	0.9168068698454881	-0.08782073083883819
xet0i5hcytbgz14tmtwlr9dy	1	2	218	25	1	Go	GW	1	1	0.374	1	0.0	1	0.9242	0.9238972887212522	-0.07997044271466242
xet0i5hcytbgz14tmtwlr9dy	1	2	221	26	1	Go	GW	1	1	0.319	1	0.0	1	0.9306	0.9270451785485367	-0.07650813777006144
xet0i5hcytbgz14tmtwlr9dy	1	2	225	27	1	Go	GW	1	1	0.274	1	1.0	0	0.9314	0.928643877251873	-0.07475748869040466
xet0i5hcytbgz14tmtwlr9dy	1	2	230	28	1	Go	GW	1	1	0.515	1	0.0	1	0.8426	0.8349110534876747	-0.18305775942361033
xet0i5hcytbgz14tmtwlr9dy	1	2	234	29	1	Go	GW	1	1	0.555	1	0.0	1	0.8986	0.9047273297310239	-0.10118374698807704
xet0i5hcytbgz14tmtwlr9dy	1	2	239	30	1	Go	GW	1	1	0.453	1	0.0	1	0.9203	0.9201731770325019	-0.08404184569948034
xet0i5hcytbgz14tmtwlr9dy	1	2	122	1	0	Go	GAL	1	0		0	1.0	1	0.6427	0.35042468183641956	-1.0710788914554652
xet0i5hcytbgz14tmtwlr9dy	1	2	126	2	0	Go	GAL	1	0		0	0.0	0	0.5318	0.4674782536390103	-0.7793472784066888
xet0i5hcytbgz14tmtwlr9dy	1	2	130	3	0	Go	GAL	1	1	1.033	1	0.0	1	0.6476	0.6452034434350731	-0.4431749310493269
xet0i5hcytbgz14tmtwlr9dy	1	2	136	4	0	Go	GAL	1	0		0	0.0	0	0.7463	0.2538131730663809	-1.4139642083391424
xet0i5hcytbgz14tmtwlr9dy	1	2	138	5	0	Go	GAL	1	1	0.742	1	0.0	1	0.7964	0.7942150202165913	-0.23542623882701044
xet0i5hcytbgz14tmtwlr9dy	1	2	144	6	0	Go	GAL	1	1	0.61	1	0.0	1	0.8347	0.8322134275558596	-0.18748571660149543
xet0i5hcytbgz14tmtwlr9dy	1	2	148	7	0	Go	GAL	1	1	0.771	1	0.0	1	0.8517	0.8512531123658468	-0.1640225534150189
xet0i5hcytbgz14tmtwlr9dy	1	2	152	8	0	Go	GAL	1	0		0	0.0	0	0.8577	0.1382737257487889	-2.0734260327621308
xet0i5hcytbgz14tmtwlr9dy	1	2	153	9	0	Go	GAL	1	1	0.873	1	1.0	0	0.879	0.8816639470214827	-0.1282101711871327
xet0i5hcytbgz14tmtwlr9dy	1	2	160	10	0	Go	GAL	1	1	0.705	1	0.0	1	0.7525	0.7526694533155898	-0.2887658569138925
xet0i5hcytbgz14tmtwlr9dy	1	2	163	11	0	Go	GAL	1	0		0	0.0	0	0.8307	0.16844745757936816	-1.855192900714679
xet0i5hcytbgz14tmtwlr9dy	1	2	165	12	0	Go	GAL	1	1	0.886	1	1.0	0	0.8511	0.8488112188454723	-0.16662326816084977
xet0i5hcytbgz14tmtwlr9dy	1	2	169	13	0	Go	GAL	1	1	0.646	1	0.0	1	0.7322	0.7338406561041694	-0.3145148590416445
xet0i5hcytbgz14tmtwlr9dy	1	2	173	14	0	Go	GAL	1	0		0	0.0	0	0.8327	0.16879145309932847	-1.8592951970218616
xet0i5hcytbgz14tmtwlr9dy	1	2	179	15	0	Go	GAL	1	0		0	0.0	0	0.8425	0.1558681753978699	-1.9427084869488565
xet0i5hcytbgz14tmtwlr9dy	1	2	182	16	0	Go	GAL	1	0		0	0.0	0	0.8546	0.1466166392568572	-2.0057408947190036
xet0i5hcytbgz14tmtwlr9dy	1	2	187	17	0	Go	GAL	1	0		0	1.0	1	0.8639	0.1397528327536162	-2.054759967261785
xet0i5hcytbgz14tmtwlr9dy	1	2	189	18	0	Go	GAL	1	0		0	0.0	0	0.7288	0.2742308487843207	-1.3328529755212863
xet0i5hcytbgz14tmtwlr9dy	1	2	196	19	0	Go	GAL	1	1	0.715	1	0.0	1	0.7889	0.7864383855777509	-0.24349713962315242
xet0i5hcytbgz14tmtwlr9dy	1	2	199	20	0	Go	GAL	1	1	0.844	1	0.0	1	0.835	0.8321676260665597	-0.18623524802385807
xet0i5hcytbgz14tmtwlr9dy	1	2	203	21	0	Go	GAL	1	1	0.585	1	0.0	1	0.8467	0.8533532307772784	-0.1607117452658818
xet0i5hcytbgz14tmtwlr9dy	1	2	208	22	0	Go	GAL	1	1	0.688	1	0.0	1	0.865	0.8643311452828195	-0.14772396883552155
xet0i5hcytbgz14tmtwlr9dy	1	2	212	23	0	Go	GAL	1	1	0.512	1	0.0	1	0.8697	0.870469163983846	-0.14054169533573002
xet0i5hcytbgz14tmtwlr9dy	1	2	216	24	0	Go	GAL	1	1	0.739	1	0.0	1	0.8737	0.8741023060584111	-0.13632374814950454
xet0i5hcytbgz14tmtwlr9dy	1	2	217	25	0	Go	GAL	1	1	0.725	1	1.0	0	0.8743	0.876354259369992	-0.13372573487301528
xet0i5hcytbgz14tmtwlr9dy	1	2	223	26	0	Go	GAL	1	1	0.721	1	0.0	1	0.7399	0.7303717700258784	-0.3240934696349769
xet0i5hcytbgz14tmtwlr9dy	1	2	228	27	0	Go	GAL	1	1	0.615	1	0.0	1	0.818	0.8144578364499883	-0.20811368895991972
xet0i5hcytbgz14tmtwlr9dy	1	2	229	28	0	Go	GAL	1	1	0.439	1	0.0	1	0.8448	0.8469920255339973	-0.16822872873079575
xet0i5hcytbgz14tmtwlr9dy	1	2	236	29	0	Go	GAL	1	1	0.628	1	1.0	0	0.8681	0.8620386796461241	-0.15037067337726068
xet0i5hcytbgz14tmtwlr9dy	1	2	238	30	0	Go	GAL	1	1	0.559	1	0.0	1	0.726	0.7160518284695802	-0.34344693724462727
xet0i5hcytbgz14tmtwlr9dy	1	1	3	1	1	No-Go	NGW	0	0		1	0.0	1	0.7362	0.265480291465747	-1.3586370271191237
xet0i5hcytbgz14tmtwlr9dy	1	1	8	2	1	No-Go	NGW	0	1	0.765	0	0.0	0	0.6385	0.6297472847542506	-0.47052720550590404
xet0i5hcytbgz14tmtwlr9dy	1	1	10	3	1	No-Go	NGW	0	1	0.694	0	1.0	1	0.5098	0.5112362113856455	-0.6928683549420765
xet0i5hcytbgz14tmtwlr9dy	1	1	13	4	1	No-Go	NGW	0	1	0.898	0	0.0	0	0.7311	0.738538408751559	-0.30806249259352575
xet0i5hcytbgz14tmtwlr9dy	1	1	17	5	1	No-Go	NGW	0	1	0.439	0	0.0	0	0.5789	0.5781642846853634	-0.5643194778724854
xet0i5hcytbgz14tmtwlr9dy	1	1	23	6	1	No-Go	NGW	0	1	0.436	0	1.0	1	0.4849	0.48591388655427853	-0.7492620361683904
xet0i5hcytbgz14tmtwlr9dy	1	1	25	7	1	No-Go	NGW	0	1	0.599	0	0.0	0	0.7301	0.7289564373369931	-0.32281098165061056
xet0i5hcytbgz14tmtwlr9dy	1	1	30	8	1	No-Go	NGW	0	1	0.446	0	0.0	0	0.5774	0.5719176830010135	-0.5759760619785458
xet0i5hcytbgz14tmtwlr9dy	1	1	33	9	1	No-Go	NGW	0	1	0.74	0	0.0	0	0.4767	0.4822472635987929	-0.7568649947512414
xet0i5hcytbgz14tmtwlr9dy	1	1	37	10	1	No-Go	NGW	0	0		1	0.0	1	0.4323	0.5667773263960375	-0.5869895443948303
xet0i5hcytbgz14tmtwlr9dy	1	1	42	11	1	No-Go	NGW	0	0		1	1.0	0	0.3751	0.6273625243055412	-0.4827311891467823
xet0i5hcytbgz14tmtwlr9dy	1	1	45	12	1	No-Go	NGW	0	1	0.693	0	0.0	0	0.5753	0.5749014607544474	-0.5640331400621582
xet0i5hcytbgz14tmtwlr9dy	1	1	51	13	1	No-Go	NGW	0	0		1	0.0	1	0.5563	0.4535366826727249	-0.8121458677640291
xet0i5hcytbgz14tmtwlr9dy	1	1	56	14	1	No-Go	NGW	0	0		1	0.0	1	0.4123	0.5877140510894321	-0.5448611441769201
xet0i5hcytbgz14tmtwlr9dy	1	1	58	15	1	No-Go	NGW	0	0		1	0.0	1	0.3481	0.652062982022455	-0.4398404183469727
xet0i5hcytbgz14tmtwlr9dy	1	1	64	16	1	No-Go	NGW	0	0		1	0.0	1	0.3022	0.6849039637614511	-0.38936047482162833
xet0i5hcytbgz14tmtwlr9dy	1	1	66	17	1	No-Go	NGW	0	0		1	1.0	0	0.2938	0.7029486468891725	-0.3623697991252386
xet0i5hcytbgz14tmtwlr9dy	1	1	72	18	1	No-Go	NGW	0	1	0.594	0	0.0	0	0.5147	0.512182421847938	-0.6911442426597575
xet0i5hcytbgz14tmtwlr9dy	1	1	73	19	1	No-Go	NGW	0	0		1	0.0	1	0.4897	0.5049287359294634	-0.7120331519252421
xet0i5hcytbgz14tmtwlr9dy	1	1	77	20	1	No-Go	NGW	0	0		1	0.0	1	0.3738	0.6245975697677569	-0.4818417419079329
xet0i5hcytbgz14tmtwlr9dy	1	1	83	21	1	No-Go	NGW	0	0		1	1.0	0	0.3221	0.6799079248083189	-0.3954394207814515
xet0i5hcytbgz14tmtwlr9dy	1	1	88	22	1	No-Go	NGW	0	1	1.145	0	0.0	0	0.5198	0.5197871763961311	-0.6773908940093967
xet0i5hcytbgz14tmtwlr9dy	1	1	89	23	1	No-Go	NGW	0	0		1	0.0	1	0.5061	0.49089751062043097	-0.7420212932132834
xet0i5hcytbgz14tmtwlr9dy	1	1	93	24	1	No-Go	NGW	0	0		1	0.0	1	0.3826	0.6213293016899626	-0.48720645316931327
xet0i5hcytbgz14tmtwlr9dy	1	1	98	25	1	No-Go	NGW	0	0		1	0.0	1	0.3201	0.6819317267397397	-0.39228526879240844
xet0i5hcytbgz14tmtwlr9dy	1	1	104	26	1	No-Go	NGW	0	1	0.791	0	1.0	1	0.2896	0.2879437626274701	-1.2977835152329502
xet0i5hcytbgz14tmtwlr9dy	1	1	108	27	1	No-Go	NGW	0	1	0.59	0	0.0	0	0.6022	0.5977264555171007	-0.541712660671185
xet0i5hcytbgz14tmtwlr9dy	1	1	112	28	1	No-Go	NGW	0	1	0.578	0	0.0	0	0.4582	0.44170594001076807	-0.842140388193466
xet0i5hcytbgz14tmtwlr9dy	1	1	115	29	1	No-Go	NGW	0	1	0.602	0	0.0	0	0.3636	0.3640362902485353	-1.0445502103930322
xet0i5hcytbgz14tmtwlr9dy	1	1	120	30	1	No-Go	NGW	0	0		1	0.0	1	0.3221	0.6752719758388401	-0.4022188060577013
xet0i5hcytbgz14tmtwlr9dy	1	1	4	1	0	Go	GAL	1	0		0	1.0	1	0.6502	0.35042468183641956	-1.0710788914554652
xet0i5hcytbgz14tmtwlr9dy	1	1	5	2	0	Go	GAL	1	0		0	0.0	0	0.5314	0.4674782536390103	-0.7793472784066888
xet0i5hcytbgz14tmtwlr9dy	1	1	11	3	0	Go	GAL	1	1	0.615	1	0.0	1	0.6419	0.6452034434350731	-0.4431749310493269
xet0i5hcytbgz14tmtwlr9dy	1	1	14	4	0	Go	GAL	1	1	0.669	1	0.0	1	0.74	0.7461868269336189	-0.2974119792976969
xet0i5hcytbgz14tmtwlr9dy	1	1	18	5	0	Go	GAL	1	1	0.487	1	0.0	1	0.7846	0.7911824785575061	-0.23786884892181545
xet0i5hcytbgz14tmtwlr9dy	1	1	24	6	0	Go	GAL	1	1	0.863	1	0.0	1	0.812	0.8138517890621173	-0.20886958089867894
xet0i5hcytbgz14tmtwlr9dy	1	1	27	7	0	Go	GAL	1	1	0.431	1	0.0	1	0.8254	0.8263042311480866	-0.19322726174291083
xet0i5hcytbgz14tmtwlr9dy	1	1	31	8	0	Go	GAL	1	1	0.636	1	0.0	1	0.8345	0.8335928838855289	-0.18417843686919286
xet0i5hcytbgz14tmtwlr9dy	1	1	34	9	0	Go	GAL	1	0		0	1.0	1	0.8383	0.1619211958713348	-1.8754323425256312
xet0i5hcytbgz14tmtwlr9dy	1	1	38	10	0	Go	GAL	1	0		0	0.0	0	0.7664	0.23843373644108232	-1.4685599588618918
xet0i5hcytbgz14tmtwlr9dy	1	1	43	11	0	Go	GAL	1	1	0.539	1	0.0	1	0.8408	0.8329978355257114	-0.18518861268208958
xet0i5hcytbgz14tmtwlr9dy	1	1	48	12	0	Go	GAL	1	1	0.742	1	1.0	0	0.8459	0.8359830089482532	-0.18148630547138644
xet0i5hcytbgz14tmtwlr9dy	1	1	50	13	0	Go	GAL	1	0		0	0.0	0	0.6617	0.3376812156341647	-1.1246606728368043
xet0i5hcytbgz14tmtwlr9dy	1	1	53	14	0	Go	GAL	1	1	1.032	1	0.0	1	0.7214	0.7219323438968362	-0.3329369799281135
xet0i5hcytbgz14tmtwlr9dy	1	1	57	15	0	Go	GAL	1	1	0.838	1	0.0	1	0.8092	0.805386868842541	-0.22019339756949513
xet0i5hcytbgz14tmtwlr9dy	1	1	61	16	0	Go	GAL	1	1	0.614	1	0.0	1	0.8371	0.8385192750458351	-0.17921599996129395
xet0i5hcytbgz14tmtwlr9dy	1	1	65	17	0	Go	GAL	1	1	0.87	1	1.0	0	0.8555	0.8542855196424436	-0.16015947304148723
xet0i5hcytbgz14tmtwlr9dy	1	1	69	18	0	Go	GAL	1	0		0	0.0	0	0.7044	0.2930071529783202	-1.2719073148789921
xet0i5hcytbgz14tmtwlr9dy	1	1	75	19	0	Go	GAL	1	1	0.681	1	0.0	1	0.7457	0.7441887299444631	-0.30168208263779955
xet0i5hcytbgz14tmtwlr9dy	1	1	78	20	0	Go	GAL	1	1	1.324	1	0.0	1	0.8301	0.8262136006002305	-0.194637641761932
xet0i5hcytbgz14tmtwlr9dy	1	1	84	21	0	Go	GAL	1	1	0.718	1	0.0	1	0.8578	0.8582785068179571	-0.15582371706040327
xet0i5hcytbgz14tmtwlr9dy	1	1	87	22	0	Go	GAL	1	1	0.532	1	0.0	1	0.8734	0.873484595930712	-0.13778171227162592
xet0i5hcytbgz14tmtwlr9dy	1	1	92	23	0	Go	GAL	1	1	0.568	1	0.0	1	0.8869	0.8815346734789439	-0.12830912625708993
xet0i5hcytbgz14tmtwlr9dy	1	1	95	24	0	Go	GAL	1	1	0.611	1	0.0	1	0.8882	0.8861170665629697	-0.1229396192236365
xet0i5hcytbgz14tmtwlr9dy	1	1	97	25	0	Go	GAL	1	1	0.505	1	1.0	0	0.8926	0.888870662425824	-0.11972136388792559
xet0i5hcytbgz14tmtwlr9dy	1	1	102	26	0	Go	GAL	1	1	0.726	1	0.0	1	0.7491	0.7581160625333249	-0.28311399291867473
xet0i5hcytbgz14tmtwlr9dy	1	1	106	27	0	Go	GAL	1	1	0.449	1	0.0	1	0.8323	0.8332229003944187	-0.18583012203705068
xet0i5hcytbgz14tmtwlr9dy	1	1	111	28	0	Go	GAL	1	1	0.665	1	0.0	1	0.8666	0.86231872604707	-0.1508708581902358
xet0i5hcytbgz14tmtwlr9dy	1	1	113	29	0	Go	GAL	1	1	0.868	1	1.0	0	0.8786	0.8760361549249159	-0.13469982518783
xet0i5hcytbgz14tmtwlr9dy	1	1	119	30	0	Go	GAL	1	1	1.345	1	0.0	1	0.7441	0.7448790352459296	-0.30092011010665287
xet0i5hcytbgz14tmtwlr9dy	1	1	1	1	0	No-Go	NGAL	0	1	0.411	0	0.0	0	0.6512	0.6495753181635804	-0.43795864939616913
xet0i5hcytbgz14tmtwlr9dy	1	1	7	2	0	No-Go	NGAL	0	1	1.094	0	1.0	1	0.5293	0.5325217463609897	-0.644957017177655
xet0i5hcytbgz14tmtwlr9dy	1	1	9	3	0	No-Go	NGAL	0	1	0.651	0	0.0	0	0.6939	0.699604728034081	-0.3631564894650352
xet0i5hcytbgz14tmtwlr9dy	1	1	16	4	0	No-Go	NGAL	0	1	0.68	0	0.0	0	0.5618	0.5606222057031925	-0.590501032122113
xet0i5hcytbgz14tmtwlr9dy	1	1	19	5	0	No-Go	NGAL	0	0		1	0.0	1	0.4801	0.5164799091835222	-0.6766268690710249
xet0i5hcytbgz14tmtwlr9dy	1	1	22	6	0	No-Go	NGAL	0	1	0.467	0	0.0	0	0.3684	0.3671819885649705	-1.0500042792267867
xet0i5hcytbgz14tmtwlr9dy	1	1	26	7	0	No-Go	NGAL	0	0		1	0.0	1	0.3335	0.6708521344981616	-0.4120246325868348
xet0i5hcytbgz14tmtwlr9dy	1	1	29	8	0	No-Go	NGAL	0	1	0.563	0	1.0	1	0.2838	0.2763943106163323	-1.3550671525841997
xet0i5hcytbgz14tmtwlr9dy	1	1	35	9	0	No-Go	NGAL	0	1	0.626	0	0.0	0	0.4773	0.47435452742938394	-0.7630533706635264
xet0i5hcytbgz14tmtwlr9dy	1	1	40	10	0	No-Go	NGAL	0	1	0.681	0	0.0	0	0.3415	0.35058804474171945	-1.0870833652253853
xet0i5hcytbgz14tmtwlr9dy	1	1	41	11	0	No-Go	NGAL	0	0		1	0.0	1	0.2985	0.7055229966397872	-0.35875490940158056
xet0i5hcytbgz14tmtwlr9dy	1	1	46	12	0	No-Go	NGAL	0	0		1	0.0	1	0.2563	0.7340313736974858	-0.31735639710873614
xet0i5hcytbgz14tmtwlr9dy	1	1	49	13	0	No-Go	NGAL	0	0		1	0.0	1	0.2533	0.7499727046369672	-0.2947586106481616
xet0i5hcytbgz14tmtwlr9dy	1	1	55	14	0	No-Go	NGAL	0	0		1	1.0	0	0.2342	0.7594101432073603	-0.2815913662431854
xet0i5hcytbgz14tmtwlr9dy	1	1	60	15	0	No-Go	NGAL	0	0		1	0.0	1	0.3741	0.6342486791416763	-0.46747713386766115
xet0i5hcytbgz14tmtwlr9dy	1	1	62	16	0	No-Go	NGAL	0	0		1	0.0	1	0.2935	0.7072617138821541	-0.35179824781432456
xet0i5hcytbgz14tmtwlr9dy	1	1	67	17	0	No-Go	NGAL	0	0		1	1.0	0	0.2585	0.7392298616435846	-0.3075332915661839
xet0i5hcytbgz14tmtwlr9dy	1	1	70	18	0	No-Go	NGAL	0	1	0.81	0	0.0	0	0.3914	0.3823589597855602	-0.9975826316167029
xet0i5hcytbgz14tmtwlr9dy	1	1	74	19	0	No-Go	NGAL	0	1	1.392	0	0.0	0	0.357	0.3499944218942746	-1.0946553974578206
xet0i5hcytbgz14tmtwlr9dy	1	1	80	20	0	No-Go	NGAL	0	0		1	0.0	1	0.3401	0.6675726710024462	-0.4175744614229148
xet0i5hcytbgz14tmtwlr9dy	1	1	82	21	0	No-Go	NGAL	0	1	1.079	0	0.0	0	0.2629	0.25635559134453884	-1.4033798496800043
xet0i5hcytbgz14tmtwlr9dy	1	1	86	22	0	No-Go	NGAL	0	0		1	1.0	0	0.246	0.7524987714368213	-0.2892753435969535
xet0i5hcytbgz14tmtwlr9dy	1	1	91	23	0	No-Go	NGAL	0	0		1	0.0	1	0.3475	0.6489742150095082	-0.4489350727209546
xet0i5hcytbgz14tmtwlr9dy	1	1	96	24	0	No-Go	NGAL	0	0		1	0.0	1	0.2558	0.7391436666419442	-0.307443712712997
xet0i5hcytbgz14tmtwlr9dy	1	1	99	25	0	No-Go	NGAL	0	0		1	0.0	1	0.2202	0.777068018669581	-0.25668401290782605
xet0i5hcytbgz14tmtwlr9dy	1	1	103	26	0	No-Go	NGAL	0	0		1	0.0	1	0.2032	0.7952672532784156	-0.23342930420637664
xet0i5hcytbgz14tmtwlr9dy	1	1	105	27	0	No-Go	NGAL	0	0		1	1.0	0	0.192	0.8048780388807282	-0.2214180104468265
xet0i5hcytbgz14tmtwlr9dy	1	1	110	28	0	No-Go	NGAL	0	1	0.933	0	0.0	0	0.3078	0.30634834688586055	-1.2508208955973443
xet0i5hcytbgz14tmtwlr9dy	1	1	116	29	0	No-Go	NGAL	0	1	0.863	0	0.0	0	0.2958	0.3005473162200274	-1.276825907683902
xet0i5hcytbgz14tmtwlr9dy	1	1	118	30	0	No-Go	NGAL	0	0		1	0.0	1	0.2937	0.7030666910670595	-0.36677578107456094
xet0i5hcytbgz14tmtwlr9dy	1	1	2	1	1	Go	GW	1	0		0	0.0	0	0.7311	0.265480291465747	-1.3586370271191237
xet0i5hcytbgz14tmtwlr9dy	1	1	6	2	1	Go	GW	1	1	1.116	1	1.0	0	0.8116	0.8168447281600268	-0.20561162758232474
xet0i5hcytbgz14tmtwlr9dy	1	1	12	3	1	Go	GW	1	1	1.294	1	0.0	1	0.7335	0.734519708534253	-0.31281680155658437
xet0i5hcytbgz14tmtwlr9dy	1	1	15	4	1	Go	GW	1	1	0.798	1	0.0	1	0.8819	0.8787955002281739	-0.13165573596049088
xet0i5hcytbgz14tmtwlr9dy	1	1	20	5	1	Go	GW	1	1	0.479	1	0.0	1	0.9085	0.9092185678667823	-0.09666305760632096
xet0i5hcytbgz14tmtwlr9dy	1	1	21	6	1	Go	GW	1	1	0.616	1	1.0	0	0.9192	0.91991479038117	-0.08456860794218672
xet0i5hcytbgz14tmtwlr9dy	1	1	28	7	1	Go	GW	1	1	0.443	1	0.0	1	0.8242	0.8249698429150267	-0.19476916346307815
xet0i5hcytbgz14tmtwlr9dy	1	1	32	8	1	Go	GW	1	1	0.575	1	0.0	1	0.8966	0.9000760331402813	-0.10663172108243325
xet0i5hcytbgz14tmtwlr9dy	1	1	36	9	1	Go	GW	1	1	0.498	1	0.0	1	0.9161	0.9174518229775411	-0.08719646216122462
xet0i5hcytbgz14tmtwlr9dy	1	1	39	10	1	Go	GW	1	1	0.671	1	0.0	1	0.9209	0.923869126831861	-0.08007261858042573
xet0i5hcytbgz14tmtwlr9dy	1	1	44	11	1	Go	GW	1	1	0.523	1	0.0	1	0.9263	0.9268028420571387	-0.07682612210692777
xet0i5hcytbgz14tmtwlr9dy	1	1	47	12	1	Go	GW	1	1	0.484	1	0.0	1	0.9263	0.9283403509040581	-0.07512724009581134
xet0i5hcytbgz14tmtwlr9dy	1	1	52	13	1	Go	GW	1	1	0.501	1	0.0	1	0.9307	0.929230316565499	-0.07414452206817401
xet0i5hcytbgz14tmtwlr9dy	1	1	54	14	1	Go	GW	1	1	0.485	1	1.0	0	0.9298	0.9297866877421392	-0.07353034553446014
xet0i5hcytbgz14tmtwlr9dy	1	1	59	15	1	Go	GW	1	1	0.567	1	0.0	1	0.8373	0.8363060164773256	-0.1814405224977055
xet0i5hcytbgz14tmtwlr9dy	1	1	63	16	1	Go	GW	1	1	0.452	1	0.0	1	0.905	0.9053035654627646	-0.1005248899547657
xet0i5hcytbgz14tmtwlr9dy	1	1	68	17	1	Go	GW	1	1	0.53	1	0.0	1	0.9238	0.920430171577101	-0.08375576570018868
xet0i5hcytbgz14tmtwlr9dy	1	1	71	18	1	Go	GW	1	1	0.576	1	0.0	1	0.9245	0.925771197961331	-0.07789191445968012
xet0i5hcytbgz14tmtwlr9dy	1	1	76	19	1	Go	GW	1	1	0.465	1	1.0	0	0.9244	0.9281120316373866	-0.07533344713098569
xet0i5hcytbgz14tmtwlr9dy	1	1	79	20	1	Go	GW	1	1	0.871	1	0.0	1	0.8307	0.8342920742305627	-0.1837879426912245
xet0i5hcytbgz14tmtwlr9dy	1	1	81	21	1	Go	GW	1	1	0.502	1	1.0	0	0.9042	0.9045204921325548	-0.10141260225784365
xet0i5hcytbgz14tmtwlr9dy	1	1	85	22	1	Go	GW	1	0		0	0.0	0	0.8056	0.19067486805929015	-1.7089035489960176
xet0i5hcytbgz14tmtwlr9dy	1	1	90	23	1	Go	GW	1	0		0	0.0	0	0.8401	0.15464156255258432	-1.9307854003314706
xet0i5hcytbgz14tmtwlr9dy	1	1	94	24	1	Go	GW	1	1	0.707	1	0.0	1	0.8623	0.8624735578615872	-0.1499118976019056
xet0i5hcytbgz14tmtwlr9dy	1	1	100	25	1	Go	GW	1	1	0.624	1	0.0	1	0.9305	0.927913882666565	-0.07560353031743686
xet0i5hcytbgz14tmtwlr9dy	1	1	101	26	1	Go	GW	1	1	0.691	1	0.0	1	0.9447	0.9419825188594666	-0.060349128290364616
xet0i5hcytbgz14tmtwlr9dy	1	1	107	27	1	Go	GW	1	1	0.508	1	1.0	0	0.9457	0.9469638287142536	-0.05499833978899683
xet0i5hcytbgz14tmtwlr9dy	1	1	109	28	1	Go	GW	1	1	0.588	1	0.0	1	0.8781	0.8775434193795904	-0.13245652283503637
xet0i5hcytbgz14tmtwlr9dy	1	1	114	29	1	Go	GW	1	0		0	0.0	0	0.937	0.06825323381753975	-2.8153135292200693
xet0i5hcytbgz14tmtwlr9dy	1	1	117	30	1	Go	GW	1	0		0	0.0	0	0.9355	0.06324572469397177	-2.8977267238003384
xg2518nfozv44h2x9oibsayj	1	2	123	1	1	No-Go	NGW	0	1	0.782	0	0.0	0	0.5311	0.5333816888585676	-0.6690485150001885
xg2518nfozv44h2x9oibsayj	1	2	125	2	1	No-Go	NGW	0	0		1	1.0	0	0.438	0.5600254458957515	-0.6128449414574553
xg2518nfozv44h2x9oibsayj	1	2	132	3	1	No-Go	NGW	0	0		1	0.0	1	0.536	0.46661831114143226	-0.8136675145577482
xg2518nfozv44h2x9oibsayj	1	2	135	4	1	No-Go	NGW	0	0		1	0.0	1	0.4283	0.5648790371027022	-0.6034547126777388
xg2518nfozv44h2x9oibsayj	1	2	140	5	1	No-Go	NGW	0	0		1	0.0	1	0.3521	0.6537541929776751	-0.4457289737558006
xg2518nfozv44h2x9oibsayj	1	2	142	6	1	No-Go	NGW	0	0		1	0.0	1	0.2652	0.729093836582443	-0.3293482646816298
xg2518nfozv44h2x9oibsayj	1	2	145	7	1	No-Go	NGW	0	0		1	0.0	1	0.2083	0.7900499021293568	-0.24435331536457705
xg2518nfozv44h2x9oibsayj	1	2	154	9	1	No-Go	NGW	0	0		1	1.0	0	0.1182	0.8800701621059966	-0.13128916381930616
xg2518nfozv44h2x9oibsayj	1	2	157	10	1	No-Go	NGW	0	0		1	0.0	1	0.1708	0.8253514482585562	-0.1980599899319831
xg2518nfozv44h2x9oibsayj	1	2	164	11	1	No-Go	NGW	0	0		1	0.0	1	0.1328	0.8673175026207971	-0.14626013698565954
xg2518nfozv44h2x9oibsayj	1	2	165	12	1	No-Go	NGW	0	0		1	1.0	0	0.1018	0.8988243791239588	-0.1091875242802327
xg2518nfozv44h2x9oibsayj	1	2	172	13	1	No-Go	NGW	0	0		1	0.0	1	0.1404	0.8499134298975779	-0.16719561719438822
xg2518nfozv44h2x9oibsayj	1	2	176	14	1	No-Go	NGW	0	0		1	0.0	1	0.117	0.8860123432385155	-0.12393598638077313
xg2518nfozv44h2x9oibsayj	1	2	177	15	1	No-Go	NGW	0	0		1	0.0	1	0.0898	0.9129331483281856	-0.09297197485786447
xg2518nfozv44h2x9oibsayj	1	2	183	16	1	No-Go	NGW	0	0		1	0.0	1	0.0679	0.9329727346264519	-0.07060747594526415
xg2518nfozv44h2x9oibsayj	1	2	187	17	1	No-Go	NGW	0	0		1	0.0	1	0.0538	0.9479285339113162	-0.054288911359275216
xg2518nfozv44h2x9oibsayj	1	2	191	18	1	No-Go	NGW	0	0		1	0.0	1	0.0423	0.9591494387115367	-0.04225349229841232
xg2518nfozv44h2x9oibsayj	1	2	196	19	1	No-Go	NGW	0	0		1	0.0	1	0.0337	0.967626573225942	-0.03327998281253384
xg2518nfozv44h2x9oibsayj	1	2	198	20	1	No-Go	NGW	0	0		1	1.0	0	0.0226	0.9740812779497493	-0.026516932035382416
xg2518nfozv44h2x9oibsayj	1	2	201	21	1	No-Go	NGW	0	0		1	0.0	1	0.042	0.9573195905075401	-0.04418950786575519
xg2518nfozv44h2x9oibsayj	1	2	207	22	1	No-Go	NGW	0	0		1	1.0	0	0.0318	0.9663220744393061	-0.03464513418689408
xg2518nfozv44h2x9oibsayj	1	2	212	23	1	No-Go	NGW	0	0		1	0.0	1	0.0514	0.9450739974969876	-0.05742872133640803
xg2518nfozv44h2x9oibsayj	1	2	214	24	1	No-Go	NGW	0	0		1	0.0	1	0.0408	0.9572447763801009	-0.044299527812807854
xg2518nfozv44h2x9oibsayj	1	2	220	25	1	No-Go	NGW	0	0		1	0.0	1	0.0356	0.9663314263714937	-0.034650479534764245
xg2518nfozv44h2x9oibsayj	1	2	221	26	1	No-Go	NGW	0	0		1	1.0	0	0.0285	0.9731807775844779	-0.027460892112210238
xg2518nfozv44h2x9oibsayj	1	2	226	27	1	No-Go	NGW	0	0		1	0.0	1	0.0415	0.9554018764529816	-0.046357575843848704
xg2518nfozv44h2x9oibsayj	1	2	230	28	1	No-Go	NGW	0	0		1	0.0	1	0.0378	0.9650358561710521	-0.0360617857174704
xg2518nfozv44h2x9oibsayj	1	2	236	29	1	No-Go	NGW	0	0		1	0.0	1	0.0274	0.972254549977221	-0.028452765134539742
xg2518nfozv44h2x9oibsayj	1	2	240	30	1	No-Go	NGW	0	0		1	0.0	1	0.0243	0.9777214490785884	-0.022747823958226433
xg2518nfozv44h2x9oibsayj	1	2	124	1	0	Go	GAL	1	0		0	0.0	0	0.6118	0.39367535070231774	-0.9475625681135315
xg2518nfozv44h2x9oibsayj	1	2	128	2	0	Go	GAL	1	1	0.411	1	0.0	1	0.6122	0.6114539261628208	-0.49819023398471124
xg2518nfozv44h2x9oibsayj	1	2	130	3	0	Go	GAL	1	1	0.405	1	1.0	0	0.7005	0.6980965283693017	-0.36416302072582024
xg2518nfozv44h2x9oibsayj	1	2	134	4	0	Go	GAL	1	1	0.278	1	0.0	1	0.6058	0.6066381536181521	-0.5061374211425426
xg2518nfozv44h2x9oibsayj	1	2	137	5	0	Go	GAL	1	1	0.593	1	0.0	1	0.6988	0.6941402580205734	-0.36980635825548214
xg2518nfozv44h2x9oibsayj	1	2	144	6	0	Go	GAL	1	1	0.4	1	0.0	1	0.7658	0.7654305339406295	-0.2710061463664253
xg2518nfozv44h2x9oibsayj	1	2	147	7	0	Go	GAL	1	1	0.464	1	0.0	1	0.8233	0.8211413845122705	-0.19986592662827835
xg2518nfozv44h2x9oibsayj	1	2	149	8	0	Go	GAL	1	1	0.487	1	0.0	1	0.865	0.8636183556467044	-0.14868618997007751
xg2518nfozv44h2x9oibsayj	1	2	155	9	0	Go	GAL	1	1	0.571	1	1.0	0	0.895	0.8955954154364631	-0.11174295291991759
xg2518nfozv44h2x9oibsayj	1	2	160	10	0	Go	GAL	1	1	0.59	1	0.0	1	0.847	0.8445949915705143	-0.17094443507573676
xg2518nfozv44h2x9oibsayj	1	2	163	11	0	Go	GAL	1	1	0.492	1	0.0	1	0.884	0.8815640869713754	-0.12756814662465235
xg2518nfozv44h2x9oibsayj	1	2	166	12	0	Go	GAL	1	1	0.63	1	1.0	0	0.9097	0.9092067807865609	-0.09627464283586357
xg2518nfozv44h2x9oibsayj	1	2	170	13	0	Go	GAL	1	1	0.781	1	0.0	1	0.8696	0.8628043842847972	-0.14919329043299945
xg2518nfozv44h2x9oibsayj	1	2	175	14	0	Go	GAL	1	1	0.566	1	0.0	1	0.8925	0.8954114034610244	-0.11165806986032263
xg2518nfozv44h2x9oibsayj	1	2	180	15	0	Go	GAL	1	1	0.608	1	0.0	1	0.9191	0.9196815312599445	-0.08458497807410582
xg2518nfozv44h2x9oibsayj	1	2	184	16	0	Go	GAL	1	1	0.453	1	0.0	1	0.939	0.9377674474680294	-0.06486817155272909
xg2518nfozv44h2x9oibsayj	1	2	186	17	0	Go	GAL	1	1	0.66	1	1.0	0	0.9502	0.9513074948227244	-0.05035786319905127
xg2518nfozv44h2x9oibsayj	1	2	190	18	0	Go	GAL	1	1	0.774	1	0.0	1	0.9259	0.9225667458081384	-0.08137575674399058
xg2518nfozv44h2x9oibsayj	1	2	194	19	0	Go	GAL	1	1	0.953	1	0.0	1	0.9475	0.9400678852357727	-0.06235730171489036
xg2518nfozv44h2x9oibsayj	1	2	200	20	0	Go	GAL	1	1	0.547	1	0.0	1	0.9527	0.9531257584805407	-0.04840495946755316
xg2518nfozv44h2x9oibsayj	1	2	204	21	0	Go	GAL	1	1	0.313	1	0.0	1	0.9651	0.962942981493486	-0.03804681398520767
xg2518nfozv44h2x9oibsayj	1	2	205	22	0	Go	GAL	1	1	1.105	1	0.0	1	0.9681	0.9703877762684664	-0.030267089318671322
xg2518nfozv44h2x9oibsayj	1	2	211	23	0	Go	GAL	1	1	0.711	1	0.0	1	0.9793	0.9760849384652369	-0.024357929946102225
xg2518nfozv44h2x9oibsayj	1	2	213	24	0	Go	GAL	1	1	0.499	1	0.0	1	0.9796	0.9804849676676133	-0.01982091255825538
xg2518nfozv44h2x9oibsayj	1	2	217	25	0	Go	GAL	1	1	0.558	1	1.0	0	0.9857	0.9839142784618962	-0.016301336897031636
xg2518nfozv44h2x9oibsayj	1	2	224	26	0	Go	GAL	1	1	0.726	1	0.0	1	0.971	0.972401926234154	-0.02819122050601923
xg2518nfozv44h2x9oibsayj	1	2	225	27	0	Go	GAL	1	1	0.784	1	1.0	0	0.9782	0.97769066811056	-0.02271022508094336
xg2518nfozv44h2x9oibsayj	1	2	231	28	0	Go	GAL	1	1	0.471	1	0.0	1	0.9612	0.9621349599806439	-0.03900394672678636
xg2518nfozv44h2x9oibsayj	1	2	233	29	0	Go	GAL	1	1	0.436	1	0.0	1	0.9681	0.969958221132763	-0.030770955636305903
xg2518nfozv44h2x9oibsayj	1	2	237	30	0	Go	GAL	1	1	0.465	1	0.0	1	0.9755	0.9758698892752283	-0.024612651129959744
xg2518nfozv44h2x9oibsayj	1	2	122	1	1	Go	GW	1	1	0.635	1	0.0	1	0.5313	0.5333816888585676	-0.6690485150001885
xg2518nfozv44h2x9oibsayj	1	2	126	2	1	Go	GW	1	1	0.336	1	0.0	1	0.9159	0.9195900378494866	-0.08568332756155192
xg2518nfozv44h2x9oibsayj	1	2	129	3	1	Go	GW	1	1	0.393	1	0.0	1	0.9823	0.9812424732058908	-0.019113223348483272
xg2518nfozv44h2x9oibsayj	1	2	136	4	1	Go	GW	1	1	0.452	1	1.0	0	0.9917	0.9932961060005777	-0.006757970249574124
xg2518nfozv44h2x9oibsayj	1	2	139	5	1	Go	GW	1	1	0.466	1	0.0	1	0.9873	0.987775781051992	-0.012388668757598524
xg2518nfozv44h2x9oibsayj	1	2	141	6	1	Go	GW	1	1	0.551	1	0.0	1	0.9947	0.9950051299236431	-0.005029799830495199
xg2518nfozv44h2x9oibsayj	1	2	146	7	1	Go	GW	1	1	0.36	1	1.0	0	0.9963	0.9971870621241825	-0.002827657797722312
xg2518nfozv44h2x9oibsayj	1	2	151	8	1	Go	GW	1	1	0.369	1	0.0	1	0.9941	0.9943513722522249	-0.005711344998490288
xg2518nfozv44h2x9oibsayj	1	2	156	9	1	Go	GW	1	1	0.437	1	0.0	1	0.9983	0.9970319735568625	-0.002987305695296746
xg2518nfozv44h2x9oibsayj	1	2	159	10	1	Go	GW	1	1	0.521	1	0.0	1	0.9977	0.9979719344142639	-0.0020391256401005296
xg2518nfozv44h2x9oibsayj	1	2	162	11	1	Go	GW	1	1	0.279	1	0.0	1	0.9984	0.9983826722126025	-0.0016258186667611862
xg2518nfozv44h2x9oibsayj	1	2	168	12	1	Go	GW	1	1	0.673	1	0.0	1	0.9992	0.9985866038376795	-0.001420881694151324
xg2518nfozv44h2x9oibsayj	1	2	171	13	1	Go	GW	1	1	0.707	1	0.0	1	0.9988	0.998696992766517	-0.001310044409618874
xg2518nfozv44h2x9oibsayj	1	2	174	14	1	Go	GW	1	1	0.474	1	1.0	0	0.9987	0.9987606261341582	-0.0012461933351551322
xg2518nfozv44h2x9oibsayj	1	2	179	15	1	Go	GW	1	1	0.716	1	0.0	1	0.9976	0.9972446159122508	-0.0027901119484071545
xg2518nfozv44h2x9oibsayj	1	2	181	16	1	Go	GW	1	1	0.821	1	0.0	1	0.9983	0.9981833358950675	-0.001829797209111598
xg2518nfozv44h2x9oibsayj	1	2	188	17	1	Go	GW	1	1	0.435	1	0.0	1	0.9981	0.9985200689109072	-0.0014889624681596084
xg2518nfozv44h2x9oibsayj	1	2	192	18	1	Go	GW	1	1	0.417	1	1.0	0	0.9989	0.9986749026411411	-0.001332758977375231
xg2518nfozv44h2x9oibsayj	1	2	195	19	1	Go	GW	1	1	0.686	1	0.0	1	0.9979	0.997062334080135	-0.002976218826447015
xg2518nfozv44h2x9oibsayj	1	2	199	20	1	Go	GW	1	1	0.529	1	0.0	1	0.9985	0.9981194903295103	-0.00189445040178977
xg2518nfozv44h2x9oibsayj	1	2	202	21	1	Go	GW	1	1	0.376	1	0.0	1	0.9978	0.9984922655217295	-0.0015170472485824128
xg2518nfozv44h2x9oibsayj	1	2	206	22	1	Go	GW	1	1	0.449	1	0.0	1	0.9987	0.9986614299843186	-0.0013463537364348315
xg2518nfozv44h2x9oibsayj	1	2	210	23	1	Go	GW	1	1	0.541	1	0.0	1	0.9982	0.9987481952393479	-0.0012589633799770308
xg2518nfozv44h2x9oibsayj	1	2	215	24	1	Go	GW	1	1	0.454	1	0.0	1	0.9986	0.9987962145728314	-0.001210657704829895
xg2518nfozv44h2x9oibsayj	1	2	219	25	1	Go	GW	1	1	0.537	1	1.0	0	0.9987	0.9988242586988505	-0.00118247257423876
xg2518nfozv44h2x9oibsayj	1	2	223	26	1	Go	GW	1	1	0.771	1	0.0	1	0.9974	0.9973638211581991	-0.0026706192472010976
xg2518nfozv44h2x9oibsayj	1	2	227	27	1	Go	GW	1	1	0.427	1	1.0	0	0.9982	0.9982492238205414	-0.001763797103417413
xg2518nfozv44h2x9oibsayj	1	2	229	28	1	Go	GW	1	1	0.361	1	0.0	1	0.9959	0.9961833875081769	-0.003879802774781444
xg2518nfozv44h2x9oibsayj	1	2	234	29	1	Go	GW	1	1	0.42	1	0.0	1	0.9978	0.9978401027114125	-0.00217749222348256
xg2518nfozv44h2x9oibsayj	1	2	238	30	1	Go	GW	1	1	0.489	1	0.0	1	0.998	0.9983722437981578	-0.0016381691744156294
xg2518nfozv44h2x9oibsayj	1	2	121	1	0	No-Go	NGAL	0	1	0.791	0	0.0	0	0.6103	0.6063246492976823	-0.5067631451984473
xg2518nfozv44h2x9oibsayj	1	2	127	2	0	No-Go	NGAL	0	0		1	0.0	1	0.5155	0.48869912990099645	-0.7266965628315798
xg2518nfozv44h2x9oibsayj	1	2	131	3	0	No-Go	NGAL	0	0		1	0.0	1	0.4152	0.5843536776585544	-0.5459000970125537
xg2518nfozv44h2x9oibsayj	1	2	133	4	0	No-Go	NGAL	0	0		1	1.0	0	0.3354	0.6690032449688075	-0.40921585725542947
xg2518nfozv44h2x9oibsayj	1	2	138	5	0	No-Go	NGAL	0	0		1	0.0	1	0.3358	0.663824389655476	-0.4170721171417165
xg2518nfozv44h2x9oibsayj	1	2	143	6	0	No-Go	NGAL	0	0		1	1.0	0	0.2703	0.7355330156106255	-0.3131007816498252
xg2518nfozv44h2x9oibsayj	1	2	148	7	0	No-Go	NGAL	0	1	0.395	0	0.0	0	0.2645	0.26915793549377315	-1.3592417524904576
xg2518nfozv44h2x9oibsayj	1	2	152	8	0	No-Go	NGAL	0	1	0.731	0	0.0	0	0.2045	0.2050620492895158	-1.6596796282717436
xg2518nfozv44h2x9oibsayj	1	2	153	9	0	No-Go	NGAL	0	0		1	0.0	1	0.1588	0.8441386194297694	-0.17293496905980324
xg2518nfozv44h2x9oibsayj	1	2	158	10	0	No-Go	NGAL	0	0		1	0.0	1	0.1167	0.8814743818998658	-0.12865897548292665
xg2518nfozv44h2x9oibsayj	1	2	161	11	0	No-Go	NGAL	0	1	0.741	0	0.0	0	0.0843	0.09063072709587004	-2.5858096071443777
xg2518nfozv44h2x9oibsayj	1	2	167	12	0	No-Go	NGAL	0	0		1	0.0	1	0.0709	0.9319032964688169	-0.07171771303276547
xg2518nfozv44h2x9oibsayj	1	2	169	13	0	No-Go	NGAL	0	0		1	0.0	1	0.0512	0.9477461689574737	-0.05448034520482287
xg2518nfozv44h2x9oibsayj	1	2	173	14	0	No-Go	NGAL	0	0		1	1.0	0	0.0437	0.9595030385580987	-0.04189319647914208
xg2518nfozv44h2x9oibsayj	1	2	178	15	0	No-Go	NGAL	0	0		1	0.0	1	0.0434	0.9585096615571258	-0.04294597060640653
xg2518nfozv44h2x9oibsayj	1	2	182	16	0	No-Go	NGAL	0	1	0.52	0	0.0	0	0.036	0.03245049115106487	-3.7761365962322855
xg2518nfozv44h2x9oibsayj	1	2	185	17	0	No-Go	NGAL	0	0		1	0.0	1	0.0252	0.9755116305734078	-0.025050479479145713
xg2518nfozv44h2x9oibsayj	1	2	189	18	0	No-Go	NGAL	0	0		1	1.0	0	0.0209	0.9806603793154307	-0.0197057556401453
xg2518nfozv44h2x9oibsayj	1	2	193	19	0	No-Go	NGAL	0	0		1	0.0	1	0.0187	0.9801618752383311	-0.020220143046975506
xg2518nfozv44h2x9oibsayj	1	2	197	20	0	No-Go	NGAL	0	0		1	0.0	1	0.017	0.9841860100168432	-0.016066999013977463
xg2518nfozv44h2x9oibsayj	1	2	203	21	0	No-Go	NGAL	0	0		1	1.0	0	0.0136	0.9872619024064044	-0.012908830421843267
xg2518nfozv44h2x9oibsayj	1	2	208	22	0	No-Go	NGAL	0	0		1	0.0	1	0.0127	0.9869203620678582	-0.013257992616908645
xg2518nfozv44h2x9oibsayj	1	2	209	23	0	No-Go	NGAL	0	0		1	0.0	1	0.0105	0.9893717272261456	-0.010750559243940966
xg2518nfozv44h2x9oibsayj	1	2	216	24	0	No-Go	NGAL	0	0		1	0.0	1	0.0095	0.9912777262463304	-0.008807657749254457
xg2518nfozv44h2x9oibsayj	1	2	218	25	0	No-Go	NGAL	0	0		1	0.0	1	0.0067	0.9927728789950139	-0.007287817526637532
xg2518nfozv44h2x9oibsayj	1	2	222	26	0	No-Go	NGAL	0	0		1	1.0	0	0.0066	0.993955812477628	-0.006088105301212989
xg2518nfozv44h2x9oibsayj	1	2	228	27	0	No-Go	NGAL	0	0		1	0.0	1	0.0078	0.9937843793790846	-0.006261569151531216
xg2518nfozv44h2x9oibsayj	1	2	232	28	0	No-Go	NGAL	0	0		1	0.0	1	0.0042	0.9947627078038862	-0.005271037587213084
xg2518nfozv44h2x9oibsayj	1	2	235	29	0	No-Go	NGAL	0	0		1	0.0	1	0.0041	0.9955481912099389	-0.004477026806714261
xg2518nfozv44h2x9oibsayj	1	2	239	30	0	No-Go	NGAL	0	0		1	0.0	1	0.0043	0.9961836878278398	-0.003835483932543847
xg2518nfozv44h2x9oibsayj	1	1	1	1	0	No-Go	NGAL	0	1	0.563	0	0.0	0	0.6013	0.6063246492976823	-0.5067631451984473
xg2518nfozv44h2x9oibsayj	1	1	5	2	0	No-Go	NGAL	0	1	0.559	0	0.0	0	0.5148	0.5113008700990035	-0.6806190556315804
xg2518nfozv44h2x9oibsayj	1	1	11	3	0	No-Go	NGAL	0	1	0.822	0	0.0	0	0.4282	0.4205428293032598	-0.882848124578095
xg2518nfozv44h2x9oibsayj	1	1	16	4	0	No-Go	NGAL	0	1	1.251	0	1.0	1	0.338	0.3395597998112644	-1.1078935774799348
xg2518nfozv44h2x9oibsayj	1	1	20	5	0	No-Go	NGAL	0	1	0.479	0	0.0	0	0.451	0.44417244074428575	-0.8254540221376735
xg2518nfozv44h2x9oibsayj	1	1	23	6	0	No-Go	NGAL	0	0		1	1.0	0	0.3613	0.6400842654816558	-0.4532065730022563
xg2518nfozv44h2x9oibsayj	1	1	26	7	0	No-Go	NGAL	0	0		1	0.0	1	0.3623	0.6351485231995521	-0.4610083523141503
xg2518nfozv44h2x9oibsayj	1	1	32	8	0	No-Go	NGAL	0	0		1	0.0	1	0.2791	0.718533006525129	-0.33634094686493565
xg2518nfozv44h2x9oibsayj	1	1	35	9	0	No-Go	NGAL	0	0		1	0.0	1	0.2173	0.7851575948431939	-0.24644210840109465
xg2518nfozv44h2x9oibsayj	1	1	38	10	0	No-Go	NGAL	0	0		1	0.0	1	0.157	0.8365534395972559	-0.18189994481510358
xg2518nfozv44h2x9oibsayj	1	1	43	11	0	No-Go	NGAL	0	0		1	0.0	1	0.1252	0.8754321063391115	-0.13552577299678528
xg2518nfozv44h2x9oibsayj	1	1	46	12	0	No-Go	NGAL	0	0		1	0.0	1	0.0989	0.9045734523146626	-0.10205276472693006
xg2518nfozv44h2x9oibsayj	1	1	50	13	0	No-Go	NGAL	0	0		1	0.0	1	0.0723	0.9263638702863913	-0.07771944763647555
xg2518nfozv44h2x9oibsayj	1	1	56	14	0	No-Go	NGAL	0	0		1	1.0	0	0.0605	0.9426891709701309	-0.059875968546346726
xg2518nfozv44h2x9oibsayj	1	1	58	15	0	No-Go	NGAL	0	0		1	0.0	1	0.0614	0.9412936626505388	-0.061380634494674784
xg2518nfozv44h2x9oibsayj	1	1	61	16	0	No-Go	NGAL	0	0		1	0.0	1	0.0492	0.953928834907891	-0.04778020058144609
xg2518nfozv44h2x9oibsayj	1	1	68	17	0	No-Go	NGAL	0	0		1	0.0	1	0.0364	0.9634919921712526	-0.03762152895836409
xg2518nfozv44h2x9oibsayj	1	1	71	18	0	No-Go	NGAL	0	0		1	1.0	0	0.0281	0.9707830085327221	-0.029956610376269434
xg2518nfozv44h2x9oibsayj	1	1	74	19	0	No-Go	NGAL	0	0		1	0.0	1	0.0295	0.9700112875211189	-0.03076145788308657
xg2518nfozv44h2x9oibsayj	1	1	77	20	0	No-Go	NGAL	0	0		1	0.0	1	0.0235	0.9757933085114492	-0.024728593229094903
xg2518nfozv44h2x9oibsayj	1	1	81	21	0	No-Go	NGAL	0	0		1	1.0	0	0.0183	0.9802675553795595	-0.020091723838742075
xg2518nfozv44h2x9oibsayj	1	1	88	22	0	No-Go	NGAL	0	0		1	0.0	1	0.0197	0.9797242719480853	-0.020651679727711963
xg2518nfozv44h2x9oibsayj	1	1	92	23	0	No-Go	NGAL	0	0		1	0.0	1	0.0154	0.9833349604128137	-0.016928105991756495
xg2518nfozv44h2x9oibsayj	1	1	96	24	0	No-Go	NGAL	0	0		1	0.0	1	0.0134	0.9861716587579855	-0.014015934173182459
xg2518nfozv44h2x9oibsayj	1	1	100	25	0	No-Go	NGAL	0	0		1	0.0	1	0.0121	0.9884184635160367	-0.011717844140420569
xg2518nfozv44h2x9oibsayj	1	1	102	26	0	No-Go	NGAL	0	0		1	1.0	0	0.0108	0.9902122107703663	-0.009888692938554693
xg2518nfozv44h2x9oibsayj	1	1	105	27	0	No-Go	NGAL	0	0		1	0.0	1	0.0106	0.9899264712888572	-0.010179353768831431
xg2518nfozv44h2x9oibsayj	1	1	111	28	0	No-Go	NGAL	0	0		1	0.0	1	0.0081	0.991425336043804	-0.008654229919710633
xg2518nfozv44h2x9oibsayj	1	1	113	29	0	No-Go	NGAL	0	0		1	0.0	1	0.0074	0.9926384391605221	-0.00742248788940676
xg2518nfozv44h2x9oibsayj	1	1	120	30	0	No-Go	NGAL	0	0		1	0.0	1	0.0084	0.9936274031819761	-0.00642009813214336
xg2518nfozv44h2x9oibsayj	1	1	8	2	1	Go	GW	1	1	0.458	1	0.0	1	0.9243	0.9195900378494866	-0.08568332756155192
xg2518nfozv44h2x9oibsayj	1	1	12	3	1	Go	GW	1	1	0.521	1	0.0	1	0.9839	0.9812424732058908	-0.019113223348483272
xg2518nfozv44h2x9oibsayj	1	1	13	4	1	Go	GW	1	1	0.462	1	1.0	0	0.9927	0.9932961060005777	-0.006757970249574124
xg2518nfozv44h2x9oibsayj	1	1	18	5	1	Go	GW	1	1	0.653	1	0.0	1	0.9863	0.987775781051992	-0.012388668757598524
xg2518nfozv44h2x9oibsayj	1	1	24	6	1	Go	GW	1	1	0.637	1	0.0	1	0.9942	0.9950051299236431	-0.005029799830495199
xg2518nfozv44h2x9oibsayj	1	1	25	7	1	Go	GW	1	1	0.483	1	1.0	0	0.997	0.9971870621241825	-0.002827657797722312
xg2518nfozv44h2x9oibsayj	1	1	30	8	1	Go	GW	1	1	0.708	1	0.0	1	0.9948	0.9943513722522249	-0.005711344998490288
xg2518nfozv44h2x9oibsayj	1	1	34	9	1	Go	GW	1	1	0.833	1	0.0	1	0.9961	0.9970319735568625	-0.002987305695296746
xg2518nfozv44h2x9oibsayj	1	1	40	10	1	Go	GW	1	1	0.518	1	0.0	1	0.9983	0.9979719344142639	-0.0020391256401005296
xg2518nfozv44h2x9oibsayj	1	1	42	11	1	Go	GW	1	1	0.391	1	0.0	1	0.9983	0.9983826722126025	-0.0016258186667611862
xg2518nfozv44h2x9oibsayj	1	1	47	12	1	Go	GW	1	1	0.725	1	0.0	1	0.999	0.9985866038376795	-0.001420881694151324
xg2518nfozv44h2x9oibsayj	1	1	49	13	1	Go	GW	1	1	0.636	1	0.0	1	0.9988	0.998696992766517	-0.001310044409618874
xg2518nfozv44h2x9oibsayj	1	1	53	14	1	Go	GW	1	1	0.733	1	1.0	0	0.9986	0.9987606261341582	-0.0012461933351551322
xg2518nfozv44h2x9oibsayj	1	1	60	15	1	Go	GW	1	1	0.545	1	0.0	1	0.9979	0.9972446159122508	-0.0027901119484071545
xg2518nfozv44h2x9oibsayj	1	1	62	16	1	Go	GW	1	1	0.459	1	0.0	1	0.9982	0.9981833358950675	-0.001829797209111598
xg2518nfozv44h2x9oibsayj	1	1	66	17	1	Go	GW	1	1	0.651	1	0.0	1	0.9978	0.9985200689109072	-0.0014889624681596084
xg2518nfozv44h2x9oibsayj	1	1	72	18	1	Go	GW	1	1	0.595	1	1.0	0	0.9983	0.9986749026411411	-0.001332758977375231
xg2518nfozv44h2x9oibsayj	1	1	75	19	1	Go	GW	1	1	0.481	1	0.0	1	0.997	0.997062334080135	-0.002976218826447015
xg2518nfozv44h2x9oibsayj	1	1	79	20	1	Go	GW	1	1	0.707	1	0.0	1	0.9985	0.9981194903295103	-0.00189445040178977
xg2518nfozv44h2x9oibsayj	1	1	83	21	1	Go	GW	1	1	0.502	1	0.0	1	0.999	0.9984922655217295	-0.0015170472485824128
xg2518nfozv44h2x9oibsayj	1	1	85	22	1	Go	GW	1	1	0.551	1	0.0	1	0.9986	0.9986614299843186	-0.0013463537364348315
xg2518nfozv44h2x9oibsayj	1	1	91	23	1	Go	GW	1	1	0.64	1	0.0	1	0.9987	0.9987481952393479	-0.0012589633799770308
xg2518nfozv44h2x9oibsayj	1	1	94	24	1	Go	GW	1	1	0.456	1	0.0	1	0.9984	0.9987962145728314	-0.001210657704829895
xg2518nfozv44h2x9oibsayj	1	1	98	25	1	Go	GW	1	1	0.481	1	1.0	0	0.999	0.9988242586988505	-0.00118247257423876
xg2518nfozv44h2x9oibsayj	1	1	103	26	1	Go	GW	1	1	0.402	1	0.0	1	0.9978	0.9973638211581991	-0.0026706192472010976
xg2518nfozv44h2x9oibsayj	1	1	108	27	1	Go	GW	1	1	0.551	1	1.0	0	0.9976	0.9982492238205414	-0.001763797103417413
xg2518nfozv44h2x9oibsayj	1	1	112	28	1	Go	GW	1	1	0.446	1	0.0	1	0.9966	0.9961833875081769	-0.003879802774781444
xg2518nfozv44h2x9oibsayj	1	1	115	29	1	Go	GW	1	1	0.48	1	0.0	1	0.9982	0.9978401027114125	-0.00217749222348256
xg2518nfozv44h2x9oibsayj	1	1	117	30	1	Go	GW	1	1	0.631	1	0.0	1	0.9987	0.9983722437981578	-0.0016381691744156294
xg2518nfozv44h2x9oibsayj	1	1	3	1	1	No-Go	NGW	0	1	0.741	0	0.0	0	0.5315	0.5333816888585676	-0.6690485150001885
xg2518nfozv44h2x9oibsayj	1	1	7	2	1	No-Go	NGW	0	1	0.459	0	1.0	1	0.4368	0.43997455410424846	-0.8759424092508875
xg2518nfozv44h2x9oibsayj	1	1	9	3	1	No-Go	NGW	0	1	0.594	0	0.0	0	0.9005	0.8986175275824629	-0.10966208431743017
xg2518nfozv44h2x9oibsayj	1	1	15	4	1	No-Go	NGW	0	1	0.644	0	0.0	0	0.8453	0.8481715318340339	-0.1689717630103776
xg2518nfozv44h2x9oibsayj	1	1	17	5	1	No-Go	NGW	0	1	0.561	0	0.0	0	0.7788	0.7809098640113851	-0.2537250017320207
xg2518nfozv44h2x9oibsayj	1	1	22	6	1	No-Go	NGW	0	1	0.405	0	0.0	0	0.6948	0.6978424601282445	-0.36933718826050976
xg2518nfozv44h2x9oibsayj	1	1	27	7	1	No-Go	NGW	0	1	0.805	0	0.0	0	0.6055	0.6038603418667181	-0.5190442406029946
xg2518nfozv44h2x9oibsayj	1	1	29	8	1	No-Go	NGW	0	1	0.577	0	0.0	0	0.5011	0.5066725314909173	-0.7026741233726167
xg2518nfozv44h2x9oibsayj	1	1	33	9	1	No-Go	NGW	0	1	0.781	0	1.0	1	0.4237	0.4141428261744597	-0.9164531482030197
xg2518nfozv44h2x9oibsayj	1	1	37	10	1	No-Go	NGW	0	1	0.504	0	0.0	0	0.8891	0.889164573339472	-0.12162373412069587
xg2518nfozv44h2x9oibsayj	1	1	44	11	1	No-Go	NGW	0	1	0.747	0	0.0	0	0.8365	0.835791482863433	-0.18624671007548343
xg2518nfozv44h2x9oibsayj	1	1	45	12	1	No-Go	NGW	0	0		1	1.0	0	0.7618	0.23396744515784756	-1.5715146886037537
xg2518nfozv44h2x9oibsayj	1	1	51	13	1	No-Go	NGW	0	1	0.534	0	0.0	0	0.8254	0.826158407067949	-0.19774338129520108
xg2518nfozv44h2x9oibsayj	1	1	55	14	1	No-Go	NGW	0	1	0.507	0	0.0	0	0.7582	0.7572270849457952	-0.28870635308391585
xg2518nfozv44h2x9oibsayj	1	1	57	15	1	No-Go	NGW	0	1	0.796	0	0.0	0	0.6723	0.6755462932913395	-0.4084495618300442
xg2518nfozv44h2x9oibsayj	1	1	63	16	1	No-Go	NGW	0	0		1	0.0	1	0.5916	0.41396251006883283	-0.9319560894173392
xg2518nfozv44h2x9oibsayj	1	1	65	17	1	No-Go	NGW	0	1	0.493	0	0.0	0	0.4945	0.4875529915818043	-0.7592437123734634
xg2518nfozv44h2x9oibsayj	1	1	69	18	1	No-Go	NGW	0	0		1	0.0	1	0.3948	0.6022488024192411	-0.5333664951846365
xg2518nfozv44h2x9oibsayj	1	1	76	19	1	No-Go	NGW	0	0		1	0.0	1	0.3138	0.6868731209542323	-0.39486420129935074
xg2518nfozv44h2x9oibsayj	1	1	78	20	1	No-Go	NGW	0	0		1	1.0	0	0.2431	0.7564713288890177	-0.2927656107947746
xg2518nfozv44h2x9oibsayj	1	1	82	21	1	No-Go	NGW	0	0		1	0.0	1	0.3282	0.6743372602898685	-0.41345662193828137
xg2518nfozv44h2x9oibsayj	1	1	87	22	1	No-Go	NGW	0	1	0.5	0	1.0	1	0.2519	0.2533988240002075	-1.4901182989998074
xg2518nfozv44h2x9oibsayj	1	1	89	23	1	No-Go	NGW	0	1	0.673	0	0.0	0	0.7938	0.7923109468964663	-0.25040996758938266
xg2518nfozv44h2x9oibsayj	1	1	95	24	1	No-Go	NGW	0	0		1	0.0	1	0.7089	0.29186840250599566	-1.3883055247149019
xg2518nfozv44h2x9oibsayj	1	1	97	25	1	No-Go	NGW	0	0		1	0.0	1	0.6335	0.364738245645735	-1.1343645828046016
xg2518nfozv44h2x9oibsayj	1	1	101	26	1	No-Go	NGW	0	0		1	1.0	0	0.5523	0.43994068143248843	-0.9206524387949065
xg2518nfozv44h2x9oibsayj	1	1	106	27	1	No-Go	NGW	0	1	0.491	0	0.0	0	0.6612	0.6625353523936368	-0.44949498892559553
xg2518nfozv44h2x9oibsayj	1	1	110	28	1	No-Go	NGW	0	0		1	0.0	1	0.5553	0.4407275290254806	-0.9072298446867147
xg2518nfozv44h2x9oibsayj	1	1	114	29	1	No-Go	NGW	0	1	0.401	0	0.0	0	0.4781	0.4791268849764471	-0.8144801959648631
xg2518nfozv44h2x9oibsayj	1	1	119	30	1	No-Go	NGW	0	1	0.564	0	0.0	0	0.37	0.3772425532339963	-1.082383337572977
xg2518nfozv44h2x9oibsayj	1	1	4	1	0	Go	GAL	1	0		0	0.0	0	0.6121	0.39367535070231774	-0.9475625681135315
xg2518nfozv44h2x9oibsayj	1	1	6	2	0	Go	GAL	1	1	0.516	1	0.0	1	0.6105	0.6114539261628208	-0.49819023398471124
xg2518nfozv44h2x9oibsayj	1	1	10	3	0	Go	GAL	1	1	0.785	1	1.0	0	0.695	0.6980965283693017	-0.36416302072582024
xg2518nfozv44h2x9oibsayj	1	1	14	4	0	Go	GAL	1	1	0.824	1	0.0	1	0.5981	0.6066381536181521	-0.5061374211425426
xg2518nfozv44h2x9oibsayj	1	1	19	5	0	Go	GAL	1	0		0	0.0	0	0.6983	0.3058597419794265	-1.2094584396493
xg2518nfozv44h2x9oibsayj	1	1	21	6	0	Go	GAL	1	0		0	0.0	0	0.6966	0.30135671212833187	-1.2250481743165806
xg2518nfozv44h2x9oibsayj	1	1	28	7	0	Go	GAL	1	0		0	0.0	0	0.7081	0.2969201150045839	-1.2407930427975937
xg2518nfozv44h2x9oibsayj	1	1	31	8	0	Go	GAL	1	0		0	0.0	0	0.7097	0.292550140164846	-1.2566923859287695
xg2518nfozv44h2x9oibsayj	1	1	36	9	0	Go	GAL	1	0		0	1.0	1	0.7082	0.2882468584495534	-1.2727454375171852
xg2518nfozv44h2x9oibsayj	1	1	39	10	0	Go	GAL	1	0		0	0.0	0	0.6357	0.37419641818943167	-1.0003243904879966
xg2518nfozv44h2x9oibsayj	1	1	41	11	0	Go	GAL	1	1	0.544	1	0.0	1	0.6268	0.6309528595782771	-0.46667222215379284
xg2518nfozv44h2x9oibsayj	1	1	48	12	0	Go	GAL	1	1	0.675	1	1.0	0	0.7128	0.7113247977526271	-0.3451913970696055
xg2518nfozv44h2x9oibsayj	1	1	52	13	0	Go	GAL	1	1	1.114	1	0.0	1	0.614	0.6174999052689867	-0.4885528729233517
xg2518nfozv44h2x9oibsayj	1	1	54	14	0	Go	GAL	1	1	0.558	1	0.0	1	0.7043	0.7002612168386884	-0.36090813884478623
xg2518nfozv44h2x9oibsayj	1	1	59	15	0	Go	GAL	1	1	0.727	1	0.0	1	0.7753	0.7679086672793094	-0.2675693345469173
xg2518nfozv44h2x9oibsayj	1	1	64	16	0	Go	GAL	1	1	0.974	1	0.0	1	0.8204	0.8211498746130894	-0.1996778167470431
xg2518nfozv44h2x9oibsayj	1	1	67	17	0	Go	GAL	1	0		0	1.0	1	0.8639	0.13788466142652714	-2.0601448866156997
xg2518nfozv44h2x9oibsayj	1	1	70	18	0	Go	GAL	1	1	0.844	1	0.0	1	0.8107	0.8130660400017847	-0.20958293530888428
xg2518nfozv44h2x9oibsayj	1	1	73	19	0	Go	GAL	1	0		0	0.0	0	0.8556	0.14626855730776211	-1.9918521109959926
xg2518nfozv44h2x9oibsayj	1	1	80	20	0	Go	GAL	1	0		0	0.0	0	0.8575	0.14354713852918016	-2.0138184646024584
xg2518nfozv44h2x9oibsayj	1	1	84	21	0	Go	GAL	1	1	0.711	1	0.0	1	0.8594	0.8591083220732509	-0.15382835324777394
xg2518nfozv44h2x9oibsayj	1	1	86	22	0	Go	GAL	1	1	0.557	1	0.0	1	0.8904	0.8894675611750874	-0.11857626489571572
xg2518nfozv44h2x9oibsayj	1	1	90	23	0	Go	GAL	1	1	0.72	1	0.0	1	0.9116	0.9127503914997933	-0.09234642489869171
xg2518nfozv44h2x9oibsayj	1	1	93	24	0	Go	GAL	1	1	0.591	1	0.0	1	0.9334	0.9306059299287787	-0.07268773143406755
xg2518nfozv44h2x9oibsayj	1	1	99	25	0	Go	GAL	1	1	0.341	1	1.0	0	0.9419	0.9443392404107066	-0.05783240425030617
xg2518nfozv44h2x9oibsayj	1	1	104	26	0	Go	GAL	1	0		0	0.0	0	0.9049	0.09035561837527846	-2.5194421089502566
xg2518nfozv44h2x9oibsayj	1	1	107	27	0	Go	GAL	1	1	0.502	1	1.0	0	0.9138	0.911363565642721	-0.09390336684369348
xg2518nfozv44h2x9oibsayj	1	1	109	28	0	Go	GAL	1	1	0.696	1	0.0	1	0.8628	0.8612392967983499	-0.1518679680259125
xg2518nfozv44h2x9oibsayj	1	1	116	29	0	Go	GAL	1	1	0.723	1	0.0	1	0.8977	0.8917330837110874	-0.1162260955349055
xg2518nfozv44h2x9oibsayj	1	1	118	30	0	Go	GAL	1	1	0.669	1	0.0	1	0.9076	0.9149150938110794	-0.09005226633911914
xpmique3djjgli63fytwqxx0	1	1	6	2	1	Go	GW	1	1	0.713	1	0.0	1	0.4403	0.4391374868362748	-0.871291193694778
xpmique3djjgli63fytwqxx0	1	1	9	3	1	Go	GW	1	1	0.705	1	0.0	1	0.8314	0.8270250096435572	-0.19700784280525127
xpmique3djjgli63fytwqxx0	1	1	15	4	1	Go	GW	1	1	0.518	1	0.0	1	0.9162	0.9177261524686808	-0.08758265812026393
xpmique3djjgli63fytwqxx0	1	1	18	5	1	Go	GW	1	1	0.318	1	0.0	1	0.9467	0.9457710240651724	-0.05640144805277368
xpmique3djjgli63fytwqxx0	1	1	21	6	1	Go	GW	1	1	0.391	1	0.0	1	0.9552	0.9568371760483547	-0.04453316284603133
xpmique3djjgli63fytwqxx0	1	1	27	7	1	Go	GW	1	1	0.574	1	0.0	1	0.9612	0.9619201186012806	-0.03918921167722338
xpmique3djjgli63fytwqxx0	1	1	32	8	1	Go	GW	1	1	0.436	1	1.0	0	0.9673	0.9645050141969703	-0.03650557909700313
xpmique3djjgli63fytwqxx0	1	1	33	9	1	Go	GW	1	1	0.367	1	0.0	1	0.9479	0.9453717996979835	-0.05717541047013168
xpmique3djjgli63fytwqxx0	1	1	39	10	1	Go	GW	1	1	0.392	1	0.0	1	0.9599	0.9589267699246738	-0.0424374717189527
xpmique3djjgli63fytwqxx0	1	1	44	11	1	Go	GW	1	1	0.452	1	1.0	0	0.9625	0.9636299502023603	-0.03746578564264034
xpmique3djjgli63fytwqxx0	1	1	47	12	1	Go	GW	1	1	0.342	1	0.0	1	0.9421	0.9439979348062716	-0.058782094398034924
xpmique3djjgli63fytwqxx0	1	1	52	13	1	Go	GW	1	1	0.449	1	0.0	1	0.9592	0.9587065732003053	-0.04270489790777453
xpmique3djjgli63fytwqxx0	1	1	56	14	1	Go	GW	1	1	0.387	1	0.0	1	0.9647	0.9636540664852716	-0.03745768261585134
xpmique3djjgli63fytwqxx0	1	1	57	15	1	Go	GW	1	1	0.432	1	0.0	1	0.9655	0.9657735386762287	-0.03523660216708539
xpmique3djjgli63fytwqxx0	1	1	61	16	1	Go	GW	1	1	0.482	1	0.0	1	0.967	0.9668054952981929	-0.034164069337894266
xpmique3djjgli63fytwqxx0	1	1	65	17	1	Go	GW	1	1	0.407	1	0.0	1	0.9677	0.9673535140398167	-0.033598314457246044
xpmique3djjgli63fytwqxx0	1	1	72	18	1	Go	GW	1	1	0.406	1	0.0	1	0.9666	0.9676642707558564	-0.033279348537259834
xpmique3djjgli63fytwqxx0	1	1	76	19	1	Go	GW	1	1	0.461	1	0.0	1	0.9691	0.9678499674218994	-0.033089711430868196
xpmique3djjgli63fytwqxx0	1	1	79	20	1	Go	GW	1	0		0	1.0	1	0.9663	0.03203416687585357	-4.034030189754982
xpmique3djjgli63fytwqxx0	1	1	83	21	1	Go	GW	1	1	0.421	1	0.0	1	0.9599	0.9599902360739306	-0.041503175997509065
xpmique3djjgli63fytwqxx0	1	1	86	22	1	Go	GW	1	1	0.426	1	0.0	1	0.9615	0.9600808069227525	-0.04141125099334183
xpmique3djjgli63fytwqxx0	1	1	92	23	1	Go	GW	1	1	0.718	1	0.0	1	0.96	0.9601410849679795	-0.04135035243184875
xpmique3djjgli63fytwqxx0	1	1	94	24	1	Go	GW	1	1	0.516	1	1.0	0	0.9645	0.9601823007072054	-0.04130888216565913
xpmique3djjgli63fytwqxx0	1	1	97	25	1	Go	GW	1	1	0.271	1	0.0	1	0.9388	0.9377258815657047	-0.06631099354130471
xpmique3djjgli63fytwqxx0	1	1	103	26	1	Go	GW	1	1	0.468	1	0.0	1	0.9517	0.9520328756751686	-0.05007704399682096
xpmique3djjgli63fytwqxx0	1	1	105	27	1	Go	GW	1	1	0.476	1	1.0	0	0.9548	0.9565962069964791	-0.045116851752904606
xpmique3djjgli63fytwqxx0	1	1	110	28	1	Go	GW	1	1	0.663	1	0.0	1	0.9364	0.9327091669795397	-0.0718609189396502
xpmique3djjgli63fytwqxx0	1	1	113	29	1	Go	GW	1	1	0.587	1	0.0	1	0.9492	0.9499925703658829	-0.05225125686301834
xpmique3djjgli63fytwqxx0	1	1	119	30	1	Go	GW	1	1	0.389	1	0.0	1	0.9527	0.9555995349509784	-0.0461633839982543
xpmique3djjgli63fytwqxx0	1	1	1	1	1	No-Go	NGW	0	0		1	0.0	1	0.4884	0.5069363355047845	-0.7233505686992112
xpmique3djjgli63fytwqxx0	1	1	7	2	1	No-Go	NGW	0	1	0.523	0	0.0	0	0.4406	0.4391374868362748	-0.871291193694778
xpmique3djjgli63fytwqxx0	1	1	12	3	1	No-Go	NGW	0	1	0.508	0	0.0	0	0.3876	0.38604954744896774	-1.0024789074489575
xpmique3djjgli63fytwqxx0	1	1	14	4	1	No-Go	NGW	0	1	0.494	0	1.0	1	0.3491	0.33913662304702447	-1.1363056536132332
xpmique3djjgli63fytwqxx0	1	1	17	5	1	No-Go	NGW	0	1	0.498	0	0.0	0	0.7763	0.7780986986542135	-0.26154682636680526
xpmique3djjgli63fytwqxx0	1	1	22	6	1	No-Go	NGW	0	1	0.631	0	0.0	0	0.7257	0.720597778044676	-0.3405337041524803
xpmique3djjgli63fytwqxx0	1	1	26	7	1	No-Go	NGW	0	1	0.597	0	1.0	1	0.6563	0.6586501038870491	-0.4340713555693063
xpmique3djjgli63fytwqxx0	1	1	30	8	1	No-Go	NGW	0	1	0.465	0	0.0	0	0.8581	0.8643972769476138	-0.15034856894012022
xpmique3djjgli63fytwqxx0	1	1	34	9	1	No-Go	NGW	0	1	0.332	0	0.0	0	0.8238	0.8183348181846638	-0.20736577743180368
xpmique3djjgli63fytwqxx0	1	1	38	10	1	No-Go	NGW	0	1	0.356	0	0.0	0	0.7616	0.7647622706139304	-0.27939138830725757
xpmique3djjgli63fytwqxx0	1	1	41	11	1	No-Go	NGW	0	1	0.422	0	0.0	0	0.7031	0.706222524296563	-0.36628251233912573
xpmique3djjgli63fytwqxx0	1	1	45	12	1	No-Go	NGW	0	1	0.355	0	0.0	0	0.6532	0.6455074650016533	-0.46659316902016684
xpmique3djjgli63fytwqxx0	1	1	50	13	1	No-Go	NGW	0	1	0.347	0	0.0	0	0.586	0.5851032432098021	-0.577954622097101
xpmique3djjgli63fytwqxx0	1	1	55	14	1	No-Go	NGW	0	1	0.423	0	0.0	0	0.5301	0.5269440980519953	-0.6975597658963546
xpmique3djjgli63fytwqxx0	1	1	60	15	1	No-Go	NGW	0	1	0.475	0	1.0	1	0.4746	0.4723653614508884	-0.8225819229780057
xpmique3djjgli63fytwqxx0	1	1	64	16	1	No-Go	NGW	0	1	0.442	0	0.0	0	0.8197	0.8167737517225895	-0.2123769569270073
xpmique3djjgli63fytwqxx0	1	1	67	17	1	No-Go	NGW	0	1	0.541	0	1.0	1	0.7671	0.7637680029379131	-0.2843608095276222
xpmique3djjgli63fytwqxx0	1	1	69	18	1	No-Go	NGW	0	1	0.455	0	0.0	0	0.8928	0.8916532415823989	-0.11823990824708064
xpmique3djjgli63fytwqxx0	1	1	74	19	1	No-Go	NGW	0	1	0.482	0	0.0	0	0.8536	0.8507636510233215	-0.1676423937719755
xpmique3djjgli63fytwqxx0	1	1	78	20	1	No-Go	NGW	0	1	0.485	0	0.0	0	0.8038	0.8018472093681612	-0.2317192422228859
xpmique3djjgli63fytwqxx0	1	1	82	21	1	No-Go	NGW	0	1	0.387	0	0.0	0	0.7477	0.74701927384335	-0.31084490599891035
xpmique3djjgli63fytwqxx0	1	1	85	22	1	No-Go	NGW	0	1	0.39	0	1.0	1	0.69	0.6888186303672844	-0.4040472931674592
xpmique3djjgli63fytwqxx0	1	1	89	23	1	No-Go	NGW	0	0		1	0.0	1	0.878	0.12343191674832973	-2.2969075298128105
xpmique3djjgli63fytwqxx0	1	1	96	24	1	No-Go	NGW	0	1	0.377	0	0.0	0	0.8504	0.8525923210551087	-0.16585976401908847
xpmique3djjgli63fytwqxx0	1	1	99	25	1	No-Go	NGW	0	1	0.643	0	0.0	0	0.8092	0.8014250090439875	-0.23339851511943302
xpmique3djjgli63fytwqxx0	1	1	101	26	1	No-Go	NGW	0	1	0.488	0	1.0	1	0.7462	0.7436717639866024	-0.31845212581762966
xpmique3djjgli63fytwqxx0	1	1	106	27	1	No-Go	NGW	0	0		1	0.0	1	0.8792	0.12039285457048796	-2.3249865136892356
xpmique3djjgli63fytwqxx0	1	1	111	28	1	No-Go	NGW	0	0		1	0.0	1	0.8656	0.14206234190162703	-2.1585271126659307
xpmique3djjgli63fytwqxx0	1	1	114	29	1	No-Go	NGW	0	0		1	0.0	1	0.8348	0.16479314928743263	-2.0069765967974673
xpmique3djjgli63fytwqxx0	1	1	120	30	1	No-Go	NGW	0	0		1	0.0	1	0.8177	0.18821828815804123	-1.8687012000389505
xpmique3djjgli63fytwqxx0	1	1	8	2	0	Go	GAL	1	0		0	1.0	1	0.6496	0.35214781531409695	-1.064042159079362
xpmique3djjgli63fytwqxx0	1	1	11	3	0	Go	GAL	1	0		0	0.0	0	0.6083	0.40411019440945806	-0.9185315749565441
xpmique3djjgli63fytwqxx0	1	1	13	4	0	Go	GAL	1	1	0.37	1	0.0	1	0.5988	0.5977283808664527	-0.5203224168146261
xpmique3djjgli63fytwqxx0	1	1	19	5	0	Go	GAL	1	1	0.521	1	0.0	1	0.6455	0.6458131856995911	-0.44282669506147276
xpmique3djjgli63fytwqxx0	1	1	23	6	0	Go	GAL	1	1	0.559	1	1.0	0	0.6872	0.6876136301649401	-0.3799341686839828
xpmique3djjgli63fytwqxx0	1	1	25	7	0	Go	GAL	1	1	0.758	1	0.0	1	0.6288	0.6280100307154437	-0.47005768120004626
xpmique3djjgli63fytwqxx0	1	1	31	8	0	Go	GAL	1	1	0.733	1	0.0	1	0.6791	0.6727313925647286	-0.40109145445324396
xpmique3djjgli63fytwqxx0	1	1	35	9	0	Go	GAL	1	1	0.629	1	0.0	1	0.7163	0.7112806118640126	-0.34521287095214764
xpmique3djjgli63fytwqxx0	1	1	37	10	0	Go	GAL	1	1	0.627	1	0.0	1	0.742	0.7443467460800097	-0.29949740629416854
xpmique3djjgli63fytwqxx0	1	1	42	11	0	Go	GAL	1	1	0.467	1	0.0	1	0.7711	0.7726639039002006	-0.26179435841669524
xpmique3djjgli63fytwqxx0	1	1	46	12	0	Go	GAL	1	1	0.525	1	0.0	1	0.7928	0.7969214151040729	-0.23047682744621978
xpmique3djjgli63fytwqxx0	1	1	51	13	0	Go	GAL	1	0		0	1.0	1	0.8207	0.18226808095151292	-1.764995356700226
xpmique3djjgli63fytwqxx0	1	1	53	14	0	Go	GAL	1	0		0	0.0	0	0.7912	0.21387521408959542	-1.5858813389031219
xpmique3djjgli63fytwqxx0	1	1	58	15	0	Go	GAL	1	0		0	0.0	0	0.7836	0.2125877099853221	-1.593202081844239
xpmique3djjgli63fytwqxx0	1	1	63	16	0	Go	GAL	1	1	0.639	1	0.0	1	0.7904	0.7886626455436244	-0.24071060520329893
xpmique3djjgli63fytwqxx0	1	1	68	17	0	Go	GAL	1	0		0	0.0	0	0.8062	0.19116850722619655	-1.7069286737445903
xpmique3djjgli63fytwqxx0	1	1	71	18	0	Go	GAL	1	1	0.686	1	1.0	0	0.8138	0.8099534784661819	-0.21373458295716816
xpmique3djjgli63fytwqxx0	1	1	75	19	0	Go	GAL	1	0		0	0.0	0	0.7555	0.24374020463813295	-1.4403477827620748
xpmique3djjgli63fytwqxx0	1	1	77	20	0	Go	GAL	1	0		0	0.0	0	0.7615	0.24231549999672933	-1.446799753796287
xpmique3djjgli63fytwqxx0	1	1	81	21	0	Go	GAL	1	0		0	0.0	0	0.7682	0.2409255674017561	-1.4533363008832363
xpmique3djjgli63fytwqxx0	1	1	88	22	0	Go	GAL	1	1	0.884	1	0.0	1	0.7601	0.7604314445991432	-0.2769210456746956
xpmique3djjgli63fytwqxx0	1	1	90	23	0	Go	GAL	1	1	0.877	1	1.0	0	0.7869	0.7855521316565345	-0.24414031880805123
xpmique3djjgli63fytwqxx0	1	1	95	24	0	Go	GAL	1	1	0.427	1	0.0	1	0.732	0.729148006724854	-0.31958416018543795
xpmique3djjgli63fytwqxx0	1	1	98	25	0	Go	GAL	1	0		0	0.0	0	0.7575	0.240670933553488	-1.454204496054732
xpmique3djjgli63fytwqxx0	1	1	102	26	0	Go	GAL	1	1	0.784	1	0.0	1	0.7631	0.7606821713950825	-0.2765382104151815
xpmique3djjgli63fytwqxx0	1	1	107	27	0	Go	GAL	1	0		0	0.0	0	0.7848	0.2137933680987611	-1.5791220955558825
xpmique3djjgli63fytwqxx0	1	1	112	28	0	Go	GAL	1	0		0	1.0	1	0.7827	0.2125975069553603	-1.586099394959384
xpmique3djjgli63fytwqxx0	1	1	116	29	0	Go	GAL	1	1	0.707	1	0.0	1	0.7549	0.7529375044525436	-0.28687756262225345
xpmique3djjgli63fytwqxx0	1	1	118	30	0	Go	GAL	1	1	0.582	1	0.0	1	0.7803	0.7772521103955812	-0.25472206034346906
xpmique3djjgli63fytwqxx0	1	1	4	1	0	No-Go	NGAL	0	0		1	0.0	1	0.5953	0.40411019440945806	-0.9185315749565441
xpmique3djjgli63fytwqxx0	1	1	5	2	0	No-Go	NGAL	0	0		1	0.0	1	0.5403	0.45873325414842464	-0.78851320879906
xpmique3djjgli63fytwqxx0	1	1	10	3	0	No-Go	NGAL	0	0		1	0.0	1	0.4909	0.5101784979395564	-0.6813901563787628
xpmique3djjgli63fytwqxx0	1	1	16	4	0	No-Go	NGAL	0	1	0.594	0	1.0	1	0.4518	0.44250671842019046	-0.8287232871575916
xpmique3djjgli63fytwqxx0	1	1	20	5	0	No-Go	NGAL	0	1	0.77	0	0.0	0	0.4992	0.4978859126775298	-0.7057328742943372
xpmique3djjgli63fytwqxx0	1	1	24	6	0	No-Go	NGAL	0	0		1	1.0	0	0.4374	0.5616094617204922	-0.585434033027014
xpmique3djjgli63fytwqxx0	1	1	28	7	0	No-Go	NGAL	0	0		1	0.0	1	0.4398	0.5595030795404223	-0.588901608400775
xpmique3djjgli63fytwqxx0	1	1	29	8	0	No-Go	NGAL	0	0		1	0.0	1	0.3973	0.6024418106473513	-0.5147466784233032
xpmique3djjgli63fytwqxx0	1	1	36	9	0	No-Go	NGAL	0	0		1	0.0	1	0.3552	0.640817931271435	-0.4525897663487701
xpmique3djjgli63fytwqxx0	1	1	40	10	0	No-Go	NGAL	0	0		1	0.0	1	0.3351	0.6748756368691915	-0.4002564689666286
xpmique3djjgli63fytwqxx0	1	1	43	11	0	No-Go	NGAL	0	0		1	1.0	0	0.2974	0.704966637937625	-0.35600741829085986
xpmique3djjgli63fytwqxx0	1	1	48	12	0	No-Go	NGAL	0	0		1	0.0	1	0.2901	0.7029948833315659	-0.3586442348538063
xpmique3djjgli63fytwqxx0	1	1	49	13	0	No-Go	NGAL	0	1	0.495	0	0.0	0	0.2661	0.2701788532746747	-1.3512460038425866
xpmique3djjgli63fytwqxx0	1	1	54	14	0	No-Go	NGAL	0	0		1	0.0	1	0.2266	0.7696102200778231	-0.2674284981645247
xpmique3djjgli63fytwqxx0	1	1	59	15	0	No-Go	NGAL	0	0		1	0.0	1	0.2179	0.7906025838127577	-0.23985650585726684
xpmique3djjgli63fytwqxx0	1	1	62	16	0	No-Go	NGAL	0	0		1	0.0	1	0.1878	0.8089312183030218	-0.2163368829918877
xpmique3djjgli63fytwqxx0	1	1	66	17	0	No-Go	NGAL	0	0		1	0.0	1	0.1779	0.8249593577898946	-0.19618357302990477
xpmique3djjgli63fytwqxx0	1	1	70	18	0	No-Go	NGAL	0	0		1	0.0	1	0.1626	0.8390026020697567	-0.1788393785647719
xpmique3djjgli63fytwqxx0	1	1	73	19	0	No-Go	NGAL	0	0		1	0.0	1	0.1572	0.8513332300064634	-0.1638497353688741
xpmique3djjgli63fytwqxx0	1	1	80	20	0	No-Go	NGAL	0	0		1	1.0	0	0.1365	0.8621850997990037	-0.15084221970697512
xpmique3djjgli63fytwqxx0	1	1	84	21	0	No-Go	NGAL	0	1	0.711	0	0.0	0	0.1425	0.13904684086818353	-2.0696183845882192
xpmique3djjgli63fytwqxx0	1	1	87	22	0	No-Go	NGAL	0	1	0.803	0	1.0	1	0.1243	0.11752196966090393	-2.2657280922478464
xpmique3djjgli63fytwqxx0	1	1	91	23	0	No-Go	NGAL	0	1	0.739	0	0.0	0	0.1476	0.14492687424436135	-2.0194280706553664
xpmique3djjgli63fytwqxx0	1	1	93	24	0	No-Go	NGAL	0	1	0.592	0	0.0	0	0.1225	0.12194434687724584	-2.2173595921358467
xpmique3djjgli63fytwqxx0	1	1	100	25	0	No-Go	NGAL	0	1	0.621	0	0.0	0	0.102	0.10373629404767926	-2.4066395479070573
xpmique3djjgli63fytwqxx0	1	1	104	26	0	No-Go	NGAL	0	0		1	1.0	0	0.0898	0.9108689980594974	-0.09500692068439995
xpmique3djjgli63fytwqxx0	1	1	108	27	0	No-Go	NGAL	0	1	0.787	0	0.0	0	0.0884	0.08992699697595936	-2.57286809247792
xpmique3djjgli63fytwqxx0	1	1	109	28	0	No-Go	NGAL	0	0		1	0.0	1	0.0766	0.92203126879538	-0.08258046445325622
xpmique3djjgli63fytwqxx0	1	1	115	29	0	No-Go	NGAL	0	1	0.732	0	0.0	0	0.0739	0.07208308715601225	-2.8250044802899756
xpmique3djjgli63fytwqxx0	1	1	117	30	0	No-Go	NGAL	0	1	0.797	0	0.0	0	0.0643	0.06298303026484654	-2.9837672815835017
xpmique3djjgli63fytwqxx0	1	2	124	1	1	Go	GW	1	1	0.297	1	1.0	0	0.4935	0.49306366449521555	-0.7534366379141819
xpmique3djjgli63fytwqxx0	1	2	128	2	1	Go	GW	1	0		0	0.0	0	0.4426	0.5608625131637252	-0.6070366673026732
xpmique3djjgli63fytwqxx0	1	2	132	3	1	Go	GW	1	1	0.661	1	0.0	1	0.4925	0.49306366449521555	-0.7534366379141819
xpmique3djjgli63fytwqxx0	1	2	135	4	1	Go	GW	1	1	0.766	1	0.0	1	0.8475	0.8545792588645476	-0.1629841128675276
xpmique3djjgli63fytwqxx0	1	2	137	5	1	Go	GW	1	1	0.457	1	0.0	1	0.9316	0.932192726531429	-0.07157299597938788
xpmique3djjgli63fytwqxx0	1	2	143	6	1	Go	GW	1	1	0.64	1	0.0	1	0.9537	0.9557596322927224	-0.04573383587284598
xpmique3djjgli63fytwqxx0	1	2	147	7	1	Go	GW	1	1	0.494	1	0.0	1	0.9681	0.9650073086813309	-0.03590781438509815
xpmique3djjgli63fytwqxx0	1	2	149	8	1	Go	GW	1	1	0.464	1	1.0	0	0.9687	0.9692478991852855	-0.031478943247915094
xpmique3djjgli63fytwqxx0	1	2	153	9	1	Go	GW	1	1	0.522	1	0.0	1	0.9554	0.953279039064376	-0.048421783871919144
xpmique3djjgli63fytwqxx0	1	2	160	10	1	Go	GW	1	1	0.469	1	0.0	1	0.9603	0.9655834759618072	-0.03533274220605996
xpmique3djjgli63fytwqxx0	1	2	162	11	1	Go	GW	1	1	0.488	1	1.0	0	0.9704	0.9700054374756206	-0.030716412777033953
xpmique3djjgli63fytwqxx0	1	2	168	12	1	Go	GW	1	1	0.561	1	0.0	1	0.9545	0.9541029864373404	-0.04763951127634177
xpmique3djjgli63fytwqxx0	1	2	171	13	1	Go	GW	1	1	0.486	1	0.0	1	0.9654	0.9663065784220185	-0.03460429716459358
xpmique3djjgli63fytwqxx0	1	2	175	14	1	Go	GW	1	1	0.444	1	0.0	1	0.9717	0.9704968373636992	-0.030221080495582517
xpmique3djjgli63fytwqxx0	1	2	178	15	1	Go	GW	1	1	0.434	1	0.0	1	0.9681	0.9723246078499306	-0.028325965098906402
xpmique3djjgli63fytwqxx0	1	2	183	16	1	Go	GW	1	1	0.414	1	0.0	1	0.9738	0.9732290031548663	-0.027394115949656583
xpmique3djjgli63fytwqxx0	1	2	187	17	1	Go	GW	1	1	0.598	1	0.0	1	0.9741	0.9737163071591294	-0.026894603325337794
xpmique3djjgli63fytwqxx0	1	2	189	18	1	Go	GW	1	1	0.493	1	0.0	1	0.9766	0.9739962497105958	-0.026608920632016992
xpmique3djjgli63fytwqxx0	1	2	195	19	1	Go	GW	1	1	0.363	1	0.0	1	0.9742	0.974165467379393	-0.02643690541253607
xpmique3djjgli63fytwqxx0	1	2	197	20	1	Go	GW	1	1	0.554	1	1.0	0	0.9753	0.9742721172707328	-0.026328865166606895
xpmique3djjgli63fytwqxx0	1	2	204	21	1	Go	GW	1	1	0.3	1	0.0	1	0.9572	0.9599698868462215	-0.04152304426806696
xpmique3djjgli63fytwqxx0	1	2	207	22	1	Go	GW	1	1	0.663	1	0.0	1	0.9682	0.9690798204810546	-0.03175422312392406
xpmique3djjgli63fytwqxx0	1	2	209	23	1	Go	GW	1	1	1.104	1	0.0	1	0.9727	0.9720238621718932	-0.028663383811211966
xpmique3djjgli63fytwqxx0	1	2	213	24	1	Go	GW	1	1	0.457	1	1.0	0	0.9719	0.9732380465909802	-0.027399085180584017
xpmique3djjgli63fytwqxx0	1	2	217	25	1	Go	GW	1	1	0.509	1	0.0	1	0.9591	0.9585005779052184	-0.04307320888780048
xpmique3djjgli63fytwqxx0	1	2	221	26	1	Go	GW	1	1	0.529	1	0.0	1	0.9656	0.9684530481437239	-0.03240566294771283
xpmique3djjgli63fytwqxx0	1	2	228	27	1	Go	GW	1	1	0.462	1	1.0	0	0.9722	0.971711165010557	-0.028986216800194257
xpmique3djjgli63fytwqxx0	1	2	232	28	1	Go	GW	1	1	0.396	1	0.0	1	0.9602	0.9563396729176183	-0.04537079349373617
xpmique3djjgli63fytwqxx0	1	2	234	29	1	Go	GW	1	1	0.438	1	0.0	1	0.9678	0.9675973444073545	-0.03329698577712555
xpmique3djjgli63fytwqxx0	1	2	237	30	1	Go	GW	1	1	0.513	1	0.0	1	0.9705	0.9712981399067813	-0.02941278317898347
xpmique3djjgli63fytwqxx0	1	2	121	1	0	Go	GAL	1	1	0.888	1	0.0	1	0.5987	0.5958898055905419	-0.5233942882488627
xpmique3djjgli63fytwqxx0	1	2	126	2	0	Go	GAL	1	1	0.839	1	1.0	0	0.6435	0.647852184685903	-0.4398580881835295
xpmique3djjgli63fytwqxx0	1	2	131	3	0	Go	GAL	1	0		0	0.0	0	0.5947	0.40817381224949906	-0.9078349620105891
xpmique3djjgli63fytwqxx0	1	2	136	4	0	Go	GAL	1	1	0.34	1	0.0	1	0.5903	0.5935195233039193	-0.5272371339730731
xpmique3djjgli63fytwqxx0	1	2	140	5	0	Go	GAL	1	1	0.863	1	0.0	1	0.6448	0.6460269709154127	-0.4425246931674107
xpmique3djjgli63fytwqxx0	1	2	142	6	0	Go	GAL	1	1	0.624	1	1.0	0	0.6937	0.6911919306719022	-0.3750042147365223
xpmique3djjgli63fytwqxx0	1	2	145	7	0	Go	GAL	1	1	0.558	1	0.0	1	0.6355	0.6355667362874476	-0.4583183484753343
xpmique3djjgli63fytwqxx0	1	2	152	8	0	Go	GAL	1	1	0.46	1	0.0	1	0.6859	0.6825606156535278	-0.3870831675262725
xpmique3djjgli63fytwqxx0	1	2	154	9	0	Go	GAL	1	1	0.536	1	0.0	1	0.7203	0.7226047241733468	-0.32999921744986777
xpmique3djjgli63fytwqxx0	1	2	158	10	0	Go	GAL	1	1	0.534	1	0.0	1	0.7515	0.7565821203375026	-0.28375279061568076
xpmique3djjgli63fytwqxx0	1	2	161	11	0	Go	GAL	1	1	0.464	1	0.0	1	0.7873	0.7853895364270557	-0.24594868470487533
xpmique3djjgli63fytwqxx0	1	2	165	12	0	Go	GAL	1	1	0.502	1	0.0	1	0.8101	0.8098411428421147	-0.21480097407771534
xpmique3djjgli63fytwqxx0	1	2	170	13	0	Go	GAL	1	1	0.44	1	1.0	0	0.8296	0.8306420014726609	-0.18895230181206485
xpmique3djjgli63fytwqxx0	1	2	174	14	0	Go	GAL	1	1	0.427	1	0.0	1	0.7827	0.7854210423264313	-0.24471037086657893
xpmique3djjgli63fytwqxx0	1	2	177	15	0	Go	GAL	1	1	0.474	1	0.0	1	0.8156	0.810568261777836	-0.21296542414455322
xpmique3djjgli63fytwqxx0	1	2	181	16	0	Go	GAL	1	1	0.574	1	0.0	1	0.8265	0.8317559516548118	-0.18689049349123213
xpmique3djjgli63fytwqxx0	1	2	188	17	0	Go	GAL	1	1	0.776	1	0.0	1	0.8518	0.8496956303205685	-0.16526419663246725
xpmique3djjgli63fytwqxx0	1	2	190	18	0	Go	GAL	1	1	0.616	1	1.0	0	0.8647	0.8649594361513163	-0.14717958113778437
xpmique3djjgli63fytwqxx0	1	2	194	19	0	Go	GAL	1	1	0.498	1	0.0	1	0.8248	0.8244333056169788	-0.19524814691357065
xpmique3djjgli63fytwqxx0	1	2	198	20	0	Go	GAL	1	1	0.68	1	0.0	1	0.8472	0.8441052734117367	-0.17145397430649145
xpmique3djjgli63fytwqxx0	1	2	203	21	0	Go	GAL	1	1	0.539	1	0.0	1	0.8635	0.8606356839762631	-0.1518683334875816
xpmique3djjgli63fytwqxx0	1	2	208	22	0	Go	GAL	1	1	0.717	1	0.0	1	0.8724	0.8746246683697995	-0.1355612354293724
xpmique3djjgli63fytwqxx0	1	2	211	23	0	Go	GAL	1	1	0.468	1	1.0	0	0.8878	0.886538953979977	-0.12185808249840356
xpmique3djjgli63fytwqxx0	1	2	216	24	0	Go	GAL	1	1	0.478	1	0.0	1	0.8437	0.8495005537333669	-0.16484741250932525
xpmique3djjgli63fytwqxx0	1	2	219	25	0	Go	GAL	1	1	0.691	1	0.0	1	0.8638	0.8657276962656367	-0.1456918770651824
xpmique3djjgli63fytwqxx0	1	2	224	26	0	Go	GAL	1	1	0.615	1	0.0	1	0.8783	0.8793378544338409	-0.12992578162116275
xpmique3djjgli63fytwqxx0	1	2	226	27	0	Go	GAL	1	1	0.9	1	0.0	1	0.8851	0.8908506643102413	-0.11677792217717181
xpmique3djjgli63fytwqxx0	1	2	231	28	0	Go	GAL	1	1	0.353	1	1.0	0	0.901	0.9006622379488916	-0.10570074035878217
xpmique3djjgli63fytwqxx0	1	2	233	29	0	Go	GAL	1	1	0.454	1	0.0	1	0.8677	0.8661474700005778	-0.14527372277706432
xpmique3djjgli63fytwqxx0	1	2	239	30	0	Go	GAL	1	1	0.327	1	0.0	1	0.8826	0.8801483181930585	-0.1289658421097647
xpmique3djjgli63fytwqxx0	1	2	123	1	1	No-Go	NGW	0	1	0.359	0	0.0	0	0.4883	0.49306366449521555	-0.7534366379141819
xpmique3djjgli63fytwqxx0	1	2	125	2	1	No-Go	NGW	0	1	0.475	0	0.0	0	0.4366	0.4391374868362748	-0.871291193694778
xpmique3djjgli63fytwqxx0	1	2	129	3	1	No-Go	NGW	0	0		1	0.0	1	0.3901	0.6099138229771827	-0.5147573546575889
xpmique3djjgli63fytwqxx0	1	2	133	4	1	No-Go	NGW	0	0		1	1.0	0	0.3265	0.6608633769529755	-0.4283140210651092
xpmique3djjgli63fytwqxx0	1	2	138	5	1	No-Go	NGW	0	0		1	0.0	1	0.4034	0.6058655163337362	-0.5226120742010933
xpmique3djjgli63fytwqxx0	1	2	141	6	1	No-Go	NGW	0	0		1	0.0	1	0.3442	0.6574146146626302	-0.4340396917679727
xpmique3djjgli63fytwqxx0	1	2	146	7	1	No-Go	NGW	0	0		1	1.0	0	0.2988	0.7019141812346746	-0.364834415802206
xpmique3djjgli63fytwqxx0	1	2	150	8	1	No-Go	NGW	0	0		1	0.0	1	0.3555	0.6468001743479096	-0.4523001783989139
xpmique3djjgli63fytwqxx0	1	2	156	9	1	No-Go	NGW	0	0		1	0.0	1	0.3088	0.6930433557068524	-0.37843221789065423
xpmique3djjgli63fytwqxx0	1	2	159	10	1	No-Go	NGW	0	0		1	0.0	1	0.2721	0.732490985649718	-0.3203216201929095
xpmique3djjgli63fytwqxx0	1	2	164	11	1	No-Go	NGW	0	0		1	0.0	1	0.233	0.7658763898137834	-0.27393726003938046
xpmique3djjgli63fytwqxx0	1	2	167	12	1	No-Go	NGW	0	0		1	0.0	1	0.2009	0.7940565201090404	-0.23648537925380714
xpmique3djjgli63fytwqxx0	1	2	169	13	1	No-Go	NGW	0	0		1	0.0	1	0.1833	0.817849977164221	-0.20594930264766498
xpmique3djjgli63fytwqxx0	1	2	176	14	1	No-Go	NGW	0	0		1	0.0	1	0.1541	0.8379793173083463	-0.1808356242617161
xpmique3djjgli63fytwqxx0	1	2	179	15	1	No-Go	NGW	0	0		1	1.0	0	0.1461	0.8550590111420706	-0.16001851486882251
xpmique3djjgli63fytwqxx0	1	2	184	16	1	No-Go	NGW	0	0		1	0.0	1	0.1843	0.8117595093869661	-0.21409153194644465
xpmique3djjgli63fytwqxx0	1	2	186	17	1	No-Go	NGW	0	0		1	1.0	0	0.166	0.8335171403797919	-0.186486960035315
xpmique3djjgli63fytwqxx0	1	2	191	18	1	No-Go	NGW	0	0		1	0.0	1	0.2104	0.7869853091217426	-0.24777343808594268
xpmique3djjgli63fytwqxx0	1	2	196	19	1	No-Go	NGW	0	0		1	0.0	1	0.1866	0.813176885562968	-0.21268003697791626
xpmique3djjgli63fytwqxx0	1	2	200	20	1	No-Go	NGW	0	0		1	0.0	1	0.1643	0.834997834315415	-0.18484640742115946
xpmique3djjgli63fytwqxx0	1	2	202	21	1	No-Go	NGW	0	0		1	0.0	1	0.1448	0.8532470296712711	-0.16234640200091263
xpmique3djjgli63fytwqxx0	1	2	206	22	1	No-Go	NGW	0	0		1	1.0	0	0.1306	0.8685905625318168	-0.14390151788683922
xpmique3djjgli63fytwqxx0	1	2	212	23	1	No-Go	NGW	0	0		1	0.0	1	0.1764	0.8269495808857217	-0.19609461560739147
xpmique3djjgli63fytwqxx0	1	2	214	24	1	No-Go	NGW	0	0		1	0.0	1	0.158	0.8469847772537618	-0.1705629361554307
xpmique3djjgli63fytwqxx0	1	2	218	25	1	No-Go	NGW	0	0		1	0.0	1	0.1327	0.8636778168822522	-0.15008167479505172
xpmique3djjgli63fytwqxx0	1	2	222	26	1	No-Go	NGW	0	0		1	1.0	0	0.1241	0.8776732416969865	-0.13336325020295464
xpmique3djjgli63fytwqxx0	1	2	225	27	1	No-Go	NGW	0	0		1	0.0	1	0.1611	0.8374166127054621	-0.1837276064422292
xpmique3djjgli63fytwqxx0	1	2	229	28	1	No-Go	NGW	0	0		1	0.0	1	0.1412	0.8560767457908154	-0.15993001483224897
xpmique3djjgli63fytwqxx0	1	2	235	29	1	No-Go	NGW	0	0		1	0.0	1	0.1246	0.8715844181752127	-0.14094285439783402
xpmique3djjgli63fytwqxx0	1	2	240	30	1	No-Go	NGW	0	0		1	0.0	1	0.1154	0.8845605847950742	-0.12549370854882672
xpmique3djjgli63fytwqxx0	1	2	122	1	0	No-Go	NGAL	0	1	0.543	0	0.0	0	0.5945	0.5958898055905419	-0.5233942882488627
xpmique3djjgli63fytwqxx0	1	2	127	2	0	No-Go	NGAL	0	1	0.352	0	0.0	0	0.5404	0.5412667458515753	-0.620495733656138
xpmique3djjgli63fytwqxx0	1	2	130	3	0	No-Go	NGAL	0	0		1	0.0	1	0.482	0.5101784979395564	-0.6813901563787628
xpmique3djjgli63fytwqxx0	1	2	134	4	0	No-Go	NGAL	0	0		1	1.0	0	0.4398	0.5653074138275082	-0.5791803888759084
xpmique3djjgli63fytwqxx0	1	2	139	5	0	No-Go	NGAL	0	0		1	0.0	1	0.4406	0.5634721981322689	-0.5821794706807207
xpmique3djjgli63fytwqxx0	1	2	144	6	0	No-Go	NGAL	0	1	0.732	0	1.0	1	0.3916	0.3870891715175775	-0.973753807369704
xpmique3djjgli63fytwqxx0	1	2	148	7	0	No-Go	NGAL	0	0		1	0.0	1	0.4533	0.5516594404361799	-0.6025032247733029
xpmique3djjgli63fytwqxx0	1	2	151	8	0	No-Go	NGAL	0	0		1	0.0	1	0.4014	0.5981279068831995	-0.5215673002595638
xpmique3djjgli63fytwqxx0	1	2	155	9	0	No-Go	NGAL	0	0		1	0.0	1	0.3668	0.6395045185586231	-0.4544589995942087
xpmique3djjgli63fytwqxx0	1	2	157	10	0	No-Go	NGAL	0	0		1	0.0	1	0.333	0.676026900744482	-0.3985027074250696
xpmique3djjgli63fytwqxx0	1	2	163	11	0	No-Go	NGAL	0	0		1	1.0	0	0.2935	0.7080943567753339	-0.3516078463775655
xpmique3djjgli63fytwqxx0	1	2	166	12	0	No-Go	NGAL	0	0		1	0.0	1	0.2893	0.7061938941763777	-0.3541407747052408
xpmique3djjgli63fytwqxx0	1	2	172	13	0	No-Go	NGAL	0	0		1	0.0	1	0.2678	0.7345771033079782	-0.31417463766671994
xpmique3djjgli63fytwqxx0	1	2	173	14	0	No-Go	NGAL	0	0		1	0.0	1	0.2364	0.7593731767151781	-0.2803966468548952
xpmique3djjgli63fytwqxx0	1	2	180	15	0	No-Go	NGAL	0	0		1	0.0	1	0.2194	0.781033878324242	-0.25171251419982865
xpmique3djjgli63fytwqxx0	1	2	182	16	0	No-Go	NGAL	0	0		1	0.0	1	0.2061	0.7999694934788608	-0.22724187917109198
xpmique3djjgli63fytwqxx0	1	2	185	17	0	No-Go	NGAL	0	0		1	0.0	1	0.1856	0.8165444161384804	-0.20627260931176167
xpmique3djjgli63fytwqxx0	1	2	192	18	0	No-Go	NGAL	0	0		1	0.0	1	0.1708	0.8310777173222418	-0.18822594462845935
xpmique3djjgli63fytwqxx0	1	2	193	19	0	No-Go	NGAL	0	0		1	0.0	1	0.1556	0.8438462280976986	-0.17262947401072384
xpmique3djjgli63fytwqxx0	1	2	199	20	0	No-Go	NGAL	0	0		1	1.0	0	0.1413	0.8550887237770063	-0.15909597830077563
xpmique3djjgli63fytwqxx0	1	2	201	21	0	No-Go	NGAL	0	0		1	0.0	1	0.1529	0.8537389566705191	-0.1606793661354285
xpmique3djjgli63fytwqxx0	1	2	205	22	0	No-Go	NGAL	0	0		1	1.0	0	0.1386	0.8638677217393955	-0.14863404207336803
xpmique3djjgli63fytwqxx0	1	2	210	23	0	No-Go	NGAL	0	0		1	0.0	1	0.1378	0.8625432757524708	-0.15020158975927766
xpmique3djjgli63fytwqxx0	1	2	215	24	0	No-Go	NGAL	0	0		1	0.0	1	0.1259	0.8716949509820368	-0.13942580047457875
xpmique3djjgli63fytwqxx0	1	2	220	25	0	No-Go	NGAL	0	0		1	0.0	1	0.1267	0.879783385770021	-0.13000639199954175
xpmique3djjgli63fytwqxx0	1	2	223	26	0	No-Go	NGAL	0	0		1	1.0	0	0.1207	0.8869532219392324	-0.12173778652922954
xpmique3djjgli63fytwqxx0	1	2	227	27	0	No-Go	NGAL	0	0		1	0.0	1	0.1144	0.8857480991649207	-0.1231549602256037
xpmique3djjgli63fytwqxx0	1	2	230	28	0	No-Go	NGAL	0	0		1	0.0	1	0.1084	0.8923051226258031	-0.11563705715999922
xpmique3djjgli63fytwqxx0	1	2	236	29	0	No-Go	NGAL	0	0		1	0.0	1	0.1019	0.8981346454522527	-0.10901057627752847
xpmique3djjgli63fytwqxx0	1	2	238	30	0	No-Go	NGAL	0	0		1	0.0	1	0.0966	0.9033330980569206	-0.10314603905258403
xvobs4rpjasm65b174jexrh6	1	1	2	1	0	No-Go	NGAL	0	1	0.2	0	0.0	0	0.6288	0.6340393834922791	-0.4593584514400559
xvobs4rpjasm65b174jexrh6	1	1	8	2	0	No-Go	NGAL	0	1	0.489	0	1.0	1	0.6333	0.6287888573706713	-0.4677087039941665
xvobs4rpjasm65b174jexrh6	1	1	10	3	0	No-Go	NGAL	0	0		1	0.0	1	0.6366	0.36589308393940023	-1.016755833278652
xvobs4rpjasm65b174jexrh6	1	1	15	4	0	No-Go	NGAL	0	1	0.777	0	0.0	0	0.6264	0.6288591302115601	-0.46759939013589086
xvobs4rpjasm65b174jexrh6	1	1	19	5	0	No-Go	NGAL	0	0		1	0.0	1	0.6223	0.3764549995986999	-0.9876367348962808
xvobs4rpjasm65b174jexrh6	1	1	24	6	0	No-Go	NGAL	0	0		1	0.0	1	0.6086	0.38171978274864216	-0.9736977924090091
xvobs4rpjasm65b174jexrh6	1	1	26	7	0	No-Go	NGAL	0	0		1	0.0	1	0.6126	0.3869670188936091	-0.9601190088635879
xvobs4rpjasm65b174jexrh6	1	1	29	8	0	No-Go	NGAL	0	0		1	1.0	0	0.6162	0.39220484507732145	-0.9468556902074416
xvobs4rpjasm65b174jexrh6	1	1	35	9	0	No-Go	NGAL	0	0		1	0.0	1	0.6078	0.3916254679740141	-0.9482236583798578
xvobs4rpjasm65b174jexrh6	1	1	37	10	0	No-Go	NGAL	0	0		1	0.0	1	0.609	0.39688120966498547	-0.9351594142529639
xvobs4rpjasm65b174jexrh6	1	1	44	11	0	No-Go	NGAL	0	1	0.417	0	0.0	0	0.5872	0.5978748226698216	-0.5195245128688017
xvobs4rpjasm65b174jexrh6	1	1	47	12	0	No-Go	NGAL	0	1	0.5	0	0.0	0	0.5835	0.5924474437843311	-0.5291656663364815
xvobs4rpjasm65b174jexrh6	1	1	49	13	0	No-Go	NGAL	0	1	0.424	0	1.0	1	0.5822	0.5870569569089754	-0.5389042768182721
xvobs4rpjasm65b174jexrh6	1	1	57	15	0	No-Go	NGAL	0	1	0.506	0	0.0	0	0.5962	0.587280447631118	-0.5384313345683744
xvobs4rpjasm65b174jexrh6	1	1	61	16	0	No-Go	NGAL	0	1	0.608	0	1.0	1	0.5838	0.5818734175126585	-0.548363081827399
xvobs4rpjasm65b174jexrh6	1	1	67	17	0	No-Go	NGAL	0	0		1	0.0	1	0.5858	0.41241722829114824	-0.8980144401215104
xvobs4rpjasm65b174jexrh6	1	1	70	18	0	No-Go	NGAL	0	1	0.486	0	0.0	0	0.5906	0.5823051610166932	-0.5474875329279713
xvobs4rpjasm65b174jexrh6	1	1	74	19	0	No-Go	NGAL	0	1	0.66	0	0.0	0	0.579	0.5768237790844345	-0.5577103206569622
xvobs4rpjasm65b174jexrh6	1	1	79	20	0	No-Go	NGAL	0	0		1	0.0	1	0.5699	0.4285998859230269	-0.8616157908825584
xvobs4rpjasm65b174jexrh6	1	1	84	21	0	No-Go	NGAL	0	1	1.108	0	1.0	1	0.5665	0.5661069040488091	-0.5782459118523813
xvobs4rpjasm65b174jexrh6	1	1	86	22	0	No-Go	NGAL	0	1	0.693	0	0.0	0	0.5726	0.5718757143631107	-0.5670408484875432
xvobs4rpjasm65b174jexrh6	1	1	92	23	0	No-Go	NGAL	0	1	0.688	0	0.0	0	0.5632	0.5663842417513187	-0.5776452453601194
xvobs4rpjasm65b174jexrh6	1	1	94	24	0	No-Go	NGAL	0	1	1.273	0	0.0	0	0.5637	0.5609562339574979	-0.588345913353693
xvobs4rpjasm65b174jexrh6	1	1	100	25	0	No-Go	NGAL	0	1	0.663	0	0.0	0	0.5502	0.5555751302709538	-0.5991608457395019
xvobs4rpjasm65b174jexrh6	1	1	104	26	0	No-Go	NGAL	0	1	0.586	0	0.0	0	0.5492	0.5502313143830587	-0.6101079070853369
xvobs4rpjasm65b174jexrh6	1	1	107	27	0	No-Go	NGAL	0	1	0.572	0	0.0	0	0.5511	0.544919584682429	-0.6212014360081262
xvobs4rpjasm65b174jexrh6	1	1	112	28	0	No-Go	NGAL	0	1	0.372	0	0.0	0	0.541	0.5396373827905799	-0.6324522091864261
xvobs4rpjasm65b174jexrh6	1	1	115	29	0	No-Go	NGAL	0	1	0.376	0	1.0	1	0.5417	0.5343837249118436	-0.6438682118524172
xvobs4rpjasm65b174jexrh6	1	1	117	30	0	No-Go	NGAL	0	1	0.457	0	0.0	0	0.5392	0.5403323871391689	-0.6308090930234522
xvobs4rpjasm65b174jexrh6	1	1	1	1	1	Go	GW	1	1	0.66	1	0.0	1	0.5007	0.49857323303434986	-0.715546625667791
xvobs4rpjasm65b174jexrh6	1	1	7	2	1	Go	GW	1	0		0	1.0	1	0.5518	0.4437084971892897	-0.8317147552651238
xvobs4rpjasm65b174jexrh6	1	1	11	3	1	Go	GW	1	1	0.388	1	0.0	1	0.5597	0.5507994633277731	-0.607919975625929
xvobs4rpjasm65b174jexrh6	1	1	17	5	1	Go	GW	1	1	0.414	1	0.0	1	0.6576	0.6560942284827502	-0.4276518107112966
xvobs4rpjasm65b174jexrh6	1	1	22	6	1	Go	GW	1	0		0	0.0	0	0.7056	0.29819948127404816	-1.2419024409215944
xvobs4rpjasm65b174jexrh6	1	1	25	7	1	Go	GW	1	0		0	1.0	1	0.7063	0.293546617642438	-1.2592115250859326
xvobs4rpjasm65b174jexrh6	1	1	32	8	1	Go	GW	1	0		0	0.0	0	0.7017	0.2981539516149519	-1.2420718292385713
xvobs4rpjasm65b174jexrh6	1	1	34	9	1	Go	GW	1	0		0	0.0	0	0.7068	0.29351340817358085	-1.2593609187197625
xvobs4rpjasm65b174jexrh6	1	1	40	10	1	Go	GW	1	1	0.23	1	0.0	1	0.709	0.7109887952036663	-0.34667348633241346
xvobs4rpjasm65b174jexrh6	1	1	42	11	1	Go	GW	1	0		0	0.0	0	0.751	0.2492874296060771	-1.43841444622255
xvobs4rpjasm65b174jexrh6	1	1	48	12	1	Go	GW	1	0		0	0.0	0	0.7512	0.24530087933775968	-1.456596593125334
xvobs4rpjasm65b174jexrh6	1	1	50	13	1	Go	GW	1	1	0.429	1	0.0	1	0.7605	0.7585894432864654	-0.28137684884569514
xvobs4rpjasm65b174jexrh6	1	1	54	14	1	Go	GW	1	0		0	1.0	1	0.7989	0.20759193375274027	-1.6452623246956954
xvobs4rpjasm65b174jexrh6	1	1	60	15	1	Go	GW	1	1	0.425	1	0.0	1	0.7891	0.7886953286470845	-0.24205786786134711
xvobs4rpjasm65b174jexrh6	1	1	62	16	1	Go	GW	1	1	0.486	1	0.0	1	0.8151	0.818192044615541	-0.2049845756329599
xvobs4rpjasm65b174jexrh6	1	1	66	17	1	Go	GW	1	1	0.392	1	0.0	1	0.8465	0.8434440340136931	-0.17423349688611697
xvobs4rpjasm65b174jexrh6	1	1	72	18	1	Go	GW	1	1	1.078	1	1.0	0	0.8708	0.8649703580579237	-0.14867926166838652
xvobs4rpjasm65b174jexrh6	1	1	75	19	1	Go	GW	1	1	0.621	1	0.0	1	0.8597	0.8617651095050071	-0.1526421529323484
xvobs4rpjasm65b174jexrh6	1	1	78	20	1	Go	GW	1	1	0.705	1	0.0	1	0.8778	0.880715596834791	-0.13043161088734456
xvobs4rpjasm65b174jexrh6	1	1	81	21	1	Go	GW	1	0		0	0.0	0	0.8948	0.10332643062876516	-2.513774960841797
xvobs4rpjasm65b174jexrh6	1	1	88	22	1	Go	GW	1	1	0.555	1	0.0	1	0.8975	0.8987009127926306	-0.10972391145408651
xvobs4rpjasm65b174jexrh6	1	1	89	23	1	Go	GW	1	1	0.483	1	0.0	1	0.9141	0.9120065147830168	-0.0947209151487254
xvobs4rpjasm65b174jexrh6	1	1	93	24	1	Go	GW	1	1	0.733	1	0.0	1	0.9276	0.9233077368701208	-0.08213363910941991
xvobs4rpjasm65b174jexrh6	1	1	97	25	1	Go	GW	1	1	0.422	1	1.0	0	0.9312	0.932924139885046	-0.07153337121334409
xvobs4rpjasm65b174jexrh6	1	1	101	26	1	Go	GW	1	1	0.723	1	0.0	1	0.933	0.9309712766693877	-0.07389174982717525
xvobs4rpjasm65b174jexrh6	1	1	106	27	1	Go	GW	1	1	0.767	1	1.0	0	0.9454	0.9396235733780346	-0.0642862438529585
xvobs4rpjasm65b174jexrh6	1	1	109	28	1	Go	GW	1	1	0.502	1	0.0	1	0.94	0.9378123913254319	-0.06649104112284179
xvobs4rpjasm65b174jexrh6	1	1	114	29	1	Go	GW	1	1	0.605	1	0.0	1	0.9466	0.9454927350093123	-0.05795792355055611
xvobs4rpjasm65b174jexrh6	1	1	120	30	1	Go	GW	1	1	0.594	1	0.0	1	0.9512	0.9519044573590145	-0.05098874160065472
xvobs4rpjasm65b174jexrh6	1	1	3	1	0	Go	GAL	1	1	0.388	1	1.0	0	0.634	0.6340393834922791	-0.4593584514400559
xvobs4rpjasm65b174jexrh6	1	1	5	2	0	Go	GAL	1	1	0.599	1	0.0	1	0.6289	0.6287888573706713	-0.4677087039941665
xvobs4rpjasm65b174jexrh6	1	1	12	3	0	Go	GAL	1	1	0.458	1	0.0	1	0.6249	0.6341069160605998	-0.4592612405058134
xvobs4rpjasm65b174jexrh6	1	1	14	4	0	Go	GAL	1	0		0	0.0	0	0.6433	0.3607122568194227	-1.0316632131107577
xvobs4rpjasm65b174jexrh6	1	1	18	5	0	Go	GAL	1	0		0	0.0	0	0.6431	0.3602046055243871	-1.0332087080111334
xvobs4rpjasm65b174jexrh6	1	1	23	6	0	Go	GAL	1	0		0	0.0	0	0.6344	0.35970371951019425	-1.0347540629584075
xvobs4rpjasm65b174jexrh6	1	1	27	7	0	Go	GAL	1	0		0	0.0	0	0.6445	0.3592085813848158	-1.0363004510081373
xvobs4rpjasm65b174jexrh6	1	1	31	8	0	Go	GAL	1	0		0	0.0	0	0.636	0.35871845693517623	-1.0378492791633775
xvobs4rpjasm65b174jexrh6	1	1	36	9	0	Go	GAL	1	0		0	1.0	1	0.6369	0.35823280422004866	-1.039401962527418
xvobs4rpjasm65b174jexrh6	1	1	39	10	0	Go	GAL	1	0		0	0.0	0	0.6448	0.36344716240051805	-1.0239719749438274
xvobs4rpjasm65b174jexrh6	1	1	41	11	0	Go	GAL	1	1	0.539	1	1.0	0	0.641	0.6370607540197052	-0.4547168240155986
xvobs4rpjasm65b174jexrh6	1	1	46	12	0	Go	GAL	1	0		0	0.0	0	0.6348	0.36822901565046423	-1.0103567151301445
xvobs4rpjasm65b174jexrh6	1	1	51	13	0	Go	GAL	1	0		0	0.0	0	0.6392	0.36771988063655076	-1.0118784841194874
xvobs4rpjasm65b174jexrh6	1	1	53	14	0	Go	GAL	1	1	0.668	1	0.0	1	0.632	0.6327830330956332	-0.4614590414589839
xvobs4rpjasm65b174jexrh6	1	1	58	15	0	Go	GAL	1	0		0	0.0	0	0.6336	0.362007979382413	-1.0284621708109367
xvobs4rpjasm65b174jexrh6	1	1	63	16	0	Go	GAL	1	0		0	0.0	0	0.6403	0.36151784335093295	-1.0300446420796041
xvobs4rpjasm65b174jexrh6	1	1	68	17	0	Go	GAL	1	0		0	0.0	0	0.6426	0.3610324070482007	-1.0316320335523481
xvobs4rpjasm65b174jexrh6	1	1	69	18	0	Go	GAL	1	1	0.441	1	0.0	1	0.6379	0.6394487859972352	-0.45114847444391937
xvobs4rpjasm65b174jexrh6	1	1	76	19	0	Go	GAL	1	0		0	1.0	1	0.6524	0.3554838923295221	-1.048452523464863
xvobs4rpjasm65b174jexrh6	1	1	77	20	0	Go	GAL	1	1	1.017	1	0.0	1	0.6405	0.6393568432779247	-0.451268321651281
xvobs4rpjasm65b174jexrh6	1	1	83	21	0	Go	GAL	1	1	0.979	1	0.0	1	0.6438	0.6443787043128781	-0.44352922960454705
xvobs4rpjasm65b174jexrh6	1	1	87	22	0	Go	GAL	1	1	0.275	1	1.0	0	0.6543	0.6493147518023366	-0.436005705345949
xvobs4rpjasm65b174jexrh6	1	1	90	23	0	Go	GAL	1	1	0.583	1	0.0	1	0.639	0.6440473947413823	-0.44399396012628034
xvobs4rpjasm65b174jexrh6	1	1	95	24	0	Go	GAL	1	1	0.318	1	0.0	1	0.6534	0.6490623988073164	-0.43635141485169054
xvobs4rpjasm65b174jexrh6	1	1	99	25	0	Go	GAL	1	1	0.614	1	0.0	1	0.6523	0.6539680930831613	-0.42895748953150364
xvobs4rpjasm65b174jexrh6	1	1	103	26	0	Go	GAL	1	1	0.592	1	0.0	1	0.6554	0.6587823807247926	-0.42177448346795926
xvobs4rpjasm65b174jexrh6	1	1	105	27	0	Go	GAL	1	1	0.613	1	0.0	1	0.6639	0.6635149979668349	-0.41478166978112896
xvobs4rpjasm65b174jexrh6	1	1	110	28	0	Go	GAL	1	1	0.536	1	0.0	1	0.672	0.6681715405731015	-0.4079656229110672
xvobs4rpjasm65b174jexrh6	1	1	116	29	0	Go	GAL	1	1	0.53	1	1.0	0	0.6816	0.6727553967773966	-0.40131658454080976
xvobs4rpjasm65b174jexrh6	1	1	119	30	0	Go	GAL	1	1	0.514	1	0.0	1	0.667	0.6676496271242027	-0.408676071827911
xvobs4rpjasm65b174jexrh6	1	1	4	1	1	No-Go	NGW	0	1	0.37	0	0.0	0	0.504	0.49857323303434986	-0.715546625667791
xvobs4rpjasm65b174jexrh6	1	1	6	2	1	No-Go	NGW	0	1	0.41	0	0.0	0	0.4917	0.4929909231239596	-0.726479845388549
xvobs4rpjasm65b174jexrh6	1	1	9	3	1	No-Go	NGW	0	0		1	0.0	1	0.4932	0.5125265810814988	-0.685480545787118
xvobs4rpjasm65b174jexrh6	1	1	13	4	1	No-Go	NGW	0	1	0.499	0	1.0	1	0.4868	0.4818767799678904	-0.7488983869142065
xvobs4rpjasm65b174jexrh6	1	1	20	5	1	No-Go	NGW	0	0		1	0.0	1	0.5418	0.4597048418299956	-0.7929440454984166
xvobs4rpjasm65b174jexrh6	1	1	21	6	1	No-Go	NGW	0	0		1	0.0	1	0.5417	0.4651966877525816	-0.7801585488144438
xvobs4rpjasm65b174jexrh6	1	1	28	7	1	No-Go	NGW	0	0		1	0.0	1	0.5199	0.47065351326591354	-0.7677929233150523
xvobs4rpjasm65b174jexrh6	1	1	30	8	1	No-Go	NGW	0	0		1	0.0	1	0.5174	0.4760819890233126	-0.7557797085813904
xvobs4rpjasm65b174jexrh6	1	1	33	9	1	No-Go	NGW	0	0		1	1.0	0	0.5202	0.4814858117091417	-0.744078689654656
xvobs4rpjasm65b174jexrh6	1	1	38	10	1	No-Go	NGW	0	0		1	0.0	1	0.5233	0.47565685640734057	-0.7571736683916861
xvobs4rpjasm65b174jexrh6	1	1	43	11	1	No-Go	NGW	0	1	0.517	0	0.0	0	0.5232	0.5188573380860123	-0.667574127084507
xvobs4rpjasm65b174jexrh6	1	1	45	12	1	No-Go	NGW	0	1	0.444	0	0.0	0	0.5165	0.5130270417213343	-0.6789554257583963
xvobs4rpjasm65b174jexrh6	1	1	52	13	1	No-Go	NGW	0	1	0.443	0	1.0	1	0.5056	0.5072920891109225	-0.6904506668760657
xvobs4rpjasm65b174jexrh6	1	1	56	14	1	No-Go	NGW	0	0		1	0.0	1	0.5698	0.4359131805523917	-0.8444315873229784
xvobs4rpjasm65b174jexrh6	1	1	59	15	1	No-Go	NGW	0	1	0.458	0	0.0	0	0.5655	0.5587118627329839	-0.5907897052927209
xvobs4rpjasm65b174jexrh6	1	1	64	16	1	No-Go	NGW	0	1	1.225	0	0.0	0	0.5471	0.552815632141508	-0.6017478452998556
xvobs4rpjasm65b174jexrh6	1	1	65	17	1	No-Go	NGW	0	1	0.566	0	0.0	0	0.5544	0.5470095154711329	-0.612820607642115
xvobs4rpjasm65b174jexrh6	1	1	71	18	1	No-Go	NGW	0	0		1	1.0	0	0.5464	0.4587277208841302	-0.7933340996575493
xvobs4rpjasm65b174jexrh6	1	1	73	19	1	No-Go	NGW	0	0		1	0.0	1	0.5526	0.452901657822767	-0.8059066381700679
xvobs4rpjasm65b174jexrh6	1	1	80	20	1	No-Go	NGW	0	1	0.408	0	0.0	0	0.5357	0.5416107809918577	-0.6233255632967677
xvobs4rpjasm65b174jexrh6	1	1	82	21	1	No-Go	NGW	0	1	0.466	0	0.0	0	0.5398	0.5359274336994163	-0.6346058875018816
xvobs4rpjasm65b174jexrh6	1	1	85	22	1	No-Go	NGW	0	1	0.639	0	0.0	0	0.5309	0.5302876244891983	-0.6460324889707137
xvobs4rpjasm65b174jexrh6	1	1	91	23	1	No-Go	NGW	0	0		1	1.0	0	0.5263	0.47531387305829764	-0.7588219925797394
xvobs4rpjasm65b174jexrh6	1	1	96	24	1	No-Go	NGW	0	1	0.286	0	0.0	0	0.5345	0.5304823331629336	-0.6456187650948045
xvobs4rpjasm65b174jexrh6	1	1	98	25	1	No-Go	NGW	0	0		1	0.0	1	0.5313	0.4750854462731094	-0.7592714019760983
xvobs4rpjasm65b174jexrh6	1	1	102	26	1	No-Go	NGW	0	0		1	0.0	1	0.5168	0.4806149920868528	-0.748146695991649
xvobs4rpjasm65b174jexrh6	1	1	108	27	1	No-Go	NGW	0	0		1	1.0	0	0.5198	0.48606116610314676	-0.7373974275450907
xvobs4rpjasm65b174jexrh6	1	1	111	28	1	No-Go	NGW	0	1	0.586	0	0.0	0	0.5266	0.5197651593316337	-0.667937005248005
xvobs4rpjasm65b174jexrh6	1	1	113	29	1	No-Go	NGW	0	1	0.338	0	0.0	0	0.5105	0.5142322552035857	-0.6798196288213754
xvobs4rpjasm65b174jexrh6	1	1	118	30	1	No-Go	NGW	0	1	0.724	0	0.0	0	0.5062	0.5087331010820343	-0.6918815467322752
xvobs4rpjasm65b174jexrh6	1	2	124	1	1	No-Go	NGW	0	1	0.584	0	0.0	0	0.4908	0.49857323303434986	-0.715546625667791
xvobs4rpjasm65b174jexrh6	1	2	126	2	1	No-Go	NGW	0	0		1	0.0	1	0.4904	0.5070090768760404	-0.6973451727436714
xvobs4rpjasm65b174jexrh6	1	2	130	3	1	No-Go	NGW	0	0		1	0.0	1	0.477	0.5126013091231305	-0.6852830975269916
xvobs4rpjasm65b174jexrh6	1	2	135	4	1	No-Go	NGW	0	0		1	1.0	0	0.4812	0.5181232200321096	-0.6736818796068819
xvobs4rpjasm65b174jexrh6	1	2	140	5	1	No-Go	NGW	0	0		1	0.0	1	0.4838	0.5123978502457612	-0.6858389449562622
xvobs4rpjasm65b174jexrh6	1	2	143	6	1	No-Go	NGW	0	0		1	0.0	1	0.4742	0.5179697298927606	-0.6740532936285644
xvobs4rpjasm65b174jexrh6	1	2	148	7	1	No-Go	NGW	0	0		1	0.0	1	0.4764	0.5234684718464564	-0.6627201387491554
xvobs4rpjasm65b174jexrh6	1	2	149	8	1	No-Go	NGW	0	0		1	0.0	1	0.48	0.5289097768781218	-0.6517427378665206
xvobs4rpjasm65b174jexrh6	1	2	153	9	1	No-Go	NGW	0	0		1	1.0	0	0.4592	0.5343030140765285	-0.6410713690365549
xvobs4rpjasm65b174jexrh6	1	2	158	10	1	No-Go	NGW	0	1	0.325	0	0.0	0	0.4607	0.4715136233352603	-0.7707897608101074
xvobs4rpjasm65b174jexrh6	1	2	162	11	1	No-Go	NGW	0	1	0.627	0	0.0	0	0.4643	0.4660014755063725	-0.7826317516180017
xvobs4rpjasm65b174jexrh6	1	2	165	12	1	No-Go	NGW	0	1	0.374	0	0.0	0	0.4716	0.4605523959165619	-0.7945959041144404
xvobs4rpjasm65b174jexrh6	1	2	170	13	1	No-Go	NGW	0	0		1	1.0	0	0.4543	0.5448426145766772	-0.620825177916538
xvobs4rpjasm65b174jexrh6	1	2	175	14	1	No-Go	NGW	0	0		1	0.0	1	0.4552	0.5391671895887631	-0.631804413749861
xvobs4rpjasm65b174jexrh6	1	2	177	15	1	No-Go	NGW	0	0		1	0.0	1	0.4639	0.5447118315927437	-0.6210624777662448
xvobs4rpjasm65b174jexrh6	1	2	184	16	1	No-Go	NGW	0	0		1	0.0	1	0.4563	0.5501559061010904	-0.6107848823269795
xvobs4rpjasm65b174jexrh6	1	2	188	17	1	No-Go	NGW	0	0		1	0.0	1	0.4501	0.5555214014007929	-0.6008484469742564
xvobs4rpjasm65b174jexrh6	1	2	189	18	1	No-Go	NGW	0	0		1	1.0	0	0.437	0.5608217638743584	-0.5911958931553282
xvobs4rpjasm65b174jexrh6	1	2	193	19	1	No-Go	NGW	0	1	0.602	0	0.0	0	0.446	0.4449522028416289	-0.8302956912323205
xvobs4rpjasm65b174jexrh6	1	2	198	20	1	No-Go	NGW	0	1	0.373	0	0.0	0	0.4413	0.43963921069943246	-0.8429381402179111
xvobs4rpjasm65b174jexrh6	1	2	202	21	1	No-Go	NGW	0	0		1	0.0	1	0.4284	0.5656231063734749	-0.582691113804524
xvobs4rpjasm65b174jexrh6	1	2	205	22	1	No-Go	NGW	0	0		1	0.0	1	0.4262	0.570963612109497	-0.5731775582662186
xvobs4rpjasm65b174jexrh6	1	2	209	23	1	No-Go	NGW	0	0		1	1.0	0	0.422	0.5762122122593751	-0.5640029720766406
xvobs4rpjasm65b174jexrh6	1	2	213	24	1	No-Go	NGW	0	1	0.536	0	0.0	0	0.4262	0.42948432265862013	-0.8678950884662704
xvobs4rpjasm65b174jexrh6	1	2	217	25	1	No-Go	NGW	0	1	0.471	0	0.0	0	0.4208	0.424294724166171	-0.8810520855681898
xvobs4rpjasm65b174jexrh6	1	2	224	26	1	No-Go	NGW	0	1	0.734	0	0.0	0	0.4185	0.4191558102982678	-0.8943734115675189
xvobs4rpjasm65b174jexrh6	1	2	225	27	1	No-Go	NGW	0	1	0.484	0	1.0	1	0.416	0.4140675392635214	-0.9078617373130967
xvobs4rpjasm65b174jexrh6	1	2	232	28	1	No-Go	NGW	0	1	0.838	0	0.0	0	0.4738	0.4726039556482865	-0.7664219633843063
xvobs4rpjasm65b174jexrh6	1	2	235	29	1	No-Go	NGW	0	1	0.349	0	0.0	0	0.4681	0.4669769786909199	-0.7793296308970323
xvobs4rpjasm65b174jexrh6	1	2	237	30	1	No-Go	NGW	0	1	0.849	0	0.0	0	0.4598	0.46145675447093154	-0.7923748801673262
xvobs4rpjasm65b174jexrh6	1	2	123	1	0	Go	GAL	1	0		0	1.0	1	0.6383	0.3659606165077209	-1.016526918195986
xvobs4rpjasm65b174jexrh6	1	2	125	2	0	Go	GAL	1	1	0.531	1	0.0	1	0.6286	0.6287888573706713	-0.4677087039941665
xvobs4rpjasm65b174jexrh6	1	2	132	3	0	Go	GAL	1	1	0.66	1	0.0	1	0.6379	0.6340393834922791	-0.4593584514400559
xvobs4rpjasm65b174jexrh6	1	2	134	4	0	Go	GAL	1	1	0.683	1	0.0	1	0.6391	0.6391743286223678	-0.4513034926379132
xvobs4rpjasm65b174jexrh6	1	2	139	5	0	Go	GAL	1	0		0	0.0	0	0.646	0.35578589732045257	-1.0460191198326254
xvobs4rpjasm65b174jexrh6	1	2	142	6	0	Go	GAL	1	1	0.556	1	0.0	1	0.6482	0.6447294300650372	-0.4427254423664383
xvobs4rpjasm65b174jexrh6	1	2	147	7	0	Go	GAL	1	1	0.649	1	0.0	1	0.6557	0.649678611387047	-0.4351590301680524
xvobs4rpjasm65b174jexrh6	1	2	152	8	0	Go	GAL	1	0		0	0.0	0	0.6585	0.34544946425149453	-1.0776243134089247
xvobs4rpjasm65b174jexrh6	1	2	154	9	0	Go	GAL	1	1	0.526	1	1.0	0	0.6551	0.6550431627249709	-0.427086837282586
xvobs4rpjasm65b174jexrh6	1	2	160	10	0	Go	GAL	1	1	0.425	1	0.0	1	0.6554	0.6497938997419289	-0.4349584161381672
xvobs4rpjasm65b174jexrh6	1	2	163	11	0	Go	GAL	1	1	0.369	1	1.0	0	0.6568	0.6547449925484642	-0.4274897071597841
xvobs4rpjasm65b174jexrh6	1	2	167	12	0	Go	GAL	1	1	0.653	1	0.0	1	0.6496	0.6495319064970898	-0.43534063052476873
xvobs4rpjasm65b174jexrh6	1	2	171	13	0	Go	GAL	1	1	0.461	1	0.0	1	0.6441	0.6545239883760946	-0.42780126356998616
xvobs4rpjasm65b174jexrh6	1	2	174	14	0	Go	GAL	1	0		0	0.0	0	0.6661	0.3406043447777672	-1.0928222391838618
xvobs4rpjasm65b174jexrh6	1	2	180	15	0	Go	GAL	1	1	0.438	1	0.0	1	0.6601	0.6598764957222385	-0.41984931808371473
xvobs4rpjasm65b174jexrh6	1	2	183	16	0	Go	GAL	1	1	0.736	1	0.0	1	0.6723	0.6646428249045016	-0.41281490054343145
xvobs4rpjasm65b174jexrh6	1	2	185	17	0	Go	GAL	1	1	0.469	1	0.0	1	0.6658	0.6693237980591421	-0.4059713821149227
xvobs4rpjasm65b174jexrh6	1	2	190	18	0	Go	GAL	1	1	0.533	1	0.0	1	0.673	0.6739262993455568	-0.39930372574015327
xvobs4rpjasm65b174jexrh6	1	2	196	19	0	Go	GAL	1	0		0	1.0	1	0.6787	0.3215455233106582	-1.1575735490684067
xvobs4rpjasm65b174jexrh6	1	2	197	20	0	Go	GAL	1	1	0.526	1	0.0	1	0.6754	0.6736914509240848	-0.39961270327346604
xvobs4rpjasm65b174jexrh6	1	2	203	21	0	Go	GAL	1	1	0.307	1	0.0	1	0.6724	0.678202125184984	-0.3931311339730551
xvobs4rpjasm65b174jexrh6	1	2	206	22	0	Go	GAL	1	1	1.186	1	1.0	0	0.6771	0.682643221608231	-0.3868041117713636
xvobs4rpjasm65b174jexrh6	1	2	211	23	0	Go	GAL	1	1	0.306	1	0.0	1	0.6717	0.6775846256257669	-0.393983073346273
xvobs4rpjasm65b174jexrh6	1	2	214	24	0	Go	GAL	1	0		0	0.0	0	0.6731	0.31787103361456404	-1.1703507908013173
xvobs4rpjasm65b174jexrh6	1	2	220	25	0	Go	GAL	1	1	0.926	1	0.0	1	0.6817	0.6825860678838284	-0.38688754052525093
xvobs4rpjasm65b174jexrh6	1	2	223	26	0	Go	GAL	1	1	0.718	1	0.0	1	0.6841	0.68701715828261	-0.3806304718723184
xvobs4rpjasm65b174jexrh6	1	2	227	27	0	Go	GAL	1	1	0.756	1	0.0	1	0.6963	0.69136017176485	-0.37454643030094015
xvobs4rpjasm65b174jexrh6	1	2	231	28	0	Go	GAL	1	1	0.412	1	0.0	1	0.6914	0.6956240401993968	-0.3686178383411891
xvobs4rpjasm65b174jexrh6	1	2	233	29	0	Go	GAL	1	1	0.548	1	1.0	0	0.6894	0.69981403521666	-0.3628335523839344
xvobs4rpjasm65b174jexrh6	1	2	239	30	0	Go	GAL	1	1	0.472	1	0.0	1	0.6977	0.6949441424924422	-0.36953462874362203
xvobs4rpjasm65b174jexrh6	1	2	121	1	0	No-Go	NGAL	0	1	0.247	0	0.0	0	0.6358	0.6340393834922791	-0.4593584514400559
xvobs4rpjasm65b174jexrh6	1	2	128	2	0	No-Go	NGAL	0	1	0.589	0	1.0	1	0.6377	0.6287888573706713	-0.4677087039941665
xvobs4rpjasm65b174jexrh6	1	2	129	3	0	No-Go	NGAL	0	1	0.476	0	0.0	0	0.6443	0.6341069160605998	-0.4592612405058134
xvobs4rpjasm65b174jexrh6	1	2	136	4	0	No-Go	NGAL	0	1	0.549	0	0.0	0	0.6204	0.6288406097659893	-0.46762767719024173
xvobs4rpjasm65b174jexrh6	1	2	137	5	0	No-Go	NGAL	0	1	0.418	0	0.0	0	0.6197	0.6236053111305566	-0.47608202349446826
xvobs4rpjasm65b174jexrh6	1	2	144	6	0	No-Go	NGAL	0	1	0.496	0	0.0	0	0.6231	0.6183874408614828	-0.4846366708479428
xvobs4rpjasm65b174jexrh6	1	2	146	7	0	No-Go	NGAL	0	0		1	0.0	1	0.61	0.38682187105559335	-0.9604577768115878
xvobs4rpjasm65b174jexrh6	1	2	150	8	0	No-Go	NGAL	0	1	0.488	0	1.0	1	0.6123	0.6077699306401627	-0.502476598063219
xvobs4rpjasm65b174jexrh6	1	2	156	9	0	No-Go	NGAL	0	1	0.773	0	0.0	0	0.6117	0.6133768653232872	-0.49296574604292104
xvobs4rpjasm65b174jexrh6	1	2	159	10	0	No-Go	NGAL	0	1	0.406	0	0.0	0	0.6147	0.6080561770957884	-0.5019506835774039
xvobs4rpjasm65b174jexrh6	1	2	161	11	0	No-Go	NGAL	0	1	0.42	0	0.0	0	0.6029	0.6027694289456841	-0.5110270461717793
xvobs4rpjasm65b174jexrh6	1	2	166	12	0	No-Go	NGAL	0	1	0.578	0	0.0	0	0.5949	0.5975036856543993	-0.5202117000209227
xvobs4rpjasm65b174jexrh6	1	2	169	13	0	No-Go	NGAL	0	1	0.538	0	1.0	1	0.5894	0.5922515271845692	-0.5295197850276937
xvobs4rpjasm65b174jexrh6	1	2	176	14	0	No-Go	NGAL	0	0		1	0.0	1	0.5957	0.401991961785928	-0.9227298848734575
xvobs4rpjasm65b174jexrh6	1	2	179	15	0	No-Go	NGAL	0	0		1	0.0	1	0.5922	0.4074041076787129	-0.9098110780646368
xvobs4rpjasm65b174jexrh6	1	2	181	16	0	No-Go	NGAL	0	0		1	1.0	0	0.5942	0.4127857132651208	-0.8972392731909505
xvobs4rpjasm65b174jexrh6	1	2	186	17	0	No-Go	NGAL	0	0		1	0.0	1	0.5868	0.4122016661398595	-0.8984952490014418
xvobs4rpjasm65b174jexrh6	1	2	192	18	0	No-Go	NGAL	0	0		1	0.0	1	0.5793	0.4175837138133529	-0.8861304577782503
xvobs4rpjasm65b174jexrh6	1	2	194	19	0	No-Go	NGAL	0	0		1	0.0	1	0.5746	0.4229393392312439	-0.874064194897542
xvobs4rpjasm65b174jexrh6	1	2	200	20	0	No-Go	NGAL	0	0		1	0.0	1	0.5757	0.4282742327646576	-0.8622642297281857
xvobs4rpjasm65b174jexrh6	1	2	201	21	0	No-Go	NGAL	0	0		1	1.0	0	0.5713	0.43359111933617134	-0.8507105746083359
xvobs4rpjasm65b174jexrh6	1	2	207	22	0	No-Go	NGAL	0	1	0.559	0	0.0	0	0.5634	0.5670121983002601	-0.5763198179567226
xvobs4rpjasm65b174jexrh6	1	2	210	23	0	No-Go	NGAL	0	1	0.486	0	0.0	0	0.5588	0.5615777669188655	-0.5869680895679918
xvobs4rpjasm65b174jexrh6	1	2	215	24	0	No-Go	NGAL	0	1	0.31	0	0.0	0	0.5479	0.5561999396052109	-0.5977227949715861
xvobs4rpjasm65b174jexrh6	1	2	219	25	0	No-Go	NGAL	0	0		1	0.0	1	0.5474	0.44913509622732034	-0.8179066272903918
xvobs4rpjasm65b174jexrh6	1	2	222	26	0	No-Go	NGAL	0	0		1	0.0	1	0.5387	0.45447518371451096	-0.8070342410117789
xvobs4rpjasm65b174jexrh6	1	2	226	27	0	No-Go	NGAL	0	1	0.618	0	0.0	0	0.5385	0.5402193059260777	-0.6309697976091414
xvobs4rpjasm65b174jexrh6	1	2	229	28	0	No-Go	NGAL	0	0		1	0.0	1	0.5427	0.46507641024303675	-0.7859321696988594
xvobs4rpjasm65b174jexrh6	1	2	234	29	0	No-Go	NGAL	0	0		1	1.0	0	0.5332	0.47034517552035404	-0.7756687268625954
xvobs4rpjasm65b174jexrh6	1	2	240	30	0	No-Go	NGAL	0	1	0.452	0	0.0	0	0.5305	0.5302570009910514	-0.652510853107956
xvobs4rpjasm65b174jexrh6	1	2	122	1	1	Go	GW	1	1	0.253	1	0.0	1	0.5086	0.49857323303434986	-0.715546625667791
xvobs4rpjasm65b174jexrh6	1	2	127	2	1	Go	GW	1	1	0.794	1	1.0	0	0.5641	0.5562915028107105	-0.5982910880388107
xvobs4rpjasm65b174jexrh6	1	2	131	3	1	Go	GW	1	1	0.892	1	0.0	1	0.5516	0.5505351291379761	-0.6083199714086016
xvobs4rpjasm65b174jexrh6	1	2	133	4	1	Go	GW	1	0		0	0.0	0	0.6076	0.3943919051752197	-0.9493661341060412
xvobs4rpjasm65b174jexrh6	1	2	138	5	1	Go	GW	1	1	0.713	1	0.0	1	0.6055	0.610880227903572	-0.5009370283169483
xvobs4rpjasm65b174jexrh6	1	2	141	6	1	Go	GW	1	1	0.485	1	0.0	1	0.6595	0.6613129242902948	-0.4198823449910448
xvobs4rpjasm65b174jexrh6	1	2	145	7	1	Go	GW	1	1	0.571	1	1.0	0	0.7081	0.7067493950618821	-0.35263621052477717
xvobs4rpjasm65b174jexrh6	1	2	151	8	1	Go	GW	1	1	0.736	1	0.0	1	0.6982	0.7016218539203238	-0.359861595691362
xvobs4rpjasm65b174jexrh6	1	2	155	9	1	Go	GW	1	1	0.449	1	0.0	1	0.7419	0.7426048478504108	-0.30275563627899627
xvobs4rpjasm65b174jexrh6	1	2	157	10	1	Go	GW	1	1	0.506	1	0.0	1	0.7785	0.7782556648561605	-0.25558222000027214
xvobs4rpjasm65b174jexrh6	1	2	164	11	1	Go	GW	1	1	0.331	1	0.0	1	0.8083	0.8090422931648055	-0.2164857452085132
xvobs4rpjasm65b174jexrh6	1	2	168	12	1	Go	GW	1	1	0.526	1	0.0	1	0.8402	0.8354531424960565	-0.18403024241452573
xvobs4rpjasm65b174jexrh6	1	2	172	13	1	Go	GW	1	0		0	0.0	0	0.8541	0.14199218114981743	-2.108845521400631
xvobs4rpjasm65b174jexrh6	1	2	173	14	1	Go	GW	1	1	0.457	1	1.0	0	0.8558	0.8606433002609017	-0.15383373152459245
xvobs4rpjasm65b174jexrh6	1	2	178	15	1	Go	GW	1	1	1.227	1	0.0	1	0.86	0.8573656375474072	-0.1578670324660849
xvobs4rpjasm65b174jexrh6	1	2	182	16	1	Go	GW	1	1	0.415	1	0.0	1	0.8783	0.8769182947024777	-0.13488210797665365
xvobs4rpjasm65b174jexrh6	1	2	187	17	1	Go	GW	1	1	0.41	1	0.0	1	0.8957	0.89340819568889	-0.1158876658192812
xvobs4rpjasm65b174jexrh6	1	2	191	18	1	Go	GW	1	1	0.434	1	1.0	0	0.9053	0.9073988741411025	-0.10001853119375549
xvobs4rpjasm65b174jexrh6	1	2	195	19	1	Go	GW	1	1	0.463	1	0.0	1	0.9013	0.9049193691471737	-0.10301754664608992
xvobs4rpjasm65b174jexrh6	1	2	199	20	1	Go	GW	1	1	0.688	1	0.0	1	0.9175	0.9173389676593517	-0.0889660827044953
xvobs4rpjasm65b174jexrh6	1	2	204	21	1	Go	GW	1	1	1.259	1	0.0	1	0.9272	0.9277787490643814	-0.07735015297958737
xvobs4rpjasm65b174jexrh6	1	2	208	22	1	Go	GW	1	1	0.455	1	0.0	1	0.9353	0.9366562471377708	-0.06757648512459138
xvobs4rpjasm65b174jexrh6	1	2	212	23	1	Go	GW	1	1	0.337	1	0.0	1	0.9444	0.9442361364991241	-0.05930234706252787
xvobs4rpjasm65b174jexrh6	1	2	216	24	1	Go	GW	1	1	0.56	1	0.0	1	0.9527	0.9507267550120952	-0.05226850551194775
xvobs4rpjasm65b174jexrh6	1	2	218	25	1	Go	GW	1	1	0.441	1	1.0	0	0.9561	0.95629938359679	-0.046267446184628365
xvobs4rpjasm65b174jexrh6	1	2	221	26	1	Go	GW	1	1	0.417	1	0.0	1	0.9524	0.9548208039700515	-0.04808080787254765
xvobs4rpjasm65b174jexrh6	1	2	228	27	1	Go	GW	1	1	0.447	1	1.0	0	0.9604	0.9599950172264095	-0.04238849655560086
xvobs4rpjasm65b174jexrh6	1	2	230	28	1	Go	GW	1	1	0.38	1	0.0	1	0.961	0.9586076851522279	-0.04410930097020012
xvobs4rpjasm65b174jexrh6	1	2	236	29	1	Go	GW	1	1	0.398	1	0.0	1	0.9637	0.9632931078791628	-0.038915588765952455
xvobs4rpjasm65b174jexrh6	1	2	238	30	1	Go	GW	1	1	0.35	1	0.0	1	0.9672	0.9671808409460672	-0.034732805285811685
y6mtiyl0fovt18hy2cyjyhtf	1	1	1	1	1	Go	GW	1	1	0.777	1	0.0	1	0.6906	0.6851582302127669	-0.3988985727582751
y6mtiyl0fovt18hy2cyjyhtf	1	1	5	2	1	Go	GW	1	1	0.439	1	0.0	1	0.9353	0.9350643809954919	-0.06816362966614249
y6mtiyl0fovt18hy2cyjyhtf	1	1	12	3	1	Go	GW	1	1	0.451	1	1.0	0	0.9818	0.9813787600884667	-0.01894637299524586
y6mtiyl0fovt18hy2cyjyhtf	1	1	13	4	1	Go	GW	1	1	0.362	1	0.0	1	0.9579	0.95978490158047	-0.04148358470815317
y6mtiyl0fovt18hy2cyjyhtf	1	1	20	5	1	Go	GW	1	1	0.492	1	0.0	1	0.9876	0.9869370862085589	-0.013232213325477898
y6mtiyl0fovt18hy2cyjyhtf	1	1	24	6	1	Go	GW	1	1	0.463	1	0.0	1	0.9937	0.9942279507467234	-0.005811489622148079
y6mtiyl0fovt18hy2cyjyhtf	1	1	28	7	1	Go	GW	1	1	0.452	1	1.0	0	0.9971	0.9968002317570612	-0.003213617543403625
y6mtiyl0fovt18hy2cyjyhtf	1	1	32	8	1	Go	GW	1	1	0.494	1	0.0	1	0.992	0.9916748485807869	-0.008408945926106205
y6mtiyl0fovt18hy2cyjyhtf	1	1	35	9	1	Go	GW	1	1	0.43	1	0.0	1	0.9958	0.9958963670521672	-0.004126716044176002
y6mtiyl0fovt18hy2cyjyhtf	1	1	37	10	1	Go	GW	1	1	0.427	1	0.0	1	0.9976	0.9975019761200252	-0.002507696302060439
y6mtiyl0fovt18hy2cyjyhtf	1	1	44	11	1	Go	GW	1	1	0.357	1	0.0	1	0.9984	0.9982364049199008	-0.0017690048884676205
y6mtiyl0fovt18hy2cyjyhtf	1	1	46	12	1	Go	GW	1	1	0.355	1	0.0	1	0.9989	0.9986162603592981	-0.0013874524264465467
y6mtiyl0fovt18hy2cyjyhtf	1	1	52	13	1	Go	GW	1	1	0.485	1	1.0	0	0.999	0.9988304186851872	-0.0011725077017210172
y6mtiyl0fovt18hy2cyjyhtf	1	1	54	14	1	Go	GW	1	1	0.345	1	0.0	1	0.9962	0.9965057463844769	-0.003519769242886067
y6mtiyl0fovt18hy2cyjyhtf	1	1	60	15	1	Go	GW	1	1	0.426	1	0.0	1	0.9972	0.9978461713062857	-0.0021632975636303353
y6mtiyl0fovt18hy2cyjyhtf	1	1	62	16	1	Go	GW	1	1	0.276	1	0.0	1	0.9981	0.9984332501980043	-0.001571992303305165
y6mtiyl0fovt18hy2cyjyhtf	1	1	68	17	1	Go	GW	1	1	0.331	1	0.0	1	0.9992	0.9987350940462089	-0.0012685369580420337
y6mtiyl0fovt18hy2cyjyhtf	1	1	71	18	1	Go	GW	1	1	0.403	1	1.0	0	0.9989	0.9989060522530347	-0.0010968335126972232
y6mtiyl0fovt18hy2cyjyhtf	1	1	73	19	1	Go	GW	1	1	0.367	1	0.0	1	0.9971	0.9966723671441506	-0.003353566449561242
y6mtiyl0fovt18hy2cyjyhtf	1	1	80	20	1	Go	GW	1	0		0	0.0	0	0.9985	0.002056593988383988	-7.894815777508962
y6mtiyl0fovt18hy2cyjyhtf	1	1	82	21	1	Go	GW	1	1	0.49	1	1.0	0	0.9988	0.9988354925359417	-0.0011676292330101362
y6mtiyl0fovt18hy2cyjyhtf	1	1	85	22	1	Go	GW	1	1	0.653	1	0.0	1	0.9973	0.9966894849358431	-0.003334407199206017
y6mtiyl0fovt18hy2cyjyhtf	1	1	90	23	1	Go	GW	1	1	0.307	1	0.0	1	0.9982	0.9982918863982931	-0.001714194260982968
y6mtiyl0fovt18hy2cyjyhtf	1	1	95	24	1	Go	GW	1	1	0.561	1	0.0	1	0.9993	0.9988857218105622	-0.0011169763880078932
y6mtiyl0fovt18hy2cyjyhtf	1	1	98	25	1	Go	GW	1	1	0.899	1	0.0	1	0.9995	0.999162187241919	-0.000839434473924804
y6mtiyl0fovt18hy2cyjyhtf	1	1	102	26	1	Go	GW	1	1	0.511	1	1.0	0	0.9994	0.9993091822528182	-0.0006919926196537447
y6mtiyl0fovt18hy2cyjyhtf	1	1	106	27	1	Go	GW	1	1	0.662	1	0.0	1	0.9989	0.997950588997416	-0.002059014009978627
y6mtiyl0fovt18hy2cyjyhtf	1	1	111	28	1	Go	GW	1	1	0.384	1	0.0	1	0.9993	0.9987584603042263	-0.0012450072409595546
y6mtiyl0fovt18hy2cyjyhtf	1	1	113	29	1	Go	GW	1	1	0.389	1	0.0	1	0.9994	0.9991035869667497	-0.0008982971673873901
y6mtiyl0fovt18hy2cyjyhtf	1	1	118	30	1	Go	GW	1	1	0.338	1	0.0	1	0.9987	0.9992786748804511	-0.0007226131660907632
y6mtiyl0fovt18hy2cyjyhtf	1	1	2	1	1	No-Go	NGW	0	1	0.556	0	0.0	0	0.6866	0.6851582302127669	-0.3988985727582751
y6mtiyl0fovt18hy2cyjyhtf	1	1	6	2	1	No-Go	NGW	0	1	0.462	0	0.0	0	0.5582	0.554801162534	-0.6264229677239687
y6mtiyl0fovt18hy2cyjyhtf	1	1	10	3	1	No-Go	NGW	0	1	0.446	0	1.0	1	0.4337	0.427657208274263	-0.9104024316953998
y6mtiyl0fovt18hy2cyjyhtf	1	1	15	4	1	No-Go	NGW	0	1	0.405	0	0.0	0	0.8622	0.8699024769901431	-0.14242559689629164
y6mtiyl0fovt18hy2cyjyhtf	1	1	17	5	1	No-Go	NGW	0	1	0.309	0	0.0	0	0.7813	0.777730791540378	-0.25708295520254304
y6mtiyl0fovt18hy2cyjyhtf	1	1	23	6	1	No-Go	NGW	0	1	0.45	0	1.0	1	0.6595	0.6564998982573967	-0.43121326552441536
y6mtiyl0fovt18hy2cyjyhtf	1	1	25	7	1	No-Go	NGW	0	1	0.423	0	0.0	0	0.9249	0.9254359911640758	-0.07915706699909236
y6mtiyl0fovt18hy2cyjyhtf	1	1	30	8	1	No-Go	NGW	0	1	0.431	0	0.0	0	0.8637	0.8622580408463542	-0.15195700468764636
y6mtiyl0fovt18hy2cyjyhtf	1	1	33	9	1	No-Go	NGW	0	1	0.451	0	0.0	0	0.7706	0.7672039116109536	-0.27296265873732267
y6mtiyl0fovt18hy2cyjyhtf	1	1	40	10	1	No-Go	NGW	0	1	0.458	0	0.0	0	0.6432	0.645142767572196	-0.45412488595645917
y6mtiyl0fovt18hy2cyjyhtf	1	1	41	11	1	No-Go	NGW	0	1	0.287	0	1.0	1	0.5162	0.5127265529672316	-0.6970169536929536
y6mtiyl0fovt18hy2cyjyhtf	1	1	45	12	1	No-Go	NGW	0	1	0.319	0	0.0	0	0.8902	0.8894158832618063	-0.1212877408217369
y6mtiyl0fovt18hy2cyjyhtf	1	1	50	13	1	No-Go	NGW	0	1	0.434	0	0.0	0	0.8107	0.807925185887588	-0.22210695751891094
y6mtiyl0fovt18hy2cyjyhtf	1	1	55	14	1	No-Go	NGW	0	1	0.279	0	0.0	0	0.7045	0.6966805680112522	-0.37869262169904094
y6mtiyl0fovt18hy2cyjyhtf	1	1	58	15	1	No-Go	NGW	0	1	0.402	0	0.0	0	0.5664	0.5674758628703219	-0.597132979267812
y6mtiyl0fovt18hy2cyjyhtf	1	1	64	16	1	No-Go	NGW	0	1	0.395	0	1.0	1	0.4324	0.43937829031504333	-0.8713591720327226
y6mtiyl0fovt18hy2cyjyhtf	1	1	65	17	1	No-Go	NGW	0	1	0.348	0	0.0	0	0.8618	0.8643295919029431	-0.15334611254746078
y6mtiyl0fovt18hy2cyjyhtf	1	1	72	18	1	No-Go	NGW	0	1	0.351	0	0.0	0	0.7692	0.7735524282419557	-0.2718172392458158
y6mtiyl0fovt18hy2cyjyhtf	1	1	74	19	1	No-Go	NGW	0	1	0.303	0	0.0	0	0.6607	0.6559735265875796	-0.4485829453398271
y6mtiyl0fovt18hy2cyjyhtf	1	1	78	20	1	No-Go	NGW	0	0		1	0.0	1	0.5367	0.47398974650383935	-0.8005218647657918
y6mtiyl0fovt18hy2cyjyhtf	1	1	84	21	1	No-Go	NGW	0	1	0.442	0	1.0	1	0.3865	0.38909448088375687	-1.0277304299999792
y6mtiyl0fovt18hy2cyjyhtf	1	1	88	22	1	No-Go	NGW	0	1	0.325	0	0.0	0	0.8268	0.8215473277713209	-0.21166638522073963
y6mtiyl0fovt18hy2cyjyhtf	1	1	89	23	1	No-Go	NGW	0	0		1	0.0	1	0.7112	0.29174342940228587	-1.3924350691868352
y6mtiyl0fovt18hy2cyjyhtf	1	1	93	24	1	No-Go	NGW	0	1	0.884	0	0.0	0	0.5924	0.5957161809259301	-0.5746029054477794
y6mtiyl0fovt18hy2cyjyhtf	1	1	99	25	1	No-Go	NGW	0	0		1	0.0	1	0.4479	0.5526161731445444	-0.6525252139537274
y6mtiyl0fovt18hy2cyjyhtf	1	1	103	26	1	No-Go	NGW	0	0		1	0.0	1	0.3336	0.6605872854721798	-0.45209762063808623
y6mtiyl0fovt18hy2cyjyhtf	1	1	105	27	1	No-Go	NGW	0	0		1	0.0	1	0.2521	0.7466787852056114	-0.31495948263173623
y6mtiyl0fovt18hy2cyjyhtf	1	1	109	28	1	No-Go	NGW	0	0		1	0.0	1	0.1967	0.8117796686486065	-0.22223228371639445
y6mtiyl0fovt18hy2cyjyhtf	1	1	114	29	1	No-Go	NGW	0	0		1	0.0	1	0.1429	0.8595699161206852	-0.1595469601152877
y6mtiyl0fovt18hy2cyjyhtf	1	1	117	30	1	No-Go	NGW	0	0		1	1.0	0	0.1067	0.8941842659222224	-0.11683401620497963
y6mtiyl0fovt18hy2cyjyhtf	1	1	3	1	0	Go	GAL	1	1	0.739	1	0.0	1	0.6619	0.662905098114095	-0.4176033886820681
y6mtiyl0fovt18hy2cyjyhtf	1	1	8	2	0	Go	GAL	1	1	0.48	1	0.0	1	0.7717	0.776960560579151	-0.2561844226477297
y6mtiyl0fovt18hy2cyjyhtf	1	1	11	3	0	Go	GAL	1	1	0.753	1	0.0	1	0.8552	0.8538289948636928	-0.1603372261899276
y6mtiyl0fovt18hy2cyjyhtf	1	1	14	4	0	Go	GAL	1	0		0	1.0	1	0.9032	0.09676034312828834	-2.456254779666703
y6mtiyl0fovt18hy2cyjyhtf	1	1	18	5	0	Go	GAL	1	0		0	0.0	0	0.8396	0.15767997511429224	-1.9155913846035226
y6mtiyl0fovt18hy2cyjyhtf	1	1	21	6	0	Go	GAL	1	1	0.493	1	0.0	1	0.8558	0.8569534656854956	-0.15657261304365194
y6mtiyl0fovt18hy2cyjyhtf	1	1	26	7	0	Go	GAL	1	1	0.414	1	0.0	1	0.8973	0.9021370980169539	-0.10430023836367862
y6mtiyl0fovt18hy2cyjyhtf	1	1	31	8	0	Go	GAL	1	1	0.48	1	0.0	1	0.9285	0.9317886866973136	-0.07142821030772162
y6mtiyl0fovt18hy2cyjyhtf	1	1	36	9	0	Go	GAL	1	1	0.445	1	0.0	1	0.949	0.9513936195587656	-0.05029473469365463
y6mtiyl0fovt18hy2cyjyhtf	1	1	39	10	0	Go	GAL	1	1	0.443	1	1.0	0	0.9682	0.9645495485766163	-0.036380033493447886
y6mtiyl0fovt18hy2cyjyhtf	1	1	42	11	0	Go	GAL	1	1	0.507	1	0.0	1	0.9224	0.9241216194914493	-0.07966315108316131
y6mtiyl0fovt18hy2cyjyhtf	1	1	47	12	0	Go	GAL	1	1	0.679	1	0.0	1	0.9491	0.946572983892792	-0.05536477319670837
y6mtiyl0fovt18hy2cyjyhtf	1	1	51	13	0	Go	GAL	1	1	0.394	1	0.0	1	0.9583	0.9614272287776737	-0.03962273126181684
y6mtiyl0fovt18hy2cyjyhtf	1	1	53	14	0	Go	GAL	1	1	0.532	1	1.0	0	0.9711	0.9714535112036774	-0.02914581295677455
y6mtiyl0fovt18hy2cyjyhtf	1	1	57	15	0	Go	GAL	1	1	0.32	1	0.0	1	0.9367	0.9366437377545519	-0.06612364169554594
y6mtiyl0fovt18hy2cyjyhtf	1	1	63	16	0	Go	GAL	1	1	0.411	1	0.0	1	0.9583	0.9550454537142952	-0.04638035563526062
y6mtiyl0fovt18hy2cyjyhtf	1	1	67	17	0	Go	GAL	1	1	0.413	1	0.0	1	0.9672	0.9672373334839589	-0.033546758028999896
y6mtiyl0fovt18hy2cyjyhtf	1	1	70	18	0	Go	GAL	1	1	0.475	1	1.0	0	0.973	0.9755018684070539	-0.02495461717731904
y6mtiyl0fovt18hy2cyjyhtf	1	1	76	19	0	Go	GAL	1	1	0.467	1	0.0	1	0.9448	0.9442080004455442	-0.05810786230792507
y6mtiyl0fovt18hy2cyjyhtf	1	1	79	20	0	Go	GAL	1	1	0.514	1	0.0	1	0.9619	0.9602006346664279	-0.040989064137399875
y6mtiyl0fovt18hy2cyjyhtf	1	1	83	21	0	Go	GAL	1	1	0.481	1	0.0	1	0.9702	0.9708060936492405	-0.02985120751862054
y6mtiyl0fovt18hy2cyjyhtf	1	1	87	22	0	Go	GAL	1	1	0.321	1	0.0	1	0.9772	0.9780146227586505	-0.022371631936736965
y6mtiyl0fovt18hy2cyjyhtf	1	1	91	23	0	Go	GAL	1	1	0.295	1	1.0	0	0.9846	0.9830342140049843	-0.01720525393135522
y6mtiyl0fovt18hy2cyjyhtf	1	1	96	24	0	Go	GAL	1	1	0.745	1	0.0	1	0.9584	0.9595520862209791	-0.04180147626510005
y6mtiyl0fovt18hy2cyjyhtf	1	1	97	25	0	Go	GAL	1	1	0.577	1	0.0	1	0.9698	0.9705061029387428	-0.030216580159247785
y6mtiyl0fovt18hy2cyjyhtf	1	1	101	26	0	Go	GAL	1	1	0.462	1	0.0	1	0.9803	0.9778843986260519	-0.02253079652076575
y6mtiyl0fovt18hy2cyjyhtf	1	1	108	27	0	Go	GAL	1	1	0.493	1	1.0	0	0.9829	0.9829852480671795	-0.017268345287616817
y6mtiyl0fovt18hy2cyjyhtf	1	1	110	28	0	Go	GAL	1	1	0.461	1	0.0	1	0.9569	0.959167813198039	-0.042323390465694555
y6mtiyl0fovt18hy2cyjyhtf	1	1	115	29	0	Go	GAL	1	1	0.594	1	0.0	1	0.9692	0.9703490522247257	-0.03042781757002414
y6mtiyl0fovt18hy2cyjyhtf	1	1	120	30	0	Go	GAL	1	1	0.629	1	0.0	1	0.9765	0.9778348234352605	-0.022603935295142655
y6mtiyl0fovt18hy2cyjyhtf	1	1	4	1	0	No-Go	NGAL	0	1	0.577	0	1.0	1	0.6592	0.662905098114095	-0.4176033886820681
y6mtiyl0fovt18hy2cyjyhtf	1	1	7	2	0	No-Go	NGAL	0	1	0.465	0	0.0	0	0.7752	0.776960560579151	-0.2561844226477297
y6mtiyl0fovt18hy2cyjyhtf	1	1	9	3	0	No-Go	NGAL	0	0		1	0.0	1	0.6496	0.3481551610204873	-1.0793562525656315
y6mtiyl0fovt18hy2cyjyhtf	1	1	16	4	0	No-Go	NGAL	0	0		1	0.0	1	0.5042	0.48720880112593407	-0.7352166777982981
y6mtiyl0fovt18hy2cyjyhtf	1	1	19	5	0	No-Go	NGAL	0	1	1.31	0	0.0	0	0.3846	0.3840295494654927	-0.9878221271757193
y6mtiyl0fovt18hy2cyjyhtf	1	1	22	6	0	No-Go	NGAL	0	0		1	1.0	0	0.266	0.7373848766729338	-0.3128699517842246
y6mtiyl0fovt18hy2cyjyhtf	1	1	27	7	0	No-Go	NGAL	0	1	0.674	0	0.0	0	0.2945	0.2873821999844501	-1.3033018811440134
y6mtiyl0fovt18hy2cyjyhtf	1	1	29	8	0	No-Go	NGAL	0	1	0.807	0	0.0	0	0.1966	0.19543670175063602	-1.7334542226938898
y6mtiyl0fovt18hy2cyjyhtf	1	1	34	9	0	No-Go	NGAL	0	0		1	0.0	1	0.1319	0.8669399445895979	-0.14627950447927462
y6mtiyl0fovt18hy2cyjyhtf	1	1	38	10	0	No-Go	NGAL	0	0		1	0.0	1	0.0912	0.9122585131255971	-0.09382718470487049
y6mtiyl0fovt18hy2cyjyhtf	1	1	43	11	0	No-Go	NGAL	0	0		1	0.0	1	0.0576	0.9408785301014777	-0.06206682386670341
y6mtiyl0fovt18hy2cyjyhtf	1	1	48	12	0	No-Go	NGAL	0	0		1	0.0	1	0.0409	0.959167444348214	-0.04232933029108931
y6mtiyl0fovt18hy2cyjyhtf	1	1	49	13	0	No-Go	NGAL	0	0		1	1.0	0	0.0294	0.9710736828850329	-0.029723443646873758
y6mtiyl0fovt18hy2cyjyhtf	1	1	56	14	0	No-Go	NGAL	0	1	1.051	0	0.0	0	0.0323	0.03312725550113827	-3.7821361984413255
y6mtiyl0fovt18hy2cyjyhtf	1	1	59	15	0	No-Go	NGAL	0	0		1	0.0	1	0.0219	0.9777219048885565	-0.02277397205816912
y6mtiyl0fovt18hy2cyjyhtf	1	1	61	16	0	No-Go	NGAL	0	0		1	0.0	1	0.0163	0.9840177628056465	-0.016253800638277353
y6mtiyl0fovt18hy2cyjyhtf	1	1	66	17	0	No-Go	NGAL	0	0		1	0.0	1	0.0127	0.988236891604422	-0.011918665987722446
y6mtiyl0fovt18hy2cyjyhtf	1	1	69	18	0	No-Go	NGAL	0	0		1	0.0	1	0.0078	0.9911320430361613	-0.008960900229610847
y6mtiyl0fovt18hy2cyjyhtf	1	1	75	19	0	No-Go	NGAL	0	0		1	0.0	1	0.0075	0.9931631719494498	-0.006894616996619515
y6mtiyl0fovt18hy2cyjyhtf	1	1	77	20	0	No-Go	NGAL	0	0		1	1.0	0	0.0052	0.9946177657421275	-0.005419551421628809
y6mtiyl0fovt18hy2cyjyhtf	1	1	81	21	0	No-Go	NGAL	0	0		1	0.0	1	0.0056	0.9936889089952727	-0.006360661299939841
y6mtiyl0fovt18hy2cyjyhtf	1	1	86	22	0	No-Go	NGAL	0	0		1	0.0	1	0.0046	0.9950047882118237	-0.005027581763785314
y6mtiyl0fovt18hy2cyjyhtf	1	1	92	23	0	No-Go	NGAL	0	0		1	0.0	1	0.0044	0.9959684683490341	-0.004053465488320501
y6mtiyl0fovt18hy2cyjyhtf	1	1	94	24	0	No-Go	NGAL	0	0		1	0.0	1	0.0025	0.9966870242504455	-0.0033283624405423184
y6mtiyl0fovt18hy2cyjyhtf	1	1	100	25	0	No-Go	NGAL	0	0		1	1.0	0	0.0025	0.9972316828586272	-0.0027794691475152267
y6mtiyl0fovt18hy2cyjyhtf	1	1	104	26	0	No-Go	NGAL	0	0		1	0.0	1	0.0021	0.9966974739850443	-0.00331826038216973
y6mtiyl0fovt18hy2cyjyhtf	1	1	107	27	0	No-Go	NGAL	0	0		1	0.0	1	0.0029	0.9972439401985772	-0.0027673936306124094
y6mtiyl0fovt18hy2cyjyhtf	1	1	112	28	0	No-Go	NGAL	0	0		1	0.0	1	0.0022	0.9976627827770761	-0.0023456624029745757
y6mtiyl0fovt18hy2cyjyhtf	1	1	116	29	0	No-Go	NGAL	0	0		1	1.0	0	0.002	0.9979886877053097	-0.0020177996495922054
y6mtiyl0fovt18hy2cyjyhtf	1	1	119	30	0	No-Go	NGAL	0	0		1	0.0	1	0.0026	0.9975690880165093	-0.0024406669185558162
y6mtiyl0fovt18hy2cyjyhtf	1	2	124	1	0	Go	GAL	1	1	0.664	1	0.0	1	0.6679	0.662905098114095	-0.4176033886820681
y6mtiyl0fovt18hy2cyjyhtf	1	2	125	2	0	Go	GAL	1	1	0.584	1	0.0	1	0.7678	0.776960560579151	-0.2561844226477297
y6mtiyl0fovt18hy2cyjyhtf	1	2	131	3	0	Go	GAL	1	1	0.553	1	0.0	1	0.8589	0.8538289948636928	-0.1603372261899276
y6mtiyl0fovt18hy2cyjyhtf	1	2	136	4	0	Go	GAL	1	1	0.63	1	1.0	0	0.9044	0.9032396568717117	-0.10312548874296731
y6mtiyl0fovt18hy2cyjyhtf	1	2	139	5	0	Go	GAL	1	1	0.638	1	0.0	1	0.8247	0.824258246060021	-0.19573045611787931
y6mtiyl0fovt18hy2cyjyhtf	1	2	142	6	0	Go	GAL	1	1	0.554	1	0.0	1	0.8922	0.8847853492292025	-0.12388779539927403
y6mtiyl0fovt18hy2cyjyhtf	1	2	148	7	0	Go	GAL	1	1	0.48	1	0.0	1	0.9196	0.9231376700605739	-0.08085234118769057
y6mtiyl0fovt18hy2cyjyhtf	1	2	152	8	0	Go	GAL	1	1	0.501	1	0.0	1	0.9463	0.9474991689583574	-0.05444403554359001
y6mtiyl0fovt18hy2cyjyhtf	1	2	153	9	0	Go	GAL	1	1	0.652	1	0.0	1	0.9643	0.9632067667857113	-0.03779203902150159
y6mtiyl0fovt18hy2cyjyhtf	1	2	159	10	0	Go	GAL	1	1	0.578	1	1.0	0	0.9734	0.9735413524772392	-0.026998734811845997
y6mtiyl0fovt18hy2cyjyhtf	1	2	163	11	0	Go	GAL	1	1	0.34	1	0.0	1	0.9443	0.9437038944690992	-0.058426001064267936
y6mtiyl0fovt18hy2cyjyhtf	1	2	167	12	0	Go	GAL	1	1	0.53	1	0.0	1	0.9634	0.9609440668172938	-0.04012667397415979
y6mtiyl0fovt18hy2cyjyhtf	1	2	172	13	0	Go	GAL	1	1	0.444	1	0.0	1	0.9723	0.9721391755863605	-0.02843232767447712
y6mtiyl0fovt18hy2cyjyhtf	1	2	175	14	0	Go	GAL	1	1	0.716	1	1.0	0	0.9812	0.97958845385202	-0.02073339167766988
y6mtiyl0fovt18hy2cyjyhtf	1	2	179	15	0	Go	GAL	1	1	0.452	1	0.0	1	0.9528	0.9549551533534408	-0.046465884888306594
y6mtiyl0fovt18hy2cyjyhtf	1	2	182	16	0	Go	GAL	1	1	0.512	1	0.0	1	0.9671	0.9683817912889925	-0.0323434093670884
y6mtiyl0fovt18hy2cyjyhtf	1	2	187	17	0	Go	GAL	1	1	0.497	1	0.0	1	0.9774	0.977151481677409	-0.02324417260133906
y6mtiyl0fovt18hy2cyjyhtf	1	2	191	18	0	Go	GAL	1	1	0.466	1	1.0	0	0.9855	0.9830348647885252	-0.017193735776520436
y6mtiyl0fovt18hy2cyjyhtf	1	2	194	19	0	Go	GAL	1	1	0.509	1	0.0	1	0.9636	0.9615384374229776	-0.03956653209501979
y6mtiyl0fovt18hy2cyjyhtf	1	2	199	20	0	Go	GAL	1	1	0.603	1	0.0	1	0.9712	0.9727814646939219	-0.027784913366018904
y6mtiyl0fovt18hy2cyjyhtf	1	2	203	21	0	Go	GAL	1	1	0.57	1	0.0	1	0.9818	0.9801529372483555	-0.020159464340078218
y6mtiyl0fovt18hy2cyjyhtf	1	2	207	22	0	Go	GAL	1	1	0.561	1	0.0	1	0.9858	0.9851248752452754	-0.015058299295408365
y6mtiyl0fovt18hy2cyjyhtf	1	2	209	23	0	Go	GAL	1	1	0.611	1	1.0	0	0.9894	0.9885678551904653	-0.01154536464857312
y6mtiyl0fovt18hy2cyjyhtf	1	2	215	24	0	Go	GAL	1	1	0.477	1	0.0	1	0.9712	0.9728964670945716	-0.027712155581707473
y6mtiyl0fovt18hy2cyjyhtf	1	2	220	25	0	Go	GAL	1	1	0.37	1	0.0	1	0.9796	0.9803278181475609	-0.019998253495200343
y6mtiyl0fovt18hy2cyjyhtf	1	2	223	26	0	Go	GAL	1	1	0.804	1	0.0	1	0.9873	0.9852981883965218	-0.014889691959625076
y6mtiyl0fovt18hy2cyjyhtf	1	2	225	27	0	Go	GAL	1	1	0.625	1	1.0	0	0.9889	0.9887190572170551	-0.011395892204054067
y6mtiyl0fovt18hy2cyjyhtf	1	2	232	28	0	Go	GAL	1	1	0.662	1	0.0	1	0.9757	0.9730161371721524	-0.027630959142213026
y6mtiyl0fovt18hy2cyjyhtf	1	2	235	29	0	Go	GAL	1	1	0.492	1	0.0	1	0.9817	0.980480255741738	-0.019858842330391802
y6mtiyl0fovt18hy2cyjyhtf	1	2	239	30	0	Go	GAL	1	1	0.571	1	0.0	1	0.9875	0.9854432042169319	-0.014749426634711703
y6mtiyl0fovt18hy2cyjyhtf	1	2	122	1	1	Go	GW	1	1	0.52	1	0.0	1	0.6836	0.6851582302127669	-0.3988985727582751
y6mtiyl0fovt18hy2cyjyhtf	1	2	127	2	1	Go	GW	1	1	0.577	1	0.0	1	0.932	0.9350643809954919	-0.06816362966614249
y6mtiyl0fovt18hy2cyjyhtf	1	2	130	3	1	Go	GW	1	1	0.53	1	1.0	0	0.9833	0.9813787600884667	-0.01894637299524586
y6mtiyl0fovt18hy2cyjyhtf	1	2	133	4	1	Go	GW	1	1	0.422	1	0.0	1	0.9619	0.95978490158047	-0.04148358470815317
y6mtiyl0fovt18hy2cyjyhtf	1	2	137	5	1	Go	GW	1	1	0.458	1	0.0	1	0.9886	0.9869370862085589	-0.013232213325477898
y6mtiyl0fovt18hy2cyjyhtf	1	2	143	6	1	Go	GW	1	1	0.471	1	0.0	1	0.9933	0.9942279507467234	-0.005811489622148079
y6mtiyl0fovt18hy2cyjyhtf	1	2	145	7	1	Go	GW	1	1	0.438	1	1.0	0	0.9962	0.9968002317570612	-0.003213617543403625
y6mtiyl0fovt18hy2cyjyhtf	1	2	150	8	1	Go	GW	1	1	0.473	1	0.0	1	0.9911	0.9916748485807869	-0.008408945926106205
y6mtiyl0fovt18hy2cyjyhtf	1	2	154	9	1	Go	GW	1	1	0.473	1	0.0	1	0.9963	0.9958963670521672	-0.004126716044176002
y6mtiyl0fovt18hy2cyjyhtf	1	2	160	10	1	Go	GW	1	1	0.577	1	0.0	1	0.9968	0.9975019761200252	-0.002507696302060439
y6mtiyl0fovt18hy2cyjyhtf	1	2	164	11	1	Go	GW	1	1	0.488	1	0.0	1	0.9985	0.9982364049199008	-0.0017690048884676205
y6mtiyl0fovt18hy2cyjyhtf	1	2	165	12	1	Go	GW	1	1	0.699	1	0.0	1	0.9986	0.9986162603592981	-0.0013874524264465467
y6mtiyl0fovt18hy2cyjyhtf	1	2	169	13	1	Go	GW	1	1	0.474	1	1.0	0	0.9985	0.9988304186851872	-0.0011725077017210172
y6mtiyl0fovt18hy2cyjyhtf	1	2	174	14	1	Go	GW	1	1	0.443	1	0.0	1	0.9967	0.9965057463844769	-0.003519769242886067
y6mtiyl0fovt18hy2cyjyhtf	1	2	177	15	1	Go	GW	1	1	0.398	1	0.0	1	0.9978	0.9978461713062857	-0.0021632975636303353
y6mtiyl0fovt18hy2cyjyhtf	1	2	184	16	1	Go	GW	1	1	0.359	1	0.0	1	0.9978	0.9984332501980043	-0.001571992303305165
y6mtiyl0fovt18hy2cyjyhtf	1	2	185	17	1	Go	GW	1	1	0.618	1	0.0	1	0.9993	0.9987350940462089	-0.0012685369580420337
y6mtiyl0fovt18hy2cyjyhtf	1	2	190	18	1	Go	GW	1	1	0.482	1	1.0	0	0.9993	0.9989060522530347	-0.0010968335126972232
y6mtiyl0fovt18hy2cyjyhtf	1	2	193	19	1	Go	GW	1	1	0.405	1	0.0	1	0.9969	0.9966723671441506	-0.003353566449561242
y6mtiyl0fovt18hy2cyjyhtf	1	2	200	20	1	Go	GW	1	1	0.609	1	0.0	1	0.9987	0.997943406011616	-0.0020659894292360727
y6mtiyl0fovt18hy2cyjyhtf	1	2	202	21	1	Go	GW	1	1	0.468	1	1.0	0	0.9986	0.9984918599109518	-0.0015133211705411068
y6mtiyl0fovt18hy2cyjyhtf	1	2	205	22	1	Go	GW	1	1	0.49	1	0.0	1	0.9953	0.9955343935224661	-0.004510016206655549
y6mtiyl0fovt18hy2cyjyhtf	1	2	211	23	1	Go	GW	1	1	0.614	1	0.0	1	0.9987	0.9974929377020171	-0.0025203146584761925
y6mtiyl0fovt18hy2cyjyhtf	1	2	216	24	1	Go	GW	1	1	0.548	1	0.0	1	0.998	0.998273736332672	-0.0017327271654621833
y6mtiyl0fovt18hy2cyjyhtf	1	2	218	25	1	Go	GW	1	1	0.475	1	0.0	1	0.9985	0.9986529898645358	-0.0013511520107667677
y6mtiyl0fovt18hy2cyjyhtf	1	2	221	26	1	Go	GW	1	1	0.598	1	1.0	0	0.9988	0.9988600984685463	-0.0011430373823374414
y6mtiyl0fovt18hy2cyjyhtf	1	2	228	27	1	Go	GW	1	1	0.4	1	0.0	1	0.9965	0.996537817922861	-0.003490169255557603
y6mtiyl0fovt18hy2cyjyhtf	1	2	230	28	1	Go	GW	1	1	0.384	1	0.0	1	0.9984	0.9978901253467404	-0.002119777625433075
y6mtiyl0fovt18hy2cyjyhtf	1	2	233	29	1	Go	GW	1	1	0.576	1	0.0	1	0.9985	0.9984667871302069	-0.0015385761723161276
y6mtiyl0fovt18hy2cyjyhtf	1	2	240	30	1	Go	GW	1	1	0.476	1	0.0	1	0.9991	0.998759023001391	-0.0012446536560496893
y6mtiyl0fovt18hy2cyjyhtf	1	2	123	1	1	No-Go	NGW	0	0		1	0.0	1	0.6841	0.314841769787233	-1.2508023073300283
y6mtiyl0fovt18hy2cyjyhtf	1	2	126	2	1	No-Go	NGW	0	1	0.845	0	0.0	0	0.5573	0.554801162534	-0.6264229677239687
y6mtiyl0fovt18hy2cyjyhtf	1	2	129	3	1	No-Go	NGW	0	0		1	1.0	0	0.4097	0.5839997478461902	-0.5705026504835642
y6mtiyl0fovt18hy2cyjyhtf	1	2	134	4	1	No-Go	NGW	0	0		1	0.0	1	0.5727	0.4334204028093518	-0.8957122062716389
y6mtiyl0fovt18hy2cyjyhtf	1	2	140	5	1	No-Go	NGW	0	0		1	0.0	1	0.4236	0.5734251785083571	-0.5900182326069611
y6mtiyl0fovt18hy2cyjyhtf	1	2	144	6	1	No-Go	NGW	0	0		1	1.0	0	0.3045	0.6921312968927272	-0.38738578366463133
y6mtiyl0fovt18hy2cyjyhtf	1	2	146	7	1	No-Go	NGW	0	1	0.816	0	0.0	0	0.463	0.4590534043884616	-0.8327084181393197
y6mtiyl0fovt18hy2cyjyhtf	1	2	151	8	1	No-Go	NGW	0	0		1	0.0	1	0.3411	0.6627540111187679	-0.43330083194302255
y6mtiyl0fovt18hy2cyjyhtf	1	2	155	9	1	No-Go	NGW	0	0		1	0.0	1	0.2306	0.7686503456226276	-0.2749601616956255
y6mtiyl0fovt18hy2cyjyhtf	1	2	157	10	1	No-Go	NGW	0	0		1	0.0	1	0.1642	0.8426284578172616	-0.1776780082901509
y6mtiyl0fovt18hy2cyjyhtf	1	2	161	11	1	No-Go	NGW	0	0		1	1.0	0	0.1078	0.8921428107770797	-0.11766878278280914
y6mtiyl0fovt18hy2cyjyhtf	1	2	168	12	1	No-Go	NGW	0	0		1	0.0	1	0.1937	0.8040263391617228	-0.22667928832941178
y6mtiyl0fovt18hy2cyjyhtf	1	2	170	13	1	No-Go	NGW	0	0		1	0.0	1	0.1296	0.8669546298977261	-0.14734613550815237
y6mtiyl0fovt18hy2cyjyhtf	1	2	176	14	1	No-Go	NGW	0	0		1	0.0	1	0.0906	0.9085121560727175	-0.09846230479962742
y6mtiyl0fovt18hy2cyjyhtf	1	2	180	15	1	No-Go	NGW	0	0		1	0.0	1	0.063	0.9358533009409999	-0.06771381790217551
y6mtiyl0fovt18hy2cyjyhtf	1	2	183	16	1	No-Go	NGW	0	1	0.353	0	1.0	1	0.0477	0.045988787441520976	-3.405268605463336
y6mtiyl0fovt18hy2cyjyhtf	1	2	186	17	1	No-Go	NGW	0	0		1	0.0	1	0.2912	0.7093492610211857	-0.3545093020790692
y6mtiyl0fovt18hy2cyjyhtf	1	2	192	18	1	No-Go	NGW	0	0		1	0.0	1	0.2269	0.7725237396506707	-0.26576883718465094
y6mtiyl0fovt18hy2cyjyhtf	1	2	195	19	1	No-Go	NGW	0	0		1	0.0	1	0.1845	0.8210981452407164	-0.20254422886320703
y6mtiyl0fovt18hy2cyjyhtf	1	2	198	20	1	No-Go	NGW	0	0		1	0.0	1	0.1368	0.8579368813888967	-0.15716310551085
y6mtiyl0fovt18hy2cyjyhtf	1	2	204	21	1	No-Go	NGW	0	0		1	1.0	0	0.1144	0.8857677589755031	-0.12423131039135249
y6mtiyl0fovt18hy2cyjyhtf	1	2	208	22	1	No-Go	NGW	0	0		1	0.0	1	0.2482	0.7588816196452067	-0.2913203382882398
y6mtiyl0fovt18hy2cyjyhtf	1	2	212	23	1	No-Go	NGW	0	0		1	0.0	1	0.196	0.8107486238093661	-0.21960620818748752
y6mtiyl0fovt18hy2cyjyhtf	1	2	214	24	1	No-Go	NGW	0	0		1	0.0	1	0.1531	0.850174974251397	-0.16886415021750611
y6mtiyl0fovt18hy2cyjyhtf	1	2	217	25	1	No-Go	NGW	0	0		1	0.0	1	0.1146	0.8799364423525647	-0.13247515913702765
y6mtiyl0fovt18hy2cyjyhtf	1	2	224	26	1	No-Go	NGW	0	0		1	0.0	1	0.0996	0.9024251251064005	-0.10598387584438472
y6mtiyl0fovt18hy2cyjyhtf	1	2	226	27	1	No-Go	NGW	0	0		1	0.0	1	0.0859	0.9195179899168036	-0.08639579949658713
y6mtiyl0fovt18hy2cyjyhtf	1	2	231	28	1	No-Go	NGW	0	0		1	0.0	1	0.0666	0.9326216630325089	-0.07168733912650563
y6mtiyl0fovt18hy2cyjyhtf	1	2	236	29	1	No-Go	NGW	0	0		1	0.0	1	0.0559	0.9427678210233406	-0.060477851424155966
y6mtiyl0fovt18hy2cyjyhtf	1	2	238	30	1	No-Go	NGW	0	0		1	1.0	0	0.0464	0.9507070760806393	-0.05181406225159771
y6mtiyl0fovt18hy2cyjyhtf	1	2	121	1	0	No-Go	NGAL	0	0		1	1.0	0	0.6616	0.33709490188590496	-1.1131926207068998
y6mtiyl0fovt18hy2cyjyhtf	1	2	128	2	0	No-Go	NGAL	0	1	0.752	0	0.0	0	0.6904	0.6868117857138691	-0.38175432290273115
y6mtiyl0fovt18hy2cyjyhtf	1	2	132	3	0	No-Go	NGAL	0	1	0.88	0	0.0	0	0.5492	0.5523500940936749	-0.6052396592658826
y6mtiyl0fovt18hy2cyjyhtf	1	2	135	4	0	No-Go	NGAL	0	0		1	0.0	1	0.4252	0.5780823251025398	-0.5608921898081279
y6mtiyl0fovt18hy2cyjyhtf	1	2	138	5	0	No-Go	NGAL	0	0		1	0.0	1	0.2974	0.7092608894389548	-0.3524661878872697
y6mtiyl0fovt18hy2cyjyhtf	1	2	141	6	0	No-Go	NGAL	0	0		1	1.0	0	0.2009	0.8039146944094443	-0.2240364464030034
y6mtiyl0fovt18hy2cyjyhtf	1	2	147	7	0	No-Go	NGAL	0	1	0.721	0	0.0	0	0.2154	0.21605753788029305	-1.6210587210921188
y6mtiyl0fovt18hy2cyjyhtf	1	2	149	8	0	No-Go	NGAL	0	0		1	0.0	1	0.1484	0.8523173921085134	-0.1638271566626476
y6mtiyl0fovt18hy2cyjyhtf	1	2	156	9	0	No-Go	NGAL	0	0		1	0.0	1	0.0924	0.9028350454008803	-0.10451723881194584
y6mtiyl0fovt18hy2cyjyhtf	1	2	158	10	0	No-Go	NGAL	0	0		1	0.0	1	0.0627	0.9347698320771167	-0.06875210480256026
y6mtiyl0fovt18hy2cyjyhtf	1	2	162	11	0	No-Go	NGAL	0	0		1	0.0	1	0.042	0.9551388773471655	-0.04663380954652591
y6mtiyl0fovt18hy2cyjyhtf	1	2	166	12	0	No-Go	NGAL	0	0		1	0.0	1	0.0307	0.9683575302555598	-0.032578181260620294
y6mtiyl0fovt18hy2cyjyhtf	1	2	171	13	0	No-Go	NGAL	0	0		1	1.0	0	0.0223	0.9771152263814266	-0.023401642619647948
y6mtiyl0fovt18hy2cyjyhtf	1	2	173	14	0	No-Go	NGAL	0	0		1	0.0	1	0.0232	0.9736353140897221	-0.02702848660908365
y6mtiyl0fovt18hy2cyjyhtf	1	2	178	15	0	No-Go	NGAL	0	0		1	0.0	1	0.0191	0.9806968579712179	-0.01967799533670684
y6mtiyl0fovt18hy2cyjyhtf	1	2	181	16	0	No-Go	NGAL	0	0		1	0.0	1	0.0152	0.9855238329103355	-0.014697307181253361
y6mtiyl0fovt18hy2cyjyhtf	1	2	188	17	0	No-Go	NGAL	0	0		1	0.0	1	0.0109	0.9888955761049903	-0.011240380337490575
y6mtiyl0fovt18hy2cyjyhtf	1	2	189	18	0	No-Go	NGAL	0	0		1	0.0	1	0.01	0.9912994674655773	-0.008787459584160197
y6mtiyl0fovt18hy2cyjyhtf	1	2	196	19	0	No-Go	NGAL	0	0		1	0.0	1	0.0054	0.993046431090809	-0.007011262165571439
y6mtiyl0fovt18hy2cyjyhtf	1	2	197	20	0	No-Go	NGAL	0	0		1	1.0	0	0.0059	0.9943387950561344	-0.005700883275921962
y6mtiyl0fovt18hy2cyjyhtf	1	2	201	21	0	No-Go	NGAL	0	0		1	0.0	1	0.0062	0.9932959763902914	-0.006758382217007728
y6mtiyl0fovt18hy2cyjyhtf	1	2	206	22	0	No-Go	NGAL	0	0		1	0.0	1	0.0052	0.9945310691960174	-0.00550648145762396
y6mtiyl0fovt18hy2cyjyhtf	1	2	210	23	0	No-Go	NGAL	0	0		1	0.0	1	0.0046	0.9954599373243885	-0.004566932119465841
y6mtiyl0fovt18hy2cyjyhtf	1	2	213	24	0	No-Go	NGAL	0	0		1	0.0	1	0.0025	0.9961697432521655	-0.003850121198669843
y6mtiyl0fovt18hy2cyjyhtf	1	2	219	25	0	No-Go	NGAL	0	0		1	1.0	0	0.0047	0.996720105547442	-0.003295032361937573
y6mtiyl0fovt18hy2cyjyhtf	1	2	222	26	0	No-Go	NGAL	0	0		1	0.0	1	0.0041	0.9960491330495124	-0.003973138128538523
y6mtiyl0fovt18hy2cyjyhtf	1	2	227	27	0	No-Go	NGAL	0	0		1	0.0	1	0.0037	0.9966320668125911	-0.0033845987471855022
y6mtiyl0fovt18hy2cyjyhtf	1	2	229	28	0	No-Go	NGAL	0	0		1	0.0	1	0.0025	0.9970866488973399	-0.002926244412835685
y6mtiyl0fovt18hy2cyjyhtf	1	2	234	29	0	No-Go	NGAL	0	0		1	1.0	0	0.0033	0.9974461353001203	-0.002564132841120237
y6mtiyl0fovt18hy2cyjyhtf	1	2	237	30	0	No-Go	NGAL	0	0		1	0.0	1	0.0033	0.9968844354206982	-0.003131761252422018
yewselly2twm866hfeimbufp	1	1	7	2	0	Go	GAL	1	1	0.806	1	0.0	1	0.6044	0.6008484336837918	-0.5180205080541729
yewselly2twm866hfeimbufp	1	1	10	3	0	Go	GAL	1	0		0	0.0	0	0.6526	0.3477552295479089	-1.0833310206167603
yewselly2twm866hfeimbufp	1	1	14	4	0	Go	GAL	1	1	0.711	1	1.0	0	0.695	0.6957131643047728	-0.3684533604261411
yewselly2twm866hfeimbufp	1	1	20	5	0	Go	GAL	1	0		0	0.0	0	0.6442	0.3594359734744039	-1.0419025511030944
yewselly2twm866hfeimbufp	1	1	23	6	0	Go	GAL	1	0		0	0.0	0	0.6758	0.31705057253951247	-1.1756427968504581
yewselly2twm866hfeimbufp	1	1	28	7	0	Go	GAL	1	1	0.74	1	1.0	0	0.7212	0.7204817867324087	-0.33380282505008824
yewselly2twm866hfeimbufp	1	1	30	8	0	Go	GAL	1	1	0.902	1	0.0	1	0.6746	0.6704018095353972	-0.40717023912969774
yewselly2twm866hfeimbufp	1	1	35	9	0	Go	GAL	1	0		0	0.0	0	0.7183	0.2802693190754943	-1.3150028270403662
yewselly2twm866hfeimbufp	1	1	39	10	0	Go	GAL	1	1	0.747	1	0.0	1	0.7447	0.7526627408795199	-0.2905698657385729
yewselly2twm866hfeimbufp	1	1	42	11	0	Go	GAL	1	1	0.781	1	1.0	0	0.7936	0.7910410249762201	-0.23961945124035136
yewselly2twm866hfeimbufp	1	1	45	12	0	Go	GAL	1	1	0.692	1	0.0	1	0.7474	0.7480844026845849	-0.2967221679837015
yewselly2twm866hfeimbufp	1	1	52	13	0	Go	GAL	1	1	0.615	1	0.0	1	0.7895	0.7874737624080556	-0.24414186428796816
yewselly2twm866hfeimbufp	1	1	55	14	0	Go	GAL	1	1	0.936	1	0.0	1	0.8189	0.8204879035937395	-0.2020486547666882
yewselly2twm866hfeimbufp	1	1	57	15	0	Go	GAL	1	1	0.89	1	0.0	1	0.8466	0.8481433187398368	-0.1680421572979899
yewselly2twm866hfeimbufp	1	1	62	16	0	Go	GAL	1	1	0.631	1	1.0	0	0.8713	0.8712862445060687	-0.14041820414546421
yewselly2twm866hfeimbufp	1	1	67	17	0	Go	GAL	1	1	0.666	1	0.0	1	0.8423	0.8390133125602258	-0.17892699940385728
yewselly2twm866hfeimbufp	1	1	71	18	0	Go	GAL	1	1	0.734	1	0.0	1	0.8614	0.8641491055840195	-0.14869642967507074
yewselly2twm866hfeimbufp	1	1	76	19	0	Go	GAL	1	1	0.649	1	0.0	1	0.8843	0.8849562215988681	-0.12434163548602642
yewselly2twm866hfeimbufp	1	1	78	20	0	Go	GAL	1	1	0.798	1	0.0	1	0.9034	0.9022420388582364	-0.1045482254318853
yewselly2twm866hfeimbufp	1	1	84	21	0	Go	GAL	1	1	0.778	1	0.0	1	0.9125	0.916635069753865	-0.08836664835744183
yewselly2twm866hfeimbufp	1	1	85	22	0	Go	GAL	1	1	1.38	1	0.0	1	0.9279	0.928643157794189	-0.0750734594825993
yewselly2twm866hfeimbufp	1	1	92	23	0	Go	GAL	1	1	1.487	1	0.0	1	0.9368	0.9386818016463218	-0.06410521649771064
yewselly2twm866hfeimbufp	1	1	96	24	0	Go	GAL	1	1	0.669	1	1.0	0	0.9441	0.9470922486425483	-0.05501795635549668
yewselly2twm866hfeimbufp	1	1	98	25	0	Go	GAL	1	1	1.183	1	0.0	1	0.9307	0.9298651570616372	-0.073811222143049
yewselly2twm866hfeimbufp	1	1	101	26	0	Go	GAL	1	1	0.79	1	0.0	1	0.9436	0.9400928093482945	-0.06261361353085372
yewselly2twm866hfeimbufp	1	1	107	27	0	Go	GAL	1	1	0.648	1	0.0	1	0.9525	0.9484943481647932	-0.05354238780980602
yewselly2twm866hfeimbufp	1	1	110	28	0	Go	GAL	1	1	1.356	1	0.0	1	0.9545	0.9554665931020776	-0.04608983084598595
yewselly2twm866hfeimbufp	1	1	116	29	0	Go	GAL	1	1	0.657	1	1.0	0	0.9606	0.9612903803725665	-0.039915471540560146
yewselly2twm866hfeimbufp	1	1	117	30	0	Go	GAL	1	1	0.684	1	0.0	1	0.95	0.9473550363299752	-0.055022649460004985
yewselly2twm866hfeimbufp	1	1	3	1	1	Go	GW	1	1	0.446	1	0.0	1	0.6977	0.6956878948021588	-0.3742443310890184
yewselly2twm866hfeimbufp	1	1	8	2	1	Go	GW	1	1	0.438	1	0.0	1	0.7617	0.757105851736485	-0.28350536232061757
yewselly2twm866hfeimbufp	1	1	9	3	1	Go	GW	1	1	0.54	1	0.0	1	0.7969	0.8044673273273345	-0.2211280541539015
yewselly2twm866hfeimbufp	1	1	13	4	1	Go	GW	1	1	0.73	1	1.0	0	0.8341	0.8412237773097688	-0.1756735604453666
yewselly2twm866hfeimbufp	1	1	17	5	1	Go	GW	1	1	0.664	1	0.0	1	0.7986	0.803247454812023	-0.22232231665147023
yewselly2twm866hfeimbufp	1	1	21	6	1	Go	GW	1	1	0.744	1	0.0	1	0.8388	0.8404482235896383	-0.17664249459738862
yewselly2twm866hfeimbufp	1	1	26	7	1	Go	GW	1	1	0.658	1	0.0	1	0.8717	0.86918372464616	-0.14265183051595773
yewselly2twm866hfeimbufp	1	1	29	8	1	Go	GW	1	1	0.626	1	0.0	1	0.8897	0.8917666197333063	-0.11662954577142873
yewselly2twm866hfeimbufp	1	1	34	9	1	Go	GW	1	1	0.65	1	0.0	1	0.9111	0.909709364950619	-0.09636482768513459
yewselly2twm866hfeimbufp	1	1	40	10	1	Go	GW	1	1	0.54	1	1.0	0	0.9251	0.9240910968009597	-0.08037912200771603
yewselly2twm866hfeimbufp	1	1	41	11	1	Go	GW	1	1	0.505	1	0.0	1	0.902	0.9012883513148306	-0.10607712927825241
yewselly2twm866hfeimbufp	1	1	48	12	1	Go	GW	1	1	0.495	1	0.0	1	0.9189	0.9179727252466667	-0.0872890507110956
yewselly2twm866hfeimbufp	1	1	50	13	1	Go	GW	1	1	0.584	1	1.0	0	0.9313	0.9309682454504378	-0.0729344946907369
yewselly2twm866hfeimbufp	1	1	54	14	1	Go	GW	1	1	0.594	1	0.0	1	0.908	0.9094276092497697	-0.09731850908017818
yewselly2twm866hfeimbufp	1	1	58	15	1	Go	GW	1	1	0.622	1	0.0	1	0.9257	0.9247725779010815	-0.07997066387778157
yewselly2twm866hfeimbufp	1	1	64	16	1	Go	GW	1	1	0.603	1	0.0	1	0.9339	0.9365646906316993	-0.06696139860431817
yewselly2twm866hfeimbufp	1	1	65	17	1	Go	GW	1	1	0.608	1	0.0	1	0.9453	0.945953137448975	-0.0567299884593159
yewselly2twm866hfeimbufp	1	1	69	18	1	Go	GW	1	1	0.655	1	0.0	1	0.9538	0.9535601155295647	-0.04851604013943595
yewselly2twm866hfeimbufp	1	1	74	19	1	Go	GW	1	1	0.544	1	0.0	1	0.9624	0.9597948157120589	-0.04183520956279248
yewselly2twm866hfeimbufp	1	1	79	20	1	Go	GW	1	1	0.601	1	1.0	0	0.967	0.964949419488334	-0.03634805333280318
yewselly2twm866hfeimbufp	1	1	82	21	1	Go	GW	1	1	0.809	1	0.0	1	0.9558	0.9517740847596701	-0.05084490228246036
yewselly2twm866hfeimbufp	1	1	87	22	1	Go	GW	1	1	0.643	1	0.0	1	0.9582	0.9591003456685061	-0.0427342664650181
yewselly2twm866hfeimbufp	1	1	89	23	1	Go	GW	1	1	0.607	1	1.0	0	0.9647	0.9646987930693515	-0.036708994645854365
yewselly2twm866hfeimbufp	1	1	93	24	1	Go	GW	1	1	0.834	1	0.0	1	0.9517	0.951152894989897	-0.051876560989150534
yewselly2twm866hfeimbufp	1	1	100	25	1	Go	GW	1	1	0.57	1	0.0	1	0.9584	0.9589654683766843	-0.043036298363862274
yewselly2twm866hfeimbufp	1	1	102	26	1	Go	GW	1	1	0.793	1	0.0	1	0.9644	0.9647636741189026	-0.036734906967096616
yewselly2twm866hfeimbufp	1	1	108	27	1	Go	GW	1	1	0.786	1	0.0	1	0.9712	0.9693432913347421	-0.031829664114904205
yewselly2twm866hfeimbufp	1	1	109	28	1	Go	GW	1	0		0	0.0	0	0.9733	0.02693520772251364	-4.512001798567876
yewselly2twm866hfeimbufp	1	1	113	29	1	Go	GW	1	1	0.804	1	0.0	1	0.9779	0.9786574721205281	-0.021925960816072926
yewselly2twm866hfeimbufp	1	1	119	30	1	Go	GW	1	1	0.589	1	1.0	0	0.9825	0.9811266756346793	-0.0193492447040017
yewselly2twm866hfeimbufp	1	1	5	2	0	No-Go	NGAL	0	0		1	1.0	0	0.4974	0.5136842005609962	-0.6774754417576576
yewselly2twm866hfeimbufp	1	1	16	4	0	No-Go	NGAL	0	0		1	0.0	1	0.4869	0.5193483738605815	-0.6644831397860428
yewselly2twm866hfeimbufp	1	1	19	5	0	No-Go	NGAL	0	0		1	0.0	1	0.4178	0.578655377407806	-0.5557678049722587
yewselly2twm866hfeimbufp	1	1	22	6	0	No-Go	NGAL	0	0		1	0.0	1	0.3632	0.6327293155508598	-0.46573585640984294
yewselly2twm866hfeimbufp	1	1	27	7	0	No-Go	NGAL	0	0		1	0.0	1	0.3217	0.6812787778134222	-0.39084084187121465
yewselly2twm866hfeimbufp	1	1	32	8	0	No-Go	NGAL	0	0		1	0.0	1	0.271	0.7243197708909669	-0.32851299481678503
yewselly2twm866hfeimbufp	1	1	33	9	0	No-Go	NGAL	0	0		1	0.0	1	0.2349	0.7620730807346278	-0.2766705448498822
yewselly2twm866hfeimbufp	1	1	37	10	0	No-Go	NGAL	0	0		1	1.0	0	0.2109	0.7949005444844844	-0.23356966324365314
yewselly2twm866hfeimbufp	1	1	44	11	0	No-Go	NGAL	0	0		1	0.0	1	0.2435	0.7556492078011389	-0.2846042521807328
yewselly2twm866hfeimbufp	1	1	46	12	0	No-Go	NGAL	0	0		1	1.0	0	0.2123	0.7898314050404144	-0.23957020569888443
yewselly2twm866hfeimbufp	1	1	51	13	0	No-Go	NGAL	0	0		1	0.0	1	0.2441	0.7493816697466753	-0.29358017105325357
yewselly2twm866hfeimbufp	1	1	53	14	0	No-Go	NGAL	0	0		1	0.0	1	0.2095	0.784757525767721	-0.24633826622905808
yewselly2twm866hfeimbufp	1	1	60	15	0	No-Go	NGAL	0	0		1	0.0	1	0.1777	0.8150653811851986	-0.20761735478481017
yewselly2twm866hfeimbufp	1	1	63	16	0	No-Go	NGAL	0	0		1	0.0	1	0.1642	0.8409649061627857	-0.17567679035968542
yewselly2twm866hfeimbufp	1	1	68	17	0	No-Go	NGAL	0	0		1	1.0	0	0.1357	0.8630415906203723	-0.14924283626303025
yewselly2twm866hfeimbufp	1	1	70	18	0	No-Go	NGAL	0	0		1	0.0	1	0.1675	0.8314374745041639	-0.1876904780010702
yewselly2twm866hfeimbufp	1	1	75	19	0	No-Go	NGAL	0	0		1	0.0	1	0.1505	0.8553663857801191	-0.15853732051682615
yewselly2twm866hfeimbufp	1	1	80	20	0	No-Go	NGAL	0	0		1	0.0	1	0.1309	0.8755711265568666	-0.13465833165291968
yewselly2twm866hfeimbufp	1	1	83	21	0	No-Go	NGAL	0	0		1	0.0	1	0.111	0.8926523276443493	-0.11494683994160616
yewselly2twm866hfeimbufp	1	1	88	22	0	No-Go	NGAL	0	0		1	0.0	1	0.0972	0.9071019993181735	-0.09859901342943235
yewselly2twm866hfeimbufp	1	1	91	23	0	No-Go	NGAL	0	0		1	0.0	1	0.0791	0.9193334136877777	-0.08498923304076997
yewselly2twm866hfeimbufp	1	1	95	24	0	No-Go	NGAL	0	0		1	0.0	1	0.0726	0.9296964415731985	-0.07361940021109606
yewselly2twm866hfeimbufp	1	1	99	25	0	No-Go	NGAL	0	0		1	1.0	0	0.0627	0.9384871607386792	-0.06408893457889264
yewselly2twm866hfeimbufp	1	1	104	26	0	No-Go	NGAL	0	0		1	1.0	0	0.0766	0.9206059120081601	-0.08392330170034971
yewselly2twm866hfeimbufp	1	1	105	27	0	No-Go	NGAL	0	0		1	0.0	1	0.0991	0.8983412204105687	-0.11008357319028308
yewselly2twm866hfeimbufp	1	1	111	28	0	No-Go	NGAL	0	0		1	0.0	1	0.0893	0.912850224643564	-0.09294109974931683
yewselly2twm866hfeimbufp	1	1	114	29	0	No-Go	NGAL	0	0		1	0.0	1	0.0742	0.9247724536069849	-0.0794609222795138
yewselly2twm866hfeimbufp	1	1	120	30	0	No-Go	NGAL	0	0		1	0.0	1	0.0645	0.9346768071783341	-0.06850960456332432
yewselly2twm866hfeimbufp	1	1	4	1	1	No-Go	NGW	0	1	0.358	0	0.0	0	0.6919	0.6956878948021588	-0.3742443310890184
yewselly2twm866hfeimbufp	1	1	6	2	1	No-Go	NGW	0	1	0.925	0	0.0	0	0.643	0.6452164426761257	-0.4534226163869975
yewselly2twm866hfeimbufp	1	1	12	3	1	No-Go	NGW	0	1	0.559	0	1.0	1	0.5911	0.5938520672133376	-0.5414004587838914
yewselly2twm866hfeimbufp	1	1	15	4	1	No-Go	NGW	0	1	0.512	0	0.0	0	0.6685	0.67217662917979	-0.40497281952766373
yewselly2twm866hfeimbufp	1	1	18	5	1	No-Go	NGW	0	1	1.033	0	0.0	0	0.6178	0.6198953276270172	-0.4877418105342056
yewselly2twm866hfeimbufp	1	1	24	6	1	No-Go	NGW	0	0		1	0.0	1	0.5695	0.43284398868033896	-0.8587368371416351
yewselly2twm866hfeimbufp	1	1	25	7	1	No-Go	NGW	0	0		1	0.0	1	0.5024	0.4902248476357731	-0.7316006970472873
yewselly2twm866hfeimbufp	1	1	31	8	1	No-Go	NGW	0	0		1	0.0	1	0.4593	0.5449913245865254	-0.6232557503709795
yewselly2twm866hfeimbufp	1	1	36	9	1	No-Go	NGW	0	0		1	0.0	1	0.4048	0.5962726855646672	-0.5308687529940936
yewselly2twm866hfeimbufp	1	1	38	10	1	No-Go	NGW	0	0		1	1.0	0	0.3534	0.6435278811095303	-0.45225460907483855
yewselly2twm866hfeimbufp	1	1	43	11	1	No-Go	NGW	0	1	0.744	0	0.0	0	0.416	0.41911966648376403	-0.8930739266518102
yewselly2twm866hfeimbufp	1	1	47	12	1	No-Go	NGW	0	0		1	0.0	1	0.3808	0.6305162909130376	-0.47165729239816934
yewselly2twm866hfeimbufp	1	1	49	13	1	No-Go	NGW	0	1	0.855	0	0.0	0	0.3302	0.3226690871128465	-1.170469036366011
yewselly2twm866hfeimbufp	1	1	56	14	1	No-Go	NGW	0	1	1.097	0	1.0	1	0.2846	0.28097490971102485	-1.3185432825371448
yewselly2twm866hfeimbufp	1	1	59	15	1	No-Go	NGW	0	1	0.665	0	0.0	0	0.3541	0.3577783488049496	-1.0588757919871241
yewselly2twm866hfeimbufp	1	1	61	16	1	No-Go	NGW	0	1	0.822	0	0.0	0	0.3131	0.3105145313499781	-1.2054822634621443
yewselly2twm866hfeimbufp	1	1	66	17	1	No-Go	NGW	0	1	0.642	0	0.0	0	0.2622	0.26897701846158806	-1.3562626917754734
yewselly2twm866hfeimbufp	1	1	72	18	1	No-Go	NGW	0	1	0.975	0	1.0	1	0.2209	0.23282391734761396	-1.5093202787466429
yewselly2twm866hfeimbufp	1	1	73	19	1	No-Go	NGW	0	1	0.608	0	0.0	0	0.3069	0.3051026648737434	-1.2442640242462697
yewselly2twm866hfeimbufp	1	1	77	20	1	No-Go	NGW	0	0		1	0.0	1	0.2742	0.7368136677022757	-0.31370845654417834
yewselly2twm866hfeimbufp	1	1	81	21	1	No-Go	NGW	0	1	0.927	0	0.0	0	0.2221	0.2268279545904284	-1.555836045780043
yewselly2twm866hfeimbufp	1	1	86	22	1	No-Go	NGW	0	0		1	1.0	0	0.198	0.8056923988159918	-0.22072911657223426
yewselly2twm866hfeimbufp	1	1	90	23	1	No-Go	NGW	0	0		1	0.0	1	0.2448	0.7597145893670617	-0.28299459548093053
yewselly2twm866hfeimbufp	1	1	94	24	1	No-Go	NGW	0	0		1	0.0	1	0.203	0.7949438693030239	-0.23519535880136686
yewselly2twm866hfeimbufp	1	1	97	25	1	No-Go	NGW	0	0		1	0.0	1	0.1754	0.8246953524901445	-0.19710020306860063
yewselly2twm866hfeimbufp	1	1	103	26	1	No-Go	NGW	0	1	0.885	0	1.0	1	0.1445	0.1502245625369242	-2.0040424479568486
yewselly2twm866hfeimbufp	1	1	106	27	1	No-Go	NGW	0	0		1	0.0	1	0.2043	0.7947777111753304	-0.24259982643682235
yewselly2twm866hfeimbufp	1	1	112	28	1	No-Go	NGW	0	1	0.753	0	0.0	0	0.1737	0.17846043833857583	-1.8855884438518897
yewselly2twm866hfeimbufp	1	1	115	29	1	No-Go	NGW	0	1	0.74	0	0.0	0	0.1478	0.14964663273186557	-2.0633218841165624
yewselly2twm866hfeimbufp	1	1	118	30	1	No-Go	NGW	0	0		1	0.0	1	0.1276	0.873880656195174	-0.13856369426194992
yewselly2twm866hfeimbufp	1	2	121	1	0	No-Go	NGAL	0	1	0.757	0	0.0	0	0.5442	0.5442390984957332	-0.6184968601174589
yewselly2twm866hfeimbufp	1	2	128	2	0	No-Go	NGAL	0	0		1	1.0	0	0.4833	0.5136842005609962	-0.6774754417576576
yewselly2twm866hfeimbufp	1	2	131	3	0	No-Go	NGAL	0	1	0.645	0	0.0	0	0.5414	0.5360396441644377	-0.6320056071067384
yewselly2twm866hfeimbufp	1	2	136	4	0	No-Go	NGAL	0	1	0.684	0	0.0	0	0.4775	0.4806516261394185	-0.7436657562966656
yewselly2twm866hfeimbufp	1	2	140	5	0	No-Go	NGAL	0	0		1	0.0	1	0.4237	0.5718454608994632	-0.566843769229263
yewselly2twm866hfeimbufp	1	2	142	6	0	No-Go	NGAL	0	0		1	0.0	1	0.3695	0.6290357575304414	-0.4711667596933272
yewselly2twm866hfeimbufp	1	2	148	7	0	No-Go	NGAL	0	1	0.897	0	0.0	0	0.3159	0.3200572446901687	-1.1766632865119848
yewselly2twm866hfeimbufp	1	2	149	8	0	No-Go	NGAL	0	0		1	0.0	1	0.2736	0.7219910790865585	-0.33158059984396837
yewselly2twm866hfeimbufp	1	2	156	9	0	No-Go	NGAL	0	0		1	0.0	1	0.2438	0.7627736824134111	-0.2758096369524048
yewselly2twm866hfeimbufp	1	2	158	10	0	No-Go	NGAL	0	0		1	1.0	0	0.2008	0.7977734526506545	-0.23009450094940737
yewselly2twm866hfeimbufp	1	2	163	11	0	No-Go	NGAL	0	0		1	0.0	1	0.2383	0.7610534319213633	-0.2777281739059895
yewselly2twm866hfeimbufp	1	2	167	12	0	No-Go	NGAL	0	1	0.72	0	1.0	1	0.2063	0.20337550705098867	-1.66019801240684
yewselly2twm866hfeimbufp	1	2	170	13	0	No-Go	NGAL	0	1	0.973	0	0.0	0	0.2534	0.24866232324373255	-1.430876994264678
yewselly2twm866hfeimbufp	1	2	173	14	0	No-Go	NGAL	0	0		1	0.0	1	0.2156	0.7878684232942095	-0.24194417507940952
yewselly2twm866hfeimbufp	1	2	178	15	0	No-Go	NGAL	0	0		1	0.0	1	0.1731	0.8192475779933346	-0.2022675997171295
yewselly2twm866hfeimbufp	1	2	184	16	0	No-Go	NGAL	0	0		1	0.0	1	0.153	0.8458364477065876	-0.1697812078105992
yewselly2twm866hfeimbufp	1	2	188	17	0	No-Go	NGAL	0	0		1	1.0	0	0.1344	0.8683081691293317	-0.14309825522546574
yewselly2twm866hfeimbufp	1	2	190	18	0	No-Go	NGAL	0	0		1	0.0	1	0.1648	0.839238312715167	-0.17783565099558135
yewselly2twm866hfeimbufp	1	2	195	19	0	No-Go	NGAL	0	0		1	0.0	1	0.1377	0.8631796721353214	-0.1490897760276722
yewselly2twm866hfeimbufp	1	2	199	20	0	No-Go	NGAL	0	0		1	0.0	1	0.1147	0.8832128930886592	-0.12572887548528647
yewselly2twm866hfeimbufp	1	2	204	21	0	No-Go	NGAL	0	0		1	0.0	1	0.0995	0.9000042087305106	-0.10657780714281795
yewselly2twm866hfeimbufp	1	2	206	22	0	No-Go	NGAL	0	0		1	0.0	1	0.0849	0.9140948422844695	-0.09079792828755959
yewselly2twm866hfeimbufp	1	2	210	23	0	No-Go	NGAL	0	0		1	0.0	1	0.0792	0.9259326132839604	-0.07774278732578029
yewselly2twm866hfeimbufp	1	2	213	24	0	No-Go	NGAL	0	0		1	0.0	1	0.0639	0.93589102467604	-0.06690176386674314
yewselly2twm866hfeimbufp	1	2	220	25	0	No-Go	NGAL	0	0		1	1.0	0	0.0556	0.9442818623462464	-0.05786722927656561
yewselly2twm866hfeimbufp	1	2	224	26	0	No-Go	NGAL	0	0		1	1.0	0	0.0666	0.928639836933291	-0.0750753158021655
yewselly2twm866hfeimbufp	1	2	225	27	0	No-Go	NGAL	0	0		1	0.0	1	0.0903	0.9091876009744181	-0.09761587198150032
yewselly2twm866hfeimbufp	1	2	229	28	0	No-Go	NGAL	0	0		1	0.0	1	0.0802	0.9227232334163539	-0.08176095114597996
yewselly2twm866hfeimbufp	1	2	236	29	0	No-Go	NGAL	0	0		1	0.0	1	0.0611	0.9337419852929543	-0.06948401574598158
yewselly2twm866hfeimbufp	1	2	237	30	0	No-Go	NGAL	0	0		1	0.0	1	0.0606	0.9428183330148813	-0.05958903585624179
yewselly2twm866hfeimbufp	1	2	123	1	1	No-Go	NGW	0	1	0.642	0	0.0	0	0.6901	0.6956878948021588	-0.3742443310890184
yewselly2twm866hfeimbufp	1	2	126	2	1	No-Go	NGW	0	0		1	0.0	1	0.6457	0.35478355732387434	-1.082758770736231
yewselly2twm866hfeimbufp	1	2	132	3	1	No-Go	NGW	0	1	0.893	0	1.0	1	0.5955	0.5912401422072137	-0.5469832631236675
yewselly2twm866hfeimbufp	1	2	135	4	1	No-Go	NGW	0	1	0.492	0	0.0	0	0.676	0.6668453266257411	-0.4129423985240956
yewselly2twm866hfeimbufp	1	2	137	5	1	No-Go	NGW	0	1	0.793	0	0.0	0	0.6114	0.612060529924725	-0.5014333535613854
yewselly2twm866hfeimbufp	1	2	143	6	1	No-Go	NGW	0	1	0.743	0	0.0	0	0.5532	0.557202471150447	-0.6000197091768145
yewselly2twm866hfeimbufp	1	2	146	7	1	No-Go	NGW	0	1	0.917	0	0.0	0	0.5026	0.5036684870582816	-0.7069805258653216
yewselly2twm866hfeimbufp	1	2	152	8	1	No-Go	NGW	0	1	0.828	0	0.0	0	0.4583	0.4524423874198178	-0.8207329960302747
yewselly2twm866hfeimbufp	1	2	153	9	1	No-Go	NGW	0	0		1	0.0	1	0.3956	0.5957575324671146	-0.532326395852263
yewselly2twm866hfeimbufp	1	2	159	10	1	No-Go	NGW	0	1	0.865	0	1.0	1	0.3558	0.35319540596391286	-1.0878562512244945
yewselly2twm866hfeimbufp	1	2	161	11	1	No-Go	NGW	0	1	0.942	0	0.0	0	0.4396	0.43786514550370287	-0.8456904131190727
yewselly2twm866hfeimbufp	1	2	166	12	1	No-Go	NGW	0	0		1	0.0	1	0.3924	0.6133598490242433	-0.49862262612080294
yewselly2twm866hfeimbufp	1	2	171	13	1	No-Go	NGW	0	1	0.931	0	0.0	0	0.3312	0.33817114529153924	-1.1164885885762426
yewselly2twm866hfeimbufp	1	2	175	14	1	No-Go	NGW	0	0		1	1.0	0	0.2945	0.7051353065929455	-0.3564161057568481
yewselly2twm866hfeimbufp	1	2	180	15	1	No-Go	NGW	0	0		1	0.0	1	0.3472	0.6488738329003044	-0.44088414756216476
yewselly2twm866hfeimbufp	1	2	182	16	1	No-Go	NGW	0	0		1	0.0	1	0.3081	0.6961792774394925	-0.3690060410903797
yewselly2twm866hfeimbufp	1	2	186	17	1	No-Go	NGW	0	0		1	0.0	1	0.2599	0.737643434877935	-0.310036210377532
yewselly2twm866hfeimbufp	1	2	191	18	1	No-Go	NGW	0	0		1	1.0	0	0.2193	0.7736876471549843	-0.2613550488529733
yewselly2twm866hfeimbufp	1	2	194	19	1	No-Go	NGW	0	0		1	0.0	1	0.2712	0.7230067676264414	-0.3307678448549341
yewselly2twm866hfeimbufp	1	2	198	20	1	No-Go	NGW	0	0		1	0.0	1	0.2441	0.7618111049806212	-0.2770341750493812
yewselly2twm866hfeimbufp	1	2	201	21	1	No-Go	NGW	0	0		1	0.0	1	0.2105	0.7951071643614325	-0.2333233989970724
yewselly2twm866hfeimbufp	1	2	208	22	1	No-Go	NGW	0	0		1	1.0	0	0.1786	0.8235772456737752	-0.19741162786821978
yewselly2twm866hfeimbufp	1	2	209	23	1	No-Go	NGW	0	0		1	0.0	1	0.2221	0.778933146190943	-0.2552770092040835
yewselly2twm866hfeimbufp	1	2	216	24	1	No-Go	NGW	0	0		1	0.0	1	0.1963	0.8105199314504458	-0.21402266855814306
yewselly2twm866hfeimbufp	1	2	219	25	1	No-Go	NGW	0	0		1	0.0	1	0.1618	0.8372170308257694	-0.1807739815392196
yewselly2twm866hfeimbufp	1	2	223	26	1	No-Go	NGW	0	0		1	1.0	0	0.1417	0.8597862123755576	-0.1535823231726899
yewselly2twm866hfeimbufp	1	2	228	27	1	No-Go	NGW	0	0		1	0.0	1	0.1786	0.820657075734572	-0.20274876094561786
yewselly2twm866hfeimbufp	1	2	230	28	1	No-Go	NGW	0	0		1	0.0	1	0.16	0.8464728645734096	-0.17015992641272507
yewselly2twm866hfeimbufp	1	2	235	29	1	No-Go	NGW	0	0		1	0.0	1	0.1265	0.8680528482024905	-0.14415588182833153
yewselly2twm866hfeimbufp	1	2	240	30	1	No-Go	NGW	0	0		1	0.0	1	0.1172	0.886149864399749	-0.12298828045643552
yewselly2twm866hfeimbufp	1	2	124	1	1	Go	GW	1	1	0.742	1	0.0	1	0.691	0.6956878948021588	-0.3742443310890184
yewselly2twm866hfeimbufp	1	2	127	2	1	Go	GW	1	1	1.451	1	0.0	1	0.7544	0.757105851736485	-0.28350536232061757
yewselly2twm866hfeimbufp	1	2	129	3	1	Go	GW	1	0		0	0.0	0	0.8085	0.19553267267266547	-1.6958753598087049
yewselly2twm866hfeimbufp	1	2	134	4	1	Go	GW	1	1	0.672	1	1.0	0	0.8359	0.8373137678331788	-0.18052076402993228
yewselly2twm866hfeimbufp	1	2	138	5	1	Go	GW	1	0		0	0.0	0	0.8002	0.19951923182617085	-1.667444494691167
yewselly2twm866hfeimbufp	1	2	144	6	1	Go	GW	1	0		0	0.0	0	0.8361	0.16721447701536934	-1.8601036423893542
yewselly2twm866hfeimbufp	1	2	145	7	1	Go	GW	1	0		0	0.0	0	0.8572	0.14040561782163494	-2.0510457815933156
yewselly2twm866hfeimbufp	1	2	151	8	1	Go	GW	1	1	0.969	1	0.0	1	0.8824	0.8818362339238938	-0.12752657526062897
yewselly2twm866hfeimbufp	1	2	154	9	1	Go	GW	1	0		0	0.0	0	0.9047	0.093098092531173	-2.5181637370381984
yewselly2twm866hfeimbufp	1	2	160	10	1	Go	GW	1	0		0	1.0	1	0.919	0.07824388592460794	-2.707277143398964
yewselly2twm866hfeimbufp	1	2	162	11	1	Go	GW	1	0		0	0.0	0	0.8962	0.09901902935284647	-2.4230521024926257
yewselly2twm866hfeimbufp	1	2	168	12	1	Go	GW	1	0		0	0.0	0	0.9222	0.08279789673538904	-2.6199776269201296
yewselly2twm866hfeimbufp	1	2	169	13	1	Go	GW	1	0		0	1.0	1	0.932	0.0695693894597934	-2.8111571530907686
yewselly2twm866hfeimbufp	1	2	176	14	1	Go	GW	1	0		0	0.0	0	0.907	0.08878468918341519	-2.5318957234777946
yewselly2twm866hfeimbufp	1	2	179	15	1	Go	GW	1	1	1.017	1	0.0	1	0.9275	0.9258418365567204	-0.07783759118017929
yewselly2twm866hfeimbufp	1	2	183	16	1	Go	GW	1	1	1.049	1	0.0	1	0.9443	0.9410565823367093	-0.06134989779427037
yewselly2twm866hfeimbufp	1	2	187	17	1	Go	GW	1	1	0.71	1	0.0	1	0.9514	0.9524240707884241	-0.049211032911599194
yewselly2twm866hfeimbufp	1	2	189	18	1	Go	GW	1	1	0.976	1	0.0	1	0.9619	0.9611060987939316	-0.04003745198489031
yewselly2twm866hfeimbufp	1	2	196	19	1	Go	GW	1	1	0.618	1	0.0	1	0.9665	0.9678467907915794	-0.032972381913680654
yewselly2twm866hfeimbufp	1	2	197	20	1	Go	GW	1	1	0.681	1	1.0	0	0.9728	0.9731502681980649	-0.02744903114257315
yewselly2twm866hfeimbufp	1	2	203	21	1	Go	GW	1	1	0.944	1	0.0	1	0.962	0.9643957789148557	-0.03665105136612304
yewselly2twm866hfeimbufp	1	2	207	22	1	Go	GW	1	1	0.692	1	0.0	1	0.9713	0.970760846449717	-0.029957696246496218
yewselly2twm866hfeimbufp	1	2	212	23	1	Go	GW	1	1	0.813	1	1.0	0	0.9767	0.9755710707783155	-0.024955290200402623
yewselly2twm866hfeimbufp	1	2	214	24	1	Go	GW	1	1	0.721	1	0.0	1	0.9667	0.9672559914886762	-0.03373452574211653
yewselly2twm866hfeimbufp	1	2	218	25	1	Go	GW	1	1	0.682	1	0.0	1	0.9726	0.9731673022728344	-0.027487484597328412
yewselly2twm866hfeimbufp	1	2	221	26	1	Go	GW	1	1	0.661	1	0.0	1	0.9772	0.9775437202552032	-0.022934204176833284
yewselly2twm866hfeimbufp	1	2	226	27	1	Go	GW	1	1	1.054	1	0.0	1	0.9823	0.9809591800691906	-0.0194021712170052
yewselly2twm866hfeimbufp	1	2	232	28	1	Go	GW	1	1	0.869	1	0.0	1	0.9836	0.9836885426774948	-0.01659110400548656
yewselly2twm866hfeimbufp	1	2	233	29	1	Go	GW	1	1	0.628	1	0.0	1	0.9853	0.9859021388339066	-0.01431851305187339
yewselly2twm866hfeimbufp	1	2	238	30	1	Go	GW	1	1	0.704	1	1.0	0	0.9863	0.9877170259028255	-0.012460214694799597
yewselly2twm866hfeimbufp	1	2	122	1	0	Go	GAL	1	1	0.589	1	0.0	1	0.5406	0.5442390984957332	-0.6184968601174589
yewselly2twm866hfeimbufp	1	2	125	2	0	Go	GAL	1	0		0	0.0	0	0.5997	0.3991515663162082	-0.9380108413680304
yewselly2twm866hfeimbufp	1	2	130	3	0	Go	GAL	1	1	0.803	1	0.0	1	0.6496	0.6474396064681929	-0.44111309975065033
yewselly2twm866hfeimbufp	1	2	133	4	0	Go	GAL	1	1	0.738	1	1.0	0	0.6927	0.6957131643047728	-0.3684533604261411
yewselly2twm866hfeimbufp	1	2	139	5	0	Go	GAL	1	1	0.692	1	0.0	1	0.6354	0.6405640265255961	-0.4512625854367222
yewselly2twm866hfeimbufp	1	2	141	6	0	Go	GAL	1	1	0.835	1	0.0	1	0.69	0.6901939787170671	-0.3760109069631232
yewselly2twm866hfeimbufp	1	2	147	7	0	Go	GAL	1	1	0.762	1	1.0	0	0.7277	0.7336187681567667	-0.31431674192536935
yewselly2twm866hfeimbufp	1	2	150	8	0	Go	GAL	1	1	0.71	1	0.0	1	0.6828	0.6808893159813248	-0.3892236919281448
yewselly2twm866hfeimbufp	1	2	155	9	0	Go	GAL	1	1	1.004	1	0.0	1	0.7261	0.7261051331491867	-0.3242951679815328
yewselly2twm866hfeimbufp	1	2	157	10	0	Go	GAL	1	1	0.811	1	0.0	1	0.7661	0.765172728221027	-0.27129456942504504
yewselly2twm866hfeimbufp	1	2	164	11	0	Go	GAL	1	1	0.461	1	1.0	0	0.797	0.7987454917877937	-0.22776350532767844
yewselly2twm866hfeimbufp	1	2	165	12	0	Go	GAL	1	1	0.689	1	0.0	1	0.7481	0.752382491361747	-0.28799641329834585
yewselly2twm866hfeimbufp	1	2	172	13	0	Go	GAL	1	1	0.616	1	0.0	1	0.7971	0.7884854815124831	-0.24054008619137382
yewselly2twm866hfeimbufp	1	2	174	14	0	Go	GAL	1	1	0.637	1	0.0	1	0.8211	0.8191255264245634	-0.20194513889495697
yewselly2twm866hfeimbufp	1	2	177	15	0	Go	GAL	1	1	0.588	1	0.0	1	0.8429	0.8451001206646566	-0.1703079649822058
yewselly2twm866hfeimbufp	1	2	181	16	0	Go	GAL	1	1	0.6	1	1.0	0	0.8687	0.867090242330219	-0.1442572517582196
yewselly2twm866hfeimbufp	1	2	185	17	0	Go	GAL	1	1	0.584	1	0.0	1	0.8339	0.8306986714970425	-0.18779654577421112
yewselly2twm866hfeimbufp	1	2	192	18	0	Go	GAL	1	1	0.628	1	0.0	1	0.8558	0.8555903977122394	-0.15775588235860374
yewselly2twm866hfeimbufp	1	2	193	19	0	Go	GAL	1	0		0	0.0	0	0.8738	0.12362978777907092	-2.1648059751228574
yewselly2twm866hfeimbufp	1	2	200	20	0	Go	GAL	1	1	0.756	1	0.0	1	0.8927	0.8947982378417045	-0.11247591226720159
yewselly2twm866hfeimbufp	1	2	202	21	0	Go	GAL	1	1	0.782	1	0.0	1	0.9054	0.9098005191603553	-0.09560183659607534
yewselly2twm866hfeimbufp	1	2	205	22	0	Go	GAL	1	1	0.88	1	0.0	1	0.9263	0.9223501405971886	-0.08170578378996816
yewselly2twm866hfeimbufp	1	2	211	23	0	Go	GAL	1	1	0.583	1	0.0	1	0.933	0.9328772026742675	-0.07020117826871909
yewselly2twm866hfeimbufp	1	2	215	24	0	Go	GAL	1	1	0.794	1	1.0	0	0.9416	0.9417303271443529	-0.06063271872025593
yewselly2twm866hfeimbufp	1	2	217	25	0	Go	GAL	1	1	0.53	1	0.0	1	0.9251	0.9217765357134149	-0.08267424973839083
yewselly2twm866hfeimbufp	1	2	222	26	0	Go	GAL	1	1	0.588	1	0.0	1	0.9336	0.9328852047908723	-0.07037410788404876
yewselly2twm866hfeimbufp	1	2	227	27	0	Go	GAL	1	1	0.733	1	0.0	1	0.94	0.9420152344112371	-0.06044881209516076
yewselly2twm866hfeimbufp	1	2	231	28	0	Go	GAL	1	1	0.535	1	0.0	1	0.9487	0.9496041858348239	-0.052296346950867774
yewselly2twm866hfeimbufp	1	2	234	29	0	Go	GAL	1	1	0.592	1	1.0	0	0.9539	0.9559578779016662	-0.04553287594447014
yewselly2twm866hfeimbufp	1	2	239	30	0	Go	GAL	1	1	0.642	1	0.0	1	0.9443	0.9393805131765707	-0.06384156524190161
yioiqliweevmi62w56el04vm	1	2	123	1	0	No-Go	NGAL	0	0		1	0.0	1	0.5902	0.40666076563684767	-0.9199062295705366
yioiqliweevmi62w56el04vm	1	2	126	2	0	No-Go	NGAL	0	1	0.763	0	0.0	0	0.4686	0.46934176255652066	-0.7765738706553295
yioiqliweevmi62w56el04vm	1	2	130	3	0	No-Go	NGAL	0	0		1	1.0	0	0.3447	0.6496412108983732	-0.443198041611627
yioiqliweevmi62w56el04vm	1	2	134	4	0	No-Go	NGAL	0	0		1	0.0	1	0.3967	0.607676899516035	-0.5053015714411437
yioiqliweevmi62w56el04vm	1	2	140	5	0	No-Go	NGAL	0	1	1.307	0	0.0	0	0.3061	0.3048806357475718	-1.227007737585325
yioiqliweevmi62w56el04vm	1	2	141	6	0	No-Go	NGAL	0	0		1	1.0	0	0.2495	0.7558634500790936	-0.2854133852463191
yioiqliweevmi62w56el04vm	1	2	146	7	0	No-Go	NGAL	0	1	1.236	0	0.0	0	0.2751	0.28150314224036876	-1.3007782881552894
yioiqliweevmi62w56el04vm	1	2	152	8	0	No-Go	NGAL	0	0		1	0.0	1	0.2381	0.756256077471463	-0.2836740256657869
yioiqliweevmi62w56el04vm	1	2	155	9	0	No-Go	NGAL	0	0		1	0.0	1	0.1844	0.8107981209340053	-0.2128854967668818
yioiqliweevmi62w56el04vm	1	2	157	10	0	No-Go	NGAL	0	0		1	0.0	1	0.1557	0.838954230562381	-0.17825081823510297
yioiqliweevmi62w56el04vm	1	2	161	11	0	No-Go	NGAL	0	0		1	1.0	0	0.1414	0.855041457579706	-0.15886396094951724
yioiqliweevmi62w56el04vm	1	2	166	12	0	No-Go	NGAL	0	0		1	0.0	1	0.1782	0.8225822533818062	-0.1984648328322845
yioiqliweevmi62w56el04vm	1	2	171	13	0	No-Go	NGAL	0	0		1	0.0	1	0.1504	0.8485481180378596	-0.16628336139885777
yioiqliweevmi62w56el04vm	1	2	174	14	0	No-Go	NGAL	0	0		1	0.0	1	0.1378	0.8620857741496429	-0.1502405198692906
yioiqliweevmi62w56el04vm	1	2	177	15	0	No-Go	NGAL	0	0		1	0.0	1	0.1248	0.8699401351142755	-0.14105275489959046
yioiqliweevmi62w56el04vm	1	2	184	16	0	No-Go	NGAL	0	0		1	1.0	0	0.1304	0.8747920533427308	-0.1354141809074985
yioiqliweevmi62w56el04vm	1	2	188	17	0	No-Go	NGAL	0	1	0.896	0	0.0	0	0.1584	0.15666328143066138	-1.9369146049904695
yioiqliweevmi62w56el04vm	1	2	191	18	0	No-Go	NGAL	0	0		1	0.0	1	0.1419	0.8587015418872254	-0.15529090383187233
yioiqliweevmi62w56el04vm	1	2	195	19	0	No-Go	NGAL	0	0		1	0.0	1	0.1223	0.8758428552900703	-0.13424035423257732
yioiqliweevmi62w56el04vm	1	2	200	20	0	No-Go	NGAL	0	0		1	0.0	1	0.1111	0.8842676380906738	-0.12446550552677096
yioiqliweevmi62w56el04vm	1	2	202	21	0	No-Go	NGAL	0	0		1	0.0	1	0.1104	0.8889493989195862	-0.1191195473725392
yioiqliweevmi62w56el04vm	1	2	205	22	0	No-Go	NGAL	0	0		1	1.0	0	0.1043	0.8917396419454401	-0.11595719874937128
yioiqliweevmi62w56el04vm	1	2	209	23	0	No-Go	NGAL	0	0		1	0.0	1	0.1388	0.8627222385456802	-0.1507369268638579
yioiqliweevmi62w56el04vm	1	2	213	24	0	No-Go	NGAL	0	0		1	0.0	1	0.1194	0.8786608591758469	-0.13104965821408088
yioiqliweevmi62w56el04vm	1	2	220	25	0	No-Go	NGAL	0	1	0.927	0	0.0	0	0.1101	0.1136970587926868	-2.266269735773376
yioiqliweevmi62w56el04vm	1	2	221	26	0	No-Go	NGAL	0	0		1	1.0	0	0.1046	0.8942070261322559	-0.11322954337988549
yioiqliweevmi62w56el04vm	1	2	228	27	0	No-Go	NGAL	0	1	1.034	0	0.0	0	0.1322	0.1340766354273431	-2.1491321434200255
yioiqliweevmi62w56el04vm	1	2	231	28	0	No-Go	NGAL	0	0		1	0.0	1	0.1261	0.8716661276934298	-0.14103813703295312
yioiqliweevmi62w56el04vm	1	2	233	29	0	No-Go	NGAL	0	0		1	0.0	1	0.1113	0.8893948131869509	-0.11898923885598849
yioiqliweevmi62w56el04vm	1	2	237	30	0	No-Go	NGAL	0	0		1	0.0	1	0.0983	0.8976882279236319	-0.1093707837240857
yioiqliweevmi62w56el04vm	1	2	121	1	1	No-Go	NGW	0	1	1.06	0	0.0	0	0.722	0.7218544342985801	-0.3319392456827588
yioiqliweevmi62w56el04vm	1	2	125	2	1	No-Go	NGW	0	0		1	0.0	1	0.6158	0.3881034096080223	-0.9674739749491368
yioiqliweevmi62w56el04vm	1	2	132	3	1	No-Go	NGW	0	0		1	0.0	1	0.4827	0.5115078368446091	-0.6862971485494248
yioiqliweevmi62w56el04vm	1	2	133	4	1	No-Go	NGW	0	0		1	1.0	0	0.4121	0.5876779964720233	-0.5443930217029244
yioiqliweevmi62w56el04vm	1	2	139	5	1	No-Go	NGW	0	0		1	0.0	1	0.617	0.3897793094870619	-0.9694697301033669
yioiqliweevmi62w56el04vm	1	2	142	6	1	No-Go	NGW	0	0		1	0.0	1	0.4803	0.5153743094106751	-0.6771425702564133
yioiqliweevmi62w56el04vm	1	2	145	7	1	No-Go	NGW	0	0		1	0.0	1	0.395	0.59185517703482	-0.5361853436700521
yioiqliweevmi62w56el04vm	1	2	150	8	1	No-Go	NGW	0	0		1	0.0	1	0.3575	0.6377717262983174	-0.4597498845710593
yioiqliweevmi62w56el04vm	1	2	156	9	1	No-Go	NGW	0	0		1	1.0	0	0.3258	0.666086500669346	-0.41527094624083405
yioiqliweevmi62w56el04vm	1	2	160	10	1	No-Go	NGW	0	1	0.712	0	0.0	0	0.5573	0.555603705079742	-0.6090713497719435
yioiqliweevmi62w56el04vm	1	2	164	11	1	No-Go	NGW	0	0		1	0.0	1	0.482	0.5207570445676996	-0.6771858363777269
yioiqliweevmi62w56el04vm	1	2	165	12	1	No-Go	NGW	0	0		1	1.0	0	0.3666	0.6273413037120992	-0.4768686818818344
yioiqliweevmi62w56el04vm	1	2	169	13	1	No-Go	NGW	0	0		1	0.0	1	0.5524	0.44685339801515495	-0.8361716444606148
yioiqliweevmi62w56el04vm	1	2	173	14	1	No-Go	NGW	0	1	0.783	0	0.0	0	0.4189	0.4179911882674032	-0.8962757411855459
yioiqliweevmi62w56el04vm	1	2	180	15	1	No-Go	NGW	0	0		1	0.0	1	0.3748	0.6286623926730974	-0.47472465886995
yioiqliweevmi62w56el04vm	1	2	183	16	1	No-Go	NGW	0	0		1	1.0	0	0.3079	0.7014436654521208	-0.3624301753391255
yioiqliweevmi62w56el04vm	1	2	187	17	1	No-Go	NGW	0	1	1.233	0	0.0	0	0.4829	0.4845832439609341	-0.7525149902567937
yioiqliweevmi62w56el04vm	1	2	192	18	1	No-Go	NGW	0	1	0.355	0	0.0	0	0.4589	0.45317762046296356	-0.8284535760666558
yioiqliweevmi62w56el04vm	1	2	193	19	1	No-Go	NGW	0	0		1	0.0	1	0.4308	0.5672813204138061	-0.5933748354408686
yioiqliweevmi62w56el04vm	1	2	198	20	1	No-Go	NGW	0	0		1	0.0	1	0.3142	0.6865842598286456	-0.3854546440862038
yioiqliweevmi62w56el04vm	1	2	201	21	1	No-Go	NGW	0	0		1	0.0	1	0.2498	0.7488722349500522	-0.29582876316282464
yioiqliweevmi62w56el04vm	1	2	206	22	1	No-Go	NGW	0	0		1	0.0	1	0.2149	0.7829662215497849	-0.2502667500784501
yioiqliweevmi62w56el04vm	1	2	211	23	1	No-Go	NGW	0	0		1	0.0	1	0.1954	0.802770756944621	-0.22482228466849805
yioiqliweevmi62w56el04vm	1	2	216	24	1	No-Go	NGW	0	0		1	1.0	0	0.188	0.8148379032579666	-0.20970837143964935
yioiqliweevmi62w56el04vm	1	2	218	25	1	No-Go	NGW	0	1	0.737	0	0.0	0	0.3659	0.36821613296706773	-1.0777387410573147
yioiqliweevmi62w56el04vm	1	2	223	26	1	No-Go	NGW	0	1	0.847	0	0.0	0	0.3589	0.3559247894448632	-1.125322724121187
yioiqliweevmi62w56el04vm	1	2	225	27	1	No-Go	NGW	0	0		1	0.0	1	0.3478	0.652238204322155	-0.4571673268132922
yioiqliweevmi62w56el04vm	1	2	232	28	1	No-Go	NGW	0	0		1	0.0	1	0.2567	0.7414352564425637	-0.30934935722519086
yioiqliweevmi62w56el04vm	1	2	234	29	1	No-Go	NGW	0	0		1	1.0	0	0.2139	0.7865062149383102	-0.24689983523531062
yioiqliweevmi62w56el04vm	1	2	238	30	1	No-Go	NGW	0	1	0.621	0	0.0	0	0.3972	0.38648689163763555	-1.0379869728667241
yioiqliweevmi62w56el04vm	1	2	124	1	0	Go	GAL	1	1	1.012	1	0.0	1	0.591	0.5933392343631524	-0.5319568815712185
yioiqliweevmi62w56el04vm	1	2	127	2	0	Go	GAL	1	0		0	1.0	1	0.7063	0.2941037757751368	-1.2627106123474041
yioiqliweevmi62w56el04vm	1	2	131	3	0	Go	GAL	1	0		0	0.0	0	0.5879	0.40666076563684767	-0.9199062295705366
yioiqliweevmi62w56el04vm	1	2	135	4	0	Go	GAL	1	0		0	0.0	0	0.6394	0.36190275415313944	-1.0372968502803182
yioiqliweevmi62w56el04vm	1	2	137	5	0	Go	GAL	1	0		0	0.0	0	0.6718	0.3289569632153542	-1.1496349978609763
yioiqliweevmi62w56el04vm	1	2	143	6	0	Go	GAL	1	0		0	0.0	0	0.6973	0.3034802087159426	-1.2505847281552371
yioiqliweevmi62w56el04vm	1	2	148	7	0	Go	GAL	1	0		0	0.0	0	0.7188	0.28304597384699154	-1.3398515150497547
yioiqliweevmi62w56el04vm	1	2	151	8	0	Go	GAL	1	1	0.77	1	0.0	1	0.7363	0.7337787922339366	-0.32039388990731965
yioiqliweevmi62w56el04vm	1	2	154	9	0	Go	GAL	1	1	0.695	1	0.0	1	0.7902	0.7884347873542712	-0.24533559698305818
yioiqliweevmi62w56el04vm	1	2	158	10	0	Go	GAL	1	1	0.705	1	1.0	0	0.8224	0.8193581677245952	-0.2046942041886208
yioiqliweevmi62w56el04vm	1	2	162	11	0	Go	GAL	1	1	0.82	1	1.0	0	0.6543	0.6612100544767584	-0.4213283992931908
yioiqliweevmi62w56el04vm	1	2	167	12	0	Go	GAL	1	1	1.009	1	0.0	1	0.5357	0.5339942451571842	-0.6412826761509167
yioiqliweevmi62w56el04vm	1	2	170	13	0	Go	GAL	1	1	0.922	1	0.0	1	0.6889	0.688186652049639	-0.3841463879687835
yioiqliweevmi62w56el04vm	1	2	175	14	0	Go	GAL	1	1	0.803	1	0.0	1	0.7716	0.7652832501919452	-0.27536716477076467
yioiqliweevmi62w56el04vm	1	2	178	15	0	Go	GAL	1	1	0.761	1	0.0	1	0.8117	0.8066636606312757	-0.22055821416709276
yioiqliweevmi62w56el04vm	1	2	181	16	0	Go	GAL	1	1	0.54	1	1.0	0	0.8307	0.830582466661188	-0.189915493688554
yioiqliweevmi62w56el04vm	1	2	186	17	0	Go	GAL	1	0		0	0.0	0	0.6709	0.3275066304082188	-1.1469629911262462
yioiqliweevmi62w56el04vm	1	2	189	18	0	Go	GAL	1	1	0.903	1	0.0	1	0.6964	0.6893952335879427	-0.3791700378371552
yioiqliweevmi62w56el04vm	1	2	196	19	0	Go	GAL	1	1	0.875	1	0.0	1	0.7718	0.7751871807126955	-0.2605194281004849
yioiqliweevmi62w56el04vm	1	2	197	20	0	Go	GAL	1	1	0.559	1	0.0	1	0.8211	0.8178545531531535	-0.20576486996797735
yioiqliweevmi62w56el04vm	1	2	204	21	0	Go	GAL	1	1	0.903	1	0.0	1	0.8358	0.841484519895041	-0.17632506660270014
yioiqliweevmi62w56el04vm	1	2	207	22	0	Go	GAL	1	1	0.504	1	0.0	1	0.8589	0.8555551869101699	-0.1590754280895452
yioiqliweevmi62w56el04vm	1	2	210	23	0	Go	GAL	1	1	0.563	1	0.0	1	0.859	0.8643663407260589	-0.1483830071391805
yioiqliweevmi62w56el04vm	1	2	215	24	0	Go	GAL	1	1	0.519	1	1.0	0	0.8651	0.8700935421844075	-0.14148188985541785
yioiqliweevmi62w56el04vm	1	2	217	25	0	Go	GAL	1	0		0	0.0	0	0.7191	0.2782017580140431	-1.3208002055685608
yioiqliweevmi62w56el04vm	1	2	222	26	0	Go	GAL	1	0		0	0.0	0	0.7345	0.26461774992266685	-1.37643612375486
yioiqliweevmi62w56el04vm	1	2	227	27	0	Go	GAL	1	0		0	1.0	1	0.7478	0.25293333666890006	-1.4271901890177667
yioiqliweevmi62w56el04vm	1	2	230	28	0	Go	GAL	1	0		0	0.0	0	0.6002	0.3961459377090357	-0.9666971747023059
yioiqliweevmi62w56el04vm	1	2	235	29	0	Go	GAL	1	1	0.859	1	0.0	1	0.6288	0.6388078347253086	-0.4598005952150229
yioiqliweevmi62w56el04vm	1	2	239	30	0	Go	GAL	1	0		0	0.0	0	0.7202	0.2730809292833279	-1.3330097218053492
yioiqliweevmi62w56el04vm	1	2	122	1	1	Go	GW	1	1	0.615	1	0.0	1	0.716	0.7218544342985801	-0.3319392456827588
yioiqliweevmi62w56el04vm	1	2	128	2	1	Go	GW	1	1	0.585	1	0.0	1	0.8775	0.8818683495587771	-0.12744981581227546
yioiqliweevmi62w56el04vm	1	2	129	3	1	Go	GW	1	1	0.544	1	0.0	1	0.9044	0.9054584027377576	-0.10037601638669075
yioiqliweevmi62w56el04vm	1	2	136	4	1	Go	GW	1	1	0.478	1	1.0	0	0.9131	0.9114438077367913	-0.09364162859734573
yioiqliweevmi62w56el04vm	1	2	138	5	1	Go	GW	1	1	0.619	1	0.0	1	0.7918	0.7928244936373838	-0.23698758258266558
yioiqliweevmi62w56el04vm	1	2	144	6	1	Go	GW	1	1	0.493	1	0.0	1	0.8906	0.8931689440200116	-0.11429601880387338
yioiqliweevmi62w56el04vm	1	2	147	7	1	Go	GW	1	1	0.632	1	1.0	0	0.9114	0.9086137059812938	-0.09680997644769929
yioiqliweevmi62w56el04vm	1	2	149	8	1	Go	GW	1	1	0.721	1	0.0	1	0.7967	0.789342748722959	-0.24156769383477206
yioiqliweevmi62w56el04vm	1	2	153	9	1	Go	GW	1	0		0	0.0	0	0.8991	0.1074607071600376	-2.324154165244699
yioiqliweevmi62w56el04vm	1	2	159	10	1	Go	GW	1	1	0.757	1	0.0	1	0.9342	0.9311545737261575	-0.0720680620589988
yioiqliweevmi62w56el04vm	1	2	163	11	1	Go	GW	1	1	0.654	1	0.0	1	0.9393	0.9416402557350512	-0.06067915565926878
yioiqliweevmi62w56el04vm	1	2	168	12	1	Go	GW	1	1	0.671	1	0.0	1	0.9406	0.9443493798487829	-0.0577545243880107
yioiqliweevmi62w56el04vm	1	2	172	13	1	Go	GW	1	1	0.514	1	0.0	1	0.948	0.9452316464988014	-0.0568040530326543
yioiqliweevmi62w56el04vm	1	2	176	14	1	Go	GW	1	1	0.584	1	1.0	0	0.9459	0.9455667435435827	-0.056443383931794114
yioiqliweevmi62w56el04vm	1	2	179	15	1	Go	GW	1	1	0.591	1	0.0	1	0.8656	0.8665210457785162	-0.14514575513482583
yioiqliweevmi62w56el04vm	1	2	182	16	1	Go	GW	1	1	0.52	1	0.0	1	0.9319	0.9323508423304	-0.07073503028271513
yioiqliweevmi62w56el04vm	1	2	185	17	1	Go	GW	1	1	0.518	1	1.0	0	0.9421	0.9420687332062595	-0.06020859537535928
yioiqliweevmi62w56el04vm	1	2	190	18	1	Go	GW	1	1	0.511	1	0.0	1	0.8613	0.8617073456418449	-0.1507585804182168
yioiqliweevmi62w56el04vm	1	2	194	19	1	Go	GW	1	1	0.571	1	0.0	1	0.9295	0.9313084155332803	-0.07189360620318383
yioiqliweevmi62w56el04vm	1	2	199	20	1	Go	GW	1	1	0.482	1	0.0	1	0.9474	0.9417138804189331	-0.0605971167652004
yioiqliweevmi62w56el04vm	1	2	203	21	1	Go	GW	1	1	0.504	1	0.0	1	0.9435	0.9443892329192658	-0.057710620390363045
yioiqliweevmi62w56el04vm	1	2	208	22	1	Go	GW	1	1	0.367	1	0.0	1	0.9472	0.9452549471407883	-0.056778579000237916
yioiqliweevmi62w56el04vm	1	2	212	23	1	Go	GW	1	1	0.555	1	0.0	1	0.9422	0.9455811332735293	-0.05642773642230145
yioiqliweevmi62w56el04vm	1	2	214	24	1	Go	GW	1	1	0.522	1	0.0	1	0.9444	0.9457192149514926	-0.05627929188067097
yioiqliweevmi62w56el04vm	1	2	219	25	1	Go	GW	1	1	0.654	1	1.0	0	0.9493	0.9457834400127209	-0.056210268136536644
yioiqliweevmi62w56el04vm	1	2	224	26	1	Go	GW	1	1	0.575	1	0.0	1	0.8638	0.8668169857365671	-0.14480940571743484
yioiqliweevmi62w56el04vm	1	2	226	27	1	Go	GW	1	1	0.532	1	0.0	1	0.928	0.9324564451014158	-0.07061641791767248
yioiqliweevmi62w56el04vm	1	2	229	28	1	Go	GW	1	1	0.416	1	1.0	0	0.9387	0.9421180860344109	-0.06015395388069374
yioiqliweevmi62w56el04vm	1	2	236	29	1	Go	GW	1	1	0.438	1	0.0	1	0.8586	0.8617688515860571	-0.15068751138807965
yioiqliweevmi62w56el04vm	1	2	240	30	1	Go	GW	1	1	0.498	1	0.0	1	0.928	0.9313351149691024	-0.07186289997642584
yioiqliweevmi62w56el04vm	1	1	1	1	1	No-Go	NGW	0	0		1	0.0	1	0.72	0.2781455657014198	-1.3180455597621377
yioiqliweevmi62w56el04vm	1	1	8	2	1	No-Go	NGW	0	1	0.861	0	0.0	0	0.6091	0.6118965903919776	-0.4998118853770812
yioiqliweevmi62w56el04vm	1	1	12	3	1	No-Go	NGW	0	1	0.622	0	0.0	0	0.4846	0.48849216315539096	-0.7342829493657016
yioiqliweevmi62w56el04vm	1	1	16	4	1	No-Go	NGW	0	1	0.846	0	1.0	1	0.4127	0.41232200352797665	-0.9124394616421908
yioiqliweevmi62w56el04vm	1	1	19	5	1	No-Go	NGW	0	1	0.622	0	0.0	0	0.7956	0.7890621294133986	-0.242077840552926
yioiqliweevmi62w56el04vm	1	1	23	6	1	No-Go	NGW	0	1	0.582	0	0.0	0	0.6206	0.6253982760339937	-0.48397543156928313
yioiqliweevmi62w56el04vm	1	1	26	7	1	No-Go	NGW	0	1	0.512	0	0.0	0	0.4989	0.5039500095154428	-0.7114486132195671
yioiqliweevmi62w56el04vm	1	1	32	8	1	No-Go	NGW	0	1	0.495	0	0.0	0	0.423	0.4257937024043209	-0.8860003026464403
yioiqliweevmi62w56el04vm	1	1	33	9	1	No-Go	NGW	0	1	0.471	0	1.0	1	0.365	0.37647750394062185	-1.0114796501890175
yioiqliweevmi62w56el04vm	1	1	38	10	1	No-Go	NGW	0	1	0.456	0	0.0	0	0.7801	0.7817081673370174	-0.2526424636097081
yioiqliweevmi62w56el04vm	1	1	41	11	1	No-Go	NGW	0	1	0.326	0	0.0	0	0.6258	0.6193437377945151	-0.4947541045425617
yioiqliweevmi62w56el04vm	1	1	47	12	1	No-Go	NGW	0	1	0.384	0	1.0	1	0.5049	0.49992848738974055	-0.72005635686127
yioiqliweevmi62w56el04vm	1	1	52	13	1	No-Go	NGW	0	1	0.535	0	0.0	0	0.799	0.8016373038087374	-0.226097171663055
yioiqliweevmi62w56el04vm	1	1	53	14	1	No-Go	NGW	0	1	0.575	0	0.0	0	0.6411	0.6376291226640216	-0.4658724639835496
yioiqliweevmi62w56el04vm	1	1	58	15	1	No-Go	NGW	0	1	0.407	0	0.0	0	0.5193	0.5135562447891553	-0.6949777220422642
yioiqliweevmi62w56el04vm	1	1	63	16	1	No-Go	NGW	0	1	0.668	0	1.0	1	0.4385	0.4328392983296293	-0.8721922075382121
yioiqliweevmi62w56el04vm	1	1	66	17	1	No-Go	NGW	0	1	0.374	0	0.0	0	0.7932	0.7916916258112886	-0.2392020797436975
yioiqliweevmi62w56el04vm	1	1	69	18	1	No-Go	NGW	0	1	0.423	0	0.0	0	0.6236	0.6285510985794357	-0.48038525150691996
yioiqliweevmi62w56el04vm	1	1	74	19	1	No-Go	NGW	0	1	0.471	0	0.0	0	0.5029	0.5069706525838452	-0.7074494805745449
yioiqliweevmi62w56el04vm	1	1	77	20	1	No-Go	NGW	0	0		1	0.0	1	0.428	0.5716361315112001	-0.5797535804984247
yioiqliweevmi62w56el04vm	1	1	82	21	1	No-Go	NGW	0	0		1	0.0	1	0.3491	0.6440757256569334	-0.4565690141477291
yioiqliweevmi62w56el04vm	1	1	88	22	1	No-Go	NGW	0	0		1	0.0	1	0.3203	0.6872949484570645	-0.3879745198460757
yioiqliweevmi62w56el04vm	1	1	92	23	1	No-Go	NGW	0	0		1	0.0	1	0.2755	0.7140664016604639	-0.3471622910964076
yioiqliweevmi62w56el04vm	1	1	93	24	1	No-Go	NGW	0	0		1	1.0	0	0.276	0.7312355126019322	-0.32167971729245004
yioiqliweevmi62w56el04vm	1	1	99	25	1	No-Go	NGW	0	0		1	0.0	1	0.4816	0.5167594154095847	-0.678103988229514
yioiqliweevmi62w56el04vm	1	1	104	26	1	No-Go	NGW	0	0		1	0.0	1	0.3777	0.6198828046378411	-0.4886158680821699
yioiqliweevmi62w56el04vm	1	1	107	27	1	No-Go	NGW	0	0		1	0.0	1	0.3222	0.6769987815661549	-0.39934442534671194
yioiqliweevmi62w56el04vm	1	1	112	28	1	No-Go	NGW	0	1	0.598	0	0.0	0	0.2964	0.29003618401892356	-1.2854532829465104
yioiqliweevmi62w56el04vm	1	1	114	29	1	No-Go	NGW	0	0		1	1.0	0	0.2457	0.7504621513770435	-0.2934788370650111
yioiqliweevmi62w56el04vm	1	1	120	30	1	No-Go	NGW	0	0		1	0.0	1	0.4499	0.5514507535740613	-0.6147220029502783
yioiqliweevmi62w56el04vm	1	1	2	1	0	No-Go	NGAL	0	0		1	0.0	1	0.5891	0.40666076563684767	-0.9199062295705366
yioiqliweevmi62w56el04vm	1	1	5	2	0	No-Go	NGAL	0	1	1.053	0	0.0	0	0.4735	0.46934176255652066	-0.7765738706553295
yioiqliweevmi62w56el04vm	1	1	10	3	0	No-Go	NGAL	0	0		1	1.0	0	0.3445	0.6496412108983732	-0.443198041611627
yioiqliweevmi62w56el04vm	1	1	14	4	0	No-Go	NGAL	0	1	1.078	0	0.0	0	0.402	0.392323100483965	-0.9531514526677403
yioiqliweevmi62w56el04vm	1	1	20	5	0	No-Go	NGAL	0	1	1.063	0	0.0	0	0.317	0.32154934049706374	-1.1608604966848661
yioiqliweevmi62w56el04vm	1	1	21	6	0	No-Go	NGAL	0	0		1	1.0	0	0.2762	0.7197705290906401	-0.3335090851980371
yioiqliweevmi62w56el04vm	1	1	27	7	0	No-Go	NGAL	0	0		1	0.0	1	0.3096	0.6884363697506892	-0.3790857840020752
yioiqliweevmi62w56el04vm	1	1	30	8	0	No-Go	NGAL	0	0		1	0.0	1	0.2276	0.7760909632211619	-0.2574564303641774
yioiqliweevmi62w56el04vm	1	1	36	9	0	No-Go	NGAL	0	0		1	0.0	1	0.1821	0.8194170615713358	-0.20248811004857087
yioiqliweevmi62w56el04vm	1	1	40	10	0	No-Go	NGAL	0	0		1	0.0	1	0.1578	0.843256613654182	-0.17319530833843516
yioiqliweevmi62w56el04vm	1	1	42	11	0	No-Go	NGAL	0	0		1	1.0	0	0.1458	0.8573807970133407	-0.15614645171851133
yioiqliweevmi62w56el04vm	1	1	45	12	0	No-Go	NGAL	0	0		1	0.0	1	0.1672	0.8250965016707885	-0.1953066336089917
yioiqliweevmi62w56el04vm	1	1	51	13	0	No-Go	NGAL	0	0		1	0.0	1	0.152	0.8498720509200195	-0.1647042530570053
yioiqliweevmi62w56el04vm	1	1	55	14	0	No-Go	NGAL	0	0		1	0.0	1	0.1333	0.8628464964950333	-0.1493498446578828
yioiqliweevmi62w56el04vm	1	1	60	15	0	No-Go	NGAL	0	0		1	0.0	1	0.1341	0.8704017993456257	-0.14051740284568312
yioiqliweevmi62w56el04vm	1	1	62	16	0	No-Go	NGAL	0	0		1	1.0	0	0.1304	0.8750829226974914	-0.13507891758005072
yioiqliweevmi62w56el04vm	1	1	68	17	0	No-Go	NGAL	0	1	0.822	0	0.0	0	0.1573	0.15634774844612817	-1.9391341668480884
yioiqliweevmi62w56el04vm	1	1	70	18	0	No-Go	NGAL	0	0		1	0.0	1	0.1436	0.8589878909111609	-0.15495397920680687
yioiqliweevmi62w56el04vm	1	1	73	19	0	No-Go	NGAL	0	1	1.247	0	0.0	0	0.1201	0.1239845502951551	-2.1732790612622535
yioiqliweevmi62w56el04vm	1	1	79	20	0	No-Go	NGAL	0	0		1	0.0	1	0.1133	0.8845381829254224	-0.12430886177557772
yioiqliweevmi62w56el04vm	1	1	81	21	0	No-Go	NGAL	0	0		1	0.0	1	0.1112	0.8924628750327201	-0.11516645899394444
yioiqliweevmi62w56el04vm	1	1	87	22	0	No-Go	NGAL	0	0		1	1.0	0	0.1004	0.896833351973111	-0.1102102851089671
yioiqliweevmi62w56el04vm	1	1	91	23	0	No-Go	NGAL	0	1	0.718	0	0.0	0	0.1297	0.13113947599181353	-2.1610237683517397
yioiqliweevmi62w56el04vm	1	1	96	24	0	No-Go	NGAL	0	1	0.576	0	0.0	0	0.1277	0.1254396905687812	-2.2220055995425576
yioiqliweevmi62w56el04vm	1	1	98	25	0	No-Go	NGAL	0	0		1	0.0	1	0.1224	0.8782434411035062	-0.13318207411587762
yioiqliweevmi62w56el04vm	1	1	103	26	0	No-Go	NGAL	0	0		1	1.0	0	0.1022	0.8940521797796058	-0.11369797404213136
yioiqliweevmi62w56el04vm	1	1	105	27	0	No-Go	NGAL	0	1	0.745	0	0.0	0	0.1333	0.1335270951693533	-2.1945733929055353
yioiqliweevmi62w56el04vm	1	1	110	28	0	No-Go	NGAL	0	0		1	0.0	1	0.1342	0.8690528442277254	-0.1451671921174069
yioiqliweevmi62w56el04vm	1	1	113	29	0	No-Go	NGAL	0	0		1	0.0	1	0.1092	0.8907199255395905	-0.1177136270902507
yioiqliweevmi62w56el04vm	1	1	118	30	0	No-Go	NGAL	0	0		1	0.0	1	0.1024	0.9006414037070295	-0.10615531342846583
yioiqliweevmi62w56el04vm	1	1	4	1	1	Go	GW	1	0		0	0.0	0	0.7246	0.2781455657014198	-1.3180455597621377
yioiqliweevmi62w56el04vm	1	1	7	2	1	Go	GW	1	0		0	0.0	0	0.8134	0.1913117888992156	-1.732727989373344
yioiqliweevmi62w56el04vm	1	1	9	3	1	Go	GW	1	1	0.693	1	0.0	1	0.8531	0.8511942117253478	-0.1645487668113865
yioiqliweevmi62w56el04vm	1	1	13	4	1	Go	GW	1	1	0.558	1	1.0	0	0.9422	0.9418782177945777	-0.06065691277095423
yioiqliweevmi62w56el04vm	1	1	18	5	1	Go	GW	1	1	1.153	1	0.0	1	0.8741	0.8748340617828282	-0.1353240789454783
yioiqliweevmi62w56el04vm	1	1	24	6	1	Go	GW	1	1	0.576	1	0.0	1	0.9414	0.9446279788267633	-0.057603344541059434
yioiqliweevmi62w56el04vm	1	1	25	7	1	Go	GW	1	1	0.519	1	1.0	0	0.952	0.954979448393145	-0.046476314935457085
yioiqliweevmi62w56el04vm	1	1	31	8	1	Go	GW	1	1	0.493	1	0.0	1	0.8883	0.8923469007215834	-0.11521710421495975
yioiqliweevmi62w56el04vm	1	1	34	9	1	Go	GW	1	1	0.511	1	0.0	1	0.9494	0.9475971163184955	-0.05434915069467784
yioiqliweevmi62w56el04vm	1	1	37	10	1	Go	GW	1	1	0.42	1	0.0	1	0.9519	0.9558706671282302	-0.04551212212508968
yioiqliweevmi62w56el04vm	1	1	43	11	1	Go	GW	1	1	0.427	1	0.0	1	0.9561	0.9580365582044262	-0.043208379124806566
yioiqliweevmi62w56el04vm	1	1	46	12	1	Go	GW	1	1	0.488	1	0.0	1	0.9582	0.9587537624329107	-0.042446394082002535
yioiqliweevmi62w56el04vm	1	1	50	13	1	Go	GW	1	1	0.348	1	0.0	1	0.958	0.9590311426405662	-0.042151766429762844
yioiqliweevmi62w56el04vm	1	1	54	14	1	Go	GW	1	1	0.429	1	1.0	0	0.9579	0.9591518773128477	-0.04202351636504937
yioiqliweevmi62w56el04vm	1	1	57	15	1	Go	GW	1	1	0.414	1	0.0	1	0.8991	0.8981773103117976	-0.10864929973954675
yioiqliweevmi62w56el04vm	1	1	64	16	1	Go	GW	1	1	0.526	1	0.0	1	0.9474	0.949002308284618	-0.05281020177534046
yioiqliweevmi62w56el04vm	1	1	67	17	1	Go	GW	1	1	0.4	1	1.0	0	0.9549	0.9563942958637698	-0.044945005308472605
yioiqliweevmi62w56el04vm	1	1	71	18	1	Go	GW	1	1	0.628	1	0.0	1	0.8901	0.8942456395697269	-0.11307687666192608
yioiqliweevmi62w56el04vm	1	1	76	19	1	Go	GW	1	1	0.43	1	0.0	1	0.9493	0.9481572665768806	-0.053728911758806064
yioiqliweevmi62w56el04vm	1	1	78	20	1	Go	GW	1	1	0.658	1	0.0	1	0.9556	0.9561042523801003	-0.045256877991936714
yioiqliweevmi62w56el04vm	1	1	84	21	1	Go	GW	1	1	0.446	1	0.0	1	0.9586	0.9581507674256412	-0.04308454074766944
yioiqliweevmi62w56el04vm	1	1	85	22	1	Go	GW	1	1	0.615	1	0.0	1	0.9577	0.958815320777378	-0.04237997139965964
yioiqliweevmi62w56el04vm	1	1	89	23	1	Go	GW	1	1	0.388	1	0.0	1	0.9589	0.959066700727864	-0.042113526662570115
yioiqliweevmi62w56el04vm	1	1	94	24	1	Go	GW	1	1	0.446	1	0.0	1	0.9608	0.9591735366272249	-0.04200027972015257
yioiqliweevmi62w56el04vm	1	1	100	25	1	Go	GW	1	1	0.242	1	1.0	0	0.9608	0.9592234182622906	-0.0419473933775136
yioiqliweevmi62w56el04vm	1	1	102	26	1	Go	GW	1	0		0	0.0	0	0.8967	0.10172396553702864	-2.3851947484582268
yioiqliweevmi62w56el04vm	1	1	106	27	1	Go	GW	1	1	0.495	1	0.0	1	0.914	0.9143386074070425	-0.09060858667978448
yioiqliweevmi62w56el04vm	1	1	111	28	1	Go	GW	1	1	0.47	1	1.0	0	0.9568	0.9575082367935082	-0.04377702332236182
yioiqliweevmi62w56el04vm	1	1	116	29	1	Go	GW	1	1	0.618	1	0.0	1	0.9038	0.9022535241121393	-0.10409653012421997
yioiqliweevmi62w56el04vm	1	1	119	30	1	Go	GW	1	1	0.453	1	0.0	1	0.9557	0.9554660957598772	-0.045963859100051185
yioiqliweevmi62w56el04vm	1	1	3	1	0	Go	GAL	1	0		0	0.0	0	0.5959	0.40666076563684767	-0.9199062295705366
yioiqliweevmi62w56el04vm	1	1	6	2	0	Go	GAL	1	0		0	1.0	1	0.6278	0.3748069341141535	-0.9984065344808197
yioiqliweevmi62w56el04vm	1	1	11	3	0	Go	GAL	1	0		0	0.0	0	0.4869	0.5118928593665883	-0.6809972715142641
yioiqliweevmi62w56el04vm	1	1	15	4	0	Go	GAL	1	1	1.264	1	0.0	1	0.5424	0.5320268174973136	-0.6385200806356524
yioiqliweevmi62w56el04vm	1	1	17	5	0	Go	GAL	1	1	1.167	1	0.0	1	0.6521	0.6523542745805864	-0.4335806418912976
yioiqliweevmi62w56el04vm	1	1	22	6	0	Go	GAL	1	1	1.219	1	0.0	1	0.7127	0.718658614591283	-0.3354416887890817
yioiqliweevmi62w56el04vm	1	1	28	7	0	Go	GAL	1	1	0.898	1	0.0	1	0.7561	0.7567031499719677	-0.28271332214334194
yioiqliweevmi62w56el04vm	1	1	29	8	0	Go	GAL	1	0		0	0.0	0	0.7771	0.22038580046976972	-1.5523910323778884
yioiqliweevmi62w56el04vm	1	1	35	9	0	Go	GAL	1	0		0	0.0	0	0.808	0.19813097862620496	-1.677414647624332
yioiqliweevmi62w56el04vm	1	1	39	10	0	Go	GAL	1	1	0.982	1	1.0	0	0.8175	0.8186044505686302	-0.20388852532252058
yioiqliweevmi62w56el04vm	1	1	44	11	0	Go	GAL	1	0		0	1.0	1	0.6511	0.3529770189050378	-1.0635138319710995
yioiqliweevmi62w56el04vm	1	1	48	12	0	Go	GAL	1	1	1.24	1	0.0	1	0.5264	0.5207120940114963	-0.6724695728219923
yioiqliweevmi62w56el04vm	1	1	49	13	0	Go	GAL	1	1	0.615	1	0.0	1	0.6291	0.628539370448841	-0.46986050671558427
yioiqliweevmi62w56el04vm	1	1	56	14	0	Go	GAL	1	0		0	0.0	0	0.6922	0.3115640136399111	-1.1860105847126614
yioiqliweevmi62w56el04vm	1	1	59	15	0	Go	GAL	1	1	0.711	1	0.0	1	0.7167	0.7234873155620067	-0.32825716698318186
yioiqliweevmi62w56el04vm	1	1	61	16	0	Go	GAL	1	1	0.765	1	1.0	0	0.7564	0.7552230008676911	-0.284599349768787
yioiqliweevmi62w56el04vm	1	1	65	17	0	Go	GAL	1	1	0.631	1	0.0	1	0.5559	0.5574847590330696	-0.5963921301403486
yioiqliweevmi62w56el04vm	1	1	72	18	0	Go	GAL	1	1	1.029	1	0.0	1	0.6657	0.664818545881654	-0.4137572303245066
yioiqliweevmi62w56el04vm	1	1	75	19	0	Go	GAL	1	1	1.167	1	0.0	1	0.7214	0.7222822241221615	-0.329827167760691
yioiqliweevmi62w56el04vm	1	1	80	20	0	Go	GAL	1	1	0.545	1	0.0	1	0.7575	0.754766860793303	-0.2851209228496418
yioiqliweevmi62w56el04vm	1	1	83	21	0	Go	GAL	1	1	0.71	1	0.0	1	0.7819	0.7741726741825281	-0.25924333516645537
yioiqliweevmi62w56el04vm	1	1	86	22	0	Go	GAL	1	1	0.64	1	0.0	1	0.7854	0.7862761871820811	-0.2434231620294577
yioiqliweevmi62w56el04vm	1	1	90	23	0	Go	GAL	1	1	0.621	1	0.0	1	0.7898	0.7940850233754168	-0.23336204293066667
yioiqliweevmi62w56el04vm	1	1	95	24	0	Go	GAL	1	1	0.678	1	1.0	0	0.8037	0.7992635659231595	-0.22676476078989205
yioiqliweevmi62w56el04vm	1	1	97	25	0	Go	GAL	1	0		0	0.0	0	0.5933	0.4015111042082427	-0.9443811742924901
yioiqliweevmi62w56el04vm	1	1	101	26	0	Go	GAL	1	1	1.223	1	0.0	1	0.6388	0.6317437451535037	-0.4704333388164447
yioiqliweevmi62w56el04vm	1	1	108	27	0	Go	GAL	1	1	0.899	1	1.0	0	0.7135	0.7188234975191748	-0.33570583855338876
yioiqliweevmi62w56el04vm	1	1	109	28	0	Go	GAL	1	0		0	0.0	0	0.5509	0.45638844412866786	-0.808108061989391
yioiqliweevmi62w56el04vm	1	1	115	29	0	Go	GAL	1	0		0	0.0	0	0.566	0.42751750086918316	-0.8781609760401599
yioiqliweevmi62w56el04vm	1	1	117	30	0	Go	GAL	1	0		0	0.0	0	0.5955	0.40326887791721394	-0.9422850683271793
yynz7n0qxjkm01alpqutecfa	1	1	2	1	1	No-Go	NGW	0	0		1	0.0	1	0.5123	0.48038128174867945	-0.7984020562657804
yynz7n0qxjkm01alpqutecfa	1	1	5	2	1	No-Go	NGW	0	1	0.446	0	1.0	1	0.3671	0.36185889981521696	-1.1043843239171398
yynz7n0qxjkm01alpqutecfa	1	1	9	3	1	No-Go	NGW	0	1	0.515	0	0.0	0	0.9484	0.9474379400520887	-0.055504811825823876
yynz7n0qxjkm01alpqutecfa	1	1	13	4	1	No-Go	NGW	0	1	0.471	0	0.0	0	0.8715	0.8744137009504364	-0.1394174094321687
yynz7n0qxjkm01alpqutecfa	1	1	18	5	1	No-Go	NGW	0	0		1	0.0	1	0.7362	0.25766871789018003	-1.49930108802498
yynz7n0qxjkm01alpqutecfa	1	1	21	6	1	No-Go	NGW	0	0		1	1.0	0	0.6128	0.38202842226065803	-1.0604911005966593
yynz7n0qxjkm01alpqutecfa	1	1	27	7	1	No-Go	NGW	0	1	0.661	0	0.0	0	0.7803	0.7780592749485797	-0.26284824881020025
yynz7n0qxjkm01alpqutecfa	1	1	30	8	1	No-Go	NGW	0	1	0.64	0	0.0	0	0.6151	0.6116793940728166	-0.5225670846930142
yynz7n0qxjkm01alpqutecfa	1	1	34	9	1	No-Go	NGW	0	1	0.619	0	0.0	0	0.4333	0.4338270688360376	-0.900868086877981
yynz7n0qxjkm01alpqutecfa	1	1	39	10	1	No-Go	NGW	0	1	0.609	0	0.0	0	0.2868	0.2863187830985825	-1.3625267348005894
yynz7n0qxjkm01alpqutecfa	1	1	44	11	1	No-Go	NGW	0	1	0.546	0	1.0	1	0.1786	0.18311992396642485	-1.8584416715390282
yynz7n0qxjkm01alpqutecfa	1	1	48	12	1	No-Go	NGW	0	1	0.423	0	0.0	0	0.9242	0.9208898678961969	-0.08869360971458161
yynz7n0qxjkm01alpqutecfa	1	1	50	13	1	No-Go	NGW	0	0		1	0.0	1	0.8286	0.16781943402910085	-2.1819981523658614
yynz7n0qxjkm01alpqutecfa	1	1	54	14	1	No-Go	NGW	0	1	0.523	0	0.0	0	0.7372	0.7365688384100931	-0.34735656834333817
yynz7n0qxjkm01alpqutecfa	1	1	60	15	1	No-Go	NGW	0	1	0.563	0	0.0	0	0.5471	0.5575327596755651	-0.6757677920520644
yynz7n0qxjkm01alpqutecfa	1	1	61	16	1	No-Go	NGW	0	1	0.464	0	0.0	0	0.3777	0.37797418812291705	-1.1332667864616197
yynz7n0qxjkm01alpqutecfa	1	1	68	17	1	No-Go	NGW	0	1	0.37	0	0.0	0	0.2379	0.2380191063622072	-1.667112332014822
yynz7n0qxjkm01alpqutecfa	1	1	71	18	1	No-Go	NGW	0	0		1	0.0	1	0.1526	0.8544224525226914	-0.1662784928315814
yynz7n0qxjkm01alpqutecfa	1	1	74	19	1	No-Go	NGW	0	0		1	1.0	0	0.0923	0.9077473267908949	-0.10104765673758036
yynz7n0qxjkm01alpqutecfa	1	1	80	20	1	No-Go	NGW	0	0		1	0.0	1	0.1805	0.820699770692538	-0.2086994234817745
yynz7n0qxjkm01alpqutecfa	1	1	84	21	1	No-Go	NGW	0	0		1	0.0	1	0.1146	0.8878752761694916	-0.12425315051838697
yynz7n0qxjkm01alpqutecfa	1	1	86	22	1	No-Go	NGW	0	0		1	0.0	1	0.0758	0.9282378033307436	-0.07703898334559466
yynz7n0qxjkm01alpqutecfa	1	1	90	23	1	No-Go	NGW	0	0		1	0.0	1	0.0505	0.9526685494755192	-0.04976144817500119
yynz7n0qxjkm01alpqutecfa	1	1	95	24	1	No-Go	NGW	0	0		1	0.0	1	0.035	0.9677643275102681	-0.03342076076652866
yynz7n0qxjkm01alpqutecfa	1	1	98	25	1	No-Go	NGW	0	0		1	1.0	0	0.0232	0.9773364753564648	-0.023274818405428804
yynz7n0qxjkm01alpqutecfa	1	1	101	26	1	No-Go	NGW	0	0		1	0.0	1	0.0513	0.9462836528464772	-0.05645550425385869
yynz7n0qxjkm01alpqutecfa	1	1	105	27	1	No-Go	NGW	0	0		1	0.0	1	0.0348	0.9640606040136629	-0.03724627597214811
yynz7n0qxjkm01alpqutecfa	1	1	112	28	1	No-Go	NGW	0	0		1	1.0	0	0.0248	0.9750879709801004	-0.025576933094082255
yynz7n0qxjkm01alpqutecfa	1	1	113	29	1	No-Go	NGW	0	0		1	0.0	1	0.0573	0.940794581328108	-0.062324801851648834
yynz7n0qxjkm01alpqutecfa	1	1	117	30	1	No-Go	NGW	0	0		1	0.0	1	0.0393	0.960957454789819	-0.040489206210793
yynz7n0qxjkm01alpqutecfa	1	1	1	1	0	No-Go	NGAL	0	1	0.344	0	1.0	1	0.6266	0.6227781545313497	-0.48165984106048093
yynz7n0qxjkm01alpqutecfa	1	1	7	2	0	No-Go	NGAL	0	1	0.53	0	0.0	0	0.7612	0.7622753019394712	-0.27599637681536887
yynz7n0qxjkm01alpqutecfa	1	1	12	3	0	No-Go	NGAL	0	0		1	0.0	1	0.6054	0.3935779319849302	-0.9529959339576968
yynz7n0qxjkm01alpqutecfa	1	1	16	4	0	No-Go	NGAL	0	0		1	0.0	1	0.4416	0.5586914880175033	-0.595385241620373
yynz7n0qxjkm01alpqutecfa	1	1	17	5	0	No-Go	NGAL	0	0		1	0.0	1	0.3049	0.6959618371928092	-0.3715298481403739
yynz7n0qxjkm01alpqutecfa	1	1	23	6	0	No-Go	NGAL	0	1	0.822	0	0.0	0	0.205	0.20543238747785858	-1.6742207655577068
yynz7n0qxjkm01alpqutecfa	1	1	25	7	0	No-Go	NGAL	0	1	0.687	0	0.0	0	0.1204	0.12110681470430831	-2.289706952797279
yynz7n0qxjkm01alpqutecfa	1	1	29	8	0	No-Go	NGAL	0	0		1	0.0	1	0.0728	0.9268096866628093	-0.0775802353777584
yynz7n0qxjkm01alpqutecfa	1	1	35	9	0	No-Go	NGAL	0	0		1	1.0	0	0.0513	0.952267930985551	-0.049733681242771555
yynz7n0qxjkm01alpqutecfa	1	1	38	10	0	No-Go	NGAL	0	0		1	0.0	1	0.0484	0.9505435360803082	-0.05158090520459238
yynz7n0qxjkm01alpqutecfa	1	1	42	11	0	No-Go	NGAL	0	0		1	1.0	0	0.0334	0.9667220188443388	-0.03430567226087426
yynz7n0qxjkm01alpqutecfa	1	1	45	12	0	No-Go	NGAL	0	0		1	0.0	1	0.0359	0.9654261492881753	-0.035671466659884576
yynz7n0qxjkm01alpqutecfa	1	1	51	13	0	No-Go	NGAL	0	0		1	0.0	1	0.0233	0.9760173695772548	-0.024543730490153407
yynz7n0qxjkm01alpqutecfa	1	1	55	14	0	No-Go	NGAL	0	0		1	0.0	1	0.017	0.9828084614203181	-0.01749576709715961
yynz7n0qxjkm01alpqutecfa	1	1	57	15	0	No-Go	NGAL	0	0		1	0.0	1	0.0122	0.9872921754314066	-0.012882125654532162
yynz7n0qxjkm01alpqutecfa	1	1	64	16	0	No-Go	NGAL	0	0		1	0.0	1	0.0097	0.9903353684983671	-0.009769780712922905
yynz7n0qxjkm01alpqutecfa	1	1	66	17	0	No-Go	NGAL	0	0		1	0.0	1	0.0078	0.9924544680313103	-0.0076121002578604085
yynz7n0qxjkm01alpqutecfa	1	1	70	18	0	No-Go	NGAL	0	0		1	1.0	0	0.0052	0.9939652713282008	-0.006078814521696784
yynz7n0qxjkm01alpqutecfa	1	1	75	19	0	No-Go	NGAL	0	0		1	0.0	1	0.0066	0.9936748597647822	-0.006372927790786184
yynz7n0qxjkm01alpqutecfa	1	1	77	20	0	No-Go	NGAL	0	0		1	0.0	1	0.0053	0.9948538432552435	-0.0051788909652315945
yynz7n0qxjkm01alpqutecfa	1	1	83	21	0	No-Go	NGAL	0	0		1	0.0	1	0.0032	0.9957255770788259	-0.004297755001368203
yynz7n0qxjkm01alpqutecfa	1	1	88	22	0	No-Go	NGAL	0	0		1	0.0	1	0.0023	0.9963821460597161	-0.0036351053705068422
yynz7n0qxjkm01alpqutecfa	1	1	92	23	0	No-Go	NGAL	0	0		1	0.0	1	0.0031	0.9968850075765721	-0.0031281843194747865
yynz7n0qxjkm01alpqutecfa	1	1	94	24	0	No-Go	NGAL	0	0		1	1.0	0	0.003	0.9972760344712038	-0.002734367664177873
yynz7n0qxjkm01alpqutecfa	1	1	97	25	0	No-Go	NGAL	0	0		1	0.0	1	0.0027	0.9971284226229609	-0.002883050216763259
yynz7n0qxjkm01alpqutecfa	1	1	102	26	0	No-Go	NGAL	0	0		1	0.0	1	0.0027	0.9974684796193669	-0.00254071607697727
yynz7n0qxjkm01alpqutecfa	1	1	107	27	0	No-Go	NGAL	0	0		1	0.0	1	0.0022	0.9977382938343476	-0.0022692739080543735
yynz7n0qxjkm01alpqutecfa	1	1	111	28	0	No-Go	NGAL	0	0		1	1.0	0	0.0018	0.9979549698505787	-0.0020514069025097106
yynz7n0qxjkm01alpqutecfa	1	1	114	29	0	No-Go	NGAL	0	0		1	0.0	1	0.0014	0.9978362497349562	-0.0021708958894782076
yynz7n0qxjkm01alpqutecfa	1	1	120	30	0	No-Go	NGAL	0	0		1	0.0	1	0.0017	0.9980357251506426	-0.0019703279909120183
yynz7n0qxjkm01alpqutecfa	1	1	4	1	0	Go	GAL	1	0		0	0.0	0	0.6151	0.3772218454686504	-0.9972536789880891
yynz7n0qxjkm01alpqutecfa	1	1	6	2	0	Go	GAL	1	1	0.469	1	0.0	1	0.6322	0.6300600263410497	-0.46975529697745416
yynz7n0qxjkm01alpqutecfa	1	1	11	3	0	Go	GAL	1	1	0.463	1	0.0	1	0.7659	0.7677725023001654	-0.26869598453397536
yynz7n0qxjkm01alpqutecfa	1	1	15	4	0	Go	GAL	1	1	0.455	1	1.0	0	0.8498	0.8559445377502755	-0.15808872558668566
yynz7n0qxjkm01alpqutecfa	1	1	20	5	0	Go	GAL	1	0		0	0.0	0	0.7291	0.26881683449463706	-1.3482066221217563
yynz7n0qxjkm01alpqutecfa	1	1	22	6	0	Go	GAL	1	0		0	0.0	0	0.7433	0.2628935680287148	-1.372370642560431
yynz7n0qxjkm01alpqutecfa	1	1	28	7	0	Go	GAL	1	0		0	0.0	0	0.7365	0.2571779770691018	-1.3971581616888162
yynz7n0qxjkm01alpqutecfa	1	1	32	8	0	Go	GAL	1	1	0.279	1	1.0	0	0.7515	0.7483364577608534	-0.2945549582908878
yynz7n0qxjkm01alpqutecfa	1	1	33	9	0	Go	GAL	1	1	0.461	1	0.0	1	0.5872	0.5930610455882296	-0.532805055709605
yynz7n0qxjkm01alpqutecfa	1	1	40	10	0	Go	GAL	1	1	0.411	1	0.0	1	0.7378	0.7445593494696715	-0.2997660435960649
yynz7n0qxjkm01alpqutecfa	1	1	43	11	0	Go	GAL	1	1	0.474	1	0.0	1	0.8459	0.8431889555746307	-0.17324960537540884
yynz7n0qxjkm01alpqutecfa	1	1	47	12	0	Go	GAL	1	1	0.414	1	0.0	1	0.9064	0.902422556553697	-0.10414442534406096
yynz7n0qxjkm01alpqutecfa	1	1	52	13	0	Go	GAL	1	1	0.492	1	0.0	1	0.9382	0.9374803928811365	-0.06535297351457232
yynz7n0qxjkm01alpqutecfa	1	1	56	14	0	Go	GAL	1	1	0.341	1	1.0	0	0.9575	0.9585358185173806	-0.04277989190553742
yynz7n0qxjkm01alpqutecfa	1	1	59	15	0	Go	GAL	1	1	0.804	1	0.0	1	0.9061	0.9053297600045739	-0.10058586094010803
yynz7n0qxjkm01alpqutecfa	1	1	62	16	0	Go	GAL	1	1	0.537	1	0.0	1	0.9403	0.9396396011873268	-0.06288161803608663
yynz7n0qxjkm01alpqutecfa	1	1	67	17	0	Go	GAL	1	1	0.407	1	1.0	0	0.9591	0.9600416162474751	-0.04112829697039404
yynz7n0qxjkm01alpqutecfa	1	1	69	18	0	Go	GAL	1	1	0.416	1	0.0	1	0.9033	0.9073948633356337	-0.09825696915249149
yynz7n0qxjkm01alpqutecfa	1	1	73	19	0	Go	GAL	1	1	0.483	1	0.0	1	0.9452	0.9411932900765003	-0.061169506438042844
yynz7n0qxjkm01alpqutecfa	1	1	78	20	0	Go	GAL	1	1	0.365	1	0.0	1	0.9627	0.9611395655083035	-0.03994923350345772
yynz7n0qxjkm01alpqutecfa	1	1	82	21	0	Go	GAL	1	1	0.506	1	0.0	1	0.9755	0.9733044922569069	-0.027240009313106075
yynz7n0qxjkm01alpqutecfa	1	1	85	22	0	Go	GAL	1	1	0.454	1	0.0	1	0.9796	0.9809861225244147	-0.019306181169544377
yynz7n0qxjkm01alpqutecfa	1	1	91	23	0	Go	GAL	1	1	0.302	1	1.0	0	0.9861	0.9860009254147944	-0.01416616163701356
yynz7n0qxjkm01alpqutecfa	1	1	93	24	0	Go	GAL	1	1	0.404	1	0.0	1	0.9631	0.9629181153250884	-0.03809597134763415
yynz7n0qxjkm01alpqutecfa	1	1	99	25	0	Go	GAL	1	1	0.486	1	0.0	1	0.9748	0.974618513632194	-0.025877417992052253
yynz7n0qxjkm01alpqutecfa	1	1	104	26	0	Go	GAL	1	1	0.425	1	0.0	1	0.9817	0.9819312674816473	-0.01833331717376508
yynz7n0qxjkm01alpqutecfa	1	1	108	27	0	Go	GAL	1	1	0.444	1	0.0	1	0.9867	0.9866776850364466	-0.013473927623389592
yynz7n0qxjkm01alpqutecfa	1	1	109	28	0	Go	GAL	1	1	0.519	1	0.0	1	0.9894	0.98986432175851	-0.010228028170655715
yynz7n0qxjkm01alpqutecfa	1	1	115	29	0	Go	GAL	1	1	0.812	1	1.0	0	0.9914	0.9920689829289424	-0.007990364327352768
yynz7n0qxjkm01alpqutecfa	1	1	118	30	0	Go	GAL	1	1	0.521	1	0.0	1	0.977	0.9773033887533671	-0.02313366751732796
yynz7n0qxjkm01alpqutecfa	1	1	3	1	1	Go	GW	1	1	0.689	1	0.0	1	0.522	0.5196187182513206	-0.7122148864856571
yynz7n0qxjkm01alpqutecfa	1	1	8	2	1	Go	GW	1	1	0.497	1	0.0	1	0.9724	0.9708064443140841	-0.030230819341668966
yynz7n0qxjkm01alpqutecfa	1	1	10	3	1	Go	GW	1	1	0.54	1	0.0	1	0.9924	0.9934907044948066	-0.006573316420885313
yynz7n0qxjkm01alpqutecfa	1	1	14	4	1	Go	GW	1	1	0.38	1	0.0	1	0.9961	0.9968045703192987	-0.0032117575400408987
yynz7n0qxjkm01alpqutecfa	1	1	19	5	1	Go	GW	1	1	0.562	1	1.0	0	0.9984	0.9976817961678677	-0.0023276843378621276
yynz7n0qxjkm01alpqutecfa	1	1	24	6	1	Go	GW	1	1	0.409	1	1.0	0	0.9909	0.991845678747031	-0.008261180725928038
yynz7n0qxjkm01alpqutecfa	1	1	26	7	1	Go	GW	1	1	0.419	1	0.0	1	0.9759	0.9746652839216098	-0.026373385268790985
yynz7n0qxjkm01alpqutecfa	1	1	31	8	1	Go	GW	1	1	0.411	1	0.0	1	0.9943	0.994741830055599	-0.005300624066457189
yynz7n0qxjkm01alpqutecfa	1	1	36	9	1	Go	GW	1	1	0.447	1	0.0	1	0.9977	0.997156685629548	-0.00285722070135256
yynz7n0qxjkm01alpqutecfa	1	1	37	10	1	Go	GW	1	1	0.386	1	0.0	1	0.9979	0.9978154135356335	-0.0021936126768607195
yynz7n0qxjkm01alpqutecfa	1	1	41	11	1	Go	GW	1	1	0.425	1	1.0	0	0.9981	0.9980567246726049	-0.0019509321618111672
yynz7n0qxjkm01alpqutecfa	1	1	46	12	1	Go	GW	1	1	0.395	1	0.0	1	0.991	0.9928891105922195	-0.007205555281520557
yynz7n0qxjkm01alpqutecfa	1	1	49	13	1	Go	GW	1	1	0.423	1	0.0	1	0.9983	0.9969750623397693	-0.003041470826954454
yynz7n0qxjkm01alpqutecfa	1	1	53	14	1	Go	GW	1	1	0.416	1	0.0	1	0.9981	0.9977891921219137	-0.002220307160203749
yynz7n0qxjkm01alpqutecfa	1	1	58	15	1	Go	GW	1	1	0.369	1	0.0	1	0.9979	0.998057140540874	-0.001950637170200416
yynz7n0qxjkm01alpqutecfa	1	1	63	16	1	Go	GW	1	1	0.358	1	0.0	1	0.9978	0.9981646154050553	-0.001842591578555173
yynz7n0qxjkm01alpqutecfa	1	1	65	17	1	Go	GW	1	1	0.479	1	1.0	0	0.9987	0.9982128939855774	-0.0017940927237499362
yynz7n0qxjkm01alpqutecfa	1	1	72	18	1	Go	GW	1	1	0.415	1	0.0	1	0.9933	0.9933623075498236	-0.006726207338993841
yynz7n0qxjkm01alpqutecfa	1	1	76	19	1	Go	GW	1	1	0.389	1	0.0	1	0.9965	0.9971079580865804	-0.0029077227410642553
yynz7n0qxjkm01alpqutecfa	1	1	79	20	1	Go	GW	1	1	0.383	1	0.0	1	0.9992	0.9978429429910286	-0.002166321456663991
yynz7n0qxjkm01alpqutecfa	1	1	81	21	1	Go	GW	1	1	0.355	1	0.0	1	0.9982	0.9980829092221627	-0.0019247822110004616
yynz7n0qxjkm01alpqutecfa	1	1	87	22	1	Go	GW	1	1	0.389	1	0.0	1	0.9979	0.9981782447378537	-0.0018289252107211418
yynz7n0qxjkm01alpqutecfa	1	1	89	23	1	Go	GW	1	1	0.381	1	0.0	1	0.9986	0.998220583958006	-0.0017863852798291374
yynz7n0qxjkm01alpqutecfa	1	1	96	24	1	Go	GW	1	1	0.412	1	0.0	1	0.9983	0.9982408752489397	-0.0017660091555064738
yynz7n0qxjkm01alpqutecfa	1	1	100	25	1	Go	GW	1	1	0.827	1	1.0	0	0.998	0.9982511780326667	-0.0017556680495993742
yynz7n0qxjkm01alpqutecfa	1	1	103	26	1	Go	GW	1	1	0.379	1	0.0	1	0.9935	0.9934797679497935	-0.0066074240421595464
yynz7n0qxjkm01alpqutecfa	1	1	106	27	1	Go	GW	1	1	0.299	1	0.0	1	0.9981	0.9971440878453013	-0.0028713848296447815
yynz7n0qxjkm01alpqutecfa	1	1	110	28	1	Go	GW	1	1	0.386	1	0.0	1	0.9979	0.997858487240591	-0.002150715695764152
yynz7n0qxjkm01alpqutecfa	1	1	116	29	1	Go	GW	1	1	0.585	1	1.0	0	0.9984	0.9980907335708694	-0.0019169340932246185
yynz7n0qxjkm01alpqutecfa	1	1	119	30	1	Go	GW	1	1	0.478	1	0.0	1	0.9929	0.9929673859114669	-0.007128319230832404
yynz7n0qxjkm01alpqutecfa	1	2	122	1	1	No-Go	NGW	0	1	0.213	0	0.0	0	0.5088	0.5196187182513206	-0.7122148864856571
yynz7n0qxjkm01alpqutecfa	1	2	126	2	1	No-Go	NGW	0	0		1	1.0	0	0.3628	0.6381411001847831	-0.47659931554536655
yynz7n0qxjkm01alpqutecfa	1	2	131	3	1	No-Go	NGW	0	0		1	0.0	1	0.5197	0.48038128174867945	-0.7984020562657804
yynz7n0qxjkm01alpqutecfa	1	2	133	4	1	No-Go	NGW	0	0		1	0.0	1	0.3488	0.6536307364949562	-0.4497749170518342
yynz7n0qxjkm01alpqutecfa	1	2	138	5	1	No-Go	NGW	0	0		1	0.0	1	0.2206	0.7821409477861152	-0.25590932084585055
yynz7n0qxjkm01alpqutecfa	1	2	141	6	1	No-Go	NGW	0	0		1	1.0	0	0.1333	0.8644146218632226	-0.1502269835961472
yynz7n0qxjkm01alpqutecfa	1	2	147	7	1	No-Go	NGW	0	0		1	0.0	1	0.2531	0.7446077595215232	-0.30883123791726597
yynz7n0qxjkm01alpqutecfa	1	2	152	8	1	No-Go	NGW	0	0		1	0.0	1	0.1558	0.8416340912299456	-0.17817427700578964
yynz7n0qxjkm01alpqutecfa	1	2	156	9	1	No-Go	NGW	0	0		1	0.0	1	0.1054	0.9007767060625909	-0.10709715796931871
yynz7n0qxjkm01alpqutecfa	1	2	158	10	1	No-Go	NGW	0	0		1	0.0	1	0.0654	0.9360831542516702	-0.06729811691309302
yynz7n0qxjkm01alpqutecfa	1	2	163	11	1	No-Go	NGW	0	0		1	1.0	0	0.0424	0.9573984900617725	-0.04416834404353913
yynz7n0qxjkm01alpqutecfa	1	2	166	12	1	No-Go	NGW	0	0		1	0.0	1	0.0987	0.900952663855641	-0.10702634022174273
yynz7n0qxjkm01alpqutecfa	1	2	169	13	1	No-Go	NGW	0	0		1	0.0	1	0.0607	0.9366285969704325	-0.06669100208056583
yynz7n0qxjkm01alpqutecfa	1	2	175	14	1	No-Go	NGW	0	0		1	0.0	1	0.0426	0.9579376515377913	-0.043579333094904006
yynz7n0qxjkm01alpqutecfa	1	2	180	15	1	No-Go	NGW	0	0		1	0.0	1	0.0299	0.9710167671202798	-0.029736177973444206
yynz7n0qxjkm01alpqutecfa	1	2	181	16	1	No-Go	NGW	0	0		1	0.0	1	0.0209	0.9793027004569534	-0.021099659077137227
yynz7n0qxjkm01alpqutecfa	1	2	186	17	1	No-Go	NGW	0	0		1	0.0	1	0.0162	0.9847204656809301	-0.015509416176421814
yynz7n0qxjkm01alpqutecfa	1	2	191	18	1	No-Go	NGW	0	0		1	0.0	1	0.0112	0.9883701093673338	-0.011769503871172857
yynz7n0qxjkm01alpqutecfa	1	2	196	19	1	No-Go	NGW	0	0		1	1.0	0	0.0087	0.9908972162814418	-0.009192464958575034
yynz7n0qxjkm01alpqutecfa	1	2	198	20	1	No-Go	NGW	0	0		1	0.0	1	0.0267	0.9737036346930523	-0.02704839758549313
yynz7n0qxjkm01alpqutecfa	1	2	202	21	1	No-Go	NGW	0	0		1	0.0	1	0.0219	0.9812343335049664	-0.01914767847528821
yynz7n0qxjkm01alpqutecfa	1	2	208	22	1	No-Go	NGW	0	0		1	0.0	1	0.0145	0.986102539712555	-0.014111918321938198
yynz7n0qxjkm01alpqutecfa	1	2	210	23	1	No-Go	NGW	0	0		1	0.0	1	0.0105	0.989364374980018	-0.010765729763112597
yynz7n0qxjkm01alpqutecfa	1	2	213	24	1	No-Go	NGW	0	0		1	0.0	1	0.0074	0.9916200944353241	-0.008464064791001282
yynz7n0qxjkm01alpqutecfa	1	2	218	25	1	No-Go	NGW	0	0		1	1.0	0	0.0078	0.9932239121511204	-0.006833604583127617
yynz7n0qxjkm01alpqutecfa	1	2	222	26	1	No-Go	NGW	0	0		1	0.0	1	0.0194	0.9792297063820166	-0.021371880619252763
yynz7n0qxjkm01alpqutecfa	1	2	226	27	1	No-Go	NGW	0	0		1	0.0	1	0.0134	0.9849442601008565	-0.015355664754916171
yynz7n0qxjkm01alpqutecfa	1	2	230	28	1	No-Go	NGW	0	0		1	1.0	0	0.01	0.9886593401274131	-0.011509572148036114
yynz7n0qxjkm01alpqutecfa	1	2	235	29	1	No-Go	NGW	0	0		1	0.0	1	0.0333	0.9669816421610714	-0.03467438788005137
yynz7n0qxjkm01alpqutecfa	1	2	238	30	1	No-Go	NGW	0	0		1	0.0	1	0.0228	0.9773563722914099	-0.023343276484054817
yynz7n0qxjkm01alpqutecfa	1	2	128	2	1	Go	GW	1	1	0.482	1	0.0	1	0.9689	0.9708064443140841	-0.030230819341668966
yynz7n0qxjkm01alpqutecfa	1	2	132	3	1	Go	GW	1	1	0.368	1	0.0	1	0.9935	0.9934907044948066	-0.006573316420885313
yynz7n0qxjkm01alpqutecfa	1	2	136	4	1	Go	GW	1	1	0.304	1	0.0	1	0.9972	0.9968045703192987	-0.0032117575400408987
yynz7n0qxjkm01alpqutecfa	1	2	140	5	1	Go	GW	1	1	0.43	1	1.0	0	0.9977	0.9976817961678677	-0.0023276843378621276
yynz7n0qxjkm01alpqutecfa	1	2	144	6	1	Go	GW	1	1	0.545	1	1.0	0	0.993	0.991845678747031	-0.008261180725928038
yynz7n0qxjkm01alpqutecfa	1	2	146	7	1	Go	GW	1	1	0.534	1	0.0	1	0.9741	0.9746652839216098	-0.026373385268790985
yynz7n0qxjkm01alpqutecfa	1	2	151	8	1	Go	GW	1	1	0.354	1	0.0	1	0.9957	0.994741830055599	-0.005300624066457189
yynz7n0qxjkm01alpqutecfa	1	2	153	9	1	Go	GW	1	1	0.582	1	0.0	1	0.9974	0.997156685629548	-0.00285722070135256
yynz7n0qxjkm01alpqutecfa	1	2	160	10	1	Go	GW	1	1	0.342	1	0.0	1	0.9977	0.9978154135356335	-0.0021936126768607195
yynz7n0qxjkm01alpqutecfa	1	2	161	11	1	Go	GW	1	1	0.471	1	1.0	0	0.9979	0.9980567246726049	-0.0019509321618111672
yynz7n0qxjkm01alpqutecfa	1	2	168	12	1	Go	GW	1	1	0.665	1	0.0	1	0.9931	0.9928891105922195	-0.007205555281520557
yynz7n0qxjkm01alpqutecfa	1	2	171	13	1	Go	GW	1	1	0.407	1	0.0	1	0.9966	0.9969750623397693	-0.003041470826954454
yynz7n0qxjkm01alpqutecfa	1	2	174	14	1	Go	GW	1	1	0.913	1	0.0	1	0.998	0.9977891921219137	-0.002220307160203749
yynz7n0qxjkm01alpqutecfa	1	2	178	15	1	Go	GW	1	1	0.355	1	0.0	1	0.9973	0.998057140540874	-0.001950637170200416
yynz7n0qxjkm01alpqutecfa	1	2	183	16	1	Go	GW	1	1	0.336	1	0.0	1	0.9988	0.9981646154050553	-0.001842591578555173
yynz7n0qxjkm01alpqutecfa	1	2	188	17	1	Go	GW	1	1	0.447	1	1.0	0	0.9985	0.9982128939855774	-0.0017940927237499362
yynz7n0qxjkm01alpqutecfa	1	2	190	18	1	Go	GW	1	1	0.354	1	0.0	1	0.9927	0.9933623075498236	-0.006726207338993841
yynz7n0qxjkm01alpqutecfa	1	2	193	19	1	Go	GW	1	0		0	0.0	0	0.9975	0.002892041913419594	-7.399257505109578
yynz7n0qxjkm01alpqutecfa	1	2	200	20	1	Go	GW	1	1	0.272	1	0.0	1	0.9981	0.998479882322816	-0.0015248257922826638
yynz7n0qxjkm01alpqutecfa	1	2	204	21	1	Go	GW	1	1	0.374	1	0.0	1	0.9986	0.9988613389721833	-0.0011414914018201406
yynz7n0qxjkm01alpqutecfa	1	2	205	22	1	Go	GW	1	1	0.434	1	0.0	1	0.9991	0.9989875397461576	-0.001014814553060201
yynz7n0qxjkm01alpqutecfa	1	2	211	23	1	Go	GW	1	1	0.41	1	0.0	1	0.9987	0.9990381931540947	-0.0009639997632183515
yynz7n0qxjkm01alpqutecfa	1	2	216	24	1	Go	GW	1	1	0.286	1	0.0	1	0.9989	0.9990608903567211	-0.0009412392844314121
yynz7n0qxjkm01alpqutecfa	1	2	219	25	1	Go	GW	1	1	1.022	1	1.0	0	0.9989	0.999071856795605	-0.0009302456460410598
yynz7n0qxjkm01alpqutecfa	1	2	223	26	1	Go	GW	1	1	0.301	1	0.0	1	0.9965	0.9966273051730111	-0.0033964863264233855
yynz7n0qxjkm01alpqutecfa	1	2	227	27	1	Go	GW	1	1	0.361	1	0.0	1	0.9986	0.9984944190666016	-0.0015102406400497764
yynz7n0qxjkm01alpqutecfa	1	2	232	28	1	Go	GW	1	1	1.173	1	0.0	1	0.9989	0.998867708212855	-0.0011351072098099873
yynz7n0qxjkm01alpqutecfa	1	2	234	29	1	Go	GW	1	1	0.319	1	1.0	0	0.9993	0.9989907916173639	-0.0010115567164554057
yynz7n0qxjkm01alpqutecfa	1	2	237	30	1	Go	GW	1	1	0.437	1	0.0	1	0.9959	0.9963728162992047	-0.0036532716581243263
yynz7n0qxjkm01alpqutecfa	1	2	125	2	0	No-Go	NGAL	0	1	1.061	0	0.0	0	0.7621	0.7622753019394712	-0.27599637681536887
yynz7n0qxjkm01alpqutecfa	1	2	130	3	0	No-Go	NGAL	0	0		1	0.0	1	0.6126	0.3935779319849302	-0.9529959339576968
yynz7n0qxjkm01alpqutecfa	1	2	134	4	0	No-Go	NGAL	0	0		1	0.0	1	0.4449	0.5586914880175033	-0.595385241620373
yynz7n0qxjkm01alpqutecfa	1	2	139	5	0	No-Go	NGAL	0	0		1	0.0	1	0.3146	0.6959618371928092	-0.3715298481403739
yynz7n0qxjkm01alpqutecfa	1	2	143	6	0	No-Go	NGAL	0	0		1	0.0	1	0.2148	0.7945676125221415	-0.2356716307131028
yynz7n0qxjkm01alpqutecfa	1	2	148	7	0	No-Go	NGAL	0	0		1	0.0	1	0.1388	0.8605248622102496	-0.15361504405597004
yynz7n0qxjkm01alpqutecfa	1	2	150	8	0	No-Go	NGAL	0	0		1	0.0	1	0.0969	0.903565450785943	-0.10339911794445973
yynz7n0qxjkm01alpqutecfa	1	2	154	9	0	No-Go	NGAL	0	0		1	1.0	0	0.0718	0.9316655514948939	-0.07195997161294752
yynz7n0qxjkm01alpqutecfa	1	2	157	10	0	No-Go	NGAL	0	0		1	0.0	1	0.0754	0.9289279088082881	-0.07495288480888886
yynz7n0qxjkm01alpqutecfa	1	2	162	11	0	No-Go	NGAL	0	0		1	1.0	0	0.0521	0.9484439141234281	-0.05367840916219036
yynz7n0qxjkm01alpqutecfa	1	2	167	12	0	No-Go	NGAL	0	0		1	0.0	1	0.0541	0.9462169698407517	-0.05607539481770391
yynz7n0qxjkm01alpqutecfa	1	2	172	13	0	No-Go	NGAL	0	0		1	0.0	1	0.043	0.9600668133029904	-0.041246892716069246
yynz7n0qxjkm01alpqutecfa	1	2	176	14	0	No-Go	NGAL	0	0		1	0.0	1	0.0285	0.9695415801874929	-0.031252712793489824
yynz7n0qxjkm01alpqutecfa	1	2	177	15	0	No-Go	NGAL	0	0		1	0.0	1	0.0259	0.9761675885671662	-0.024337670099492194
yynz7n0qxjkm01alpqutecfa	1	2	184	16	0	No-Go	NGAL	0	0		1	0.0	1	0.0187	0.9809017617305575	-0.019435363966895037
yynz7n0qxjkm01alpqutecfa	1	2	185	17	0	No-Go	NGAL	0	0		1	0.0	1	0.0157	0.984353619264251	-0.015881585607406268
yynz7n0qxjkm01alpqutecfa	1	2	192	18	0	No-Go	NGAL	0	0		1	1.0	0	0.0126	0.9869185694511174	-0.013252455417176278
yynz7n0qxjkm01alpqutecfa	1	2	194	19	0	No-Go	NGAL	0	0		1	0.0	1	0.0139	0.986222525924074	-0.013966789691406224
yynz7n0qxjkm01alpqutecfa	1	2	197	20	0	No-Go	NGAL	0	0		1	0.0	1	0.0123	0.9883323118391952	-0.0118089979318889
yynz7n0qxjkm01alpqutecfa	1	2	203	21	0	No-Go	NGAL	0	0		1	0.0	1	0.0115	0.9899444562783003	-0.010164875560078225
yynz7n0qxjkm01alpqutecfa	1	2	206	22	0	No-Go	NGAL	0	0		1	0.0	1	0.01	0.9911953232233977	-0.008892046611378114
yynz7n0qxjkm01alpqutecfa	1	2	209	23	0	No-Go	NGAL	0	0		1	0.0	1	0.0064	0.9921794332219348	-0.007892435012030798
yynz7n0qxjkm01alpqutecfa	1	2	215	24	0	No-Go	NGAL	0	0		1	1.0	0	0.0077	0.992963469480239	-0.007097186065314462
yynz7n0qxjkm01alpqutecfa	1	2	217	25	0	No-Go	NGAL	0	0		1	0.0	1	0.0075	0.9925437791762927	-0.007525231378133986
yynz7n0qxjkm01alpqutecfa	1	2	224	26	0	No-Go	NGAL	0	0		1	0.0	1	0.0063	0.9932606190541137	-0.006797855716106944
yynz7n0qxjkm01alpqutecfa	1	2	225	27	0	No-Go	NGAL	0	0		1	0.0	1	0.0083	0.9938397360961752	-0.006210954495993297
yynz7n0qxjkm01alpqutecfa	1	2	229	28	0	No-Go	NGAL	0	0		1	1.0	0	0.0055	0.9943124694672762	-0.005732346024151812
yynz7n0qxjkm01alpqutecfa	1	2	233	29	0	No-Go	NGAL	0	0		1	0.0	1	0.0068	0.993950383768728	-0.006101712663149549
yynz7n0qxjkm01alpqutecfa	1	2	240	30	0	No-Go	NGAL	0	0		1	0.0	1	0.0048	0.9944094514545037	-0.005636212501338208
yynz7n0qxjkm01alpqutecfa	1	2	123	1	0	Go	GAL	1	1	0.398	1	0.0	1	0.6271	0.6227781545313497	-0.48165984106048093
yynz7n0qxjkm01alpqutecfa	1	2	127	2	0	Go	GAL	1	1	0.55	1	0.0	1	0.7632	0.7622753019394712	-0.27599637681536887
yynz7n0qxjkm01alpqutecfa	1	2	129	3	0	Go	GAL	1	1	0.646	1	0.0	1	0.8493	0.85220740420081	-0.1625378740318614
yynz7n0qxjkm01alpqutecfa	1	2	135	4	0	Go	GAL	1	1	0.315	1	1.0	0	0.9058	0.9066450127837754	-0.09943670491688467
yynz7n0qxjkm01alpqutecfa	1	2	137	5	0	Go	GAL	1	1	0.544	1	0.0	1	0.8056	0.8099277938839048	-0.21364567889167227
yynz7n0qxjkm01alpqutecfa	1	2	142	6	0	Go	GAL	1	1	0.834	1	0.0	1	0.881	0.8819094721414058	-0.1272898806068418
yynz7n0qxjkm01alpqutecfa	1	2	145	7	0	Go	GAL	1	1	0.549	1	0.0	1	0.927	0.9247425405261208	-0.07915186288544163
yynz7n0qxjkm01alpqutecfa	1	2	149	8	0	Go	GAL	1	1	0.462	1	1.0	0	0.9482	0.950409829721198	-0.0513707437023526
yynz7n0qxjkm01alpqutecfa	1	2	155	9	0	Go	GAL	1	1	0.43	1	0.0	1	0.8909	0.8877679374152633	-0.12036475255271013
yynz7n0qxjkm01alpqutecfa	1	2	159	10	0	Go	GAL	1	1	0.447	1	0.0	1	0.9283	0.9287069228825531	-0.07468858753051132
yynz7n0qxjkm01alpqutecfa	1	2	164	11	0	Go	GAL	1	1	0.419	1	0.0	1	0.9518	0.9530338626267103	-0.048517418655703255
yynz7n0qxjkm01alpqutecfa	1	2	165	12	0	Go	GAL	1	1	0.491	1	0.0	1	0.9689	0.9678901864303385	-0.032876212087645205
yynz7n0qxjkm01alpqutecfa	1	2	170	13	0	Go	GAL	1	1	0.798	1	0.0	1	0.9756	0.9772556540730837	-0.02315018569747145
yynz7n0qxjkm01alpqutecfa	1	2	173	14	0	Go	GAL	1	1	0.378	1	1.0	0	0.9838	0.9833497867233835	-0.016878989874534046
yynz7n0qxjkm01alpqutecfa	1	2	179	15	0	Go	GAL	1	1	0.436	1	0.0	1	0.9565	0.9563254258979814	-0.04503457553030689
yynz7n0qxjkm01alpqutecfa	1	2	182	16	0	Go	GAL	1	1	0.396	1	0.0	1	0.9705	0.9701940628549457	-0.0304658201607872
yynz7n0qxjkm01alpqutecfa	1	2	187	17	0	Go	GAL	1	1	0.34	1	1.0	0	0.9811	0.9788566998378968	-0.0214925140020078
yynz7n0qxjkm01alpqutecfa	1	2	189	18	0	Go	GAL	1	1	0.313	1	0.0	1	0.9424	0.9452448423504313	-0.05697227383917397
yynz7n0qxjkm01alpqutecfa	1	2	195	19	0	Go	GAL	1	1	0.437	1	0.0	1	0.9624	0.9636610915825433	-0.03732273781366576
yynz7n0qxjkm01alpqutecfa	1	2	199	20	0	Go	GAL	1	1	0.433	1	0.0	1	0.9741	0.974833301417342	-0.025655864788206435
yynz7n0qxjkm01alpqutecfa	1	2	201	21	0	Go	GAL	1	1	0.445	1	0.0	1	0.9799	0.981887395254154	-0.01837804360146248
yynz7n0qxjkm01alpqutecfa	1	2	207	22	0	Go	GAL	1	1	0.489	1	0.0	1	0.9875	0.9865089772351788	-0.013645741789629916
yynz7n0qxjkm01alpqutecfa	1	2	212	23	0	Go	GAL	1	1	0.593	1	1.0	0	0.9872	0.9896386049291191	-0.010457243087973078
yynz7n0qxjkm01alpqutecfa	1	2	214	24	0	Go	GAL	1	1	0.378	1	0.0	1	0.969	0.9706592203611126	-0.030060460562223484
yynz7n0qxjkm01alpqutecfa	1	2	220	25	0	Go	GAL	1	1	0.537	1	0.0	1	0.9788	0.9793868742184699	-0.020972002486617933
yynz7n0qxjkm01alpqutecfa	1	2	221	26	0	Go	GAL	1	1	0.446	1	0.0	1	0.9847	0.9849359580885299	-0.015261871264880416
yynz7n0qxjkm01alpqutecfa	1	2	228	27	0	Go	GAL	1	1	0.532	1	0.0	1	0.9894	0.9886057996180684	-0.011512027797712333
yynz7n0qxjkm01alpqutecfa	1	2	231	28	0	Go	GAL	1	1	0.416	1	0.0	1	0.9915	0.9911172321829769	-0.008957535083283352
yynz7n0qxjkm01alpqutecfa	1	2	236	29	0	Go	GAL	1	1	0.317	1	1.0	0	0.9922	0.9928877039174162	-0.007162359563110743
yynz7n0qxjkm01alpqutecfa	1	2	239	30	0	Go	GAL	1	1	0.376	1	0.0	1	0.9806	0.9787572245012092	-0.02167425835030167
zp309icv0mikrt590td60goa	1	2	124	1	1	Go	GW	1	0		0	0.0	0	0.2984	0.699822601694014	-0.37256525905417553
zp309icv0mikrt590td60goa	1	2	125	2	1	Go	GW	1	0		0	0.0	0	0.3802	0.6155579286730467	-0.5113726888231341
zp309icv0mikrt590td60goa	1	2	129	3	1	Go	GW	1	0		0	0.0	0	0.4698	0.5294417164079878	-0.6780392844953984
zp309icv0mikrt590td60goa	1	2	133	4	1	Go	GW	1	0		0	1.0	1	0.5577	0.44705373408916965	-0.8689540513420174
zp309icv0mikrt590td60goa	1	2	139	5	1	Go	GW	1	0		0	0.0	0	0.4394	0.5545919648600148	-0.6275191488603387
zp309icv0mikrt590td60goa	1	2	141	6	1	Go	GW	1	0		0	0.0	0	0.5304	0.4702674026029991	-0.811992809097082
zp309icv0mikrt590td60goa	1	2	148	7	1	Go	GW	1	0		0	0.0	0	0.6103	0.3926556903921407	-1.017542283231084
zp309icv0mikrt590td60goa	1	2	152	8	1	Go	GW	1	0		0	0.0	0	0.6785	0.32441584882506735	-1.2384046175817778
zp309icv0mikrt590td60goa	1	2	153	9	1	Go	GW	1	1	0.875	1	1.0	0	0.7358	0.7335922415401428	-0.3301180256406685
zp309icv0mikrt590td60goa	1	2	160	10	1	Go	GW	1	1	1.325	1	0.0	1	0.6529	0.6562886128798197	-0.4515861461670598
zp309icv0mikrt590td60goa	1	2	161	11	1	Go	GW	1	1	0.829	1	0.0	1	0.8802	0.8757164176201911	-0.13786430580785974
zp309icv0mikrt590td60goa	1	2	168	12	1	Go	GW	1	1	1.057	1	0.0	1	0.9434	0.9442711496188491	-0.059086796273348785
zp309icv0mikrt590td60goa	1	2	170	13	1	Go	GW	1	1	0.731	1	0.0	1	0.974	0.9714619968172987	-0.029592457411803635
zp309icv0mikrt590td60goa	1	2	173	14	1	Go	GW	1	1	1.04	1	0.0	1	0.9839	0.983825604429542	-0.016563373970795853
zp309icv0mikrt590td60goa	1	2	177	15	1	Go	GW	1	1	0.91	1	1.0	0	0.9897	0.9900212707486459	-0.010142170306740268
zp309icv0mikrt590td60goa	1	2	183	16	1	Go	GW	1	1	0.788	1	0.0	1	0.9835	0.983026437068728	-0.017381344871286994
zp309icv0mikrt590td60goa	1	2	187	17	1	Go	GW	1	1	1.472	1	0.0	1	0.9898	0.9899267470682853	-0.010239756448012284
zp309icv0mikrt590td60goa	1	2	190	18	1	Go	GW	1	1	0.703	1	1.0	0	0.9921	0.9933542558048449	-0.006725797264321612
zp309icv0mikrt590td60goa	1	2	195	19	1	Go	GW	1	1	0.844	1	0.0	1	0.9891	0.9880724284065933	-0.012163903022748036
zp309icv0mikrt590td60goa	1	2	198	20	1	Go	GW	1	1	0.895	1	0.0	1	0.9931	0.992728246005087	-0.007367849365060384
zp309icv0mikrt590td60goa	1	2	202	21	1	Go	GW	1	1	0.789	1	0.0	1	0.9962	0.994977816906945	-0.005072391975477391
zp309icv0mikrt590td60goa	1	2	208	22	1	Go	GW	1	1	0.537	1	0.0	1	0.9973	0.9962629571888618	-0.0037672318527905545
zp309icv0mikrt590td60goa	1	2	209	23	1	Go	GW	1	1	0.699	1	0.0	1	0.9972	0.9970505453572245	-0.0029701138944621644
zp309icv0mikrt590td60goa	1	2	215	24	1	Go	GW	1	1	0.69	1	0.0	1	0.9982	0.9975561041106048	-0.002459753819534027
zp309icv0mikrt590td60goa	1	2	219	25	1	Go	GW	1	1	0.615	1	1.0	0	0.9983	0.9978923518423289	-0.0021209778399850798
zp309icv0mikrt590td60goa	1	2	222	26	1	Go	GW	1	1	0.561	1	0.0	1	0.9951	0.9955014883841588	-0.004570981955724524
zp309icv0mikrt590td60goa	1	2	228	27	1	Go	GW	1	1	0.518	1	0.0	1	0.9981	0.9970598175089476	-0.0029652686247237875
zp309icv0mikrt590td60goa	1	2	232	28	1	Go	GW	1	1	0.649	1	0.0	1	0.9971	0.9976672476690268	-0.0023494322074796574
zp309icv0mikrt590td60goa	1	2	236	29	1	Go	GW	1	1	0.631	1	1.0	0	0.9975	0.9980046302744944	-0.0020088471991743717
zp309icv0mikrt590td60goa	1	2	239	30	1	Go	GW	1	1	0.559	1	0.0	1	0.9964	0.99563186815652	-0.004445041112398854
zp309icv0mikrt590td60goa	1	2	122	1	0	Go	GAL	1	0		0	0.0	0	0.6033	0.3997060423306983	-0.9393889827672747
zp309icv0mikrt590td60goa	1	2	128	2	0	Go	GAL	1	1	0.536	1	0.0	1	0.6243	0.6255512061227014	-0.4765255839121235
zp309icv0mikrt590td60goa	1	2	131	3	0	Go	GAL	1	1	0.991	1	1.0	0	0.7097	0.7100930051870313	-0.3478211641654165
zp309icv0mikrt590td60goa	1	2	135	4	0	Go	GAL	1	1	0.501	1	0.0	1	0.6196	0.6203606740507875	-0.48486851212355375
zp309icv0mikrt590td60goa	1	2	140	5	0	Go	GAL	1	1	1.028	1	0.0	1	0.7011	0.705973663848459	-0.3535650440486658
zp309icv0mikrt590td60goa	1	2	142	6	0	Go	GAL	1	1	0.938	1	0.0	1	0.7715	0.7747995507068725	-0.2591519466059776
zp309icv0mikrt590td60goa	1	2	147	7	0	Go	GAL	1	1	0.65	1	0.0	1	0.8272	0.8281780666540817	-0.19141781274139116
zp309icv0mikrt590td60goa	1	2	149	8	0	Go	GAL	1	1	0.918	1	0.0	1	0.8705	0.868739938081577	-0.14274300694502462
zp309icv0mikrt590td60goa	1	2	156	9	0	Go	GAL	1	1	1.042	1	1.0	0	0.9029	0.8992508664642573	-0.10759555286064167
zp309icv0mikrt590td60goa	1	2	159	10	0	Go	GAL	1	0		0	0.0	0	0.8565	0.15088335616170098	-1.9572885277582277
zp309icv0mikrt590td60goa	1	2	163	11	0	Go	GAL	1	0		0	0.0	0	0.857	0.13890263836672545	-2.058158665748994
zp309icv0mikrt590td60goa	1	2	167	12	0	Go	GAL	1	1	0.47	1	0.0	1	0.8732	0.8715540057277774	-0.13961422117130262
zp309icv0mikrt590td60goa	1	2	169	13	0	Go	GAL	1	1	0.822	1	0.0	1	0.9044	0.9023976429405218	-0.10416153007166148
zp309icv0mikrt590td60goa	1	2	176	14	0	Go	GAL	1	1	0.463	1	0.0	1	0.9263	0.9251860866388332	-0.07876193679591528
zp309icv0mikrt590td60goa	1	2	178	15	0	Go	GAL	1	1	1.17	1	1.0	0	0.9421	0.9420804431957808	-0.06035280908449045
zp309icv0mikrt590td60goa	1	2	184	16	0	Go	GAL	1	1	0.643	1	0.0	1	0.9116	0.9093682777834252	-0.09632196710892332
zp309icv0mikrt590td60goa	1	2	186	17	0	Go	GAL	1	1	0.902	1	0.0	1	0.9248	0.9306323126976724	-0.0727684879275504
zp309icv0mikrt590td60goa	1	2	192	18	0	Go	GAL	1	1	0.732	1	1.0	0	0.9446	0.9462965198856981	-0.05579862515341553
zp309icv0mikrt590td60goa	1	2	196	19	0	Go	GAL	1	1	0.913	1	0.0	1	0.9162	0.9149990266216218	-0.09019147578598743
zp309icv0mikrt590td60goa	1	2	197	20	0	Go	GAL	1	1	1.004	1	0.0	1	0.9381	0.9350217193370427	-0.06804236287125787
zp309icv0mikrt590td60goa	1	2	203	21	0	Go	GAL	1	1	0.599	1	0.0	1	0.952	0.9496951706104166	-0.05218398810659465
zp309icv0mikrt590td60goa	1	2	205	22	0	Go	GAL	1	1	0.703	1	0.0	1	0.9572	0.9605573956414213	-0.04063295819194138
zp309icv0mikrt590td60goa	1	2	210	23	0	Go	GAL	1	1	0.66	1	0.0	1	0.9687	0.968684968032134	-0.03209134608509426
zp309icv0mikrt590td60goa	1	2	216	24	0	Go	GAL	1	1	0.734	1	1.0	0	0.975	0.974832069735403	-0.02568818454550933
zp309icv0mikrt590td60goa	1	2	220	25	0	Go	GAL	1	1	0.973	1	0.0	1	0.9586	0.9575036940097847	-0.043994230581481567
zp309icv0mikrt590td60goa	1	2	221	26	0	Go	GAL	1	1	0.697	1	0.0	1	0.9661	0.9665652139680527	-0.034376806167818116
zp309icv0mikrt590td60goa	1	2	226	27	0	Go	GAL	1	1	0.656	1	1.0	0	0.9722	0.9733216671959437	-0.02729468553295578
zp309icv0mikrt590td60goa	1	2	230	28	0	Go	GAL	1	1	0.697	1	0.0	1	0.9583	0.9547610534503892	-0.04713362932657826
zp309icv0mikrt590td60goa	1	2	235	29	0	Go	GAL	1	1	0.727	1	0.0	1	0.9609	0.9646962569605319	-0.03644539475267049
zp309icv0mikrt590td60goa	1	2	237	30	0	Go	GAL	1	1	0.592	1	0.0	1	0.9753	0.9720152332350568	-0.028710318403567713
zp309icv0mikrt590td60goa	1	2	123	1	1	No-Go	NGW	0	0		1	1.0	0	0.3001	0.699822601694014	-0.37256525905417553
zp309icv0mikrt590td60goa	1	2	126	2	1	No-Go	NGW	0	0		1	0.0	1	0.3896	0.6155579286730467	-0.5113726888231341
zp309icv0mikrt590td60goa	1	2	130	3	1	No-Go	NGW	0	0		1	0.0	1	0.2957	0.7042490796976324	-0.36604423280124826
zp309icv0mikrt590td60goa	1	2	134	4	1	No-Go	NGW	0	0		1	0.0	1	0.2166	0.7756760068201023	-0.26328900915665027
zp309icv0mikrt590td60goa	1	2	137	5	1	No-Go	NGW	0	0		1	0.0	1	0.172	0.830901172494195	-0.19083598058504722
zp309icv0mikrt590td60goa	1	2	144	6	1	No-Go	NGW	0	0		1	0.0	1	0.1234	0.8725839524672611	-0.13967848952829715
zp309icv0mikrt590td60goa	1	2	146	7	1	No-Go	NGW	0	0		1	0.0	1	0.0973	0.9036420611377387	-0.10337889660944702
zp309icv0mikrt590td60goa	1	2	151	8	1	No-Go	NGW	0	0		1	0.0	1	0.0719	0.9266613612660723	-0.07742929205033278
zp309icv0mikrt590td60goa	1	2	154	9	1	No-Go	NGW	0	0		1	1.0	0	0.0551	0.9437197895902185	-0.0587098172537549
zp309icv0mikrt590td60goa	1	2	157	10	1	No-Go	NGW	0	0		1	0.0	1	0.0877	0.9127520883758489	-0.09272732196400592
zp309icv0mikrt590td60goa	1	2	164	11	1	No-Go	NGW	0	0		1	0.0	1	0.0672	0.9336810507392004	-0.06951537875175105
zp309icv0mikrt590td60goa	1	2	165	12	1	No-Go	NGW	0	0		1	0.0	1	0.0499	0.9490799773386083	-0.05283003509494972
zp309icv0mikrt590td60goa	1	2	172	13	1	No-Go	NGW	0	0		1	1.0	0	0.0397	0.9604815696734124	-0.040687108716592243
zp309icv0mikrt590td60goa	1	2	174	14	1	No-Go	NGW	0	0		1	0.0	1	0.0672	0.9366364991824555	-0.06624327913889079
zp309icv0mikrt590td60goa	1	2	180	15	1	No-Go	NGW	0	0		1	0.0	1	0.0475	0.9514819246664304	-0.05022333450588986
zp309icv0mikrt590td60goa	1	2	181	16	1	No-Go	NGW	0	0		1	0.0	1	0.0387	0.9623886501266233	-0.038653612026941855
zp309icv0mikrt590td60goa	1	2	185	17	1	No-Go	NGW	0	0		1	1.0	0	0.0277	0.9704844271723888	-0.030170977786375636
zp309icv0mikrt590td60goa	1	2	189	18	1	No-Go	NGW	0	0		1	0.0	1	0.0471	0.9512961515033972	-0.0504897201130162
zp309icv0mikrt590td60goa	1	2	194	19	1	No-Go	NGW	0	0		1	0.0	1	0.0343	0.9624349959605808	-0.03863021373737285
zp309icv0mikrt590td60goa	1	2	200	20	1	No-Go	NGW	0	0		1	0.0	1	0.0294	0.9706212969610853	-0.030040490482030655
zp309icv0mikrt590td60goa	1	2	201	21	1	No-Go	NGW	0	0		1	0.0	1	0.0213	0.9767164249875917	-0.023708888179624715
zp309icv0mikrt590td60goa	1	2	206	22	1	No-Go	NGW	0	0		1	0.0	1	0.0206	0.9813105826177587	-0.018971224924687103
zp309icv0mikrt590td60goa	1	2	211	23	1	No-Go	NGW	0	0		1	0.0	1	0.0168	0.9848135340170564	-0.01537862804896728
zp309icv0mikrt590td60goa	1	2	214	24	1	No-Go	NGW	0	0		1	1.0	0	0.0119	0.9875135812151679	-0.012621130343690619
zp309icv0mikrt590td60goa	1	2	217	25	1	No-Go	NGW	0	0		1	0.0	1	0.0239	0.9778589229545027	-0.022601073434902884
zp309icv0mikrt590td60goa	1	2	223	26	1	No-Go	NGW	0	0		1	1.0	0	0.016	0.9822888686022365	-0.01800507103376127
zp309icv0mikrt590td60goa	1	2	225	27	1	No-Go	NGW	0	0		1	0.0	1	0.0299	0.9690231111239113	-0.03202057478507929
zp309icv0mikrt590td60goa	1	2	231	28	1	No-Go	NGW	0	0		1	0.0	1	0.0239	0.9758584536252128	-0.024738324015393148
zp309icv0mikrt590td60goa	1	2	234	29	1	No-Go	NGW	0	0		1	0.0	1	0.0179	0.9808524458392319	-0.01951656184955851
zp309icv0mikrt590td60goa	1	2	238	30	1	No-Go	NGW	0	0		1	0.0	1	0.0156	0.9845717137735204	-0.01566931210743894
zp309icv0mikrt590td60goa	1	2	121	1	0	No-Go	NGAL	0	0		1	1.0	0	0.5936	0.3997060423306983	-0.9393889827672747
zp309icv0mikrt590td60goa	1	2	127	2	0	No-Go	NGAL	0	1	0.729	0	0.0	0	0.6274	0.6255512061227014	-0.4765255839121235
zp309icv0mikrt590td60goa	1	2	132	3	0	No-Go	NGAL	0	0		1	0.0	1	0.5323	0.4679892135990587	-0.7739193118249528
zp309icv0mikrt590td60goa	1	2	136	4	0	No-Go	NGAL	0	1	0.528	0	0.0	0	0.4451	0.43499804607885717	-0.8519801513712875
zp309icv0mikrt590td60goa	1	2	138	5	0	No-Go	NGAL	0	1	0.864	0	0.0	0	0.3578	0.34947264084363894	-1.0845294997506176
zp309icv0mikrt590td60goa	1	2	143	6	0	No-Go	NGAL	0	1	1.11	0	1.0	1	0.275	0.27721751554783725	-1.3343179859478196
zp309icv0mikrt590td60goa	1	2	145	7	0	No-Go	NGAL	0	1	0.837	0	0.0	0	0.3684	0.37318642276986513	-1.0111944396783232
zp309icv0mikrt590td60goa	1	2	150	8	0	No-Go	NGAL	0	1	0.845	0	0.0	0	0.2918	0.29630791874970175	-1.2566232396508858
zp309icv0mikrt590td60goa	1	2	155	9	0	No-Go	NGAL	0	1	1.264	0	0.0	0	0.2342	0.23337762569596357	-1.5144488255448842
zp309icv0mikrt590td60goa	1	2	158	10	0	No-Go	NGAL	0	0		1	0.0	1	0.1846	0.8166639559262697	-0.20653753833772323
zp309icv0mikrt590td60goa	1	2	162	11	0	No-Go	NGAL	0	0		1	0.0	1	0.1396	0.8638981298716079	-0.14916301294180234
zp309icv0mikrt590td60goa	1	2	166	12	0	No-Go	NGAL	0	0		1	0.0	1	0.0956	0.8984030138689106	-0.10911795485166352
zp309icv0mikrt590td60goa	1	2	171	13	0	No-Go	NGAL	0	0		1	1.0	0	0.074	0.9235341968669251	-0.0808927753134459
zp309icv0mikrt590td60goa	1	2	175	14	0	No-Go	NGAL	0	0		1	0.0	1	0.0832	0.9152429467724486	-0.09001202061047736
zp309icv0mikrt590td60goa	1	2	179	15	0	No-Go	NGAL	0	0		1	0.0	1	0.066	0.9358924089080967	-0.06722857636747291
zp309icv0mikrt590td60goa	1	2	182	16	0	No-Go	NGAL	0	0		1	0.0	1	0.0518	0.9510012689249454	-0.05089436521826239
zp309icv0mikrt590td60goa	1	2	188	17	0	No-Go	NGAL	0	0		1	1.0	0	0.0356	0.9621319924533589	-0.03904540030751143
zp309icv0mikrt590td60goa	1	2	191	18	0	No-Go	NGAL	0	0		1	0.0	1	0.0435	0.9574620476336726	-0.04396779715136313
zp309icv0mikrt590td60goa	1	2	193	19	0	No-Go	NGAL	0	0		1	0.0	1	0.0368	0.9669826291255825	-0.033909800458946905
zp309icv0mikrt590td60goa	1	2	199	20	0	No-Go	NGAL	0	0		1	0.0	1	0.0266	0.9740699992649814	-0.026500603440873637
zp309icv0mikrt590td60goa	1	2	204	21	0	No-Go	NGAL	0	0		1	0.0	1	0.0189	0.9793955821191639	-0.020978120437442502
zp309icv0mikrt590td60goa	1	2	207	22	0	No-Go	NGAL	0	0		1	0.0	1	0.0168	0.9834355419490599	-0.016815180612969178
zp309icv0mikrt590td60goa	1	2	212	23	0	No-Go	NGAL	0	0		1	0.0	1	0.0134	0.9865293671216608	-0.013642993762102526
zp309icv0mikrt590td60goa	1	2	213	24	0	No-Go	NGAL	0	0		1	0.0	1	0.0115	0.988920759347859	-0.011200690691307075
zp309icv0mikrt590td60goa	1	2	218	25	0	No-Go	NGAL	0	0		1	1.0	0	0.0076	0.9907860098251761	-0.009301731896476487
zp309icv0mikrt590td60goa	1	2	224	26	0	No-Go	NGAL	0	0		1	0.0	1	0.0085	0.9895371564952895	-0.0105686583566333
zp309icv0mikrt590td60goa	1	2	227	27	0	No-Go	NGAL	0	0		1	1.0	0	0.0089	0.9912865948650351	-0.00879018668166358
zp309icv0mikrt590td60goa	1	2	229	28	0	No-Go	NGAL	0	0		1	0.0	1	0.0107	0.9900103400465284	-0.010086262261468543
zp309icv0mikrt590td60goa	1	2	233	29	0	No-Go	NGAL	0	0		1	0.0	1	0.0076	0.9916796340066408	-0.008390167932244353
zp309icv0mikrt590td60goa	1	2	240	30	0	No-Go	NGAL	0	0		1	0.0	1	0.0055	0.9929881197444999	-0.007063922770354822
zp309icv0mikrt590td60goa	1	1	2	1	0	Go	GAL	1	0		0	0.0	0	0.5984	0.3997060423306983	-0.9393889827672747
zp309icv0mikrt590td60goa	1	1	8	2	0	Go	GAL	1	1	0.629	1	0.0	1	0.6291	0.6255512061227014	-0.4765255839121235
zp309icv0mikrt590td60goa	1	1	9	3	0	Go	GAL	1	1	0.518	1	1.0	0	0.7093	0.7100930051870313	-0.3478211641654165
zp309icv0mikrt590td60goa	1	1	16	4	0	Go	GAL	1	1	1.162	1	0.0	1	0.6204	0.6203606740507875	-0.48486851212355375
zp309icv0mikrt590td60goa	1	1	17	5	0	Go	GAL	1	1	0.845	1	0.0	1	0.7056	0.705973663848459	-0.3535650440486658
zp309icv0mikrt590td60goa	1	1	22	6	0	Go	GAL	1	0		0	0.0	0	0.7796	0.22520044929312752	-1.5419137345460054
zp309icv0mikrt590td60goa	1	1	28	7	0	Go	GAL	1	0		0	0.0	0	0.7885	0.20824452825251025	-1.6308007761300027
zp309icv0mikrt590td60goa	1	1	29	8	0	Go	GAL	1	1	0.469	1	0.0	1	0.8007	0.8068200034806464	-0.21874901111631911
zp309icv0mikrt590td60goa	1	1	33	9	0	Go	GAL	1	1	0.809	1	1.0	0	0.8556	0.8536454606913878	-0.16109352432125154
zp309icv0mikrt590td60goa	1	1	39	10	0	Go	GAL	1	0		0	0.0	0	0.791	0.20892123892337386	-1.6360227906670373
zp309icv0mikrt590td60goa	1	1	41	11	0	Go	GAL	1	1	1.126	1	0.0	1	0.7996	0.8052954972284487	-0.2212363190814775
zp309icv0mikrt590td60goa	1	1	47	12	0	Go	GAL	1	1	1.012	1	0.0	1	0.853	0.853332285384464	-0.16173471353315247
zp309icv0mikrt590td60goa	1	1	50	13	0	Go	GAL	1	1	0.832	1	0.0	1	0.8902	0.8890275363334021	-0.11972943173031929
zp309icv0mikrt590td60goa	1	1	54	14	0	Go	GAL	1	1	1.1	1	0.0	1	0.9155	0.9154152931247878	-0.08979110270639577
zp309icv0mikrt590td60goa	1	1	58	15	0	Go	GAL	1	1	0.879	1	1.0	0	0.9359	0.934938399317436	-0.06822737096312341
zp309icv0mikrt590td60goa	1	1	61	16	0	Go	GAL	1	1	0.679	1	0.0	1	0.8981	0.8998397150159985	-0.10728554594193442
zp309icv0mikrt590td60goa	1	1	67	17	0	Go	GAL	1	1	0.9	1	0.0	1	0.9204	0.9237106750804007	-0.08051258921898574
zp309icv0mikrt590td60goa	1	1	72	18	0	Go	GAL	1	1	1.096	1	1.0	0	0.9424	0.9412650567683882	-0.061309623952819456
zp309icv0mikrt590td60goa	1	1	75	19	0	Go	GAL	1	1	0.69	1	0.0	1	0.9084	0.9083653281205145	-0.09775365402034267
zp309icv0mikrt590td60goa	1	1	78	20	0	Go	GAL	1	1	0.7	1	0.0	1	0.927	0.930236088439021	-0.07336218555612002
zp309icv0mikrt590td60goa	1	1	81	21	0	Go	GAL	1	1	0.655	1	0.0	1	0.9466	0.9462415933115939	-0.05594974623245547
zp309icv0mikrt590td60goa	1	1	88	22	0	Go	GAL	1	1	0.752	1	0.0	1	0.9571	0.9580607912264503	-0.0433149623431167
zp309icv0mikrt590td60goa	1	1	91	23	0	Go	GAL	1	1	0.959	1	0.0	1	0.9647	0.966876490850879	-0.0340116265744575
zp309icv0mikrt590td60goa	1	1	93	24	0	Go	GAL	1	1	0.6	1	1.0	0	0.9736	0.9735200526783745	-0.027068568536050264
zp309icv0mikrt590td60goa	1	1	100	25	0	Go	GAL	1	1	0.726	1	0.0	1	0.9588	0.9558047716836637	-0.04582009153447086
zp309icv0mikrt590td60goa	1	1	101	26	0	Go	GAL	1	1	1.027	1	0.0	1	0.9646	0.9653621024538709	-0.03565647547769121
zp309icv0mikrt590td60goa	1	1	108	27	0	Go	GAL	1	1	0.978	1	1.0	0	0.9711	0.9724731063765888	-0.028189613822414084
zp309icv0mikrt590td60goa	1	1	111	28	0	Go	GAL	1	1	0.789	1	0.0	1	0.9565	0.9537846949483332	-0.04817685122118308
zp309icv0mikrt590td60goa	1	1	113	29	0	Go	GAL	1	1	0.694	1	0.0	1	0.964	0.9640361311597888	-0.03714761162559438
zp309icv0mikrt590td60goa	1	1	119	30	0	Go	GAL	1	1	0.751	1	0.0	1	0.9688	0.9715786648366673	-0.02917242559815891
zp309icv0mikrt590td60goa	1	1	3	1	1	No-Go	NGW	0	1	0.623	0	1.0	1	0.3002	0.300177398305986	-1.293653207510687
zp309icv0mikrt590td60goa	1	1	5	2	1	No-Go	NGW	0	1	0.417	0	0.0	0	0.5995	0.6028705000094751	-0.5434412256793297
zp309icv0mikrt590td60goa	1	1	10	3	1	No-Go	NGW	0	0		1	0.0	1	0.4903	0.5055874713627793	-0.7448271094149904
zp309icv0mikrt590td60goa	1	1	15	4	1	No-Go	NGW	0	1	0.836	0	0.0	0	0.4104	0.4028856546741741	-0.9757444145509478
zp309icv0mikrt590td60goa	1	1	19	5	1	No-Go	NGW	0	0		1	0.0	1	0.3075	0.6944270797343143	-0.3833723018856259
zp309icv0mikrt590td60goa	1	1	23	6	1	No-Go	NGW	0	0		1	0.0	1	0.2282	0.7635419605921328	-0.2816642138333355
zp309icv0mikrt590td60goa	1	1	26	7	1	No-Go	NGW	0	0		1	0.0	1	0.1877	0.817944593296896	-0.2085867805911944
zp309icv0mikrt590td60goa	1	1	30	8	1	No-Go	NGW	0	0		1	0.0	1	0.1383	0.8597898985825526	-0.15600876852561482
zp309icv0mikrt590td60goa	1	1	35	9	1	No-Go	NGW	0	0		1	1.0	0	0.1069	0.8915767335891167	-0.11799930264451214
zp309icv0mikrt590td60goa	1	1	40	10	1	No-Go	NGW	0	1	1.063	0	0.0	0	0.1612	0.16196262716734647	-1.973944434076671
zp309icv0mikrt590td60goa	1	1	42	11	1	No-Go	NGW	0	1	0.961	0	0.0	0	0.1154	0.11408294985191453	-2.3475585821365055
zp309icv0mikrt590td60goa	1	1	46	12	1	No-Go	NGW	0	0		1	0.0	1	0.0736	0.9189548772990067	-0.08617005355144919
zp309icv0mikrt590td60goa	1	1	49	13	1	No-Go	NGW	0	0		1	1.0	0	0.0581	0.9389100591304669	-0.06409464515262414
zp309icv0mikrt590td60goa	1	1	53	14	1	No-Go	NGW	0	0		1	0.0	1	0.0895	0.9075836368550346	-0.09898634429138382
zp309icv0mikrt590td60goa	1	1	59	15	1	No-Go	NGW	0	0		1	0.0	1	0.0763	0.9308854869125074	-0.07288479524553072
zp309icv0mikrt590td60goa	1	1	64	16	1	No-Go	NGW	0	0		1	0.0	1	0.0527	0.9476969441143712	-0.05453257460215939
zp309icv0mikrt590td60goa	1	1	66	17	1	No-Go	NGW	0	0		1	1.0	0	0.0405	0.9599316477178087	-0.04142343088174154
zp309icv0mikrt590td60goa	1	1	71	18	1	No-Go	NGW	0	0		1	0.0	1	0.0601	0.9372827322537046	-0.0658792230700198
zp309icv0mikrt590td60goa	1	1	73	19	1	No-Go	NGW	0	0		1	0.0	1	0.0476	0.9525137818371068	-0.049352239966930764
zp309icv0mikrt590td60goa	1	1	80	20	1	No-Go	NGW	0	0		1	0.0	1	0.037	0.9635592850803231	-0.03757776662568412
zp309icv0mikrt590td60goa	1	1	84	21	1	No-Go	NGW	0	0		1	0.0	1	0.0273	0.9716647137371612	-0.029048440776634866
zp309icv0mikrt590td60goa	1	1	85	22	1	No-Go	NGW	0	0		1	0.0	1	0.0232	0.9776829506523181	-0.02277653731432849
zp309icv0mikrt590td60goa	1	1	92	23	1	No-Go	NGW	0	0		1	0.0	1	0.0182	0.9822028975837811	-0.018100835189529114
zp309icv0mikrt590td60goa	1	1	95	24	1	No-Go	NGW	0	0		1	1.0	0	0.0137	0.9856352265000365	-0.01457057888304788
zp309icv0mikrt590td60goa	1	1	98	25	1	No-Go	NGW	0	0		1	0.0	1	0.0249	0.9757491168423638	-0.02481552507753704
zp309icv0mikrt590td60goa	1	1	102	26	1	No-Go	NGW	0	0		1	1.0	0	0.0218	0.980833325365304	-0.01953151858039544
zp309icv0mikrt590td60goa	1	1	107	27	1	No-Go	NGW	0	0		1	0.0	1	0.0303	0.9679360859280738	-0.03309687942867455
zp309icv0mikrt590td60goa	1	1	112	28	1	No-Go	NGW	0	0		1	0.0	1	0.0242	0.9751765537936171	-0.025450662327440157
zp309icv0mikrt590td60goa	1	1	115	29	1	No-Go	NGW	0	0		1	0.0	1	0.0219	0.9804658627841971	-0.01993253317425907
zp309icv0mikrt590td60goa	1	1	120	30	1	No-Go	NGW	0	0		1	0.0	1	0.0166	0.9843971756413806	-0.015865415010288708
zp309icv0mikrt590td60goa	1	1	4	1	1	Go	GW	1	1	0.493	1	0.0	1	0.3048	0.300177398305986	-1.293653207510687
zp309icv0mikrt590td60goa	1	1	6	2	1	Go	GW	1	1	0.477	1	0.0	1	0.6065	0.6028705000094751	-0.5434412256793297
zp309icv0mikrt590td60goa	1	1	11	3	1	Go	GW	1	1	0.817	1	0.0	1	0.7835	0.781247116704309	-0.2671908216479744
zp309icv0mikrt590td60goa	1	1	13	4	1	Go	GW	1	1	0.625	1	1.0	0	0.8721	0.873850361386035	-0.14427946301207445
zp309icv0mikrt590td60goa	1	1	20	5	1	Go	GW	1	0		0	0.0	0	0.8024	0.19119536875642593	-2.0391410299465447
zp309icv0mikrt590td60goa	1	1	21	6	1	Go	GW	1	1	0.557	1	0.0	1	0.8604	0.8586549595029362	-0.1623280886866486
zp309icv0mikrt590td60goa	1	1	27	7	1	Go	GW	1	0		0	0.0	0	0.9204	0.07976555486484214	-3.212807772131919
zp309icv0mikrt590td60goa	1	1	32	8	1	Go	GW	1	1	1.188	1	0.0	1	0.9441	0.9420280431337882	-0.06227928067327307
zp309icv0mikrt590td60goa	1	1	34	9	1	Go	GW	1	1	0.975	1	1.0	0	0.9633	0.9648170760826033	-0.03698661251296032
zp309icv0mikrt590td60goa	1	1	37	10	1	Go	GW	1	1	0.952	1	0.0	1	0.9413	0.9415223977552544	-0.06287521412632241
zp309icv0mikrt590td60goa	1	1	43	11	1	Go	GW	1	1	0.73	1	0.0	1	0.9658	0.9654199434045931	-0.036398471803146225
zp309icv0mikrt590td60goa	1	1	48	12	1	Go	GW	1	1	1.02	1	0.0	1	0.977	0.9774559098906724	-0.02340025952742385
zp309icv0mikrt590td60goa	1	1	51	13	1	Go	GW	1	1	0.737	1	0.0	1	0.985	0.9842449753888106	-0.016201735508629564
zp309icv0mikrt590td60goa	1	1	56	14	1	Go	GW	1	1	1.012	1	0.0	1	0.9877	0.9883090962426532	-0.011950986576093049
zp309icv0mikrt590td60goa	1	1	60	15	1	Go	GW	1	1	0.726	1	1.0	0	0.991	0.9908513392992825	-0.009318932909856525
zp309icv0mikrt590td60goa	1	1	63	16	1	Go	GW	1	1	0.964	1	0.0	1	0.9836	0.9819895647885918	-0.018708645557765264
zp309icv0mikrt590td60goa	1	1	65	17	1	Go	GW	1	1	1.008	1	0.0	1	0.9873	0.9881895943942712	-0.012089723768828402
zp309icv0mikrt590td60goa	1	1	70	18	1	Go	GW	1	1	0.687	1	1.0	0	0.9901	0.9910405813076086	-0.009131301940907145
zp309icv0mikrt590td60goa	1	1	76	19	1	Go	GW	1	1	0.655	1	0.0	1	0.9818	0.981971999156907	-0.018802072372624073
zp309icv0mikrt590td60goa	1	1	79	20	1	Go	GW	1	1	0.751	1	0.0	1	0.9882	0.9885108189535718	-0.011770618410795382
zp309icv0mikrt590td60goa	1	1	83	21	1	Go	GW	1	1	1.098	1	0.0	1	0.9908	0.9913364679266533	-0.008832761373104722
zp309icv0mikrt590td60goa	1	1	86	22	1	Go	GW	1	1	0.643	1	0.0	1	0.9916	0.9929422336270592	-0.0071805070613034285
zp309icv0mikrt590td60goa	1	1	90	23	1	Go	GW	1	1	1.093	1	0.0	1	0.9947	0.9939520451553698	-0.006148013152927652
zp309icv0mikrt590td60goa	1	1	94	24	1	Go	GW	1	1	0.884	1	0.0	1	0.9945	0.994624249561448	-0.0054638075723830205
zp309icv0mikrt590td60goa	1	1	97	25	1	Go	GW	1	1	0.587	1	1.0	0	0.9954	0.995089283424341	-0.004992086917833591
zp309icv0mikrt590td60goa	1	1	104	26	1	Go	GW	1	1	0.453	1	0.0	1	0.988	0.9890651759519257	-0.011413514850943645
zp309icv0mikrt590td60goa	1	1	106	27	1	Go	GW	1	1	0.639	1	0.0	1	0.9941	0.9927991241382866	-0.0073632786502372555
zp309icv0mikrt590td60goa	1	1	110	28	1	Go	GW	1	1	0.56	1	0.0	1	0.9937	0.9941497615646544	-0.005960045704916448
zp309icv0mikrt590td60goa	1	1	114	29	1	Go	GW	1	1	0.537	1	1.0	0	0.9958	0.9948684767647221	-0.005222455302577253
zp309icv0mikrt590td60goa	1	1	117	30	1	Go	GW	1	1	0.572	1	0.0	1	0.9866	0.9885469355978003	-0.011984013785981164
zp309icv0mikrt590td60goa	1	1	1	1	0	No-Go	NGAL	0	0		1	1.0	0	0.5975	0.3997060423306983	-0.9393889827672747
zp309icv0mikrt590td60goa	1	1	7	2	0	No-Go	NGAL	0	1	0.594	0	0.0	0	0.6291	0.6255512061227014	-0.4765255839121235
zp309icv0mikrt590td60goa	1	1	12	3	0	No-Go	NGAL	0	1	0.808	0	0.0	0	0.5229	0.5320107864009413	-0.642260164178965
zp309icv0mikrt590td60goa	1	1	14	4	0	No-Go	NGAL	0	0		1	0.0	1	0.4332	0.5582966424012505	-0.5941796124058052
zp309icv0mikrt590td60goa	1	1	18	5	0	No-Go	NGAL	0	0		1	0.0	1	0.3525	0.650527359156361	-0.43921825687780575
zp309icv0mikrt590td60goa	1	1	24	6	0	No-Go	NGAL	0	0		1	1.0	0	0.2619	0.7275729446976642	-0.32537289445109296
zp309icv0mikrt590td60goa	1	1	25	7	0	No-Go	NGAL	0	1	0.635	0	0.0	0	0.2891	0.295226054326671	-1.2700108574336977
zp309icv0mikrt590td60goa	1	1	31	8	0	No-Go	NGAL	0	1	1.034	0	0.0	0	0.2299	0.23060966360587973	-1.5402210895715747
zp309icv0mikrt590td60goa	1	1	36	9	0	No-Go	NGAL	0	0		1	0.0	1	0.1815	0.8204843431977328	-0.20219009718019432
zp309icv0mikrt590td60goa	1	1	38	10	0	No-Go	NGAL	0	0		1	0.0	1	0.1264	0.8651384568634377	-0.14789973648806504
zp309icv0mikrt590td60goa	1	1	44	11	0	No-Go	NGAL	0	0		1	0.0	1	0.1014	0.8982063788977254	-0.10942775891217461
zp309icv0mikrt590td60goa	1	1	45	12	0	No-Go	NGAL	0	0		1	0.0	1	0.0781	0.9226043136475075	-0.0819516352754423
zp309icv0mikrt590td60goa	1	1	52	13	0	No-Go	NGAL	0	0		1	1.0	0	0.0606	0.9406288493256799	-0.062144330499366636
zp309icv0mikrt590td60goa	1	1	55	14	0	No-Go	NGAL	0	0		1	0.0	1	0.0699	0.9334979370715631	-0.06988933021784557
zp309icv0mikrt590td60goa	1	1	57	15	0	No-Go	NGAL	0	0		1	0.0	1	0.0505	0.9487858322504895	-0.0532834857444808
zp309icv0mikrt590td60goa	1	1	62	16	0	No-Go	NGAL	0	0		1	0.0	1	0.0387	0.9601469360366375	-0.041145390039033045
zp309icv0mikrt590td60goa	1	1	68	17	0	No-Go	NGAL	0	0		1	1.0	0	0.0302	0.968650312165234	-0.03217490284809454
zp309icv0mikrt590td60goa	1	1	69	18	0	No-Go	NGAL	0	0		1	0.0	1	0.0342	0.9644618268603079	-0.036568355213681715
zp309icv0mikrt590td60goa	1	1	74	19	0	No-Go	NGAL	0	0		1	0.0	1	0.029	0.971960017542828	-0.02869834322583125
zp309icv0mikrt590td60goa	1	1	77	20	0	No-Go	NGAL	0	0		1	0.0	1	0.0231	0.9776223876150805	-0.02280893464035694
zp309icv0mikrt590td60goa	1	1	82	21	0	No-Go	NGAL	0	0		1	0.0	1	0.0151	0.981937013938875	-0.018352657640844483
zp309icv0mikrt590td60goa	1	1	87	22	0	No-Go	NGAL	0	0		1	0.0	1	0.0162	0.9852545966772954	-0.014944849000461299
zp309icv0mikrt590td60goa	1	1	89	23	0	No-Go	NGAL	0	0		1	0.0	1	0.0138	0.9878285272086963	-0.01231228654731393
zp309icv0mikrt590td60goa	1	1	96	24	0	No-Go	NGAL	0	0		1	0.0	1	0.0102	0.9898431271892856	-0.010258839100294237
zp309icv0mikrt590td60goa	1	1	99	25	0	No-Go	NGAL	0	0		1	1.0	0	0.0068	0.9914334752525076	-0.008642262303877494
zp309icv0mikrt590td60goa	1	1	103	26	0	No-Go	NGAL	0	0		1	0.0	1	0.0095	0.9902109598252319	-0.009881912918894394
zp309icv0mikrt590td60goa	1	1	105	27	0	No-Go	NGAL	0	0		1	1.0	0	0.0069	0.9917423237905973	-0.008326727568523045
zp309icv0mikrt590td60goa	1	1	109	28	0	No-Go	NGAL	0	0		1	0.0	1	0.0106	0.9904675928537167	-0.009621325394871415
zp309icv0mikrt590td60goa	1	1	116	29	0	No-Go	NGAL	0	0		1	0.0	1	0.0075	0.99196809771696	-0.008097411860142916
zp309icv0mikrt590td60goa	1	1	118	30	0	No-Go	NGAL	0	0		1	0.0	1	0.0062	0.9931546448720877	-0.0068952058438004355
zs0ivt9u3ettlwl99p77nrl8	1	1	1	1	0	Go	GAL	1	0		0	0.0	0	0.5889	0.4094411524884002	-0.9041639325046549
zs0ivt9u3ettlwl99p77nrl8	1	1	7	2	0	Go	GAL	1	0		0	0.0	0	0.6022	0.40074976866850465	-0.9274004099892661
zs0ivt9u3ettlwl99p77nrl8	1	1	12	3	0	Go	GAL	1	0		0	0.0	0	0.6084	0.39426680239256967	-0.946938600378204
zs0ivt9u3ettlwl99p77nrl8	1	1	13	4	0	Go	GAL	1	0		0	0.0	0	0.605	0.38893509523234243	-0.9637417571317046
zs0ivt9u3ettlwl99p77nrl8	1	1	19	5	0	Go	GAL	1	0		0	1.0	1	0.6203	0.3843005495866665	-0.9786664799577354
zs0ivt9u3ettlwl99p77nrl8	1	1	24	6	0	Go	GAL	1	0		0	0.0	0	0.5932	0.4135023710344255	-0.8937903649069362
zs0ivt9u3ettlwl99p77nrl8	1	1	27	7	0	Go	GAL	1	1	0.817	1	0.0	1	0.5989	0.5950689402515971	-0.5250575495975641
zs0ivt9u3ettlwl99p77nrl8	1	1	29	8	0	Go	GAL	1	0		0	1.0	1	0.6285	0.38133532576321405	-0.9872459281971587
zs0ivt9u3ettlwl99p77nrl8	1	1	33	9	0	Go	GAL	1	1	0.756	1	0.0	1	0.5929	0.5930748966263334	-0.5279781228111222
zs0ivt9u3ettlwl99p77nrl8	1	1	39	10	0	Go	GAL	1	1	0.833	1	0.0	1	0.6196	0.6134907264198642	-0.49459514804745947
zs0ivt9u3ettlwl99p77nrl8	1	1	43	11	0	Go	GAL	1	1	0.714	1	0.0	1	0.633	0.6313894457638859	-0.46602093085740504
zs0ivt9u3ettlwl99p77nrl8	1	1	47	12	0	Go	GAL	1	1	0.62	1	0.0	1	0.6436	0.6476397903776994	-0.440586267498737
zs0ivt9u3ettlwl99p77nrl8	1	1	51	13	0	Go	GAL	1	1	0.616	1	0.0	1	0.6675	0.6626978474887321	-0.4174841924376821
zs0ivt9u3ettlwl99p77nrl8	1	1	54	14	0	Go	GAL	1	1	0.898	1	0.0	1	0.6743	0.6768192331092471	-0.3962586197912191
zs0ivt9u3ettlwl99p77nrl8	1	1	59	15	0	Go	GAL	1	1	0.748	1	1.0	0	0.6958	0.6901560306695022	-0.3766205328086166
zs0ivt9u3ettlwl99p77nrl8	1	1	64	16	0	Go	GAL	1	1	0.677	1	0.0	1	0.657	0.6591105336613842	-0.4249812431681678
zs0ivt9u3ettlwl99p77nrl8	1	1	65	17	0	Go	GAL	1	1	0.597	1	0.0	1	0.6779	0.6792144091588931	-0.39252107742003733
zs0ivt9u3ettlwl99p77nrl8	1	1	70	18	0	Go	GAL	1	1	0.648	1	0.0	1	0.6978	0.6954757512514445	-0.36858673717865165
zs0ivt9u3ettlwl99p77nrl8	1	1	73	19	0	Go	GAL	1	1	0.727	1	0.0	1	0.7115	0.7095878191362393	-0.3485009893591544
zs0ivt9u3ettlwl99p77nrl8	1	1	77	20	0	Go	GAL	1	1	0.884	1	1.0	0	0.7238	0.7223227422033229	-0.33076628956951815
zs0ivt9u3ettlwl99p77nrl8	1	1	81	21	0	Go	GAL	1	0		0	1.0	1	0.6934	0.3075802981911115	-1.2227270322918231
zs0ivt9u3ettlwl99p77nrl8	1	1	87	22	0	Go	GAL	1	0		0	0.0	0	0.6726	0.32728799933275504	-1.1612933568227097
zs0ivt9u3ettlwl99p77nrl8	1	1	91	23	0	Go	GAL	1	1	0.737	1	0.0	1	0.6878	0.6840317370326892	-0.38748281763655223
zs0ivt9u3ettlwl99p77nrl8	1	1	94	24	0	Go	GAL	1	1	0.933	1	0.0	1	0.6957	0.7033009344710379	-0.3578183121766208
zs0ivt9u3ettlwl99p77nrl8	1	1	100	25	0	Go	GAL	1	0		0	0.0	0	0.7219	0.2813463375203988	-1.3053732532853801
zs0ivt9u3ettlwl99p77nrl8	1	1	104	26	0	Go	GAL	1	1	1.029	1	0.0	1	0.7227	0.7255493705278188	-0.3263984005220677
zs0ivt9u3ettlwl99p77nrl8	1	1	107	27	0	Go	GAL	1	1	0.775	1	0.0	1	0.7379	0.7384895256925744	-0.30868819376930134
zs0ivt9u3ettlwl99p77nrl8	1	1	112	28	0	Go	GAL	1	1	1.451	1	0.0	1	0.7496	0.7501268971432559	-0.29300275245389074
zs0ivt9u3ettlwl99p77nrl8	1	1	115	29	0	Go	GAL	1	1	1.021	1	1.0	0	0.7624	0.7608228033089195	-0.2787909385947132
zs0ivt9u3ettlwl99p77nrl8	1	1	119	30	0	Go	GAL	1	0		0	0.0	0	0.7323	0.2667949690824295	-1.3791192126717864
zs0ivt9u3ettlwl99p77nrl8	1	1	2	1	1	Go	GW	1	1	0.675	1	0.0	1	0.7462	0.7452548061277036	-0.3088014368044698
zs0ivt9u3ettlwl99p77nrl8	1	1	8	2	1	Go	GW	1	1	0.79	1	1.0	0	0.8099	0.8134734569898707	-0.21145224222323114
zs0ivt9u3ettlwl99p77nrl8	1	1	11	3	1	Go	GW	1	0		0	0.0	0	0.7926	0.20395401298279497	-1.6582221118503018
zs0ivt9u3ettlwl99p77nrl8	1	1	15	4	1	Go	GW	1	1	0.417	1	0.0	1	0.8075	0.8107464023201716	-0.21444194157748897
zs0ivt9u3ettlwl99p77nrl8	1	1	17	5	1	Go	GW	1	1	0.827	1	0.0	1	0.8626	0.8611254487365825	-0.15186728453530157
zs0ivt9u3ettlwl99p77nrl8	1	1	23	6	1	Go	GW	1	1	0.626	1	0.0	1	0.8899	0.8945606418952049	-0.11292856426646054
zs0ivt9u3ettlwl99p77nrl8	1	1	26	7	1	Go	GW	1	1	0.753	1	0.0	1	0.9179	0.9177006072720149	-0.08704076111592507
zs0ivt9u3ettlwl99p77nrl8	1	1	32	8	1	Go	GW	1	1	0.466	1	0.0	1	0.9337	0.9340994888803896	-0.06915520404004852
zs0ivt9u3ettlwl99p77nrl8	1	1	34	9	1	Go	GW	1	1	0.693	1	1.0	0	0.9428	0.9459676361189088	-0.056427938730864054
zs0ivt9u3ettlwl99p77nrl8	1	1	40	10	1	Go	GW	1	1	0.561	1	0.0	1	0.9416	0.9366628145273657	-0.06677681334367905
zs0ivt9u3ettlwl99p77nrl8	1	1	42	11	1	Go	GW	1	1	0.503	1	0.0	1	0.9471	0.9497998545052658	-0.05250627867286576
zs0ivt9u3ettlwl99p77nrl8	1	1	45	12	1	Go	GW	1	1	0.973	1	0.0	1	0.956	0.9580941990648251	-0.04369617114577079
zs0ivt9u3ettlwl99p77nrl8	1	1	49	13	1	Go	GW	1	1	0.619	1	0.0	1	0.9678	0.9640391348473658	-0.03744193484881397
zs0ivt9u3ettlwl99p77nrl8	1	1	55	14	1	Go	GW	1	1	0.619	1	0.0	1	0.9686	0.9685030870992638	-0.03277664135775896
zs0ivt9u3ettlwl99p77nrl8	1	1	58	15	1	Go	GW	1	1	0.618	1	1.0	0	0.973	0.9719451392716867	-0.02919729753028933
zs0ivt9u3ettlwl99p77nrl8	1	1	61	16	1	Go	GW	1	1	0.52	1	1.0	0	0.9652	0.9645626812241499	-0.03760793862288764
zs0ivt9u3ettlwl99p77nrl8	1	1	67	17	1	Go	GW	1	1	0.78	1	0.0	1	0.9558	0.9577695298114981	-0.04575372290400231
zs0ivt9u3ettlwl99p77nrl8	1	1	69	18	1	Go	GW	1	1	0.597	1	0.0	1	0.9644	0.967936324159446	-0.0338327876164489
zs0ivt9u3ettlwl99p77nrl8	1	1	75	19	1	Go	GW	1	1	0.532	1	0.0	1	0.9722	0.9726138013129404	-0.028733464595771356
zs0ivt9u3ettlwl99p77nrl8	1	1	80	20	1	Go	GW	1	1	0.846	1	0.0	1	0.9758	0.975602387786566	-0.025549610203902152
zs0ivt9u3ettlwl99p77nrl8	1	1	83	21	1	Go	GW	1	1	0.745	1	0.0	1	0.9784	0.9777588890958645	-0.023280132716390938
zs0ivt9u3ettlwl99p77nrl8	1	1	86	22	1	Go	GW	1	1	0.428	1	0.0	1	0.9787	0.9794108855969286	-0.021554883165003848
zs0ivt9u3ettlwl99p77nrl8	1	1	89	23	1	Go	GW	1	1	0.469	1	0.0	1	0.9818	0.980720878515887	-0.02019401441543077
zs0ivt9u3ettlwl99p77nrl8	1	1	93	24	1	Go	GW	1	1	0.813	1	0.0	1	0.982	0.981783293263324	-0.019094606856109756
zs0ivt9u3ettlwl99p77nrl8	1	1	97	25	1	Go	GW	1	1	1.119	1	1.0	0	0.9825	0.9826588785990893	-0.018191222233738754
zs0ivt9u3ettlwl99p77nrl8	1	1	101	26	1	Go	GW	1	1	0.49	1	0.0	1	0.9742	0.9761360000285849	-0.025760045277898404
zs0ivt9u3ettlwl99p77nrl8	1	1	105	27	1	Go	GW	1	1	0.688	1	1.0	0	0.9806	0.9805093449185861	-0.02066583630371243
zs0ivt9u3ettlwl99p77nrl8	1	1	110	28	1	Go	GW	1	1	0.69	1	0.0	1	0.9748	0.9740582636395461	-0.028332273407243508
zs0ivt9u3ettlwl99p77nrl8	1	1	113	29	1	Go	GW	1	1	0.506	1	0.0	1	0.9813	0.9796264123329691	-0.021717920650566127
zs0ivt9u3ettlwl99p77nrl8	1	1	117	30	1	Go	GW	1	1	0.412	1	0.0	1	0.9826	0.9818755361012194	-0.019195009982580405
zs0ivt9u3ettlwl99p77nrl8	1	1	3	1	0	No-Go	NGAL	0	0		1	0.0	1	0.5872	0.4094411524884002	-0.9041639325046549
zs0ivt9u3ettlwl99p77nrl8	1	1	6	2	0	No-Go	NGAL	0	0		1	0.0	1	0.5631	0.4342435964010143	-0.8448770073579521
zs0ivt9u3ettlwl99p77nrl8	1	1	9	3	0	No-Go	NGAL	0	0		1	0.0	1	0.5396	0.4555356323782567	-0.79731643711993
zs0ivt9u3ettlwl99p77nrl8	1	1	14	4	0	No-Go	NGAL	0	0		1	0.0	1	0.5235	0.4746846517782478	-0.7560087555106411
zs0ivt9u3ettlwl99p77nrl8	1	1	20	5	0	No-Go	NGAL	0	1	0.755	0	1.0	1	0.5127	0.5075430945176016	-0.6891125528814447
zs0ivt9u3ettlwl99p77nrl8	1	1	22	6	0	No-Go	NGAL	0	0		1	0.0	1	0.5281	0.4671296048327744	-0.7700429034072135
zs0ivt9u3ettlwl99p77nrl8	1	1	28	7	0	No-Go	NGAL	0	0		1	0.0	1	0.5262	0.4839470809951478	-0.7343944222808062
zs0ivt9u3ettlwl99p77nrl8	1	1	30	8	0	No-Go	NGAL	0	0		1	1.0	0	0.4963	0.5000959872737196	-0.7014669475472951
zs0ivt9u3ettlwl99p77nrl8	1	1	35	9	0	No-Go	NGAL	0	0		1	0.0	1	0.5089	0.48542020358219007	-0.7367144210560786
zs0ivt9u3ettlwl99p77nrl8	1	1	38	10	0	No-Go	NGAL	0	0		1	0.0	1	0.4955	0.5056543760360668	-0.6916144430603801
zs0ivt9u3ettlwl99p77nrl8	1	1	41	11	0	No-Go	NGAL	0	1	0.712	0	0.0	0	0.4734	0.4765545569964328	-0.7519894921349297
zs0ivt9u3ettlwl99p77nrl8	1	1	46	12	0	No-Go	NGAL	0	1	0.698	0	0.0	0	0.4466	0.44755431011427343	-0.8169707537318485
zs0ivt9u3ettlwl99p77nrl8	1	1	50	13	0	No-Go	NGAL	0	1	0.775	0	0.0	0	0.428	0.4244764388628766	-0.8761452043868602
zs0ivt9u3ettlwl99p77nrl8	1	1	56	14	0	No-Go	NGAL	0	1	1.034	0	0.0	0	0.4085	0.40477746425628547	-0.9296588999202495
zs0ivt9u3ettlwl99p77nrl8	1	1	60	15	0	No-Go	NGAL	0	0		1	1.0	0	0.3896	0.612830781629037	-0.500596686768952
zs0ivt9u3ettlwl99p77nrl8	1	1	63	16	0	No-Go	NGAL	0	0		1	0.0	1	0.4011	0.600129614871641	-0.5200905600786386
zs0ivt9u3ettlwl99p77nrl8	1	1	66	17	0	No-Go	NGAL	0	1	0.762	0	1.0	1	0.3794	0.38035682253719316	-0.9926168393799002
zs0ivt9u3ettlwl99p77nrl8	1	1	71	18	0	No-Go	NGAL	0	1	0.985	0	0.0	0	0.4125	0.4117701479598477	-0.9080420564772649
zs0ivt9u3ettlwl99p77nrl8	1	1	76	19	0	No-Go	NGAL	0	1	1.005	0	0.0	0	0.3878	0.38850559649227373	-0.9679262625547931
zs0ivt9u3ettlwl99p77nrl8	1	1	79	20	0	No-Go	NGAL	0	0		1	0.0	1	0.3686	0.6305358433241928	-0.4703552814707287
zs0ivt9u3ettlwl99p77nrl8	1	1	84	21	0	No-Go	NGAL	0	0		1	1.0	0	0.3576	0.6467638273393339	-0.44507667887189817
zs0ivt9u3ettlwl99p77nrl8	1	1	88	22	0	No-Go	NGAL	0	1	0.765	0	0.0	0	0.3682	0.36590081278515474	-1.0370683039678508
zs0ivt9u3ettlwl99p77nrl8	1	1	92	23	0	No-Go	NGAL	0	0		1	0.0	1	0.3506	0.6506265347030281	-0.44046059263658244
zs0ivt9u3ettlwl99p77nrl8	1	1	96	24	0	No-Go	NGAL	0	0		1	0.0	1	0.3307	0.6689902924828242	-0.41142890084794
zs0ivt9u3ettlwl99p77nrl8	1	1	99	25	0	No-Go	NGAL	0	0		1	0.0	1	0.3106	0.6841307388883865	-0.38896939181640394
zs0ivt9u3ettlwl99p77nrl8	1	1	103	26	0	No-Go	NGAL	0	0		1	1.0	0	0.3025	0.6974812650539306	-0.36964407642865205
zs0ivt9u3ettlwl99p77nrl8	1	1	108	27	0	No-Go	NGAL	0	1	0.748	0	0.0	0	0.3161	0.3150832661284078	-1.2083204687367974
zs0ivt9u3ettlwl99p77nrl8	1	1	109	28	0	No-Go	NGAL	0	1	0.486	0	0.0	0	0.3043	0.30115350323511236	-1.2612551660727913
zs0ivt9u3ettlwl99p77nrl8	1	1	116	29	0	No-Go	NGAL	0	1	1.498	0	0.0	0	0.2872	0.288407822127474	-1.3133587394316044
zs0ivt9u3ettlwl99p77nrl8	1	1	118	30	0	No-Go	NGAL	0	0		1	0.0	1	0.2815	0.7234167906637654	-0.3357975372511635
zs0ivt9u3ettlwl99p77nrl8	1	1	4	1	1	No-Go	NGW	0	1	0.854	0	0.0	0	0.7455	0.7452548061277036	-0.3088014368044698
zs0ivt9u3ettlwl99p77nrl8	1	1	5	2	1	No-Go	NGW	0	1	1.364	0	1.0	1	0.7303	0.7274227666846151	-0.3333188650136078
zs0ivt9u3ettlwl99p77nrl8	1	1	10	3	1	No-Go	NGW	0	0		1	0.0	1	0.8045	0.1977202273880895	-1.7170104473832022
zs0ivt9u3ettlwl99p77nrl8	1	1	16	4	1	No-Go	NGW	0	1	1.221	0	0.0	0	0.7804	0.7873052237701123	-0.24419401934299959
zs0ivt9u3ettlwl99p77nrl8	1	1	18	5	1	No-Go	NGW	0	1	0.794	0	0.0	0	0.7635	0.7678613539122066	-0.2690066524001077
zs0ivt9u3ettlwl99p77nrl8	1	1	21	6	1	No-Go	NGW	0	1	0.578	0	1.0	1	0.7545	0.750192166350906	-0.2928261614196897
zs0ivt9u3ettlwl99p77nrl8	1	1	25	7	1	No-Go	NGW	0	1	0.687	0	0.0	0	0.8175	0.8182011910822055	-0.20312493574861695
zs0ivt9u3ettlwl99p77nrl8	1	1	31	8	1	No-Go	NGW	0	1	0.626	0	0.0	0	0.7989	0.8000433809577985	-0.22584493221696691
zs0ivt9u3ettlwl99p77nrl8	1	1	36	9	1	No-Go	NGW	0	1	0.667	0	0.0	0	0.7874	0.7835830677292162	-0.2474310216343356
zs0ivt9u3ettlwl99p77nrl8	1	1	37	10	1	No-Go	NGW	0	1	0.678	0	0.0	0	0.7748	0.7684118826302797	-0.267803143364278
zs0ivt9u3ettlwl99p77nrl8	1	1	44	11	1	No-Go	NGW	0	1	0.814	0	0.0	0	0.7591	0.7540369773479088	-0.2873912891488183
zs0ivt9u3ettlwl99p77nrl8	1	1	48	12	1	No-Go	NGW	0	0		1	1.0	0	0.7305	0.2598907593036869	-1.3899622703214516
zs0ivt9u3ettlwl99p77nrl8	1	1	52	13	1	No-Go	NGW	0	1	0.868	0	0.0	0	0.7595	0.7624753848448846	-0.2748105864655058
zs0ivt9u3ettlwl99p77nrl8	1	1	53	14	1	No-Go	NGW	0	0		1	0.0	1	0.7446	0.2505818301687383	-1.421574943683435
zs0ivt9u3ettlwl99p77nrl8	1	1	57	15	1	No-Go	NGW	0	1	0.893	0	0.0	0	0.7293	0.7283664565803348	-0.32264070250523913
zs0ivt9u3ettlwl99p77nrl8	1	1	62	16	1	No-Go	NGW	0	1	0.697	0	0.0	0	0.7177	0.7147720532870456	-0.3420906743772806
zs0ivt9u3ettlwl99p77nrl8	1	1	68	17	1	No-Go	NGW	0	1	0.832	0	1.0	1	0.6972	0.701180193817023	-0.36200388818839907
zs0ivt9u3ettlwl99p77nrl8	1	1	72	18	1	No-Go	NGW	0	1	0.51	0	0.0	0	0.7753	0.7844078910215423	-0.2470975154974907
zs0ivt9u3ettlwl99p77nrl8	1	1	74	19	1	No-Go	NGW	0	1	0.955	0	0.0	0	0.7645	0.7660910864263888	-0.27090217525261917
zs0ivt9u3ettlwl99p77nrl8	1	1	78	20	1	No-Go	NGW	0	1	0.935	0	0.0	0	0.7453	0.7494390201016565	-0.2936255874391029
zs0ivt9u3ettlwl99p77nrl8	1	1	82	21	1	No-Go	NGW	0	1	0.944	0	0.0	0	0.74	0.7339809092820858	-0.3153943661420781
zs0ivt9u3ettlwl99p77nrl8	1	1	85	22	1	No-Go	NGW	0	0		1	0.0	1	0.7192	0.28075350148833145	-1.31813330895836
zs0ivt9u3ettlwl99p77nrl8	1	1	90	23	1	No-Go	NGW	0	1	0.898	0	0.0	0	0.7073	0.7005737335321247	-0.3650967923832086
zs0ivt9u3ettlwl99p77nrl8	1	1	95	24	1	No-Go	NGW	0	0		1	0.0	1	0.6864	0.31423232144207647	-1.2080953127371068
zs0ivt9u3ettlwl99p77nrl8	1	1	98	25	1	No-Go	NGW	0	0		1	1.0	0	0.6652	0.3315805801552325	-1.156242738138831
zs0ivt9u3ettlwl99p77nrl8	1	1	102	26	1	No-Go	NGW	0	0		1	0.0	1	0.6968	0.3032065117581801	-1.2443201565885433
zs0ivt9u3ettlwl99p77nrl8	1	1	106	27	1	No-Go	NGW	0	0		1	0.0	1	0.6743	0.324330994721342	-1.1751423003575074
zs0ivt9u3ettlwl99p77nrl8	1	1	111	28	1	No-Go	NGW	0	1	0.942	0	1.0	1	0.6555	0.657112603797187	-0.4335968680732976
zs0ivt9u3ettlwl99p77nrl8	1	1	114	29	1	No-Go	NGW	0	1	0.779	0	0.0	0	0.7489	0.7451378258832553	-0.30427148482857025
zs0ivt9u3ettlwl99p77nrl8	1	1	120	30	1	No-Go	NGW	0	1	0.665	0	0.0	0	0.7167	0.7243879392021201	-0.33344534739893483
zs0ivt9u3ettlwl99p77nrl8	1	2	123	1	0	No-Go	NGAL	0	1	0.61	0	0.0	0	0.586	0.5905588475115998	-0.5320669722629185
zs0ivt9u3ettlwl99p77nrl8	1	2	126	2	0	No-Go	NGAL	0	1	0.7	0	0.0	0	0.57	0.5657564035989856	-0.5762176262776646
zs0ivt9u3ettlwl99p77nrl8	1	2	129	3	0	No-Go	NGAL	0	0		1	0.0	1	0.5427	0.4555356323782567	-0.79731643711993
zs0ivt9u3ettlwl99p77nrl8	1	2	138	5	0	No-Go	NGAL	0	0		1	1.0	0	0.4985	0.4997746628217223	-0.7076717565158591
zs0ivt9u3ettlwl99p77nrl8	1	2	144	6	0	No-Go	NGAL	0	1	0.923	0	0.0	0	0.5071	0.5115282360554143	-0.6796984387133848
zs0ivt9u3ettlwl99p77nrl8	1	2	147	7	0	No-Go	NGAL	0	1	0.702	0	0.0	0	0.4927	0.49373231822569486	-0.7163922082962614
zs0ivt9u3ettlwl99p77nrl8	1	2	149	8	0	No-Go	NGAL	0	1	0.575	0	1.0	1	0.4832	0.47693196928222714	-0.752118961014663
zs0ivt9u3ettlwl99p77nrl8	1	2	155	9	0	No-Go	NGAL	0	1	1.016	0	0.0	0	0.518	0.5113920677829945	-0.679799016253188
zs0ivt9u3ettlwl99p77nrl8	1	2	157	10	0	No-Go	NGAL	0	1	0.61	0	0.0	0	0.4897	0.48815007676449984	-0.7260196959475784
zs0ivt9u3ettlwl99p77nrl8	1	2	162	11	0	No-Go	NGAL	0	0		1	0.0	1	0.4739	0.5315522371960703	-0.6399657050156448
zs0ivt9u3ettlwl99p77nrl8	1	2	165	12	0	No-Go	NGAL	0	1	0.682	0	0.0	0	0.4468	0.44368537564897953	-0.827618339547563
zs0ivt9u3ettlwl99p77nrl8	1	2	171	13	0	No-Go	NGAL	0	0		1	0.0	1	0.4222	0.5736278320322394	-0.5651549816851136
zs0ivt9u3ettlwl99p77nrl8	1	2	174	14	0	No-Go	NGAL	0	1	0.939	0	0.0	0	0.4041	0.4061898696133365	-0.9251584665437523
zs0ivt9u3ettlwl99p77nrl8	1	2	180	15	0	No-Go	NGAL	0	0		1	1.0	0	0.3833	0.6094663839196484	-0.5054737906049983
zs0ivt9u3ettlwl99p77nrl8	1	2	181	16	0	No-Go	NGAL	0	1	1.03	0	0.0	0	0.4001	0.4023802429743994	-0.9306136277379816
zs0ivt9u3ettlwl99p77nrl8	1	2	187	17	0	No-Go	NGAL	0	0		1	1.0	0	0.382	0.6124565798809103	-0.49955899067423803
zs0ivt9u3ettlwl99p77nrl8	1	2	192	18	0	No-Go	NGAL	0	1	1.115	0	0.0	0	0.3994	0.39650239803162957	-0.948512660988593
zs0ivt9u3ettlwl99p77nrl8	1	2	195	19	0	No-Go	NGAL	0	0		1	0.0	1	0.3875	0.6176432391669988	-0.4927651064873858
zs0ivt9u3ettlwl99p77nrl8	1	2	200	20	0	No-Go	NGAL	0	0		1	0.0	1	0.3569	0.6412558345931096	-0.4534816659306084
zs0ivt9u3ettlwl99p77nrl8	1	2	203	21	0	No-Go	NGAL	0	0		1	1.0	0	0.3362	0.6600017245442137	-0.4249468926617523
zs0ivt9u3ettlwl99p77nrl8	1	2	206	22	0	No-Go	NGAL	0	0		1	0.0	1	0.3432	0.6486671847423506	-0.4431011700988452
zs0ivt9u3ettlwl99p77nrl8	1	2	209	23	0	No-Go	NGAL	0	0		1	0.0	1	0.3331	0.668785463099182	-0.41169183976038976
zs0ivt9u3ettlwl99p77nrl8	1	2	215	24	0	No-Go	NGAL	0	1	1.403	0	0.0	0	0.3158	0.3147642282019365	-1.2013497243765683
zs0ivt9u3ettlwl99p77nrl8	1	2	220	25	0	No-Go	NGAL	0	0		1	0.0	1	0.3147	0.6973964559197552	-0.3698499455595082
zs0ivt9u3ettlwl99p77nrl8	1	2	223	26	0	No-Go	NGAL	0	0		1	1.0	0	0.2832	0.71141420569126	-0.34997302005057557
zs0ivt9u3ettlwl99p77nrl8	1	2	226	27	0	No-Go	NGAL	0	1	0.768	0	0.0	0	0.2947	0.3004017974786728	-1.262635519378219
zs0ivt9u3ettlwl99p77nrl8	1	2	230	28	0	No-Go	NGAL	0	0		1	0.0	1	0.2765	0.710899070100998	-0.35273430972698
zs0ivt9u3ettlwl99p77nrl8	1	2	233	29	0	No-Go	NGAL	0	0		1	0.0	1	0.2691	0.7275067716985539	-0.3279901253728504
zs0ivt9u3ettlwl99p77nrl8	1	2	237	30	0	No-Go	NGAL	0	1	0.799	0	0.0	0	0.2603	0.2589857073120964	-1.4301803917877436
zs0ivt9u3ettlwl99p77nrl8	1	2	124	1	1	No-Go	NGW	0	1	0.499	0	0.0	0	0.7363	0.7452548061277036	-0.3088014368044698
zs0ivt9u3ettlwl99p77nrl8	1	2	125	2	1	No-Go	NGW	0	0		1	1.0	0	0.7282	0.2725772333153849	-1.398293849060858
zs0ivt9u3ettlwl99p77nrl8	1	2	132	3	1	No-Go	NGW	0	1	0.454	0	0.0	0	0.7479	0.7452548061277036	-0.3088014368044698
zs0ivt9u3ettlwl99p77nrl8	1	2	136	4	1	No-Go	NGW	0	1	1.191	0	0.0	0	0.7318	0.7298100063695873	-0.3306036665692381
zs0ivt9u3ettlwl99p77nrl8	1	2	141	6	1	No-Go	NGW	0	1	0.507	0	1.0	1	0.7036	0.70078098137986	-0.3741564645080583
zs0ivt9u3ettlwl99p77nrl8	1	2	145	7	1	No-Go	NGW	0	1	0.663	0	0.0	0	0.7842	0.7848227259576206	-0.2492799874417976
zs0ivt9u3ettlwl99p77nrl8	1	2	150	8	1	No-Go	NGW	0	1	0.449	0	0.0	0	0.7599	0.7684033490921266	-0.2700573994820826
zs0ivt9u3ettlwl99p77nrl8	1	2	154	9	1	No-Go	NGW	0	1	0.566	0	0.0	0	0.7471	0.7528572882423837	-0.290615528963641
zs0ivt9u3ettlwl99p77nrl8	1	2	158	10	1	No-Go	NGW	0	1	0.577	0	0.0	0	0.7394	0.7380403143131831	-0.3109875665067325
zs0ivt9u3ettlwl99p77nrl8	1	2	161	11	1	No-Go	NGW	0	1	0.779	0	0.0	0	0.7222	0.7236989982376999	-0.3314103061363638
zs0ivt9u3ettlwl99p77nrl8	1	2	167	12	1	No-Go	NGW	0	1	1.084	0	1.0	1	0.7111	0.7096391784807434	-0.3521112665565158
zs0ivt9u3ettlwl99p77nrl8	1	2	169	13	1	No-Go	NGW	0	1	1.013	0	0.0	0	0.7925	0.790121171555024	-0.24086124835131176
zs0ivt9u3ettlwl99p77nrl8	1	2	176	14	1	No-Go	NGW	0	1	0.601	0	0.0	0	0.7767	0.7738935206752929	-0.261233913497685
zs0ivt9u3ettlwl99p77nrl8	1	2	177	15	1	No-Go	NGW	0	0		1	0.0	1	0.7619	0.24147591959570378	-1.4750536041947977
zs0ivt9u3ettlwl99p77nrl8	1	2	182	16	1	No-Go	NGW	0	1	0.654	0	0.0	0	0.739	0.737584090088322	-0.30911024206047477
zs0ivt9u3ettlwl99p77nrl8	1	2	188	17	1	No-Go	NGW	0	1	0.407	0	1.0	1	0.7229	0.7218621864559225	-0.3312486542312689
zs0ivt9u3ettlwl99p77nrl8	1	2	190	18	1	No-Go	NGW	0	1	0.624	0	0.0	0	0.8	0.7967725543334082	-0.23165674108175727
zs0ivt9u3ettlwl99p77nrl8	1	2	196	19	1	No-Go	NGW	0	1	0.632	0	0.0	0	0.7865	0.7790232691494673	-0.2541274801864103
zs0ivt9u3ettlwl99p77nrl8	1	2	199	20	1	No-Go	NGW	0	1	0.603	0	0.0	0	0.7592	0.7627455050855179	-0.27572026613270223
zs0ivt9u3ettlwl99p77nrl8	1	2	201	21	1	No-Go	NGW	0	0		1	0.0	1	0.7522	0.2524243028376422	-1.4270897471808333
zs0ivt9u3ettlwl99p77nrl8	1	2	205	22	1	No-Go	NGW	0	1	0.89	0	0.0	0	0.7351	0.7289786110598779	-0.32320676454418407
zs0ivt9u3ettlwl99p77nrl8	1	2	211	23	1	No-Go	NGW	0	1	0.655	0	0.0	0	0.725	0.7138256000241927	-0.34529227821873393
zs0ivt9u3ettlwl99p77nrl8	1	2	214	24	1	No-Go	NGW	0	0		1	0.0	1	0.6907	0.30082823681393117	-1.2519346753024492
zs0ivt9u3ettlwl99p77nrl8	1	2	217	25	1	No-Go	NGW	0	0		1	1.0	0	0.6817	0.31865710545905773	-1.1962568248025616
zs0ivt9u3ettlwl99p77nrl8	1	2	221	26	1	No-Go	NGW	0	1	0.262	0	0.0	0	0.7075	0.7085532262525782	-0.3530099605738537
zs0ivt9u3ettlwl99p77nrl8	1	2	227	27	1	No-Go	NGW	0	1	0.58	0	0.0	0	0.6941	0.6942961758836014	-0.3747227512443405
zs0ivt9u3ettlwl99p77nrl8	1	2	232	28	1	No-Go	NGW	0	1	0.745	0	1.0	1	0.6787	0.6801614438288687	-0.3969338664715392
zs0ivt9u3ettlwl99p77nrl8	1	2	234	29	1	No-Go	NGW	0	1	0.569	0	0.0	0	0.76	0.7639319433902892	-0.27990191954165244
zs0ivt9u3ettlwl99p77nrl8	1	2	238	30	1	No-Go	NGW	0	0		1	0.0	1	0.7468	0.25402835009418234	-1.4638197438368978
zs0ivt9u3ettlwl99p77nrl8	1	2	121	1	1	Go	GW	1	1	0.663	1	0.0	1	0.7426	0.7452548061277036	-0.3088014368044698
zs0ivt9u3ettlwl99p77nrl8	1	2	128	2	1	Go	GW	1	1	0.677	1	1.0	0	0.812	0.8134734569898707	-0.21145224222323114
zs0ivt9u3ettlwl99p77nrl8	1	2	130	3	1	Go	GW	1	1	0.943	1	0.0	1	0.7931	0.7960459870172051	-0.23259102873493978
zs0ivt9u3ettlwl99p77nrl8	1	2	135	4	1	Go	GW	1	0		0	0.0	0	0.8496	0.1500732530166165	-1.971416545625446
zs0ivt9u3ettlwl99p77nrl8	1	2	137	5	1	Go	GW	1	0		0	0.0	0	0.8595	0.13887455126341758	-2.0768804810388115
zs0ivt9u3ettlwl99p77nrl8	1	2	143	6	1	Go	GW	1	1	0.766	1	0.0	1	0.8732	0.8702169684837294	-0.1413333555426732
zs0ivt9u3ettlwl99p77nrl8	1	2	146	7	1	Go	GW	1	1	0.604	1	0.0	1	0.9008	0.9017394807671013	-0.10489348198402516
zs0ivt9u3ettlwl99p77nrl8	1	2	151	8	1	Go	GW	1	1	0.273	1	0.0	1	0.9275	0.9235124770207033	-0.08066198092656814
zs0ivt9u3ettlwl99p77nrl8	1	2	156	9	1	Go	GW	1	1	0.409	1	1.0	0	0.9362	0.9389210611566643	-0.06392088684959803
zs0ivt9u3ettlwl99p77nrl8	1	2	160	10	1	Go	GW	1	1	0.51	1	0.0	1	0.9301	0.9298331574369966	-0.0738627948644319
zs0ivt9u3ettlwl99p77nrl8	1	2	163	11	1	Go	GW	1	1	0.718	1	0.0	1	0.942	0.9450883330978984	-0.05737668191339219
zs0ivt9u3ettlwl99p77nrl8	1	2	166	12	1	Go	GW	1	1	0.84	1	0.0	1	0.955	0.9549835662624598	-0.04685483104006164
zs0ivt9u3ettlwl99p77nrl8	1	2	170	13	1	Go	GW	1	1	0.746	1	0.0	1	0.9629	0.9620819858738909	-0.039374400381530825
zs0ivt9u3ettlwl99p77nrl8	1	2	173	14	1	Go	GW	1	1	0.515	1	0.0	1	0.9667	0.9673778532681223	-0.033830871170485874
zs0ivt9u3ettlwl99p77nrl8	1	2	179	15	1	Go	GW	1	1	0.689	1	1.0	0	0.9732	0.971425737718389	-0.029615794303518916
zs0ivt9u3ettlwl99p77nrl8	1	2	184	16	1	Go	GW	1	1	0.548	1	1.0	0	0.9614	0.9646694422175508	-0.037141445710473085
zs0ivt9u3ettlwl99p77nrl8	1	2	186	17	1	Go	GW	1	1	0.491	1	0.0	1	0.9629	0.9583656366517549	-0.044453600141930776
zs0ivt9u3ettlwl99p77nrl8	1	2	191	18	1	Go	GW	1	1	0.556	1	0.0	1	0.9689	0.9682123938233872	-0.03328252455045065
zs0ivt9u3ettlwl99p77nrl8	1	2	193	19	1	Go	GW	1	1	0.531	1	0.0	1	0.9736	0.9730099380117805	-0.02813738620333768
zs0ivt9u3ettlwl99p77nrl8	1	2	197	20	1	Go	GW	1	1	0.468	1	0.0	1	0.9749	0.9761717312118481	-0.024802703817845554
zs0ivt9u3ettlwl99p77nrl8	1	2	202	21	1	Go	GW	1	1	0.832	1	0.0	1	0.979	0.978487575449	-0.022381726070328678
zs0ivt9u3ettlwl99p77nrl8	1	2	208	22	1	Go	GW	1	1	0.426	1	0.0	1	0.9805	0.9802729932390998	-0.020525827675108563
zs0ivt9u3ettlwl99p77nrl8	1	2	212	23	1	Go	GW	1	1	0.566	1	0.0	1	0.9802	0.9816913250602138	-0.019057445932718846
zs0ivt9u3ettlwl99p77nrl8	1	2	213	24	1	Go	GW	1	1	0.587	1	0.0	1	0.9845	0.9828407875588151	-0.017871048756971323
zs0ivt9u3ettlwl99p77nrl8	1	2	218	25	1	Go	GW	1	1	0.588	1	1.0	0	0.9837	0.9837861376325764	-0.016897668424585396
zs0ivt9u3ettlwl99p77nrl8	1	2	224	26	1	Go	GW	1	1	0.628	1	0.0	1	0.9771	0.9780106547540272	-0.02345186835634224
zs0ivt9u3ettlwl99p77nrl8	1	2	225	27	1	Go	GW	1	1	0.437	1	1.0	0	0.9842	0.9819892576416837	-0.018934854845660064
zs0ivt9u3ettlwl99p77nrl8	1	2	229	28	1	Go	GW	1	1	0.63	1	0.0	1	0.9768	0.9762650099272474	-0.025562630592040423
zs0ivt9u3ettlwl99p77nrl8	1	2	236	29	1	Go	GW	1	1	0.512	1	0.0	1	0.9816	0.981279258103153	-0.019770808710723026
zs0ivt9u3ettlwl99p77nrl8	1	2	239	30	1	Go	GW	1	1	0.645	1	0.0	1	0.9845	0.9833625009186516	-0.017479990592563176
zs0ivt9u3ettlwl99p77nrl8	1	2	122	1	0	Go	GAL	1	0		0	0.0	0	0.5945	0.4094411524884002	-0.9041639325046549
zs0ivt9u3ettlwl99p77nrl8	1	2	127	2	0	Go	GAL	1	1	0.973	1	0.0	1	0.6052	0.5992502313314955	-0.5176950733063223
zs0ivt9u3ettlwl99p77nrl8	1	2	131	3	0	Go	GAL	1	0		0	0.0	0	0.6225	0.37726666274232074	-0.9976874705378366
zs0ivt9u3ettlwl99p77nrl8	1	2	140	5	0	Go	GAL	1	1	0.711	1	1.0	0	0.647	0.6478978316634864	-0.44272368181634986
zs0ivt9u3ettlwl99p77nrl8	1	2	142	6	0	Go	GAL	1	1	1.284	1	0.0	1	0.6227	0.620438884355221	-0.48292768473674086
zs0ivt9u3ettlwl99p77nrl8	1	2	148	7	0	Go	GAL	1	1	0.515	1	0.0	1	0.6487	0.6433311977654832	-0.4482828059176597
zs0ivt9u3ettlwl99p77nrl8	1	2	152	8	0	Go	GAL	1	0		0	1.0	1	0.6616	0.338050546617313	-1.1226464962785827
zs0ivt9u3ettlwl99p77nrl8	1	2	153	9	0	Go	GAL	1	1	1.275	1	0.0	1	0.6392	0.6366901053837611	-0.4569974550263027
zs0ivt9u3ettlwl99p77nrl8	1	2	159	10	0	Go	GAL	1	0		0	0.0	0	0.6573	0.34613422917896663	-1.082365112690257
zs0ivt9u3ettlwl99p77nrl8	1	2	164	11	0	Go	GAL	1	0		0	0.0	0	0.6656	0.33808670150438963	-1.1157503562477444
zs0ivt9u3ettlwl99p77nrl8	1	2	168	12	0	Go	GAL	1	1	0.897	1	0.0	1	0.6662	0.6677430126477797	-0.4118793061583897
zs0ivt9u3ettlwl99p77nrl8	1	2	172	13	0	Go	GAL	1	0		0	0.0	0	0.6861	0.3171432040467227	-1.1936126416686481
zs0ivt9u3ettlwl99p77nrl8	1	2	175	14	0	Go	GAL	1	1	1.029	1	0.0	1	0.6773	0.6874600157043843	-0.3832278559310977
zs0ivt9u3ettlwl99p77nrl8	1	2	178	15	0	Go	GAL	1	1	1.324	1	1.0	0	0.6969	0.7013445771410839	-0.36281196416772965
zs0ivt9u3ettlwl99p77nrl8	1	2	183	16	0	Go	GAL	1	1	0.575	1	0.0	1	0.6746	0.6737866116063171	-0.4005056642101176
zs0ivt9u3ettlwl99p77nrl8	1	2	185	17	0	Go	GAL	1	1	0.825	1	0.0	1	0.6921	0.6930835654744812	-0.37289640953094094
zs0ivt9u3ettlwl99p77nrl8	1	2	189	18	0	Go	GAL	1	1	1.281	1	0.0	1	0.7076	0.7088358457640137	-0.3507084715087959
zs0ivt9u3ettlwl99p77nrl8	1	2	194	19	0	Go	GAL	1	1	0.797	1	0.0	1	0.7223	0.7226819872652777	-0.33134378621007554
zs0ivt9u3ettlwl99p77nrl8	1	2	198	20	0	Go	GAL	1	1	1.205	1	1.0	0	0.7307	0.7352855862931762	-0.31388902345026315
zs0ivt9u3ettlwl99p77nrl8	1	2	204	21	0	Go	GAL	1	0		0	1.0	1	0.7157	0.29136222152278374	-1.2657667967771025
zs0ivt9u3ettlwl99p77nrl8	1	2	207	22	0	Go	GAL	1	1	0.719	1	0.0	1	0.6858	0.6833986732365218	-0.3889132013247874
zs0ivt9u3ettlwl99p77nrl8	1	2	210	23	0	Go	GAL	1	0		0	0.0	0	0.7034	0.2970821383697276	-1.246289880586169
zs0ivt9u3ettlwl99p77nrl8	1	2	216	24	0	Go	GAL	1	1	1.074	1	0.0	1	0.7116	0.7107301641914548	-0.3468429435943357
zs0ivt9u3ettlwl99p77nrl8	1	2	219	25	0	Go	GAL	1	1	0.932	1	0.0	1	0.7372	0.7258513243069111	-0.3258073188739725
zs0ivt9u3ettlwl99p77nrl8	1	2	222	26	0	Go	GAL	1	0		0	0.0	0	0.7411	0.2610845880109384	-1.3869808932788747
zs0ivt9u3ettlwl99p77nrl8	1	2	228	27	0	Go	GAL	1	1	0.906	1	0.0	1	0.7483	0.743966443796903	-0.301499655038192
zs0ivt9u3ettlwl99p77nrl8	1	2	231	28	0	Go	GAL	1	0		0	0.0	0	0.7492	0.24444806421854715	-1.4645787121897462
zs0ivt9u3ettlwl99p77nrl8	1	2	235	29	0	Go	GAL	1	1	0.952	1	1.0	0	0.7559	0.7594748056270971	-0.28106391028847266
zs0ivt9u3ettlwl99p77nrl8	1	2	240	30	0	Go	GAL	1	1	0.906	1	0.0	1	0.7367	0.7335486294579837	-0.31597410744107524
